# step, loss_train, loss_test, metrics_test
0.000000000000000000e+00 6.608697026968002319e-02 7.293235510587692261e-02 7.343073934316635132e-02 6.472434848546981812e-02 2.274163812398910522e-02 6.639816612005233765e-02 9.511176496744155884e-02 6.860641390085220337e-02 5.860054492950439453e-02 2.321077324450016022e-02
5.000000000000000000e+02 1.576630592346191406e+00 7.742324066162109375e+01 1.301925506591796875e+02 1.388669109344482422e+01 7.055480957031250000e+01 1.538297533988952637e+00 7.885708618164062500e+01 1.123583755493164062e+02 1.129163742065429688e+01 7.017179870605468750e+01
1.000000000000000000e+03 1.577213168144226074e+00 7.738980102539062500e+01 1.301060791015625000e+02 1.388467884063720703e+01 7.051884460449218750e+01 1.538892984390258789e+00 7.882715606689453125e+01 1.122806777954101562e+02 1.128939914703369141e+01 7.013605499267578125e+01
1.500000000000000000e+03 1.598806023597717285e+00 7.425871276855468750e+01 1.332766265869140625e+02 1.416436767578125000e+01 6.985305786132812500e+01 1.538693070411682129e+00 7.877297210693359375e+01 1.121708145141601562e+02 1.128833198547363281e+01 7.008010864257812500e+01
2.000000000000000000e+03 1.598430275917053223e+00 7.418419647216796875e+01 1.330936584472656250e+02 1.416256046295166016e+01 6.977542877197265625e+01 1.538389205932617188e+00 7.869735717773437500e+01 1.120181884765625000e+02 1.128715896606445312e+01 7.000233459472656250e+01
2.500000000000000000e+03 1.604727268218994141e+00 7.746163177490234375e+01 1.303121032714843750e+02 1.381200981140136719e+01 6.957273864746093750e+01 1.539580464363098145e+00 7.860754394531250000e+01 1.118017730712890625e+02 1.128261280059814453e+01 6.989863586425781250e+01
3.000000000000000000e+03 1.606257557868957520e+00 7.733390045166015625e+01 1.299917449951171875e+02 1.380636882781982422e+01 6.943739318847656250e+01 1.541155815124511719e+00 7.849012756347656250e+01 1.115195312500000000e+02 1.127656841278076172e+01 6.976293182373046875e+01
3.500000000000000000e+03 1.605788350105285645e+00 7.962476348876953125e+01 1.308811798095703125e+02 1.379653739929199219e+01 6.960415649414062500e+01 1.540873289108276367e+00 7.831990814208984375e+01 1.111669311523437500e+02 1.127249813079833984e+01 6.958644104003906250e+01
4.000000000000000000e+03 1.605067968368530273e+00 7.938980865478515625e+01 1.303467864990234375e+02 1.379027938842773438e+01 6.937602996826171875e+01 1.540364861488342285e+00 7.809889984130859375e+01 1.107133941650390625e+02 1.126754379272460938e+01 6.935841369628906250e+01
4.500000000000000000e+03 1.579289913177490234e+00 7.835713195800781250e+01 1.309686431884765625e+02 1.375005340576171875e+01 6.961555480957031250e+01 1.538189530372619629e+00 7.780203247070312500e+01 1.101427459716796875e+02 1.126420593261718750e+01 6.906175994873046875e+01
5.000000000000000000e+03 1.575933098793029785e+00 7.796150207519531250e+01 1.300877532958984375e+02 1.374239063262939453e+01 6.923238372802734375e+01 1.535153627395629883e+00 7.742007446289062500e+01 1.094152603149414062e+02 1.126020240783691406e+01 6.868176269531250000e+01
5.500000000000000000e+03 1.582948207855224609e+00 7.531123352050781250e+01 1.277111282348632812e+02 1.442452812194824219e+01 6.875089263916015625e+01 1.532908797264099121e+00 7.694951629638671875e+01 1.084809951782226562e+02 1.125111007690429688e+01 6.820465087890625000e+01
6.000000000000000000e+03 1.579058170318603516e+00 7.469592285156250000e+01 1.263076019287109375e+02 1.440680217742919922e+01 6.813713836669921875e+01 1.529566407203674316e+00 7.634591674804687500e+01 1.072990036010742188e+02 1.124000358581542969e+01 6.759599304199218750e+01
6.500000000000000000e+03 1.603117704391479492e+00 7.003077697753906250e+01 1.233095397949218750e+02 1.438891220092773438e+01 6.666711425781250000e+01 1.525604605674743652e+00 7.559396362304687500e+01 1.058329925537109375e+02 1.122566127777099609e+01 6.683512878417968750e+01
7.000000000000000000e+03 1.595463871955871582e+00 6.910552215576171875e+01 1.211491470336914062e+02 1.436030769348144531e+01 6.570326232910156250e+01 1.519079804420471191e+00 7.462960815429687500e+01 1.039978713989257812e+02 1.120915126800537109e+01 6.586966705322265625e+01
7.500000000000000000e+03 1.561033964157104492e+00 7.204772186279296875e+01 1.192085952758789062e+02 1.408106327056884766e+01 6.513516235351562500e+01 1.515647172927856445e+00 7.341677093505859375e+01 1.016301040649414062e+02 1.117858695983886719e+01 6.461691284179687500e+01
8.000000000000000000e+03 1.551598429679870605e+00 7.046244812011718750e+01 1.157467193603515625e+02 1.402740478515625000e+01 6.354499053955078125e+01 1.507551074028015137e+00 7.186286926269531250e+01 9.870909881591796875e+01 1.114402008056640625e+01 6.303856658935546875e+01
8.500000000000000000e+03 1.542112112045288086e+00 6.839025878906250000e+01 1.112874755859375000e+02 1.372500514984130859e+01 6.182997512817382812e+01 1.500326991081237793e+00 6.993460845947265625e+01 9.506950378417968750e+01 1.108903598785400391e+01 6.107123947143554688e+01
9.000000000000000000e+03 1.521195411682128906e+00 6.587957763671875000e+01 1.060731735229492188e+02 1.363254642486572266e+01 5.934745407104492188e+01 1.481495022773742676e+00 6.746543121337890625e+01 9.067362976074218750e+01 1.102992916107177734e+01 5.861882400512695312e+01
9.500000000000000000e+03 1.415194630622863770e+00 6.517649078369140625e+01 1.013794937133789062e+02 1.325622940063476562e+01 5.559539413452148438e+01 1.383788108825683594e+00 6.388013839721679688e+01 8.569576263427734375e+01 1.107458114624023438e+01 5.553212356567382812e+01
1.000000000000000000e+04 1.269684910774230957e+00 6.075683593750000000e+01 9.381156921386718750e+01 1.320433330535888672e+01 5.178207397460937500e+01 1.242490410804748535e+00 5.933263778686523438e+01 7.975254058837890625e+01 1.114414024353027344e+01 5.172980499267578125e+01
