# step, loss_train, loss_test, metrics_test
0.000000000000000000e+00 5.373677983880043030e-02 2.181401848793029785e-01 2.095573395490646362e-02 5.777346901595592499e-03 2.270350931212306023e-03 5.428845435380935669e-02 3.015592396259307861e-01 1.971782371401786804e-02 7.062796037644147873e-03 3.694479353725910187e-03
5.000000000000000000e+02 2.902351661759894341e-05 7.991316670086234808e-05 5.681764378095977008e-06 1.017473095998866484e-05 4.195331712253391743e-04 1.484052177147532348e-06 7.693928637308999896e-05 4.770488430949626490e-06 5.532464456337038428e-06 1.718111743684858084e-04
1.000000000000000000e+03 2.261010013171471655e-05 3.620432471507228911e-05 7.109602847776841372e-06 5.737222181778633967e-06 2.393861650489270687e-04 4.042001933157735039e-07 6.717304495396092534e-05 1.028796305035939440e-05 2.821798489094362594e-06 1.768661422829609364e-05
1.500000000000000000e+03 1.247229283762862906e-05 5.825706466566771269e-05 6.848898692624061368e-07 4.600430656864773482e-06 2.612832468003034592e-04 7.247638222906971350e-07 9.155279258266091347e-05 6.622482828788633924e-07 2.785509877867298201e-06 1.211177641380345449e-05
2.000000000000000000e+03 2.343143751204479486e-05 4.064575477968901396e-05 3.693267558446677867e-07 8.031938136809912976e-07 1.790098613128066063e-04 1.541120724368738593e-07 7.484327943529933691e-05 4.394294421672384487e-07 2.217253495473414660e-06 3.795248858295963146e-06
2.500000000000000000e+03 3.405311508686281741e-05 1.553818583488464355e-05 3.353198110289667966e-07 4.547030982848809799e-07 1.961760281119495630e-04 6.038695943288985291e-08 1.131562567024957389e-05 8.553482757633901201e-07 9.736382935443543829e-07 1.410306822435813956e-06
3.000000000000000000e+03 2.716081689868588001e-05 2.912258059950545430e-05 5.414391921476635616e-07 5.004247668694006279e-06 1.717627746984362602e-04 5.495770238894692739e-08 2.363152634643483907e-05 1.564277596344254562e-07 5.848606861036387272e-07 2.622306737976032309e-06
3.500000000000000000e+03 3.038561408175155520e-05 4.452066423255018890e-05 1.071876113201142289e-06 6.933451004442758858e-07 1.154054407379589975e-04 8.873644929963120376e-08 4.203845674055628479e-05 6.216494625732593704e-07 8.022269781804425293e-08 7.697896762692835182e-06
4.000000000000000000e+03 2.485279946995433420e-05 6.331074109766632318e-05 8.872729608810914215e-07 3.427426804591959808e-07 8.331900608027353883e-05 1.910549656258808682e-07 1.084160903701558709e-04 9.709028745419345796e-07 4.458443925159372156e-07 1.759566112013999373e-05
4.500000000000000000e+03 3.219526843167841434e-05 3.189707786077633500e-05 2.068162302748532966e-06 5.825214884680463001e-06 3.018093411810696125e-04 3.743291543401028321e-08 4.774612170876935124e-05 7.089294626894115936e-07 4.588836191032896750e-07 4.364581855043070391e-06
5.000000000000000000e+03 2.010533717111684382e-05 3.530647154548205435e-05 1.040048616118838254e-07 7.592876727358088829e-07 1.482441584812477231e-04 1.530382860437384807e-07 1.358885638182982802e-04 2.563836574154265691e-07 1.278967971529709757e-07 4.411214376887073740e-06
5.500000000000000000e+03 9.234938261215575039e-06 1.939496905833948404e-05 1.014250514685954840e-07 3.963389971772812714e-08 6.758985546184703708e-05 9.235308340294068330e-08 4.624218126991763711e-05 2.598955006760661490e-07 3.705367790374225478e-09 2.337996193091385067e-06
6.000000000000000000e+03 7.349379302468150854e-06 9.951350511983036995e-05 3.033321149814582895e-07 1.315858924044732703e-07 9.269862493965774775e-05 4.380344975629668625e-08 2.079068653983995318e-04 5.730110501644958276e-07 3.419644345470373992e-09 2.708853935473598540e-05
6.500000000000000000e+03 3.110425677732564509e-05 3.408327756915241480e-05 8.055095577219617553e-07 5.853409312805979425e-09 1.596072834217920899e-04 2.303172097484207370e-09 2.820282679749652743e-05 3.546608013493823819e-06 1.643973290832434486e-09 4.585662736644735560e-06
7.000000000000000000e+03 2.781144576147198677e-05 2.827005118888337165e-05 8.435597464995225891e-08 1.588144060704621552e-09 6.660732469754293561e-05 2.053281766833947586e-09 7.492191070923581719e-05 8.104158411015305319e-08 1.116012615653971807e-09 6.243978532438632101e-06
7.500000000000000000e+03 1.435966260032728314e-05 2.138181844202335924e-05 6.660045528406044468e-07 8.121727290699709556e-08 5.168003190192393959e-05 3.385575597647516588e-09 5.205121124163269997e-05 1.220713784277904779e-06 2.401865373258260661e-09 2.420666532998438925e-06
8.000000000000000000e+03 7.666841156606096774e-06 8.988748049887362868e-06 1.297346727824333357e-07 3.923369362723860831e-08 2.244473944301716983e-05 2.822206246477776403e-09 3.866081169690005481e-05 3.291858163834149309e-08 3.417686800233354916e-09 1.583880361977207940e-06
8.500000000000000000e+03 4.391098264022730291e-05 3.771770207094959915e-05 1.281461663893423975e-06 5.776833518211788032e-07 3.244498220738023520e-04 2.736121551549786091e-09 2.325604509678669274e-05 1.856661526744574076e-07 4.704151592704874929e-07 3.400258492547436617e-06
9.000000000000000000e+03 2.873380981327500194e-05 9.713236977404449135e-06 1.749383358173872693e-07 1.585476212540015695e-07 1.588636951055377722e-04 6.360402655947172690e-12 7.796575664542615414e-05 8.403201832152262796e-07 1.391411341700177218e-08 2.946117092506028712e-06
9.500000000000000000e+03 6.335291800496634096e-06 2.720411430345848203e-05 4.365296035757637583e-08 2.730736525791144231e-07 4.820033427677117288e-05 9.981031279249208410e-11 2.309727824467699975e-05 9.691874538475531153e-07 1.351849032715790599e-08 1.003217585093807429e-05
1.000000000000000000e+04 4.681247446569614112e-06 1.058245743479346856e-05 7.999744155995358597e-08 3.115463869107770734e-07 2.561491601227317005e-05 5.634528399411919963e-10 4.487909973249770701e-05 1.028303245220740791e-06 3.011370708350114000e-08 6.602673965971916914e-05
1.050000000000000000e+04 2.202375617343932390e-05 1.125450489780632779e-05 2.470627293860161444e-07 1.459409588733251439e-07 1.671195786911994219e-05 2.722662095777650393e-10 2.636570570757612586e-05 1.502420410304239340e-08 8.346709101658689178e-09 1.384094357490539551e-04
1.100000000000000000e+04 9.340344149677548558e-06 1.330878603766905144e-05 1.108364600099775998e-07 5.839197214640989841e-08 5.351474555936874822e-06 4.653903096230038727e-10 2.104724626406095922e-05 2.226647666248027235e-08 6.218720205453109884e-09 2.749016275629401207e-04
1.150000000000000000e+04 7.751455086690839380e-06 1.878642615338321775e-05 1.725698979271328426e-07 9.219022878426130774e-09 1.462077489122748375e-05 2.721707303976472758e-10 1.160911870101699606e-05 3.084037700773478718e-07 1.679953420818947052e-08 2.689961365831550211e-05
1.200000000000000000e+04 2.736871692832210101e-06 4.694436938734725118e-06 3.646386659283962217e-08 1.112211034381971331e-08 2.075156089631491341e-06 2.706926627293881893e-10 1.528012398921418935e-05 3.421624796828837134e-07 9.983340376606975042e-09 1.528126449557021260e-04
1.250000000000000000e+04 2.332860503884148784e-06 8.327761861437465996e-06 4.044980173034673498e-08 2.857353109675386804e-08 2.115309825967415236e-06 2.911467941735246256e-11 2.570057040429674089e-05 1.504833413434880640e-08 1.912225222611141362e-08 7.867914391681551933e-04
1.300000000000000000e+04 1.244112127096741460e-06 1.484613562752201688e-06 4.093296368523624551e-08 3.226960032520764798e-08 2.364371027852030238e-07 3.070638882052278973e-11 8.569549208914395422e-06 3.556083782996211085e-08 1.377029246185657030e-08 8.618513820692896843e-04
1.350000000000000000e+04 1.749624243529979140e-05 7.326131253648782149e-06 7.541486866102786735e-07 9.305997084041450762e-10 1.390865800203755498e-04 3.730354241650302161e-13 1.192289255413925275e-05 6.966851628931181040e-07 7.076693675500678182e-10 4.209221970086218789e-06
1.400000000000000000e+04 1.576501017552800477e-05 6.331501936074346304e-06 1.718950102258531842e-07 6.655150208700888470e-09 9.701976523501798511e-05 1.309330465229519014e-12 1.599928145878948271e-05 9.125004396537406137e-08 1.064320809263108458e-08 1.123784613810130395e-06
1.450000000000000000e+04 4.572864781948737800e-05 1.267329207621514797e-04 2.111497906298609450e-06 3.822177916390501196e-07 4.271069483365863562e-04 7.333357011918284485e-12 1.119477237807586789e-04 6.376030228238960262e-07 1.268036555757134920e-07 3.472210664767771959e-05
1.500000000000000000e+04 1.698045525699853897e-05 2.913547177740838379e-05 2.048756044814581401e-07 9.368913111984511488e-08 1.366835786029696465e-04 1.281055339932835047e-12 4.857538442593067884e-05 1.842768142523709685e-07 3.163261874661316142e-10 7.626288152096094564e-06
1.550000000000000000e+04 3.695415580295957625e-05 1.350669626845046878e-04 3.475416576748102671e-07 3.143642501868271211e-08 9.627994586480781436e-05 1.680491900149516660e-12 1.534655602881684899e-04 1.408107519473844604e-09 9.175401771699398523e-09 2.488800782884936780e-05
1.600000000000000000e+04 3.141347406199201941e-06 9.079764822672586888e-06 6.043336497896234505e-08 2.259260112325023329e-09 5.084220174467191100e-05 1.954608567014681775e-12 4.777414505952037871e-05 5.813436487756007409e-08 2.228139478477331181e-10 1.023086679197149351e-05
1.650000000000000000e+04 1.497942139394581318e-05 2.995635259139817208e-05 1.777605689312622417e-07 2.990256291468540439e-07 5.695375730283558369e-04 1.981285968621904203e-10 4.417237141751684248e-05 1.565985030538286082e-07 1.294111626748417621e-07 5.408203651313669980e-05
1.700000000000000000e+04 2.416764436929952353e-05 1.106892887037247419e-05 1.515129639528822736e-07 7.013212410811320296e-08 2.035117940977215767e-04 1.168295495068694123e-11 3.743748311535455287e-05 1.100089548344840296e-07 3.984691687719532638e-08 1.976282192117650993e-06
1.750000000000000000e+04 6.704165116389049217e-06 7.790239578753244132e-06 1.086063079469568038e-07 3.715767604717257200e-08 6.350657349685207009e-05 1.220409103636077575e-11 2.128539381374139339e-05 2.390169697719102260e-07 5.479576614675352175e-08 3.595419457269599661e-06
1.800000000000000000e+04 2.913244770752498880e-06 5.496286121342564002e-06 1.343871236514360135e-08 1.474237176779524816e-08 2.590128315205220133e-05 6.720135298926566136e-12 1.799659003154374659e-05 3.496793681279086741e-07 3.656989733258342312e-08 1.920953036460559815e-05
1.850000000000000000e+04 2.275164661114104092e-05 7.927507977001368999e-05 4.060329388266836759e-07 9.911584442079401924e-08 5.822585080750286579e-05 5.451634144115757863e-10 5.808795685879886150e-05 3.917370605677206186e-08 1.434535690236771188e-08 3.803995787166059017e-05
1.900000000000000000e+04 2.169694425901980139e-06 2.323204171261750162e-06 4.368751760353006830e-08 3.833172357303737954e-08 2.136538114427821711e-06 3.246274429824502761e-11 4.616507794708013535e-05 2.623902446430292912e-07 1.978087249554505433e-09 3.125357325188815594e-04
1.950000000000000000e+04 2.684663513718987815e-06 3.320476707813213579e-06 5.886723641879143543e-08 3.491847166969819227e-08 1.658505243540275842e-05 1.017620876453406709e-09 2.178379872930236161e-05 2.495329908924759366e-06 1.868410848260282364e-08 6.849059900559950620e-06
2.000000000000000000e+04 1.977577767320326529e-06 1.653797153267078102e-05 3.083960820049469476e-08 2.467474935485824972e-08 1.678645276115275919e-05 3.628978229031076808e-10 2.558877349656540900e-05 2.362193924909661291e-07 6.977376898475995404e-09 1.890407656901516020e-05
2.050000000000000000e+04 2.031370058830361813e-06 5.636131390929222107e-05 2.145364419448014814e-08 5.498407062987098470e-09 1.807406442821957171e-05 5.263253721743410551e-11 1.297379494644701481e-04 1.240061777707524016e-07 1.955158701605341776e-09 1.482098450651392341e-04
2.100000000000000000e+04 4.929556780552957207e-07 8.763658456700795796e-07 1.025060036852210033e-08 4.325148683648194492e-09 4.969269298271683510e-07 1.014745926175564250e-11 4.357313446234911680e-05 1.080889120430583716e-07 9.341003526230906573e-10 2.383948594797402620e-04
2.150000000000000000e+04 1.142553173849591985e-05 5.149515345692634583e-05 2.333094499817889300e-07 4.366717689663346391e-07 3.157978062517940998e-04 1.700419471895031620e-09 6.572960410267114639e-05 4.461272951061800995e-08 4.217997684463625774e-07 1.155594054580433294e-05
2.200000000000000000e+04 1.202411203848896548e-05 1.830452856665942818e-05 2.388405206943389203e-08 3.868557740815958823e-08 2.104054001392796636e-04 3.964051656368816623e-11 6.476126145571470261e-05 3.800828451971938193e-08 7.114656597195789800e-08 1.206333990921848454e-06
2.250000000000000000e+04 1.409612013958394527e-05 1.260399858438177034e-05 3.414352534036879661e-08 1.682372925415620557e-07 3.032604872714728117e-04 5.678500031303101991e-11 3.930543971364386380e-05 1.260367632482939371e-08 3.482391264242323814e-08 1.983233778446447104e-05
2.300000000000000000e+04 1.558191070216707885e-05 1.211224389408016577e-05 2.944504018387306132e-08 6.432141219647746766e-08 1.560343662276864052e-04 1.038840471978552671e-10 2.543601294746622443e-05 5.451593620975359045e-10 1.875886113111846498e-08 5.725001301470911130e-06
2.350000000000000000e+04 1.084062114387052134e-05 5.907235754420980811e-05 1.235765534346455752e-08 6.535245233862951864e-08 7.255777018144726753e-05 4.693789627807642972e-12 4.871106648351997137e-05 1.063281906965585222e-09 1.160140428169142979e-08 4.550458925223210827e-06
2.400000000000000000e+04 6.616438440687488765e-06 1.921118928294163197e-05 7.773816257383714401e-09 2.170172663795710832e-08 3.638712223619222641e-05 2.463739498873018796e-12 1.140618223871570081e-05 3.633497946964325820e-09 5.439222849901170775e-09 1.684055632722447626e-06
2.450000000000000000e+04 3.441268063397728838e-06 1.854689799074549228e-05 1.191671117339865305e-08 1.728783516341536597e-08 4.198645183350890875e-05 1.551430208260318189e-12 9.227662667399272323e-05 1.938888161134855181e-09 9.735977357649971964e-09 9.807679816731251776e-06
2.500000000000000000e+04 1.556341339892242104e-05 1.426179824193241075e-05 1.926776604932456394e-07 1.451729900736609125e-07 1.265998434973880649e-04 8.885037844352794423e-11 5.786330075352452695e-05 4.712564560804821667e-08 2.732089932067083282e-08 9.272322131437249482e-06
2.550000000000000000e+04 2.213532025052700192e-05 8.698358578840270638e-05 6.463304202952713240e-08 4.835018785342981573e-08 1.730335643514990807e-04 1.022085888147117316e-11 1.307105703745037317e-04 1.244890562163147862e-11 6.706621746843666187e-08 3.201259096385911107e-05
2.600000000000000000e+04 7.304717655642889440e-06 3.231004302506335080e-05 2.781064267765032127e-08 5.322287499609501538e-09 3.748092422029003501e-05 9.856612054326419070e-13 6.527308869408443570e-05 1.004011734861975924e-10 3.621494493177834784e-10 1.252043716704065446e-06
2.650000000000000000e+04 5.029478870710590854e-06 5.359446367947384715e-05 9.923221355734312965e-09 1.202475807815517328e-08 3.877303970512002707e-05 2.999873613407366690e-11 6.727928121108561754e-05 1.233950386314575098e-09 4.756811478046074626e-08 1.820545185182709247e-05
2.700000000000000000e+04 4.509950485953595489e-06 2.192200736317317933e-05 1.602473709283458447e-08 5.228155330883055285e-08 9.265873086405918002e-05 4.281600247957317862e-12 2.944721200037747622e-05 6.789974804632947780e-09 4.278128074020060012e-08 4.303899004298727959e-06
2.750000000000000000e+04 1.847346538852434605e-06 1.839415017457213253e-05 3.776612356176656249e-09 7.518575095843971212e-09 9.195192433253396302e-06 1.632727980593884354e-11 1.757461723173037171e-05 1.536979710170527369e-10 3.427289119173337895e-09 5.327645794750424102e-06
2.800000000000000000e+04 1.115760369430063292e-06 3.051698968192795292e-06 6.085703940783560029e-09 1.844473018763892469e-08 1.017652448354056105e-05 2.564569910601388614e-11 2.157268318114802241e-05 9.699594460954585884e-10 1.815240935343354067e-08 5.879069703951245174e-06
2.850000000000000000e+04 3.320931000000000000e+06 5.004668712615966797e+00 1.234083715826272964e-02 2.622345462441444397e-02 7.537052631378173828e+00 1.218231773236766458e-06 4.494304656982421875e+00 2.221392467617988586e-02 3.572220521164126694e-06 7.532289981842041016e+00
2.900000000000000000e+04 1.611579500000000000e+06 5.004882335662841797e+00 1.229872927069664001e-02 2.545931190252304077e-02 7.537153720855712891e+00 1.220879653374140617e-06 4.494915485382080078e+00 2.264983020722866058e-02 3.572516334315878339e-06 7.532306671142578125e+00
2.950000000000000000e+04 1.982494873046875000e+03 5.613254070281982422e+00 4.287728294730186462e-02 1.861542910337448120e-01 8.010702133178710938e+00 4.613775672623887658e-06 5.353773593902587891e+00 1.790456473827362061e-02 1.103353224607417360e-05 7.994015216827392578e+00
3.000000000000000000e+04 1.982494384765625000e+03 5.613254070281982422e+00 4.287715256214141846e-02 1.861543357372283936e-01 8.010702133178710938e+00 4.613775672623887658e-06 5.353773593902587891e+00 1.790456287562847137e-02 1.103353315556887537e-05 7.994015216827392578e+00
3.050000000000000000e+04 3.822186035156250000e+03 5.554440021514892578e+00 9.172500111162662506e-03 4.712306559085845947e-01 8.007014274597167969e+00 4.613787950802361593e-06 5.353774547576904297e+00 1.790457218885421753e-02 1.103354043152648956e-05 7.994015216827392578e+00
3.100000000000000000e+04 3.800783447265625000e+03 5.554440021514892578e+00 9.172913618385791779e-03 4.712192714214324951e-01 8.007013320922851562e+00 4.613822056853678077e-06 5.353775024414062500e+00 1.790445856750011444e-02 1.103355134546291083e-05 7.994015216827392578e+00
