# step, loss_train, loss_test, metrics_test
0.000000000000000000e+00 3.644717484712600708e-02 1.808188855648040771e-01 9.548909962177276611e-03 5.579070420935750008e-04 2.566661452874541283e-03 3.739986941218376160e-02 2.563323080539703369e-01 7.024434860795736313e-03 1.925979886436834931e-04 3.858482232317328453e-03
5.000000000000000000e+02 7.475534221157431602e-05 4.024451773148030043e-04 4.059541606693528593e-05 1.838266143749933690e-05 1.203950378112494946e-03 1.847119165176991373e-05 4.939888021908700466e-04 3.862240555463358760e-05 2.451035652484279126e-05 9.745389106683433056e-04
1.000000000000000000e+03 2.336737634323071688e-05 1.979177322937175632e-04 8.973780495580285788e-06 7.845652362448163331e-06 4.733141104225069284e-04 5.794756361865438521e-06 2.661655598785728216e-04 9.686229532235302031e-06 3.562247729860246181e-05 2.267285599373281002e-04
1.500000000000000000e+03 1.213520499732112512e-05 1.196944867842830718e-04 3.746490392586565576e-06 8.230602361436467618e-06 3.555081493686884642e-04 2.103260158037301153e-06 1.344515621894970536e-04 3.336124791530892253e-06 8.011021236598026007e-06 6.047859278623946011e-05
2.000000000000000000e+03 9.927883183991070837e-06 1.161591208074241877e-04 8.181370503734797239e-06 1.019299907056847587e-05 2.958558034151792526e-04 1.109021695810952224e-06 1.063942036125808954e-04 1.041157247527735308e-05 5.802695341117214411e-06 2.130238863173872232e-05
2.500000000000000000e+03 1.664748560870066285e-05 3.654581450973637402e-05 2.681726755326963030e-06 2.494555701559875160e-06 2.314632001798599958e-04 5.183097755434573628e-07 4.924232052871957421e-05 4.492455445870291442e-06 4.411099325807299465e-06 8.229447303165215999e-06
3.000000000000000000e+03 2.385964580753352493e-05 4.045587775181047618e-05 4.646677098207874224e-06 8.170869477908127010e-06 2.555787214078009129e-04 3.377969335360830883e-07 1.065051692421548069e-04 5.029970907344250008e-06 1.086184965970460325e-05 9.741553185449447483e-06
3.500000000000000000e+03 2.553213562350720167e-05 2.810856130963657051e-05 9.955567747965687886e-07 6.466316904152336065e-07 1.988584408536553383e-04 2.107791203798115021e-07 5.798182974103838205e-05 1.752217758621554822e-05 7.781989666000299621e-07 5.848534783581271768e-06
4.000000000000000000e+03 2.561221299401950091e-05 2.569873686297796667e-05 9.495939821135834791e-07 4.913954967378231231e-07 1.700233697192743421e-04 1.818848573975628824e-07 5.617787974188104272e-05 5.028991654398851097e-05 7.694320061091275420e-07 4.961687864124542102e-06
4.500000000000000000e+03 4.158184310654178262e-05 3.856093826470896602e-05 1.481765252719924320e-06 1.923013996929512359e-06 2.400584344286471605e-04 2.696408500924007967e-07 6.633302109548822045e-05 3.898970589943928644e-06 1.218149805026769172e-06 6.152697551442543045e-06
5.000000000000000000e+03 4.918147169519215822e-05 1.314235705649480224e-04 2.538142553021316417e-06 4.386890213936567307e-05 3.833282098639756441e-04 4.198647616249218117e-07 1.650068443268537521e-04 5.338673872756771743e-06 7.998770888661965728e-05 1.096632331609725952e-04
5.500000000000000000e+03 1.662579779804218560e-05 2.264405338792130351e-05 1.860521251728641801e-06 2.684695118659874424e-06 1.158201775979250669e-04 1.384968584261514479e-07 2.839856097125448287e-05 2.294613977937842719e-06 1.146395970863522962e-05 1.022909782477654517e-05
6.000000000000000000e+03 1.644641270104330033e-05 1.611917468835599720e-05 6.546626991621451452e-07 3.108749808689026395e-07 1.018622351693920791e-04 1.160422371526692586e-07 3.848289998131804168e-05 1.430796487511543091e-06 4.535072548605967313e-06 2.686806055862689391e-06
6.500000000000000000e+03 2.129317363142035902e-05 2.312538526894059032e-05 7.473859113815706223e-07 5.149955200067779515e-07 8.790578431216999888e-05 1.184070796966807393e-07 3.437521445448510349e-05 1.452088781661586836e-06 6.982793365750694647e-07 6.182512606756063178e-06
7.000000000000000000e+03 2.119746932294219732e-05 1.729448740661609918e-05 1.144890234172635246e-06 1.505907221144298092e-06 9.390230843564495444e-05 8.789692174104857258e-08 5.970646452624350786e-05 7.057913649077818263e-07 1.578590286044345703e-06 5.895191861782222986e-06
7.500000000000000000e+03 1.108086507883854210e-05 5.382241579354740679e-05 4.419140680056443671e-07 8.661465926707023755e-07 4.816116415895521641e-05 9.736068307120149257e-08 9.219296043738722801e-05 3.577609675176063320e-07 1.509523599452222697e-06 1.404050635755993426e-06
8.000000000000000000e+03 9.249703907698858529e-06 1.606397017894778401e-05 4.995613380742724985e-07 6.224018989087198861e-07 3.304701021988876164e-05 5.467988373197840701e-08 2.856065657397266477e-05 1.186440044875780586e-06 6.349374643832561560e-07 1.844737084866210353e-06
8.500000000000000000e+03 4.192138658254407346e-05 3.430147626204416156e-05 2.915155164373572916e-06 2.878480245271930471e-06 1.952440215973183513e-04 3.307496143634125474e-08 1.001024502329528332e-04 9.509297342447098345e-06 2.225732350780162960e-05 2.080739704979350790e-06
9.000000000000000000e+03 1.805067040550056845e-05 3.249683504691347480e-05 8.390535981561697554e-07 2.196454261138569564e-06 1.068490673787891865e-04 5.077822251564612088e-08 1.947858690982684493e-04 1.255031747859902680e-06 1.004883961286395788e-05 4.734289177577011287e-06
9.500000000000000000e+03 1.062472256307955831e-05 9.629433407098986208e-06 1.294946940788577194e-07 2.448508666930138133e-07 6.606017268495634198e-05 5.134118907790252706e-08 2.116604809998534620e-05 2.676603344298200682e-06 1.146307653243638924e-07 1.456671611776982900e-06
1.000000000000000000e+04 8.780895768722984940e-06 2.592192504380363971e-05 1.633314212767800200e-07 1.020086870084924158e-06 6.725086859660223126e-05 2.300566670498938038e-08 5.041611802880652249e-05 3.561710400390438735e-06 2.810320438584312797e-07 8.583780982007738203e-06
1.050000000000000000e+04 1.614651591808069497e-05 6.972445407882332802e-05 4.150422228121897206e-07 1.560588316351640970e-06 1.140000385930761695e-04 2.056513004333737626e-08 4.839558096136897802e-05 7.060835400807263795e-07 2.425376521841826616e-07 4.233872459735721350e-06
1.100000000000000000e+04 1.361607337457826361e-05 1.289618194277863950e-05 3.056467221540515311e-07 7.693788006690738257e-07 8.966351015260443091e-05 1.820694528475996776e-08 2.799661342578474432e-05 1.018461261992342770e-06 6.749061753907881211e-08 1.410161416970368009e-06
1.150000000000000000e+04 8.684243766765575856e-06 1.014139343169517815e-05 6.459263346414445550e-08 1.495546939622727223e-07 1.934121792146470398e-05 1.780924030470032449e-08 1.401428289682371542e-05 1.762444640007743146e-06 3.511486283969134092e-07 1.677778868724999484e-06
1.200000000000000000e+04 5.557285476243123412e-06 3.175239908159710467e-05 1.541097418567005661e-07 2.574292011559009552e-06 2.902488085965160280e-05 1.443313468740825556e-08 1.502932082075858489e-05 1.204825480272120330e-06 5.871138455404434353e-06 1.241365862370003015e-05
1.250000000000000000e+04 1.762770989444106817e-05 1.440479627490276471e-05 6.696703849229379557e-07 9.309876531915506348e-07 8.059367974055930972e-05 3.651924629366476438e-08 2.191045496147125959e-05 4.594284419567884470e-08 1.285252892557764426e-06 8.840157533995807171e-06
1.300000000000000000e+04 1.108508240577066317e-05 2.149503961845766753e-05 1.389776684845855925e-07 2.050244489737451659e-07 7.483042281819507480e-05 5.974307271117140772e-09 1.515032090537715703e-05 6.704545540969775175e-08 2.814540494000539184e-07 5.913180416428076569e-07
1.350000000000000000e+04 3.273136826464906335e-06 5.373389740270795301e-06 5.013201942460909777e-08 7.816048963604771416e-08 1.292139768338529393e-05 1.756857948009837855e-08 6.647066584264393896e-06 1.495904200510267401e-07 3.268413024670735467e-07 2.980589499657071428e-07
1.400000000000000000e+04 2.697111995075829327e-06 4.427205567480996251e-06 4.294992805853325990e-08 4.069218562108289916e-08 8.390011316805612296e-06 2.315752567483286839e-08 5.399504061642801389e-06 9.983146043168744654e-08 2.230032265515546896e-07 2.846218762897478882e-07
1.450000000000000000e+04 6.391412625816883519e-06 1.547220017528161407e-05 9.037544401735431165e-08 6.475906388914154377e-08 8.088434697128832340e-05 1.067424726386434486e-08 1.297802191402297467e-05 1.389069552715227474e-07 3.017439098584873136e-07 3.756515241093438817e-07
1.500000000000000000e+04 7.971595550770871341e-06 9.209334166371263564e-06 1.403508917974249925e-07 2.957450817575590918e-07 6.770363688701763749e-05 1.624377254927367176e-08 1.528190477984026074e-05 7.640100108119440847e-08 2.716606388730724575e-07 8.454537692159647122e-07
1.550000000000000000e+04 4.101279046153649688e-06 5.019608124712249264e-06 1.218297427385550691e-07 1.186874101222201716e-07 2.796084845613222569e-05 4.216970950210452429e-08 6.551515525643480942e-06 7.811026137005683267e-08 8.894311065432702890e-08 1.508454829490801785e-06
1.600000000000000000e+04 3.518281118886079639e-06 1.363877890980802476e-05 4.625467511232272955e-07 6.733153554705495480e-07 3.960960020776838064e-05 2.472259374997065606e-08 2.807787313940934837e-05 3.922362736830109498e-07 3.191701694049697835e-07 2.185453013225924224e-06
1.650000000000000000e+04 8.122531653498299420e-06 4.710575012722983956e-06 1.383400132226597634e-07 5.382113243967978633e-08 7.712117621849756688e-06 3.056070241314046143e-08 2.213227344327606261e-05 3.894419364769419190e-08 6.617684178422678087e-09 3.460565096702339360e-07
1.700000000000000000e+04 5.552230049943318591e-06 4.274385446478845552e-06 1.054573459668972646e-07 3.275748028386260557e-08 5.369154223444638774e-06 1.241317360012317295e-08 2.097441756632179022e-05 4.135480580202965939e-08 9.256937438806289720e-09 4.768144492572901072e-07
1.750000000000000000e+04 4.837714186578523368e-06 8.286379852506797761e-06 3.570753293047346233e-08 2.126318321415965329e-07 3.254597322666086257e-05 1.028783813694644778e-08 2.413455331407021731e-05 1.047720203928292904e-07 3.501078253975720145e-07 3.236377551729674451e-06
1.800000000000000000e+04 3.822299731837119907e-06 1.652718856348656118e-05 1.757785206280004786e-08 3.871594600468597491e-08 1.740103471092879772e-05 8.630092196426630835e-09 1.466092089685844257e-05 1.223415893036872149e-07 4.264402164722014277e-08 1.395705112372525036e-06
1.850000000000000000e+04 5.843108283443143591e-06 2.310847958142403513e-05 8.036563059476975468e-08 6.346743361973494757e-07 3.370222839294001460e-05 4.343950976704036293e-08 1.034951401379657909e-05 2.184436311836179812e-07 5.754849894401559141e-07 4.261138201400171965e-06
1.900000000000000000e+04 4.649562015401897952e-06 7.541260401922045276e-06 5.477342668314122420e-08 1.960806912393309176e-07 2.716181734285783023e-05 1.800646387550841609e-08 8.201854143408127129e-06 1.340908681868313579e-07 1.039572765648699715e-07 1.734467446112830658e-06
1.950000000000000000e+04 4.508840902417432517e-06 4.673990133596817032e-06 2.170887825059253373e-08 2.818854305530749116e-08 5.210498329688562080e-06 6.383953810029652232e-09 6.889374162710737437e-06 4.950710774664912606e-08 4.505766639795183437e-07 2.975066593080555322e-07
2.000000000000000000e+04 3.227328306820709258e-06 4.960850674251560122e-06 2.790006981001624808e-08 3.734236386776501604e-08 5.679070000041974708e-06 5.330187402563524302e-09 7.427163836837280542e-06 4.807837683529214701e-08 6.527337177431036253e-07 1.279153934774512891e-06
2.050000000000000000e+04 5.798642177978763357e-06 9.340825272374786437e-06 3.672785453545657219e-08 6.793436568841570988e-08 3.666602788143791258e-05 3.356236177864957426e-08 5.116444663144648075e-05 9.341957962760716327e-08 6.915840913279680535e-07 2.976065388793358579e-06
2.100000000000000000e+04 5.513021278602536768e-06 9.557450539432466030e-06 3.668521841859728738e-08 1.092661676693751360e-07 2.479709291947074234e-05 1.576586150520142837e-08 2.756671347015071660e-05 6.851956868558772840e-08 1.087356281459506135e-06 5.332291948434431106e-06
2.150000000000000000e+04 5.530595444724895060e-06 2.440279240545351058e-05 1.802684153062728001e-07 3.005929727351031033e-07 9.431104263057932258e-05 5.091536436907517782e-08 1.577160946908406913e-05 1.719478319728295901e-07 3.418106189201353118e-06 9.375884474138729274e-06
2.200000000000000000e+04 4.523840289039071649e-06 1.142360179073875770e-05 1.657355568340790342e-07 8.443620203024693183e-08 7.940978684928268194e-05 6.532725649321946548e-08 7.622114026162307709e-06 1.295843929938200745e-07 8.181359589798375964e-06 8.977168363344389945e-06
2.250000000000000000e+04 5.641393727273680270e-06 7.579035354865482077e-06 6.221404191819601692e-08 1.799488984488561982e-07 1.693541162239853293e-05 5.342164755006706400e-08 1.057339522958500311e-05 8.471687351629952900e-08 2.838145746864029206e-06 1.813157177821267396e-05
2.300000000000000000e+04 4.248233381076715887e-06 6.101286089688073844e-06 6.326304458070808323e-08 1.139124634619292920e-07 1.105870978790335357e-05 5.484423226675971819e-08 7.063636530801886693e-06 1.118853418802245869e-07 2.908507212850963697e-06 9.586915439285803586e-06
2.350000000000000000e+04 2.730861524469219148e-06 2.619056431285571307e-06 3.164733541893838265e-08 1.405358762696096164e-08 2.385459083598107100e-06 1.217607170644896541e-08 5.769254585175076500e-06 6.803047369885462103e-08 1.242338385054608807e-05 7.557086405540758278e-07
2.400000000000000000e+04 1.943902134371455759e-06 2.182516027460223995e-06 1.427114781904492702e-08 1.324533815960649008e-08 1.807875264603353571e-06 1.552142592231575691e-08 3.922579253412550315e-06 2.757595396474243898e-08 1.276821967621799558e-05 3.879536905060376739e-07
2.450000000000000000e+04 2.664249905137694441e-06 2.150605723727494478e-06 7.732947437943948898e-08 1.606471187187707983e-07 5.326896825863514096e-06 3.827996053473725624e-08 2.385603465882013552e-06 5.661843971438429435e-08 2.682230160644394346e-06 1.944093810379854403e-06
2.500000000000000000e+04 1.770779590515303425e-06 3.534232746460475028e-06 3.417113347836675530e-08 4.340032688787687221e-08 5.890096872462891042e-06 3.983436158705444541e-08 5.040054020355455577e-06 3.818441030034591677e-08 6.760623136869980954e-07 3.702826916196499951e-06
2.550000000000000000e+04 1.165171579486923292e-05 1.557255563966464251e-05 9.089092145586619154e-07 4.422720678576297360e-07 3.975379513576626778e-05 3.258053737908994663e-08 3.690959420055150986e-05 1.704495815602058428e-07 9.004524486044829246e-07 3.858691343339160085e-06
2.600000000000000000e+04 8.323413567268289626e-06 1.050795344781363383e-05 5.882824893888027873e-07 2.134767953521077288e-07 2.461235817463602871e-05 6.184112777418704354e-09 1.949016586877405643e-05 2.221087243015062995e-07 9.697857876744819805e-07 3.932448635168839246e-06
2.650000000000000000e+04 6.209542789292754605e-06 1.587292063049972057e-04 6.002213126521382947e-08 7.749723636152339168e-07 9.635491005610674620e-05 1.436588714653908028e-08 1.715285179670900106e-04 1.946638263916611322e-07 1.097571278307896137e-08 5.674228304997086525e-05
2.700000000000000000e+04 4.507603080128319561e-06 8.339084160979837179e-06 9.067935735629362171e-08 5.523292756492992339e-08 2.063246029138099402e-05 2.328554238317792624e-08 1.179214450530707836e-05 2.619593715280643664e-07 4.336375170055362105e-08 1.096681899070972577e-05
2.750000000000000000e+04 5.837943263031775132e-06 2.148481326003093272e-05 9.814185375489614671e-08 1.387504227068347973e-07 1.114706446969648823e-05 1.247319314501282861e-08 2.369709000049624592e-05 1.305172929733089404e-07 2.657565687513852026e-07 5.654620053974213079e-06
2.800000000000000000e+04 3.327154445287305862e-06 2.259526127090794034e-06 5.222122467785084154e-08 1.694777829186477902e-08 3.492290716167190112e-06 9.570914727419221890e-09 4.340219675214029849e-06 1.586332132319512311e-07 4.880549795416300185e-07 4.123229757624358172e-07
2.850000000000000000e+04 8.605893526691943407e-06 2.069273068627808243e-05 1.588807236885259044e-07 1.185192900265974458e-06 4.853004065807908773e-05 4.453647228785939660e-09 3.353563079144805670e-05 3.928862568614022166e-08 4.540822384768716802e-09 6.067317031011043582e-07
2.900000000000000000e+04 2.058563495666021481e-06 5.211350071476772428e-06 7.541344615447087563e-08 1.827567608359004225e-08 1.640370646782685071e-05 4.411017773264802599e-09 5.679949026671238244e-06 1.047793531938623346e-07 1.037463093211954401e-07 2.258739186800085008e-06
2.950000000000000000e+04 1.610624963177542668e-06 2.124257434843457304e-06 4.291543476142578584e-08 4.235715422851171752e-08 1.620313810235529672e-06 2.397738008141914179e-09 3.194350256308098324e-06 8.913032445434510009e-08 8.030585973983761505e-08 2.059521193586988375e-06
3.000000000000000000e+04 1.213941004607477225e-06 1.741963387758005410e-06 2.456583914067778096e-08 1.690793816067071020e-08 1.313667780777905136e-06 2.799221521243566713e-09 3.117484993708785623e-06 8.299379317122657085e-08 2.975000334970445692e-08 2.367658908042358235e-06
3.050000000000000000e+04 1.772772179720050190e-06 2.112409219989785925e-06 3.084132416120155540e-08 9.731630257192591671e-08 1.010100731946295127e-06 2.144267874371053040e-09 2.951501073766849004e-06 2.944026959994516801e-07 2.966961289985192707e-07 2.224755007773637772e-06
3.100000000000000000e+04 1.254936819350405131e-06 1.675714429438812658e-06 2.004756716189604049e-08 4.556244448394863866e-08 7.916892172943335027e-07 6.512252959112174722e-10 2.068396270260564052e-06 2.090232271712011425e-07 2.093968909377963428e-08 4.092234576091868803e-06
3.150000000000000000e+04 8.415752859036729205e-07 2.787580342555884272e-06 2.060456338881522242e-08 2.089683448502910323e-08 3.333568884045234881e-06 7.524644241030387093e-10 4.786020326719153672e-06 1.386719645779521670e-07 2.006505717133677535e-08 3.939713678846601397e-06
3.200000000000000000e+04 8.008777854229265358e-07 2.010368461924372241e-06 1.280610639753376745e-08 1.793621429158065439e-08 1.826674292715324555e-06 5.878700304329242954e-10 4.660352260543731973e-06 1.320191529430303490e-07 4.251312901715209591e-08 3.154125579385436140e-06
3.250000000000000000e+04 4.199198428977979347e-06 4.753059329232200980e-06 1.855832465480489191e-07 4.573637468752167479e-08 1.646477721806149930e-05 5.106571165924833622e-09 1.471939049224602059e-05 1.249194099273154279e-07 1.108588207898719702e-07 2.842323965523974039e-06
3.300000000000000000e+04 2.676232270459877327e-06 2.527770448068622500e-06 7.138434199305265793e-08 2.040159863270218921e-08 6.201914857228985056e-06 1.597169951850219149e-09 4.537849235930480063e-06 8.345462987335849903e-08 1.453122155936625859e-08 6.533740361192030832e-06
3.350000000000000000e+04 1.646502710173081141e-06 8.279588428194983862e-07 2.382471642192740546e-08 3.728383290990677779e-08 7.498418881368706934e-07 4.918807583464968047e-09 1.609102810107287951e-06 7.411526325995509978e-08 6.698528665083358646e-08 1.223176877829246223e-05
3.400000000000000000e+04 1.201496047542605083e-06 5.928073392169608269e-07 2.010792954365570040e-08 2.812940635976701742e-08 5.200752752898551989e-07 4.374301365572819122e-09 1.432949375157477334e-06 5.941513592233604868e-08 5.507488864964216191e-08 1.399008669977774844e-05
3.450000000000000000e+04 9.424920790479518473e-07 4.221782319291378371e-07 2.338313009886405780e-08 2.525399622754775919e-08 1.804185387754841940e-07 7.693836678868137824e-09 3.509787120492546819e-06 5.877231856743492244e-08 6.440652811079417006e-08 1.598007111169863492e-05
3.500000000000000000e+04 7.392902148239954840e-07 1.045085809892043471e-06 2.355569606038443453e-08 1.582072961525682331e-08 2.911631611368648009e-07 5.490058185841917293e-09 1.871224867500131950e-06 6.930856244480310124e-08 7.218201858449901920e-08 1.482360494264867157e-05
3.550000000000000000e+04 8.630251500107988250e-07 6.565279591086436994e-07 1.270395255659195755e-08 9.949240542539428134e-09 2.538766636916989228e-07 1.850182007601119949e-09 3.055710749322315678e-06 1.414109807029717558e-08 2.069924533998346305e-07 1.506331955170026049e-05
3.600000000000000000e+04 6.637660021624469664e-07 4.126695216655207332e-07 1.213684885925658818e-08 1.062488497183267100e-08 1.659560950884042541e-07 1.068989341490578227e-09 2.768524836938013323e-06 3.390691460936068324e-08 1.080283169585527503e-07 1.639603760850150138e-05
3.650000000000000000e+04 1.530558847662177868e-06 1.426045855623669922e-06 1.634757396118402539e-08 6.980508615583858045e-09 8.880631980900943745e-07 2.087555239782545868e-09 1.909896127472165972e-06 1.930803250616008881e-08 5.026477900571535429e-09 1.427913666702806950e-04
3.700000000000000000e+04 1.189891349895333406e-06 7.406279678434657399e-07 6.124921014816209208e-09 5.232136501831519126e-09 4.531554793629766209e-07 3.249321478548949926e-09 1.289822080252633896e-06 9.151572832877263863e-09 3.205376630788236980e-09 1.337723078904673457e-04
3.750000000000000000e+04 3.368693069205619395e-05 2.376615702814888209e-05 2.578989551693666726e-06 7.710290219620219432e-07 3.077527799177914858e-04 5.641202278638957068e-07 1.166212459793314338e-04 8.559205753044807352e-07 5.083844371256418526e-06 7.854410796426236629e-06
3.800000000000000000e+04 2.981226862175390124e-05 2.100022175000049174e-05 1.128370058722794056e-06 3.592822963582875673e-07 1.429133699275553226e-04 4.378987341624451801e-07 8.559686830267310143e-05 1.050996388585190289e-06 2.218125518993474543e-05 4.323512257542461157e-06
3.850000000000000000e+04 1.586841062817256898e-05 7.292754617083119228e-06 6.284061555561493151e-07 2.377947367904198472e-07 7.859546167310327291e-05 3.207750580713764066e-07 4.022192297270521522e-05 1.306641138398845214e-06 3.554025170160457492e-06 4.929275746690109372e-06
3.900000000000000000e+04 1.088363205781206489e-05 1.313070606556721032e-05 2.448456939418974798e-07 1.624817684842128074e-07 6.365645094774663448e-05 1.755709035933250561e-07 2.684728315216489136e-05 5.603723138847271912e-07 1.981249624805059284e-06 3.923491931345779449e-06
3.950000000000000000e+04 1.803248051146510988e-05 7.474725407519144937e-06 1.081585310203081463e-07 3.271787534231407335e-07 4.015699232695624232e-05 3.063545932491251733e-07 2.678113196452613920e-05 9.134147660461167106e-08 1.558503072374151088e-06 3.009544343512970954e-06
4.000000000000000000e+04 1.348351452179485932e-05 6.070133622415596619e-06 1.342907438584006741e-07 1.999604819502565078e-07 3.092327824560925364e-05 1.608164410527024302e-07 2.334096461709123105e-05 6.103562668613449205e-07 7.620208748448931146e-07 2.131442215613787994e-06
4.050000000000000000e+04 1.312678614340256900e-05 8.029815944610163569e-06 2.126710967331746360e-07 1.934281783633196028e-07 1.061017319443635643e-04 1.835277174677685252e-07 7.149578323151217774e-06 1.676074589340714738e-06 7.258272916033092770e-08 1.897929109873075504e-06
4.100000000000000000e+04 8.344072739419061691e-06 1.749833427311386913e-05 1.850049073937043431e-07 2.037448183500600862e-07 9.854571544565260410e-05 1.083427321191265946e-07 1.368058929074322805e-05 1.044103100866777822e-06 1.199926487061020453e-07 2.827781372616300359e-06
4.150000000000000000e+04 3.530811682139756158e-06 5.757205599365988746e-06 2.734534803039423423e-07 2.051818910331348889e-07 6.528665835503488779e-05 5.441728134769618919e-08 7.624589670740533620e-06 2.777710221835150151e-07 7.039989924351175432e-08 2.463395276208757423e-06
4.200000000000000000e+04 1.780066086212173104e-04 7.072728476487100124e-04 2.620181476231664419e-07 3.919636526461545145e-07 4.428893225849606097e-05 3.375652113390970044e-08 4.528889548964798450e-04 3.687535752305848291e-07 1.591767073705341318e-08 4.979118602932430804e-05
4.250000000000000000e+04 8.017155778361484408e-06 6.398855475708842278e-06 1.348862213035317836e-07 4.542067699730978347e-08 5.114520899951457977e-05 4.138772524697742483e-08 1.299186351388925686e-05 2.615785206216969527e-07 2.932464212790364400e-06 1.780035972842597403e-06
4.300000000000000000e+04 4.993430138711119071e-06 2.828477590810507536e-06 2.563699474933400779e-08 2.058109593860990572e-08 4.357207944849506021e-05 3.008323901099174691e-08 8.481320946884807199e-06 3.110159241259680130e-07 4.892785199217541958e-08 8.331608114531263709e-07
4.350000000000000000e+04 6.863417183922138065e-06 3.722941983141936362e-06 2.028108099239034345e-07 1.052493203701487801e-07 4.208872633171267807e-05 4.640472184291866142e-08 8.804871868051122874e-06 5.426039138001215179e-07 3.517987124723731540e-06 1.130561599893553648e-06
4.400000000000000000e+04 3.886266313202213496e-06 3.772568334170500748e-06 1.239115903217680170e-07 1.062146424146703794e-07 3.184433444403111935e-05 3.962073336083449249e-08 1.147410876001231372e-05 5.127826057105266955e-07 4.571798854158259928e-06 1.772235577846004162e-06
4.450000000000000000e+04 2.684977062017424032e-06 2.807954388117650524e-06 5.663191160465430585e-08 2.413786148736107862e-07 9.040008990268688649e-06 2.954437050561864453e-08 4.420977347763255239e-06 1.222863517114092247e-07 1.150467028310231399e-06 1.482333800595370121e-06
4.500000000000000000e+04 1.948217914105043747e-06 1.398769654770148918e-06 5.772902156309100974e-08 8.825970354564560694e-08 7.318107691389741376e-06 2.112852648394891730e-08 1.813056201172003057e-06 6.891019665999920107e-08 4.580077472837729147e-07 8.613243949184834491e-07
4.550000000000000000e+04 9.015425348479766399e-06 1.221545699081616476e-05 3.074423204907361651e-07 2.071102187528595096e-07 9.760545071912929416e-05 1.263381665950191746e-08 1.040679399011423811e-05 5.561321927416429389e-07 2.013305220316397026e-06 2.546363248256966472e-06
4.600000000000000000e+04 5.873965619684895501e-06 3.346671292092651129e-05 1.849056587843733723e-07 3.141026070352381794e-07 7.503337110392749310e-05 2.603576199078361242e-08 8.762497600400820374e-06 1.817403045833998476e-07 9.835576975092408247e-07 5.569036147790029645e-06
