# step, loss_train, loss_test, metrics_test
0.000000000000000000e+00 1.251152344048023224e-02 1.117179840803146362e-01 2.719834214076399803e-03 5.716002779081463814e-04 2.582074142992496490e-03 1.253782771527767181e-02 1.531042456626892090e-01 2.060230908682569861e-04 1.379271387122571468e-03 3.508717287331819534e-03
5.000000000000000000e+02 2.197902358602732420e-04 4.362535476684570312e-02 6.598916370421648026e-03 1.023675664328038692e-03 2.589074894785881042e-03 1.882753858808428049e-04 4.610839486122131348e-02 6.768170278519392014e-03 3.949677920900285244e-04 2.943711588159203529e-03
1.000000000000000000e+03 5.536145908990874887e-05 3.408665070310235023e-04 3.434973768889904022e-05 1.323771630268311128e-05 1.303129945881664753e-03 2.249536919407546520e-05 2.292433200636878610e-04 1.778564364940393716e-05 2.542222318879794329e-05 1.127418130636215210e-03
1.500000000000000000e+03 3.717542494996450841e-05 1.972477330127730966e-04 5.079812399344518781e-05 7.987119897734373808e-05 1.038071233779191971e-03 7.949462087708525360e-06 1.627007877686992288e-04 2.151930857507977635e-05 8.852464088704437017e-05 6.082202307879924774e-04
2.000000000000000000e+03 1.714503741823136806e-05 6.402361032087355852e-05 1.056927976605948061e-05 2.126026629412081093e-06 5.859984667040407658e-04 2.542230049584759399e-06 5.580182187259197235e-05 1.899972448882181197e-05 3.255773435739683919e-06 2.425051789032295346e-04
2.500000000000000000e+03 7.902788638602942228e-06 3.028346509381663054e-05 9.885266990750096738e-06 2.286771859871805646e-06 4.453916917555034161e-04 1.441767153664841317e-06 1.875673660833854228e-05 3.687660409923410043e-06 1.982831690838793293e-06 1.428764371667057276e-04
3.000000000000000000e+03 5.526360382646089420e-06 2.180274896090850234e-05 5.091250841360306367e-06 2.030451241807895713e-06 3.788182220887392759e-04 1.085342660189780872e-06 9.178805157716851681e-06 1.272708459509885870e-06 2.195118440795340575e-06 8.992978837341070175e-05
3.500000000000000000e+03 8.151385372912045568e-06 4.556148633128032088e-05 1.086934571503661573e-05 1.768635570442711469e-06 4.063129890710115433e-04 8.556242505619593430e-07 4.343334512668661773e-05 5.298357791616581380e-06 1.124870436797209550e-06 6.899175059515982866e-05
4.000000000000000000e+03 7.673241270822472870e-06 2.285651135025545955e-05 1.118229988605889957e-06 2.839265675902424846e-07 3.109787649009376764e-04 3.607630389979021857e-07 1.196398989122826606e-05 1.566280616316362284e-06 3.050718362374027492e-07 2.841285640897694975e-05
4.500000000000000000e+03 1.004930163617245853e-05 9.623379446566104889e-05 6.463695899583399296e-05 2.899806304412777536e-06 5.411487654782831669e-04 7.310031264751160052e-07 1.531679008621722460e-04 5.604662146652117372e-05 2.185136509069707245e-06 8.236279245465993881e-05
5.000000000000000000e+03 1.063240506482543424e-05 2.865066744561772794e-05 1.834446720749838278e-06 4.191164464373287046e-07 3.689910809043794870e-04 3.165749831168795936e-07 2.187085374316666275e-05 1.474072746532328892e-06 2.091589266228766064e-07 9.424500603927299380e-06
5.500000000000000000e+03 9.255670192942488939e-06 1.234566570929018781e-05 1.621508403104598983e-07 2.394005775840923889e-07 1.892807194963097572e-04 2.666017167030076962e-07 1.058239377016434446e-05 8.313361377076944336e-07 3.972532454099564347e-07 5.937061359873041511e-06
6.000000000000000000e+03 1.102303576772101223e-05 1.023629829433048144e-05 1.518273933243108331e-07 1.419042661154890084e-07 1.739074941724538803e-04 3.628844922332064016e-07 7.616683433298021555e-06 1.539855247756349854e-06 6.478797445197415072e-07 4.883822839474305511e-06
6.500000000000000000e+03 8.432772119704168290e-06 1.572833207319490612e-05 3.835233997051545884e-07 4.804323339158145245e-07 1.715840335236862302e-04 2.905896963056875393e-07 1.119056923926109448e-05 3.560445748007623479e-06 6.611548997170757502e-07 4.727420218841871247e-06
7.000000000000000000e+03 1.124216942116618156e-05 2.046427653112914413e-05 8.441214731647050940e-07 5.836935770275886171e-07 1.428146933903917670e-04 3.838683539925114019e-07 1.590103420312516391e-05 8.323023394041229039e-06 7.215388109216291923e-07 5.357327609090134501e-06
7.500000000000000000e+03 9.864763342193327844e-06 8.648004950373433530e-06 1.949989183458455955e-07 1.662237139044009382e-07 7.577645010314881802e-05 2.614075924611825030e-07 1.689619966782629490e-05 2.485411187080899253e-06 4.728876135118298407e-08 2.775783741526538506e-06
8.000000000000000000e+03 9.495343874732498080e-06 8.646868991490919143e-06 1.927898551912221592e-07 2.655172011145623401e-07 7.021713099675253034e-05 2.537739192121080123e-07 1.723535024211741984e-05 1.549749640616937540e-06 1.810780219102525734e-07 2.235339024991844781e-06
8.500000000000000000e+03 1.758406324370298535e-05 1.164460627478547394e-05 2.602388633476948598e-07 3.133160362267517485e-07 1.553530746605247259e-04 2.089268917870867881e-07 1.976463863684330136e-05 5.125999678057269193e-07 1.318981389886175748e-06 2.506658574930042960e-06
9.000000000000000000e+03 1.994697959162294865e-05 1.082207199942786247e-05 1.767884754144688486e-07 1.686431119196640793e-07 1.360992464469745755e-04 1.131981193225328752e-07 2.234529165434651077e-05 5.391693207457137760e-07 1.640060986574098933e-06 2.957994865937507711e-06
9.500000000000000000e+03 1.502973827882669866e-05 8.929488103603944182e-06 7.821414271802495932e-08 1.985898876455394202e-07 8.303612412419170141e-05 1.150546111716721498e-07 1.105799765355186537e-05 5.390799628912645858e-07 2.538135959184728563e-06 3.247031600039917976e-06
1.000000000000000000e+04 1.091998547053663060e-05 1.274356236535822973e-05 9.586367610836532549e-08 1.716300204179788125e-07 8.102294668788090348e-05 9.306742043690974242e-08 1.318774411629419774e-05 6.222693400559364818e-07 3.900385763699887320e-06 3.925189957953989506e-06
1.050000000000000000e+04 2.151269472960848361e-05 2.155267793568782508e-05 5.236129254626575857e-07 5.606212312159186695e-07 1.339434093097224832e-04 1.106602098843723070e-07 3.967696829931810498e-05 1.738098518444530782e-07 1.538128117317683063e-06 4.370573151390999556e-06
1.100000000000000000e+04 1.908131889649666846e-05 1.850080843723844737e-05 3.242267609948612517e-07 2.297085188729397487e-07 1.086167831090278924e-04 5.872023223219002830e-08 4.892113793175667524e-05 4.688802590635532397e-08 1.059200371855695266e-07 5.150624929228797555e-06
1.150000000000000000e+04 7.042367542453575879e-06 5.623135621135588735e-06 1.086252936488563137e-07 4.557730903798073996e-08 3.621774158091284335e-05 3.933403291966897086e-08 5.318119292496703565e-06 2.336242346245853696e-07 7.493838438676903024e-07 1.871971790023962967e-06
1.200000000000000000e+04 7.267481578310253099e-06 4.959620127920061350e-06 9.729019012638673303e-08 1.194358532075057155e-07 3.198949707439169288e-05 3.234066880963837320e-08 4.286402145226020366e-06 2.205993467896405491e-07 5.830631266690033954e-07 1.470019810767553281e-06
1.250000000000000000e+04 9.569750545779243112e-06 7.872617061366327107e-06 1.109399647702957736e-07 2.335212059279001551e-07 7.645636651432141662e-05 6.648944861353811575e-08 4.238659585098503157e-06 3.639667625066067558e-07 1.187205356245613075e-07 1.004759633360663429e-05
1.300000000000000000e+04 9.799344297789502889e-06 1.197034544020425528e-05 3.757213278277049540e-07 2.842940602931776084e-07 6.432553345803171396e-05 5.701598482232839160e-08 7.620896667503984645e-06 7.177837346716842148e-07 1.662604205421303050e-07 1.966459967661648989e-05
1.350000000000000000e+04 6.102391580498078838e-06 2.054224569292273372e-05 1.149060011584879248e-07 2.206423914685728960e-07 2.432232759019825608e-05 6.740014413253447856e-08 1.639947186049539596e-05 2.233320941513738944e-07 3.358579476753220661e-07 4.340932264312868938e-06
1.400000000000000000e+04 5.686407348548527807e-06 1.071082660928368568e-04 8.690626600582618266e-07 1.416102008988673333e-07 4.829174213227815926e-05 4.359817040722191450e-08 7.176414510468021035e-05 1.992274974327301607e-06 9.328936556585176731e-08 2.978625343530438840e-05
1.450000000000000000e+04 7.517594895034562796e-06 6.135458534117788076e-05 1.188178373467962956e-07 1.240297109461607761e-07 7.792919495841488242e-05 3.532007042394980090e-08 5.407512799138203263e-05 3.157341268433810910e-07 2.293268686059946049e-08 1.549724038341082633e-05
1.500000000000000000e+04 7.874089533288497478e-06 5.283686186885461211e-05 1.091523600393884408e-07 3.063361830868416291e-08 6.878213025629520416e-05 2.091117679015042086e-08 4.656977398553863168e-05 3.516565527661441592e-07 1.551244288577890984e-08 2.083318395307287574e-05
1.550000000000000000e+04 5.697280812455574051e-06 1.261817578779300675e-05 3.475476546555000823e-07 1.651482932629733114e-07 3.284890772192738950e-05 1.478903488560945334e-08 1.566765968163963407e-05 1.650653871365648229e-07 4.690011508046154631e-07 5.863796559424372390e-06
1.600000000000000000e+04 4.761348918691510335e-06 3.698938962770625949e-05 1.259928978925017873e-07 7.077059649418515619e-08 3.110585748800076544e-05 7.012389335869784190e-09 3.342706622788682580e-05 4.871099790193511581e-08 8.156770832101756241e-07 1.555055132484994829e-05
1.650000000000000000e+04 1.511610662419116125e-05 9.157030035567004234e-06 2.224191888444693177e-07 4.009615395261789672e-07 6.662918895017355680e-05 7.218407915843272349e-08 1.719074134598486125e-05 1.999830203658348182e-07 4.072365697993518552e-07 3.883527313064405462e-07
1.700000000000000000e+04 9.644686542742419988e-06 1.620743933017365634e-05 2.126767242316418560e-07 1.874034296633908525e-07 4.045978857902809978e-05 7.203269092315167654e-08 2.531942300265654922e-05 4.019202037852664944e-07 1.249747612064311397e-07 1.772545374478795566e-06
1.750000000000000000e+04 7.856813681428320706e-06 9.221644177159760147e-06 1.557687028252985328e-07 1.535716194212000119e-07 5.181330561754293740e-05 6.174548872195373406e-08 2.308524199179373682e-05 2.665089141373755410e-06 6.723963679178268649e-07 1.213507516695244703e-06
1.800000000000000000e+04 7.478575298591749743e-06 8.566788892494514585e-06 1.079035172324438463e-07 1.017171982198306068e-07 3.874875983456149697e-05 6.276570729824015871e-08 1.766627065080683678e-05 2.247067868665908463e-06 5.742689381804666482e-07 1.101879888665280305e-06
1.850000000000000000e+04 6.184732683323090896e-06 1.445726138626923785e-05 2.815746711348765530e-07 2.102529919056905783e-07 3.611234205891378224e-05 1.502719584323131130e-07 1.724160210869740695e-05 1.703516687712181010e-07 2.912200613991444698e-07 7.107714282028609887e-06
1.900000000000000000e+04 5.987056283629499376e-06 7.879374607000499964e-05 3.198628064637887292e-07 2.374383569758720114e-07 4.231999628245830536e-05 5.960224314094375586e-08 4.105021434952504933e-05 1.323705731692825793e-07 1.213784770470738295e-07 2.417785617581102997e-05
1.950000000000000000e+04 5.864003014721674845e-06 8.106482709990814328e-06 1.178865147721808171e-07 4.671317554993947851e-08 1.406539286108454689e-05 1.313377939737847555e-08 1.588855593581683934e-05 7.514070148317841813e-07 1.081634479760396061e-07 4.777837602887302637e-06
2.000000000000000000e+04 6.341272182908141986e-06 1.371788530377671123e-04 3.104000256826111581e-07 3.425598293915754766e-08 6.609561387449502945e-05 3.020853966972936178e-08 7.229665061458945274e-05 1.304554643866140395e-06 6.771977467678880203e-08 5.910553954890929163e-05
2.050000000000000000e+04 3.318103608762612566e-06 3.132244455628097057e-05 2.661737674714004243e-08 7.262700307819613954e-08 1.039564813254401088e-05 3.196020870177562756e-08 2.375523035880178213e-05 1.532637838863593061e-08 7.278784153186279582e-08 7.767300303385127336e-06
2.100000000000000000e+04 2.452597300361958332e-06 1.035519562719855458e-05 3.594396957851131447e-08 5.076063658293605840e-08 3.079822818108368665e-06 4.138869869052541617e-08 1.570980384713038802e-05 2.832983447831338708e-08 5.691308047062193509e-08 5.279463039187248796e-06
2.150000000000000000e+04 5.892466560908360407e-06 3.659980939119122922e-05 3.122497673757607117e-07 8.815922569738177117e-08 4.195002475171349943e-05 3.998706077368296974e-08 1.632108615012839437e-05 1.147636012888142432e-07 7.250915956547032692e-08 1.326926139881834388e-04
2.200000000000000000e+04 4.099978013982763514e-06 3.994762664660811424e-06 2.085957540032268298e-08 5.120867641039694718e-08 1.193493426399072632e-05 2.370369145410222700e-08 1.213443647429812700e-05 1.896445667171064997e-08 2.794794262683808483e-08 4.208758473396301270e-04
2.250000000000000000e+04 4.039488885609898716e-06 4.125315172132104635e-06 1.199489503278527991e-07 6.480890846205511480e-08 7.675789106542652007e-07 3.018121574882570712e-08 4.437453753780573606e-06 1.055814067285609781e-07 3.756050404035704560e-08 4.141147946938872337e-04
2.300000000000000000e+04 2.682815193111309782e-06 2.950565885839750990e-06 8.080231594931319705e-08 3.598051279141145642e-08 3.942698754144657869e-07 1.933754134597620578e-08 3.045422545255860314e-06 5.389390267396265699e-08 9.422523561397611047e-08 4.226067103445529938e-04
2.350000000000000000e+04 4.428217380336718634e-06 1.167259233625372872e-05 4.331313050442986423e-07 7.434432092168208328e-08 7.754450962238479406e-06 1.693475049080461758e-08 1.450629770261002705e-05 1.696905727044395462e-08 8.600617462661830359e-08 3.700360684888437390e-05
2.400000000000000000e+04 1.692506543804483954e-06 1.479972070228541270e-05 2.497720004157599760e-07 1.064568966313572673e-08 6.040641892468556762e-06 3.705270978926478165e-09 1.579674244567286223e-05 1.894727752471681015e-08 1.284549622226904830e-08 5.471729673445224762e-05
2.450000000000000000e+04 3.431556933719548397e-06 6.289574230322614312e-05 7.445330538757843897e-07 2.012187394484499237e-07 3.569742330000735819e-05 2.264624576753249130e-08 5.904142381041310728e-05 1.407708083434044966e-07 7.618068309511727421e-08 3.336240479256957769e-05
2.500000000000000000e+04 1.652455921430373564e-06 2.149293095499160700e-06 2.852544689346814266e-08 1.011286272500910854e-07 2.294041678396752104e-06 1.112780800838208961e-08 8.599703505751676857e-06 9.889861374290376261e-09 1.306420394087126624e-08 3.474884942988865077e-05
2.550000000000000000e+04 3.510056103550596163e-06 3.512647936076973565e-06 5.741279807125465595e-08 1.323130671693206750e-08 5.401218913902994245e-06 1.514614389463986299e-08 1.995182901737280190e-05 3.366128353832209541e-08 3.538795478874590117e-09 2.603444499982288107e-07
2.600000000000000000e+04 8.127797627821564674e-06 3.866014594677835703e-05 2.833595999618410133e-06 1.163248768420999113e-07 3.369159912836039439e-06 5.887937248871821794e-08 6.719079101458191872e-05 4.790001995047532546e-08 6.337378266607629484e-08 4.518934929365059361e-06
2.650000000000000000e+04 1.717575059956288897e-06 3.269085937063209713e-06 4.230723149589721288e-08 6.214407655136255926e-09 9.168322776531567797e-07 1.100542590393160935e-08 4.461987828108249232e-06 3.444990070988751540e-08 8.962607545015544019e-09 7.939592469483613968e-04
2.700000000000000000e+04 1.620906914467923343e-06 4.121371603105217218e-06 1.120742041393896216e-07 4.972025902105770001e-09 6.581014986295485869e-07 1.536698768234145973e-08 5.008907464798539877e-06 1.130233417967474452e-08 9.007075085776250489e-09 8.070826297625899315e-04
2.750000000000000000e+04 2.476368990755872801e-06 2.517769644327927381e-06 5.027196792184440710e-08 5.736353259067072941e-08 5.276893716654740274e-06 2.413570854287172551e-08 7.292515419976552948e-06 1.320930493875493994e-07 4.407497655734005093e-08 8.145815627358388156e-06
2.800000000000000000e+04 1.952759248524671420e-06 1.224340053340711165e-06 3.307752294290366990e-08 2.965001932864197443e-08 2.490259021215024404e-06 1.325625298420618492e-08 2.747898179222829640e-06 8.078185942395066377e-08 1.294889671044074930e-07 1.234964838658925146e-05
2.850000000000000000e+04 4.198734586680075154e-06 1.233010243595344946e-05 2.738103432875504950e-08 5.257824398086086148e-08 2.449743806209880859e-05 8.135242524076602422e-08 5.542563030758174136e-06 4.443771572937293968e-08 5.031824557022446243e-08 6.266925538511713967e-06
2.900000000000000000e+04 2.874380015782662667e-06 2.711849219849682413e-06 3.074833898608630989e-08 5.166052119420783129e-08 1.798406265152152628e-05 2.544243393742817716e-08 5.004889771953457966e-06 6.696355825397404260e-08 3.945408977301667619e-08 5.650850289384834468e-05
2.950000000000000000e+04 3.345524419273715466e-06 1.655290543567389250e-05 1.127985669313602557e-07 3.604974452287024178e-08 1.120021806855220348e-05 2.227536732846147061e-08 1.844010694185271859e-05 4.985023505099661634e-09 1.786220948929440056e-08 2.565064460213761777e-05
3.000000000000000000e+04 1.918026327984989621e-06 1.655547748669050634e-06 1.113231018479154955e-08 6.741899039042209552e-09 1.281374920836242381e-06 4.621513838287683029e-09 2.310316403963952325e-06 6.150880249577994618e-09 2.452179348466643205e-09 5.074964428786188364e-05
3.050000000000000000e+04 2.952941486000781879e-06 4.416205683810403571e-06 2.923319364356302685e-08 1.327694221231467964e-08 1.335502815891231876e-06 8.082950309074021789e-09 2.442855020490242168e-06 1.220429055592830991e-07 7.729984652371513221e-09 1.051948765962151811e-05
3.100000000000000000e+04 1.999533424168475904e-06 2.555454329922213219e-06 2.940446997001799900e-08 2.343588434428056644e-08 1.172608676824893337e-06 1.520530190646240953e-08 3.562870006135199219e-06 9.796617916890681954e-08 2.364588880254814285e-08 6.880832188471686095e-06
3.150000000000000000e+04 8.937596476243925281e-07 8.590568540967069566e-06 3.093158174038990182e-09 2.003130106231765239e-08 8.047705705394037068e-06 8.530860462485634343e-09 4.199583599984180182e-06 1.538104932308215211e-08 1.069317789870183333e-08 1.306737540289759636e-04
3.200000000000000000e+04 6.715311542393465061e-07 6.286403731792233884e-06 1.847479280669972468e-09 1.064689847396493860e-08 3.749207508008112200e-06 1.160948848166754033e-08 4.140097644267370924e-06 7.475499330666934839e-09 8.712412125078117242e-09 4.777740687131881714e-04
3.250000000000000000e+04 8.084918590611778200e-06 9.004926141642499715e-06 2.623419561587070348e-07 6.758793347216851544e-08 4.914856617688201368e-05 8.354695069101580884e-08 1.194577907881466672e-05 3.346341941323771607e-07 2.880045890663041064e-08 2.805097665259381756e-06
3.300000000000000000e+04 8.565737516619265079e-06 1.467039983253926039e-04 1.411529297001834493e-06 4.108491964416316478e-07 1.066593395080417395e-04 1.574953358840502915e-07 1.736546546453610063e-04 8.213702926695987117e-07 3.176555765094235539e-07 6.320872489595785737e-05
3.350000000000000000e+04 4.120430276088882238e-06 5.023354333388851956e-06 1.004720004971204617e-07 4.939847286777876434e-08 2.275767838000319898e-05 1.647212855004909215e-08 6.081892024667467922e-06 1.551324828596989391e-07 2.803537313411652576e-08 6.030101758369710296e-06
3.400000000000000000e+04 3.099135255979490466e-06 1.094803246814990416e-05 7.577447291851058253e-08 1.689269453208908089e-07 7.448463293258100748e-06 2.171999824440717930e-08 1.601737858436536044e-05 1.084333192125086498e-07 2.533517040603783244e-08 3.940517490264028311e-05
3.450000000000000000e+04 2.175219378841575235e-06 3.551324425643542781e-06 9.564428182784467936e-08 5.563589056123419141e-08 3.536636540957260877e-06 3.057790820548689226e-08 1.382871050736866891e-05 1.242377862809007638e-07 1.416515171825949437e-08 5.568380584008991718e-05
3.500000000000000000e+04 1.754105483087187167e-06 2.381023023190209642e-06 4.660948604851000709e-08 5.305436090452531062e-08 3.851321253023343161e-07 2.646875429945794167e-08 1.972280551854055375e-05 8.472488133293154533e-08 5.759891674728123689e-09 2.885806025005877018e-04
3.550000000000000000e+04 1.520139790045504924e-06 1.672761754889506847e-06 7.320033290625360678e-08 1.985757691613798670e-08 5.261539399725734256e-07 1.149186168447613454e-08 4.858622105530230328e-06 1.112232013156244648e-07 5.937169333947167615e-08 1.554315531393513083e-04
3.600000000000000000e+04 1.421927890987717547e-06 1.730038638925179839e-05 9.986820259655360132e-07 3.936232673140693805e-09 5.586830411630216986e-06 8.977287357936347689e-09 1.682365837041288614e-05 6.269623753496489371e-08 5.060900321041117422e-08 1.674801460467278957e-04
3.650000000000000000e+04 1.647957901695917826e-06 1.897926381388970185e-06 3.071606613502808614e-08 1.251367720556118002e-08 3.798902810103754746e-07 3.061822795302759914e-08 2.401003939667134546e-06 6.268756891358862049e-08 1.845732633398711187e-08 8.998170378617942333e-04
3.700000000000000000e+04 1.047283603838877752e-06 7.880590260356257204e-07 1.378659231221490700e-08 3.746309484853327376e-09 1.971509817622063565e-07 1.471154842391797501e-08 7.225545459732529707e-07 2.268246390713102301e-08 6.621375114868044420e-10 9.188597905449569225e-04
3.750000000000000000e+04 8.651912139612250030e-06 4.615833404386648908e-06 3.623765110205567908e-08 5.293427207675449608e-08 6.967344961594790220e-05 2.856830683128919190e-08 9.696149390947539359e-06 8.029249443097796757e-08 1.913591631819144823e-07 8.697303428562008776e-07
3.800000000000000000e+04 5.402960596256889403e-06 3.568688043742440641e-06 4.961966126870720473e-08 3.780148460919008357e-08 5.783651795354671776e-05 3.370385570633516181e-08 4.141857516515301540e-06 5.636351474436196440e-08 7.689202163874142570e-08 1.546736143609450664e-06
3.850000000000000000e+04 2.160892336178221740e-06 4.549332061287714168e-06 6.956694420523490408e-08 7.968866100327431923e-08 1.645549855311401188e-05 1.406678507009928580e-08 3.250166628276929259e-06 4.080123616745368054e-08 5.359374455338183907e-08 1.040384904626989737e-05
3.900000000000000000e+04 4.368353074823971838e-06 4.169251405983231962e-05 1.154169382289182977e-07 1.032436003356451693e-08 1.889801569632254541e-05 9.404043765925962362e-09 3.061586176045238972e-05 4.338375347856526787e-08 4.507360706895724434e-09 9.715312626212835312e-05
3.950000000000000000e+04 1.473872771384776570e-06 1.262215619135531597e-06 1.515641301352843584e-08 1.888026091023675690e-08 1.417922135260596406e-06 6.739107050179882208e-09 2.103867700498085469e-06 1.784339787036515190e-08 1.161694029860882438e-08 6.779777322662994266e-05
4.000000000000000000e+04 1.020702143250673544e-06 1.756290544108196627e-06 1.510299618701083091e-08 2.397380427510142908e-08 1.512131007075367961e-06 9.810707801705120801e-09 3.037016313101048581e-06 2.391470665941142215e-08 1.652747982916480396e-08 7.820264727342873812e-05
4.050000000000000000e+04 1.878011630651599262e-06 1.593480192241258919e-06 6.527891116547834827e-09 2.393020892554886814e-08 5.887431143491994590e-06 1.009836392285023976e-08 5.237425284576602280e-06 1.492965573390847567e-08 2.597597692499675759e-08 8.754142327234148979e-04
4.100000000000000000e+04 2.267771833430742845e-06 4.465986421564593911e-05 3.551700729076401331e-07 1.609036957006537705e-07 2.235799001937266439e-05 6.825546794431147646e-09 2.386279265920165926e-05 2.694128653502048110e-08 2.899923678967297747e-08 9.685502736829221249e-04
4.150000000000000000e+04 1.276055400012410246e-06 7.836274562578182667e-06 2.258597575632848020e-08 3.793903502469220257e-08 4.960673322784714401e-06 3.688160221670955252e-09 6.653113359789131209e-06 1.678261618565102253e-08 2.946149102456274704e-08 1.152184442616999149e-03
4.200000000000000000e+04 3.094441353823640384e-06 4.365042514109518379e-06 1.045777935360092670e-07 3.031022970390040427e-07 1.671680394110808265e-07 3.278563553976709954e-08 9.482339919486548752e-06 2.273342829539615195e-07 1.714546868925026502e-07 1.445345114916563034e-03
4.250000000000000000e+04 5.158204203326022252e-06 5.643417352985125035e-06 1.122804818010081362e-07 1.634549029461140890e-08 1.667388278292492032e-05 5.221266263788493234e-08 4.030491254525259137e-06 7.037724003566836473e-08 7.995511168701341376e-07 7.462459325324743986e-05
4.300000000000000000e+04 2.982488013003603555e-06 3.428125410209759139e-06 9.398008415928416071e-08 4.369339379195480433e-08 8.976698154583573341e-06 4.126593822206814366e-08 3.488028596621006727e-06 3.936814323424187023e-07 1.301816723753290717e-06 1.647966564632952213e-04
4.350000000000000000e+04 5.803073690913151950e-06 1.723997775116004050e-05 9.969276106858160347e-07 4.170493284050280636e-08 1.547765714349225163e-05 1.357129608692275724e-08 1.538918149890378118e-05 9.083763075068418402e-08 3.102486445527574688e-08 3.859667049255222082e-05
4.400000000000000000e+04 3.166569740642444231e-06 3.322744078104733489e-06 4.469643499760422856e-08 6.554806475378427422e-09 1.127495579567039385e-05 6.622979054071720384e-09 1.932126679093926214e-06 2.443299429444323323e-08 1.140436967084212938e-09 3.729352465597912669e-05
4.450000000000000000e+04 2.810442992995376699e-06 1.349900799141323660e-06 1.997353216154351685e-08 8.581679367125616409e-09 8.065233600973442663e-07 4.165015443646780113e-09 2.197280082327779382e-06 4.795385422085018945e-09 2.533132148485606194e-09 6.530210612254450098e-06
4.500000000000000000e+04 1.822590661504364107e-06 9.192416428049909882e-07 2.824521239119803795e-08 7.337210394808835190e-09 6.088607165111170616e-07 1.614052003162669280e-09 1.305090449932322372e-06 2.172603785766114015e-08 1.132912652579420865e-09 8.809178325464017689e-06
4.550000000000000000e+04 8.406437700614333153e-06 6.521749583043856546e-06 3.520416100855072727e-07 1.347771139137421414e-08 6.469867457781219855e-06 5.339123365644127261e-09 1.896325011330191046e-05 4.371385387003101641e-07 1.013963935037054398e-08 4.209803300909698009e-04
4.600000000000000000e+04 4.720561719295801595e-06 3.778703330681310035e-06 1.793663528815159225e-07 1.323107046147242727e-08 3.917052708857227117e-06 3.954219174318041041e-09 1.337114463240141049e-05 1.700898906165093649e-07 3.185787633697145793e-09 5.372408777475357056e-04
4.650000000000000000e+04 4.833536877413280308e-06 3.738602754310704768e-05 1.779918221700427239e-07 2.811226451626680500e-08 2.230122663604561239e-05 1.926966675114272221e-08 4.997516589355655015e-05 3.871022613566310611e-08 3.249804336746819899e-08 2.347760600969195366e-04
4.700000000000000000e+04 2.609740931802662089e-06 1.338007336926239077e-06 4.832337907600958715e-08 7.296432347203563040e-09 3.535936627940827748e-07 3.334853726499886761e-09 8.075456207734532654e-06 4.548015297700658266e-08 9.380023868743592175e-08 2.827452844940125942e-04
