# step, loss_train, loss_test, metrics_test
0.000000000000000000e+00 7.721776142716407776e-03 6.217653304338455200e-02 8.175750821828842163e-02 2.149315923452377319e-02 1.816415786743164062e-01 7.592856884002685547e-03 6.471140682697296143e-02 6.284435838460922241e-02 1.924095489084720612e-02 1.790183782577514648e-01
5.000000000000000000e+02 8.023417467484250665e-05 5.116563796997070312e+01 9.339272975921630859e-02 8.295737643493339419e-05 4.857862091064453125e+01 4.212821295368485153e-05 5.124336242675781250e+01 3.465743362903594971e-01 5.244995554676279426e-05 4.860538482666015625e+01
1.000000000000000000e+03 8.024614362511783838e-05 5.116163253784179688e+01 9.340067952871322632e-02 8.297993917949497700e-05 4.857474899291992188e+01 4.212869316688738763e-05 5.123933410644531250e+01 3.466167151927947998e-01 5.245580541668459773e-05 4.860150527954101562e+01
1.500000000000000000e+03 8.949598122853785753e-05 5.144679260253906250e+01 7.599329203367233276e-02 8.198811701731756330e-05 4.856741714477539062e+01 4.213101419736631215e-05 5.123292160034179688e+01 3.466893434524536133e-01 5.247005901765078306e-05 4.859535598754882812e+01
2.000000000000000000e+03 8.952266944106668234e-05 5.143764495849609375e+01 7.600344717502593994e-02 8.204960613511502743e-05 4.855857467651367188e+01 4.213203283143229783e-05 5.122373962402343750e+01 3.467751145362854004e-01 5.249442256172187626e-05 4.858651351928710938e+01
2.500000000000000000e+03 8.308830001624301076e-05 5.153187561035156250e+01 1.083670705556869507e-01 8.250430255429819226e-05 4.854493713378906250e+01 4.213276770315133035e-05 5.121096038818359375e+01 3.468739986419677734e-01 5.253741255728527904e-05 4.857419967651367188e+01
3.000000000000000000e+03 8.312066347571089864e-05 5.151431655883789062e+01 1.083893775939941406e-01 8.263055497081950307e-05 4.852798461914062500e+01 4.213453576085157692e-05 5.119337844848632812e+01 3.469971120357513428e-01 5.260305260890163481e-05 4.855723571777343750e+01
3.500000000000000000e+03 9.082632459467276931e-05 5.119728088378906250e+01 6.191852688789367676e-02 8.343936497112736106e-05 4.850558471679687500e+01 4.214001455693505704e-05 5.117010116577148438e+01 3.471745252609252930e-01 5.269243047223426402e-05 4.853479385375976562e+01
4.000000000000000000e+03 9.090742969419807196e-05 5.116684722900390625e+01 6.192988902330398560e-02 8.366153633687645197e-05 4.847613143920898438e+01 4.214802174828946590e-05 5.113955307006835938e+01 3.474220633506774902e-01 5.280441109789535403e-05 4.850532913208007812e+01
4.500000000000000000e+03 7.850588735891506076e-05 5.066058349609375000e+01 6.341666728258132935e-02 8.290516416309401393e-05 4.844011306762695312e+01 4.216013257973827422e-05 5.109973144531250000e+01 3.477592170238494873e-01 5.294463335303589702e-05 4.846694564819335938e+01
5.000000000000000000e+03 7.861398626118898392e-05 5.060902404785156250e+01 6.344090402126312256e-02 8.327715477207675576e-05 4.838999938964843750e+01 4.217579771648161113e-05 5.104774856567382812e+01 3.481797575950622559e-01 5.313557630870491266e-05 4.841681671142578125e+01
5.500000000000000000e+03 8.968039037426933646e-05 5.062420654296875000e+01 6.634762138128280640e-02 9.158194006886333227e-05 4.832246017456054688e+01 4.219708353048190475e-05 5.098013687133789062e+01 3.487153649330139160e-01 5.338633127394132316e-05 4.835161590576171875e+01
6.000000000000000000e+03 8.992168295662850142e-05 5.053685760498046875e+01 6.638933718204498291e-02 9.230278374161571264e-05 4.823759841918945312e+01 4.222826464683748782e-05 5.089210510253906250e+01 3.494072854518890381e-01 5.371178122004494071e-05 4.826673889160156250e+01
6.500000000000000000e+03 8.409733709413558245e-05 5.054908752441406250e+01 6.836632639169692993e-02 9.361684351461008191e-05 4.812800216674804688e+01 4.227463796269148588e-05 5.077787780761718750e+01 3.503282368183135986e-01 5.409956429502926767e-05 4.815666198730468750e+01
7.000000000000000000e+03 8.449470624327659607e-05 5.040213394165039062e+01 6.844673305749893188e-02 9.479725122218951583e-05 4.798548507690429688e+01 4.234534208080731332e-05 5.062987899780273438e+01 3.515527844429016113e-01 5.457892621052451432e-05 4.801410293579101562e+01
7.500000000000000000e+03 8.415494812652468681e-05 5.057034301757812500e+01 7.476047426462173462e-02 8.962349966168403625e-05 4.779998397827148438e+01 4.244283627485856414e-05 5.043740844726562500e+01 3.530384600162506104e-01 5.521066486835479736e-05 4.782867813110351562e+01
8.000000000000000000e+03 8.486080332659184933e-05 5.032061004638671875e+01 7.493165135383605957e-02 9.144543582806363702e-05 4.755852127075195312e+01 4.259857814759016037e-05 5.018662261962890625e+01 3.549383282661437988e-01 5.597577182925306261e-05 4.758715820312500000e+01
8.500000000000000000e+03 8.100787817966192961e-05 4.954217147827148438e+01 6.619594246149063110e-02 9.682273957878351212e-05 4.724710845947265625e+01 4.287969932192936540e-05 4.986106491088867188e+01 3.575474619865417480e-01 5.687299199053086340e-05 4.727382278442382812e+01
9.000000000000000000e+03 8.260986214736476541e-05 4.912155532836914062e+01 6.650540977716445923e-02 9.972129919333383441e-05 4.683868789672851562e+01 4.340177110861986876e-05 4.943627548217773438e+01 3.611429631710052490e-01 5.783343294751830399e-05 4.686530685424804688e+01
9.500000000000000000e+03 9.586506348568946123e-05 4.862237930297851562e+01 5.361438170075416565e-02 9.551920811645686626e-05 4.630365371704101562e+01 4.454054578673094511e-05 4.887869262695312500e+01 3.667694032192230225e-01 5.858122676727361977e-05 4.633001327514648438e+01
1.000000000000000000e+04 1.011385393212549388e-04 4.789490890502929688e+01 5.423989146947860718e-02 9.904634498525410891e-05 4.559895324707031250e+01 4.686750617111101747e-05 4.814359664916992188e+01 3.745163083076477051e-01 5.894819332752376795e-05 4.562512588500976562e+01
