# step, loss_train, loss_test, metrics_test
0.000000000000000000e+00 7.560981810092926025e-02 1.899614334106445312e-01 3.151389956474304199e-01 3.901101276278495789e-02 5.795557796955108643e-02 8.047664910554885864e-02 1.340786814689636230e-01 1.041101813316345215e-01 9.084826707839965820e-02 6.003451719880104065e-02
5.000000000000000000e+02 1.606197445653378963e-03 6.317982077598571777e-02 1.128188800066709518e-03 7.254689116962254047e-04 3.849146189168095589e-03 1.687842071987688541e-03 7.090465724468231201e-02 1.058371039107441902e-03 1.657607033848762512e-03 4.598960280418395996e-03
1.000000000000000000e+03 1.300555188208818436e-03 6.027285009622573853e-02 3.435069811530411243e-04 1.631219784030690789e-04 4.181438591331243515e-03 1.342805684544146061e-03 6.878472119569778442e-02 2.398337528575211763e-04 3.048448124900460243e-04 4.897865001112222672e-03
1.500000000000000000e+03 7.953733438625931740e-04 6.961078941822052002e-02 2.278652682434767485e-04 1.423351495759561658e-04 6.058059632778167725e-03 8.095370139926671982e-04 6.672473251819610596e-02 9.080078598344698548e-05 4.122995233046822250e-05 6.619091611355543137e-03
2.000000000000000000e+03 6.132245762273669243e-04 6.875323504209518433e-02 1.899832714116200805e-04 2.114006638294085860e-04 6.311298813670873642e-03 6.095528951846063137e-04 6.612205505371093750e-02 5.984595554764382541e-05 3.649853897513821721e-05 6.854613311588764191e-03
2.500000000000000000e+03 6.236868794076144695e-04 8.139035850763320923e-02 2.130103093804791570e-04 2.856668143067508936e-04 6.554360967129468918e-03 6.157841999083757401e-04 6.521546840667724609e-02 6.341179687296971679e-05 4.964369873050600290e-05 6.953192874789237976e-03
3.000000000000000000e+03 5.692160339094698429e-04 8.105691522359848022e-02 2.255940926261246204e-04 3.037203568965196609e-04 6.307144649326801300e-03 5.428684526123106480e-04 6.482385098934173584e-02 5.906930164201185107e-05 7.128878496587276459e-05 6.713672541081905365e-03
3.500000000000000000e+03 1.346615725196897984e-03 6.559313088655471802e-02 1.461517094867303967e-04 2.789564023260027170e-04 4.058458376675844193e-03 1.312185311689972878e-03 6.415609270334243774e-02 1.591068867128342390e-04 1.668249751674011350e-04 4.652032628655433655e-03
4.000000000000000000e+03 1.693611382506787777e-03 6.448464840650558472e-02 1.403873902745544910e-04 2.656799624674022198e-04 3.433592151850461960e-03 1.578081282787024975e-03 6.340961158275604248e-02 1.938093191711232066e-04 2.849519078154116869e-04 4.046446643769741058e-03
4.500000000000000000e+03 3.648045239970088005e-04 5.342946946620941162e-02 9.834582306211814284e-05 1.888197439257055521e-04 2.850593999028205872e-03 3.168327093590050936e-04 6.622004508972167969e-02 6.261346425162628293e-05 8.160845754900947213e-05 3.498207079246640205e-03
5.000000000000000000e+03 2.559334679972380400e-04 5.318002775311470032e-02 8.209847146645188332e-05 1.769655355019494891e-04 2.717805327847599983e-03 2.235672436654567719e-04 6.641086935997009277e-02 4.583307963912375271e-05 6.916506390552967787e-05 3.344017313793301582e-03
5.500000000000000000e+03 2.891652402468025684e-04 5.776101350784301758e-02 9.936195419868454337e-05 1.453436561860144138e-04 2.411452587693929672e-03 2.529519842937588692e-04 6.540296971797943115e-02 3.968343662563711405e-05 6.871153891552239656e-05 2.958616241812705994e-03
6.000000000000000000e+03 2.045042783720418811e-04 5.667152628302574158e-02 1.516311604063957930e-04 2.227971417596563697e-04 1.946907141245901585e-03 1.818965683924034238e-04 6.434642523527145386e-02 2.456121364957652986e-05 1.116522980737499893e-04 2.461712574586272240e-03
6.500000000000000000e+03 2.186058409279212356e-04 4.428797215223312378e-02 8.474522037431597710e-04 1.038401387631893158e-03 3.366301534697413445e-03 2.083585277432575822e-04 4.821132495999336243e-02 7.961719529703259468e-04 1.402636291459202766e-03 3.691041143611073494e-03
7.000000000000000000e+03 4.350091039668768644e-04 2.115716226398944855e-02 7.778487633913755417e-04 1.825570594519376755e-03 3.284149570390582085e-03 4.111754242330789566e-04 2.198607660830020905e-02 5.698152235709130764e-04 4.684545565396547318e-03 3.325943369418382645e-03
7.500000000000000000e+03 3.353921347297728062e-04 7.204699213616549969e-04 8.977504330687224865e-05 2.991079527419060469e-04 2.628692891448736191e-03 2.079487167065963149e-04 5.959459231235086918e-04 1.312417443841695786e-04 3.088849480263888836e-04 2.436359878629446030e-03
8.000000000000000000e+03 1.807248627301305532e-04 4.378231533337384462e-04 4.701399666373617947e-05 1.663657167227938771e-04 1.556791714392602444e-03 4.642160638468340039e-05 5.622803582809865475e-04 4.363960761111229658e-05 1.693014346528798342e-04 1.356157823465764523e-03
8.500000000000000000e+03 1.140823223977349699e-04 3.410199424251914024e-04 4.418081516632810235e-05 1.000783158815465868e-04 1.158098224550485611e-03 2.034053977695293725e-05 4.447883402463048697e-04 3.681263115140609443e-05 6.206626130733639002e-05 9.224686073139309883e-04
9.000000000000000000e+03 7.085108518367633224e-05 2.837707579601556063e-04 2.859989763237535954e-05 8.071084448602050543e-05 8.857712382450699806e-04 1.094339950213907287e-05 4.062259395141154528e-04 2.494930413377005607e-05 5.521394996321760118e-05 6.156893214210867882e-04
9.500000000000000000e+03 5.913991481065750122e-05 2.604557957965880632e-04 1.461036026739748195e-05 4.105690095457248390e-05 6.364475702866911888e-04 8.547167453798465431e-06 4.002412024419754744e-04 1.851956949394661933e-05 3.226344779250212014e-05 3.451480588410049677e-04
1.000000000000000000e+04 4.276844993000850081e-05 2.203093317802995443e-04 1.272780355066061020e-05 2.469795072101987898e-05 5.001529934816062450e-04 4.776302830578060821e-06 2.986764302477240562e-04 1.831481858971528709e-05 1.610065191925968975e-05 2.206934295827522874e-04
1.050000000000000000e+04 1.703144880593754351e-05 1.970220910152420402e-04 1.270236407435731962e-05 2.769931779766920954e-05 5.884008132852613926e-04 1.370252562082896475e-06 2.378965000389143825e-04 1.040140978147974238e-05 9.707561730465386063e-06 1.175085199065506458e-04
1.100000000000000000e+04 9.552641131449490786e-06 1.587107690284028649e-04 1.089064971893094480e-05 1.026494828693103045e-05 4.912116564810276031e-04 4.526940244886645814e-07 1.975523191504180431e-04 5.884580332349287346e-06 1.165752109955064952e-05 5.840356607222929597e-05
1.150000000000000000e+04 8.192198947654105723e-06 1.147926159319467843e-04 8.175745279004331678e-06 6.114095867815194651e-06 1.778551086317747831e-04 2.937977114925161004e-07 1.185686851385980844e-04 1.029333361657336354e-05 1.931307815539184958e-05 3.616934554884210229e-05
1.200000000000000000e+04 6.367761670844629407e-06 7.641546835657209158e-05 6.168426807562354952e-06 3.754578528969432227e-06 1.499908976256847382e-04 1.726785541222852771e-07 8.245923527283594012e-05 1.052635252563050017e-05 1.424740366928745061e-05 2.229786696261726320e-05
1.250000000000000000e+04 2.032936572504695505e-05 5.972502185613848269e-05 8.279137546196579933e-06 5.245881311566336080e-06 2.531647332943975925e-04 1.512709104645182379e-07 6.438512355089187622e-05 4.461048320081317797e-06 4.334985078457975760e-06 1.756446545186918229e-05
1.300000000000000000e+04 2.283492358401417732e-05 3.902991375070996583e-05 5.164143203728599474e-06 3.648984147730516270e-06 2.154178509954363108e-04 1.590838394349702867e-07 5.009546293877065182e-05 3.749365987459896132e-06 2.644160986164934002e-06 1.810584217309951782e-05
1.350000000000000000e+04 1.431469536328222603e-05 4.153643749305047095e-05 3.494003067316953093e-06 1.141050574915425386e-06 1.030174680636264384e-04 1.681266894593136385e-07 8.276275912066921592e-05 6.419861165340989828e-06 2.936981445600395091e-06 9.574398973200004548e-06
1.400000000000000000e+04 1.514238556410418823e-05 2.756071262410841882e-05 2.689694383661844768e-06 8.720819550944725052e-07 9.438815322937443852e-05 1.236244742131020757e-07 5.037214214098639786e-05 5.860483270225813612e-06 2.610903038657852449e-06 7.393008218059549108e-06
1.450000000000000000e+04 2.033415512414649129e-05 4.022908979095518589e-05 1.855756977420242038e-06 2.199082246079342440e-06 2.670184476301074028e-04 1.246034031510134810e-07 6.171028508106246591e-05 1.377933358526206575e-06 2.228612174803856760e-06 1.107389016397064552e-05
1.500000000000000000e+04 2.749728810158558190e-05 3.475435369182378054e-05 1.081775394595752005e-06 1.671274048931081779e-06 2.466279256623238325e-04 1.089255050601423136e-07 6.923775799805298448e-05 1.322481580245948862e-06 2.309296633029589429e-06 1.099356813938356936e-05
1.550000000000000000e+04 2.380927253398112953e-05 2.780625072773545980e-05 2.688920176296960562e-06 1.442933807993540540e-06 1.175801226054318249e-04 5.460152507907878316e-08 7.651475607417523861e-05 1.328995267613208853e-06 9.600638577467179857e-07 7.123935120034730062e-06
1.600000000000000000e+04 2.188230246247258037e-05 2.655175376276019961e-05 1.576359863975085318e-06 1.201729673994123004e-06 1.158527229563333094e-04 6.421533527145584230e-08 7.401048787869513035e-05 1.399340817442862317e-06 8.613728255113528576e-07 6.175653197715291753e-06
1.650000000000000000e+04 3.183550143148750067e-05 3.562309939297847450e-05 9.430348200112348422e-07 3.187634320056531578e-06 1.899710332509130239e-04 6.705911914650641847e-08 4.358506703283637762e-05 9.072737725546176080e-07 9.372731142320844810e-07 5.640767994918860495e-06
1.700000000000000000e+04 3.632995139923878014e-05 3.563291102182120085e-05 7.580916872029774822e-07 2.356796358071733266e-06 1.778192672645673156e-04 7.745951080551094492e-08 4.621603875420987606e-05 8.248628660112444777e-07 6.538121510857308749e-07 4.994247774448012933e-06
1.750000000000000000e+04 3.004256905114743859e-05 2.763558222795836627e-05 9.922591743816155940e-07 5.686067652277415618e-07 1.585069112479686737e-04 9.141974288695564610e-08 9.217575279762968421e-05 1.928291339936549775e-06 1.530082499812124297e-06 3.520783138810656965e-06
1.800000000000000000e+04 2.938314173661638051e-05 2.679471253941301256e-05 9.537317282592994161e-07 5.614413112198235467e-07 1.554788614157587290e-04 1.182556630396902619e-07 1.026435129460878670e-04 2.259501343360170722e-06 1.800076233848812990e-06 3.080946498812409118e-06
1.850000000000000000e+04 4.306831760914064944e-05 4.035281017422676086e-05 1.201731265609851107e-06 2.660843620105879381e-06 2.765563840512186289e-04 2.333926261144370073e-07 9.082993346964940429e-05 3.540208354024798609e-06 7.067691285556065850e-07 6.126184871391160414e-06
1.900000000000000000e+04 4.143754631513729692e-05 4.154735142947174609e-05 8.621877896075602621e-07 2.326230060134548694e-06 2.719859185162931681e-04 3.028773960522812558e-07 9.334228525403887033e-05 4.927846475766273215e-06 6.412003585865022615e-07 6.214691893546842039e-06
1.950000000000000000e+04 2.835874511220026761e-05 2.613740434753708541e-05 6.809818842157255858e-07 5.389982788983616047e-07 5.957975372439250350e-05 3.130357981717679650e-07 8.912310295272618532e-05 2.365153932260000147e-06 1.012931079458212480e-06 2.867652256099972874e-06
2.000000000000000000e+04 2.491696250217501074e-05 2.374810901528690010e-05 5.740266146858630236e-07 5.350943297344201710e-07 6.197985203471034765e-05 2.618660630560043501e-07 9.018534183269366622e-05 2.000946324187680148e-06 1.150247953773941845e-06 3.005560074598179199e-06
2.050000000000000000e+04 3.389687481103464961e-05 2.233792292827274650e-05 4.599533838245406514e-07 2.619973713535728166e-07 1.275667309528216720e-04 2.178684042064560344e-07 1.095664993044920266e-04 1.586660459906852338e-06 5.741432573813654017e-07 4.482547865336528048e-06
2.100000000000000000e+04 3.489775917842052877e-05 2.255374420201405883e-05 3.772276784275163664e-07 2.564023304785223445e-07 1.219534315168857574e-04 2.359501820592413424e-07 1.316979760304093361e-04 1.339912728326453362e-06 5.286231612444680650e-07 4.067498593940399587e-06
2.150000000000000000e+04 2.428613697702530771e-05 2.382294769631698728e-05 5.497250867847469635e-07 3.546903997175832046e-07 2.065031876554712653e-04 2.564514431924180826e-07 9.234739263774827123e-05 1.270798975383513607e-06 1.305702198806102388e-06 3.517059440127923153e-06
2.200000000000000000e+04 2.545415372878778726e-05 2.327053334738593549e-05 4.418224364144407446e-07 3.562404913282080088e-07 2.025274152401834726e-04 2.791253734812926268e-07 8.624865586170926690e-05 1.250746890946174972e-06 1.280453830077021848e-06 3.376677341293543577e-06
2.250000000000000000e+04 2.166337799280881882e-05 2.493305146344937384e-05 7.818127869541058317e-07 6.343173026834847406e-07 1.007174578262493014e-04 3.631979268448048970e-07 6.447640771511942148e-05 1.179904188575164881e-06 7.420608767461089883e-07 4.415473085828125477e-06
2.300000000000000000e+04 1.928758319991175085e-05 2.482370473444461823e-05 6.950280067030689679e-07 5.741464974562404677e-07 1.011243148241192102e-04 3.623876807523629395e-07 5.716154191759414971e-05 1.141981442742689978e-06 6.604628310924454127e-07 4.906807134830160066e-06
2.350000000000000000e+04 2.816649248416069895e-05 1.784881715138908476e-05 3.761182938433194067e-07 6.357932988976244815e-07 9.014245733851566911e-05 2.715754874316189671e-07 6.149656837806105614e-05 7.556369041594734881e-07 7.148180998228781391e-07 4.031730441056424752e-06
2.400000000000000000e+04 3.145239679724909365e-05 1.813260132621508092e-05 3.164495012697443599e-07 3.956726004616939463e-07 8.364002133021131158e-05 2.770689775388746057e-07 6.068576476536691189e-05 8.997564009405323304e-07 5.301153009895642754e-07 4.405898835102561861e-06
2.450000000000000000e+04 2.532867256377357990e-05 2.440325079078320414e-05 1.097318545362213627e-06 9.527648785478959326e-07 8.809342398308217525e-05 3.639667056631878950e-07 9.701499948278069496e-05 1.644390067667700350e-06 4.295339408599829767e-07 3.275691142334835604e-06
2.500000000000000000e+04 2.402030804660171270e-05 2.398881952103693038e-05 7.674238986510317773e-07 7.088297593327297363e-07 8.623959001852199435e-05 3.387729918813420227e-07 1.060863869497552514e-04 1.343299572909018025e-06 4.155290866947325412e-07 3.043492824872373603e-06
2.550000000000000000e+04 3.290646418463438749e-05 2.202734322054311633e-05 3.978324514264386380e-07 4.237812447627220536e-07 8.315317973028868437e-05 3.836606765617034398e-07 1.403258793288841844e-04 1.540204607408668380e-06 5.017311082156084012e-07 3.661276195998652838e-06
2.600000000000000000e+04 3.187522452208213508e-05 2.029188726737629622e-05 3.378163171419146238e-07 3.945763467072538333e-07 8.344699745066463947e-05 4.000605144938162994e-07 1.380256580887362361e-04 1.501176825513539370e-06 4.204628964998846641e-07 3.707052655954612419e-06
2.650000000000000000e+04 2.553605190769303590e-05 2.438625233480706811e-05 3.225061107059445931e-07 7.949463451950578019e-07 1.381473994115367532e-04 2.907347891323297517e-07 5.791127841803245246e-05 1.286132487621216569e-06 2.812062973589490866e-07 5.065622190159047022e-06
2.700000000000000000e+04 2.709236105147283524e-05 2.592479904706124216e-05 2.768556157661805628e-07 6.007430215504427906e-07 1.319263392360880971e-04 2.796562910134525737e-07 5.223568223300389946e-05 1.172299789686803706e-06 1.872152779469615780e-07 5.342189524526474997e-06
2.750000000000000000e+04 2.614916411403100938e-05 2.320569001312833279e-05 3.023662884515943006e-07 1.093075212565963739e-07 7.564698171336203814e-05 2.187655780971908825e-07 6.998179014772176743e-05 4.469984276056493400e-07 5.385492158893612213e-07 2.923733518400695175e-06
2.800000000000000000e+04 2.455286812619306147e-05 2.258364474982954562e-05 2.588067218312062323e-07 1.073590212286035239e-07 7.587344589410349727e-05 1.903241582112968899e-07 6.679200305370613933e-05 4.528814656623580959e-07 5.838256811330211349e-07 3.188802111253608018e-06
2.850000000000000000e+04 2.917060555773787200e-05 2.243003655166830868e-05 3.116637117273057811e-07 3.904122820586053422e-07 1.910831633722409606e-04 2.486969492565549444e-07 7.091888255672529340e-05 6.848243856438784860e-07 2.743370259850053117e-07 3.940352144127245992e-06
2.900000000000000000e+04 2.804435825964901596e-05 2.201257302658632398e-05 2.970924981582356850e-07 3.515326909564464586e-07 1.903062220662832260e-04 2.361701518793779542e-07 6.145064980955794454e-05 7.356043170148041099e-07 2.605318059067940339e-07 4.011691999039612710e-06
2.950000000000000000e+04 1.602897464181296527e-05 2.258949643874075264e-05 2.677924726413039025e-07 4.287385593215731205e-07 6.826468597864732146e-05 2.260971712075843243e-07 7.262524741236120462e-05 8.797744044386490714e-07 2.944264281268260675e-07 2.690439259822596796e-06
3.000000000000000000e+04 1.592820808582473546e-05 2.270067125209607184e-05 2.456298489050823264e-07 3.607074461342563154e-07 6.663772364845499396e-05 2.224727353450361989e-07 7.123710383893921971e-05 1.113394205276563298e-06 2.209577587564126588e-07 2.719626309044542722e-06
3.050000000000000000e+04 2.235019928775727749e-05 2.082428181893192232e-05 3.691914969294884941e-07 6.482915182459692005e-07 1.281091972487047315e-04 1.942992327030879096e-07 6.863028829684481025e-05 7.680238809371076059e-07 2.585948664091120008e-07 3.254127250329474919e-06
3.100000000000000000e+04 2.060812585114035755e-05 2.004926864174194634e-05 3.557530590114765801e-07 5.423742095445049927e-07 1.285601028939709067e-04 1.663355249093001476e-07 6.406422471627593040e-05 7.770238994453393389e-07 3.734918152531463420e-07 3.329471837787423283e-06
3.150000000000000000e+04 1.678334047028329223e-05 1.240158417203929275e-05 1.698768272717643413e-07 3.695464272368553793e-07 9.234996832674369216e-05 1.830975975281035062e-07 4.818596062250435352e-05 1.675353701102721971e-06 4.621745972599455854e-07 3.461947699179290794e-06
3.200000000000000000e+04 1.621268529561348259e-05 1.170960331364767626e-05 1.877844368891601334e-07 3.049359520446159877e-07 9.265275002690032125e-05 1.509492619788943557e-07 4.599437306751497090e-05 1.656386871218273882e-06 4.307161702854500618e-07 3.366072405697195791e-06
3.250000000000000000e+04 1.617215639271307737e-05 1.784404776117298752e-05 3.422340171255200403e-07 1.015900892298304825e-07 6.117972225183621049e-05 1.251051173767336877e-07 4.747255297843366861e-05 6.456453434111608658e-07 2.265303749027225422e-07 1.823369416342757177e-06
3.300000000000000000e+04 1.565966704220045358e-05 1.739969775371719152e-05 2.537622663112415466e-07 9.502027609187280177e-08 6.078455771785229445e-05 1.150199366861670569e-07 4.830904072150588036e-05 5.939332936577557120e-07 2.157566854066317319e-07 1.718683165563561488e-06
3.350000000000000000e+04 2.421095268800854683e-05 2.212257641076575965e-05 2.548626127918396378e-07 2.682075432858255226e-07 9.930469241226091981e-05 8.522174255176651059e-08 4.661420098273083568e-05 4.716352179912064457e-07 1.637729525327813462e-07 3.768834858419722877e-06
3.400000000000000000e+04 2.278751890116836876e-05 2.134969327016733587e-05 2.037626245510182343e-07 2.383706316777534084e-07 9.871133079286664724e-05 8.038250598474405706e-08 4.429147884366102517e-05 3.842505975626409054e-07 1.213397240462654736e-07 4.095256372238509357e-06
3.450000000000000000e+04 2.155823676730506122e-05 1.604516000952571630e-05 2.489445876108220546e-07 2.603675284262862988e-07 7.993749750312417746e-05 7.401721546784756356e-08 4.673312287195585668e-05 7.614279979861748870e-07 1.929920330212553381e-07 4.222971256240271032e-06
3.500000000000000000e+04 2.187070276704616845e-05 1.535228693683166057e-05 2.517979282856686041e-07 2.294653000944890664e-07 7.838109740987420082e-05 7.685768110832214006e-08 4.843582064495421946e-05 8.298073339574330021e-07 1.601310231080788071e-07 4.151191205892246217e-06
3.550000000000000000e+04 2.197224603150971234e-05 1.519006855232873932e-05 2.627179185310524190e-07 3.237970815916924039e-07 1.004508449113927782e-04 8.723328193127599661e-08 5.328166298568248749e-05 1.071379074346623383e-06 1.912451637053891318e-07 5.010296263208147138e-06
3.600000000000000000e+04 2.232725637441035360e-05 3.739235762623138726e-05 2.509685259610705543e-07 3.490500830594100989e-07 9.426988981431350112e-05 9.562914726757298922e-08 4.567213909467682242e-05 1.393099637425621040e-06 2.283560434079845436e-07 7.220227871584938839e-06
3.650000000000000000e+04 2.521238457120489329e-05 2.138202398782595992e-05 6.217836130417708773e-07 2.121405344723825692e-07 1.245937892235815525e-04 5.604273312087570957e-08 3.753224882530048490e-05 4.953781740368867759e-07 2.223808905910118483e-07 7.564541192550677806e-06
3.700000000000000000e+04 2.531560494389850646e-05 2.202421819674782455e-05 4.446914090294740163e-07 1.867550736278644763e-07 1.223939325427636504e-04 5.071520448041155760e-08 3.378736801096238196e-05 4.308924417273374274e-07 1.933146762667092844e-07 8.321088898810558021e-06
3.750000000000000000e+04 3.872133675031363964e-05 1.983118272619321942e-05 2.306553454900495126e-07 1.694920257477861014e-07 1.434540172340348363e-04 7.115058764384230017e-08 4.026372334919869900e-05 3.782199655688600615e-07 8.332398948596164701e-08 3.695593477459624410e-06
3.800000000000000000e+04 3.718284642673097551e-05 1.879643787106033415e-05 2.373627125962229911e-07 1.529718360870901961e-07 1.412520505255088210e-04 8.052558797544406843e-08 4.978069409844465554e-05 4.945229648001259193e-07 7.911689436923552421e-08 3.207458348697400652e-06
3.850000000000000000e+04 2.339652564842253923e-05 1.638365210965275764e-05 7.345831249949696939e-07 8.852614286070092930e-08 1.110191442421637475e-04 4.478674853203301609e-08 5.653920015902258456e-05 4.082501732227683533e-07 3.809558535294854664e-08 2.870787966458010487e-06
3.900000000000000000e+04 2.370830588915850967e-05 1.601868461875710636e-05 7.159169967962952796e-07 8.982630816944947583e-08 1.079006397048942745e-04 4.338274450788048853e-08 5.662599869538098574e-05 3.684512819290830521e-07 4.297065103742170322e-08 2.616495748952729627e-06
3.950000000000000000e+04 2.004052839765790850e-05 1.526257256045937538e-05 2.517130326395999873e-07 3.981911049777409062e-07 8.594249811721965671e-05 4.550604515429768071e-08 5.451583638205192983e-05 1.870893129307660274e-06 1.476562516700141714e-07 3.541533942552632652e-06
4.000000000000000000e+04 1.960929512279108167e-05 1.438160597899695858e-05 2.147102691196778324e-07 4.055982856243645074e-07 8.454134513158351183e-05 4.369411854554527963e-08 4.707997140940278769e-05 2.260096152895130217e-06 1.522142412113680621e-07 4.006795734312618151e-06
4.050000000000000000e+04 2.234501698694657534e-05 1.619853173906449229e-05 3.041212153220840264e-07 3.361118103839544347e-07 1.724179019220173359e-04 3.821512706281282590e-08 3.319085590192116797e-05 1.692352384452533443e-06 1.362530923643134884e-07 4.114379862585337833e-06
4.100000000000000000e+04 2.278458487126044929e-05 1.439575953554594889e-05 2.593365593384078238e-07 2.109532601934915874e-07 1.709054049570113420e-04 3.774766810238361359e-08 3.424033639021217823e-05 1.981894911295967177e-06 4.821391641485206492e-08 3.754856152227148414e-06
4.150000000000000000e+04 1.671077188802883029e-05 1.298266033700201660e-05 1.192934860227978788e-06 1.203583792630524840e-07 1.111917372327297926e-04 6.005966923794403556e-08 3.259599543525837362e-05 1.586149437571293674e-06 1.510381082425737986e-07 3.115871550107840449e-06
4.200000000000000000e+04 1.529588007542770356e-05 1.200844690174562857e-05 1.114151132242113817e-06 8.442639654049344244e-08 1.117661595344543457e-04 5.300102756677915750e-08 2.867274088202975690e-05 1.540825451229466125e-06 7.643117072575478232e-08 2.921274017353425734e-06
4.250000000000000000e+04 2.043433596554677933e-05 1.186692952614976093e-05 4.967751578988099936e-07 6.708716426828686963e-08 1.014381559798493981e-04 3.313352792133628100e-08 3.401732828933745623e-05 1.309624281020660419e-06 1.578743891172962321e-08 2.364644387853331864e-06
4.300000000000000000e+04 2.090249290631618351e-05 1.171904295915737748e-05 3.804811683494335739e-07 5.422800342103073490e-08 9.939588198903948069e-05 3.034608653251780197e-08 3.341940100654028356e-05 1.350860884485882707e-06 3.460837305624409055e-08 2.346670044062193483e-06
