# step, loss_train, loss_test, metrics_test
0.000000000000000000e+00 5.453111603856086731e-02 5.975892767310142517e-02 2.530758734792470932e-03 1.193266245536506176e-03 8.824435062706470490e-04 5.492216721177101135e-02 6.539706140756607056e-02 2.274231985211372375e-03 1.801812439225614071e-03 1.848395331762731075e-03
5.000000000000000000e+02 9.123515337705612183e-04 5.732543021440505981e-02 4.681599602918140590e-05 1.224467850988730788e-04 2.994193695485591888e-03 8.720902842469513416e-04 6.497877836227416992e-02 1.182443520519882441e-04 4.353885742602869868e-05 3.667659126222133636e-03
1.000000000000000000e+03 5.417871288955211639e-04 5.629190802574157715e-02 2.116208634106442332e-04 1.429799012839794159e-04 1.537959673441946507e-03 4.725751350633800030e-04 6.392933428287506104e-02 2.183638425776734948e-04 5.288453394314274192e-05 2.141367411240935326e-03
1.500000000000000000e+03 2.268660027766600251e-04 6.030985713005065918e-02 8.762176730670034885e-04 7.825410575605928898e-04 1.458847895264625549e-03 1.139636951847933233e-04 5.920879542827606201e-02 3.805064188782125711e-04 2.845562703441828489e-04 1.857442664913833141e-03
2.000000000000000000e+03 2.453181368764489889e-04 4.644291184376925230e-04 5.804989632451906800e-05 3.128388198092579842e-05 1.791902817785739899e-03 9.509942901786416769e-05 5.387704004533588886e-04 9.349490574095398188e-05 3.401511639822274446e-05 1.283157034777104855e-03
2.500000000000000000e+03 9.008749475469812751e-05 2.689710236154496670e-04 2.761800169537309557e-05 1.852432615123689175e-05 1.023999764584004879e-03 1.187675297842361033e-05 3.017274138983339071e-04 2.764479722827672958e-05 2.971894537040498108e-05 6.814002408646047115e-04
3.000000000000000000e+03 3.804983134614303708e-05 1.982623944059014320e-04 7.533969892392633483e-06 1.097212225431576371e-05 6.589082768186926842e-04 6.300285804172744974e-06 2.255701110698282719e-04 8.875838830135762691e-06 1.793879528122488409e-05 3.239039506297558546e-04
3.500000000000000000e+03 3.703595575643703341e-05 1.533384493086487055e-04 3.079442649323027581e-06 5.231258910498581827e-06 5.143022863194346428e-04 4.139310931350337341e-06 1.860259362729266286e-04 6.056870006432291120e-06 1.650711419642902911e-05 1.556701608933508396e-04
4.000000000000000000e+03 2.795397085719741881e-05 1.159852545242756605e-04 3.312968146929051727e-06 4.239530881022801623e-06 4.062726511619985104e-04 2.858381549231125973e-06 1.507569249952211976e-04 5.315151156537467614e-06 8.639901352580636740e-06 8.318400068674236536e-05
4.500000000000000000e+03 2.430305903544649482e-05 1.062825758708640933e-04 2.956073558380012400e-06 3.549183020368218422e-06 4.910361021757125854e-04 3.147949655613047071e-06 1.600862015038728714e-04 3.581194050639169291e-06 5.937677542533492669e-06 4.054136297781951725e-05
5.000000000000000000e+03 2.112742731696926057e-05 7.415776781272143126e-05 2.804982386805932038e-06 2.589944188002846204e-06 4.074781027156859636e-04 3.206539531674934551e-06 1.010036576190032065e-04 2.903522954511572607e-06 2.825247975124511868e-06 2.533035330998245627e-05
5.500000000000000000e+03 8.956115379987750202e-06 4.333469769335351884e-05 2.886575657612411305e-06 1.337663434242131189e-06 2.116636169375851750e-04 2.708641432036529295e-06 4.299581269151531160e-05 5.454396159620955586e-06 2.790083044601487927e-06 1.761152634571772069e-05
6.000000000000000000e+03 9.705885531730018556e-06 3.944836862501688302e-05 2.090234147544833831e-06 8.662665322844986804e-07 1.962310925591737032e-04 2.046846475423080847e-06 6.190034764586016536e-05 5.432478246802929789e-06 2.883283286791993305e-06 1.411652556271292269e-05
6.500000000000000000e+03 1.511203390691662207e-05 2.226450305897742510e-05 2.348964471821091138e-06 6.240176730898383539e-07 1.781025493983179331e-04 1.187953330372693017e-06 2.331917676201555878e-05 5.044633780926233158e-06 5.063226126367226243e-06 2.202421273977961391e-05
7.000000000000000000e+03 1.777599754859693348e-05 1.823454658733680844e-05 2.101624886563513428e-06 5.225234076533524785e-07 1.511972805019468069e-04 7.701464710407890379e-07 2.351045259274542332e-05 4.145013917877804488e-06 4.319453182688448578e-06 2.072539064101874828e-05
7.500000000000000000e+03 1.569409505464136600e-05 2.109212255163583905e-05 2.966989768538041972e-06 1.017622594190470409e-06 8.851398888509720564e-05 6.180000582389766350e-07 4.060727223986759782e-05 7.823935447959229350e-06 2.383609171374700963e-06 1.138824427471263334e-05
8.000000000000000000e+03 1.568942934682127088e-05 1.971383971977047622e-05 2.396446006969199516e-06 6.921034128026803955e-07 8.349643030669540167e-05 5.685701580659952015e-07 4.475212335819378495e-05 5.382455583458067849e-06 2.117416670444072224e-06 9.815324119699653238e-06
8.500000000000000000e+03 2.630687413329724222e-05 2.464897443132940680e-05 1.216392433889268432e-06 7.267229875651537441e-07 1.826742372941225767e-04 6.057493351363518741e-07 4.324459223425947130e-05 5.164560661796713248e-06 4.953450570610584691e-06 8.164099199348129332e-06
9.000000000000000000e+03 2.693877468118444085e-05 2.343180676689371467e-05 1.005520061880815774e-06 5.157663167665305082e-07 1.732507225824519992e-04 7.320644499486661516e-07 4.755531335831619799e-05 3.078206191275967285e-06 4.948217338096583262e-06 6.843054052296793088e-06
9.500000000000000000e+03 2.140345532097853720e-05 1.908253034343943000e-05 7.148896088438050356e-07 8.845901788845367264e-07 1.039280687109567225e-04 8.230279604504175950e-07 2.322906766494270414e-05 2.985525270560174249e-06 6.424644425351289101e-07 6.424410912586608902e-06
1.000000000000000000e+04 2.053679781965911388e-05 1.842663004936184734e-05 6.509135346277616918e-07 6.790053816985164303e-07 1.014668450807221234e-04 9.074776130546524655e-07 2.060676706605590880e-05 1.762753754519508220e-06 4.007326595001359237e-07 5.915275323786772788e-06
1.050000000000000000e+04 3.339754402986727655e-05 2.471607513143680990e-05 1.238818640558747575e-06 5.665740445692790672e-07 1.776878634700551629e-04 8.247640721492643934e-07 2.693300302780698985e-05 1.628080923410379910e-07 7.356043170148041099e-07 7.964801625348627567e-06
1.100000000000000000e+04 3.514782292768359184e-05 2.311010575795080513e-05 1.072507416211010423e-06 5.371041993385006208e-07 1.702080044196918607e-04 8.817214052214694675e-07 3.268161162850446999e-05 2.847666564775863662e-07 1.060145450537675060e-06 7.554156582045834512e-06
1.150000000000000000e+04 1.815661744331009686e-05 1.568308834976051003e-05 8.850428230289253406e-07 2.105859522316677612e-07 6.302358087850734591e-05 9.999561143558821641e-07 3.148519681417383254e-05 2.170801735701388679e-06 9.320010008195822593e-07 5.050500476500019431e-06
1.200000000000000000e+04 1.809468449209816754e-05 1.496044933446682990e-05 7.258718142111320049e-07 1.959748061608479475e-07 6.197296897880733013e-05 8.754108193897991441e-07 2.676707299542613328e-05 2.443019639031263068e-06 1.335387082690431271e-06 5.238897756498772651e-06
1.250000000000000000e+04 1.629413054615724832e-05 1.090635214495705441e-05 2.867540729312167969e-07 5.554462063628307078e-07 1.164819404948502779e-04 6.811886237301223446e-07 1.695397986622992903e-05 7.173017024797445629e-07 5.613578082375170197e-07 8.587944648752454668e-06
1.300000000000000000e+04 1.810718276828993112e-05 1.102271562558598816e-05 2.401109782113053370e-07 3.551438396698358702e-07 1.093177852453663945e-04 6.336824185382283758e-07 1.728489223751239479e-05 1.208321577905735467e-06 8.619169875601073727e-07 8.517031346855219454e-06
1.350000000000000000e+04 2.071970629913266748e-05 1.870778760348912328e-05 1.987503850386929116e-07 2.298383776633272646e-07 4.408295717439614236e-05 7.260337042680475861e-07 2.035027864621952176e-05 7.497782462451141328e-06 6.777455041628854815e-07 2.453327397233806551e-06
1.400000000000000000e+04 1.767180583556182683e-05 1.724465982988476753e-05 1.605239532409541425e-07 1.765341721693403088e-07 4.612213160726241767e-05 6.328104973363224417e-07 1.695792889222502708e-05 1.242945199919631705e-05 4.761557192978216335e-07 2.178403292418806814e-06
1.450000000000000000e+04 3.384113733773119748e-05 2.008200317504815757e-05 1.858687852518414729e-07 5.304663659444486257e-07 1.846659433795139194e-04 6.389429927367018536e-07 1.908267222461290658e-05 1.373586383124347776e-05 4.746977708691701991e-07 6.639232196903321892e-06
1.500000000000000000e+04 3.234566611354239285e-05 2.131245673808734864e-05 1.982750603701788350e-07 5.569875725086603779e-07 1.801283506210893393e-04 5.518994043995917309e-07 3.966737858718261123e-05 1.814349707274232060e-05 1.032040813697676640e-06 6.429407676478149369e-06
1.550000000000000000e+04 1.679264096310362220e-05 1.196940138470381498e-05 5.880608568986644968e-07 5.511728318197128829e-07 8.406817505601793528e-05 3.560237189503823174e-07 4.406353400554507971e-05 7.515022844017948955e-06 5.698896075045922771e-07 4.182320026302477345e-06
1.600000000000000000e+04 1.604697536095045507e-05 1.143147346738260239e-05 4.697205326920084190e-07 2.844614925834321184e-07 8.166195766534656286e-05 2.932895597496099072e-07 5.129879718879237771e-05 7.802467735018581152e-06 3.155640229124401230e-07 3.817413926299195737e-06
1.650000000000000000e+04 2.983446393045596778e-05 1.916437395266257226e-05 5.522840638150228187e-07 5.480188747242209502e-07 1.132754841819405556e-04 2.555445632879127515e-07 1.863746001617982984e-05 2.878356781366164796e-06 3.625167437348864041e-07 4.189500486972974613e-06
1.700000000000000000e+04 3.053297768929041922e-05 1.859867188613861799e-05 3.761512061828398146e-07 3.334737357363337651e-07 1.077110937330871820e-04 2.323633481182696414e-07 1.728916868160013109e-05 3.609467512433184311e-06 3.725488681993738282e-07 3.890346761181717739e-06
1.750000000000000000e+04 2.766316720226313919e-05 1.373492614220594987e-05 1.106898395164535032e-07 3.105598693764477503e-07 1.119153239415027201e-04 2.970964771975559415e-07 6.687134009553119540e-05 2.441221477056387812e-05 4.313248780363210244e-07 3.320168616482988000e-06
1.800000000000000000e+04 2.630489143484737724e-05 1.342292216577334329e-05 1.263672828599737841e-07 2.808273791288229404e-07 1.095464540412649512e-04 3.730575599547591992e-07 7.095055480021983385e-05 3.869213469442911446e-05 3.953144869228708558e-07 3.456165359239093959e-06
1.850000000000000000e+04 3.999306863988749683e-05 2.235699503216892481e-05 5.263443085823382717e-07 6.807326826674398035e-07 2.075037045869976282e-04 3.286119749645877164e-07 4.394373172544874251e-05 1.517475539003498852e-05 2.812416255437710788e-07 6.795506124035455287e-06
1.900000000000000000e+04 3.685273986775428057e-05 2.287566530867479742e-05 4.419767378749384079e-07 6.754700052624684758e-07 2.050400653388351202e-04 3.006650501902186079e-07 6.701698293909430504e-05 1.468768459744751453e-05 2.648800148108421126e-07 5.882119694433640689e-06
1.950000000000000000e+04 2.129560743924230337e-05 1.287385384785011411e-05 3.103153858319274150e-07 4.552954351311200298e-07 4.027401519124396145e-05 2.967444459045509575e-07 3.501020182739011943e-05 3.805923597610672005e-06 8.172718821697344538e-07 2.599867912067566067e-06
2.000000000000000000e+04 1.851104207162279636e-05 1.113767848437419161e-05 1.139721206300237100e-07 4.132957656111102551e-07 4.037857797811739147e-05 3.701271396039373940e-07 3.175506572006270289e-05 2.305820544279413298e-06 6.676872885691409465e-07 2.613330707390559837e-06
2.050000000000000000e+04 1.782961771823465824e-05 8.937257007346488535e-06 1.089328378611753578e-07 5.573825490046147024e-08 6.967756053199991584e-05 4.126294186335144332e-07 2.246418807771988213e-05 3.008866769960150123e-06 1.867082062290137401e-07 4.965481366525636986e-06
2.100000000000000000e+04 1.658480323385447264e-05 8.944245564634911716e-06 1.054487128726577794e-07 6.041882727458869340e-08 6.576746818609535694e-05 3.848571452635951573e-07 2.383657556492835283e-05 3.594164127207477577e-06 2.652601835961831966e-07 4.754184828925644979e-06
2.150000000000000000e+04 1.513702045485842973e-05 1.430279826308833435e-05 2.312933844450526522e-07 2.353004617816623067e-07 1.731781812850385904e-04 3.129234755760990083e-07 2.771741128526628017e-05 6.334098543447908014e-07 1.159256385108164977e-06 3.667078772195964120e-06
2.200000000000000000e+04 1.502294162492034957e-05 1.452383185096550733e-05 1.248779710749658989e-07 2.327255543832507101e-07 1.652882492635399103e-04 3.059793982629344100e-07 2.513721301511395723e-05 1.477031787544547115e-06 6.355043637995549943e-07 4.152445399085991085e-06
2.250000000000000000e+04 1.394927949149860069e-05 8.886464456736575812e-06 6.248233148653525859e-07 3.330386562083731405e-07 8.787150727584958076e-05 3.095012743870029226e-07 1.501698807260254398e-05 1.991887188523833174e-07 5.747968430114269722e-07 3.381394890311639756e-06
2.300000000000000000e+04 1.313988104811869562e-05 7.821838153176940978e-06 3.979437792622775305e-07 1.621560130615762318e-07 8.419267396675422788e-05 3.219213908778328914e-07 1.295629408559761941e-05 1.106250351767812390e-06 1.299325163017783780e-06 4.346356945461593568e-06
2.350000000000000000e+04 2.183612014050595462e-05 7.337121132877655327e-06 9.369393438873885316e-08 1.242528924194630235e-07 4.514434476732276380e-05 3.832263644198974362e-07 1.711883851385209709e-05 3.977663072873838246e-05 9.616884426577598788e-07 3.101486981904599816e-06
2.400000000000000000e+04 1.970939229067880660e-05 6.845468760730000213e-06 8.214232138925581239e-08 1.175816279896935157e-07 4.330844240030273795e-05 4.309360406296036672e-07 1.798031371436081827e-05 4.634115975932218134e-05 1.894779870781349018e-06 3.126080628135241568e-06
2.450000000000000000e+04 1.279341631743591279e-05 8.093688848020974547e-06 1.093187336209666682e-07 2.099771307939590770e-07 5.893721390748396516e-05 4.296381064250454074e-07 2.437050716252997518e-05 3.128116645711997990e-07 1.137622462010767777e-06 3.085843445660430007e-06
2.500000000000000000e+04 1.206700744660338387e-05 7.595753686473472044e-06 8.357638847655834979e-08 1.525027215620866627e-07 5.810082802781835198e-05 3.479928523120179307e-07 2.176476300519425422e-05 3.624412556746392511e-07 1.233896796293265652e-06 3.145276195937185548e-06
2.550000000000000000e+04 1.488534053351031616e-05 6.466053946496685967e-06 2.763704856079129968e-07 3.472630112355545862e-07 4.888813418801873922e-05 2.963376743991830153e-07 2.014257370319683105e-05 8.234627557612839155e-07 3.498055605177796679e-07 3.723337158589856699e-06
2.600000000000000000e+04 1.474676719226408750e-05 6.669504728051833808e-06 1.433591307886672439e-07 2.657722575349907856e-07 4.503102172748185694e-05 3.172512492710666265e-07 1.963262002391275018e-05 1.169417942037398461e-06 2.587064500403357670e-07 3.806126414929167368e-06
2.650000000000000000e+04 1.302434156968956813e-05 9.436022992304060608e-06 5.612180231651109352e-08 1.533353781724144937e-07 8.621891174698248506e-05 3.357635023348848335e-07 1.544577207823749632e-05 3.013710966115468182e-06 5.206067612562037539e-07 3.552772568582440726e-06
2.700000000000000000e+04 1.374740713799837977e-05 8.642811735626310110e-06 6.143751818399323383e-08 1.407072858228275436e-07 7.932119478937238455e-05 3.537249142482323805e-07 1.788675581337884068e-05 3.196085799572756514e-06 5.295129881233151536e-07 2.716178642003796995e-06
2.750000000000000000e+04 1.754007826093584299e-05 8.571364560339134187e-06 1.003233123242353031e-07 7.086342890261221328e-08 4.210700353723950684e-05 2.966234831092151580e-07 1.806016371119767427e-05 2.543769426210928941e-07 5.919421397493351833e-08 1.793967953744868282e-06
2.800000000000000000e+04 1.354964751953957602e-05 6.941175342944916338e-06 6.983472644606081303e-08 7.630378462408771156e-08 4.197421003482304513e-05 2.491827615358488401e-07 1.356627672066679224e-05 1.509706351043860195e-07 7.693556653975974768e-07 1.642648044253292028e-06
2.850000000000000000e+04 1.968859760381747037e-05 1.099330711440416053e-05 1.996050684738293057e-07 1.148059354250108299e-07 1.328842772636562586e-04 2.454813170515990350e-07 7.350323812715942040e-06 2.473451559126260690e-07 1.649042502549491473e-07 3.582981435101828538e-06
2.900000000000000000e+04 1.882909418782219291e-05 1.210520713357254863e-05 2.013030666603299323e-07 9.895166641626929049e-08 1.280263531953096390e-04 2.384071962069356232e-07 7.861130143282935023e-06 4.801765953743597493e-07 1.825628572760251700e-07 4.256756710674380884e-06
2.950000000000000000e+04 1.192974013974890113e-05 8.024180715437978506e-06 1.349356040236671106e-07 2.003673671424621716e-07 4.272945079719647765e-05 1.940661888966133120e-07 1.879204137367196381e-05 2.106958163494709879e-06 6.277026187717638095e-08 1.126129745898651890e-06
3.000000000000000000e+04 1.131238605012185872e-05 6.825657237641280517e-06 8.469584145132103004e-08 1.501575326301463065e-07 4.112725218874402344e-05 1.700355625189331477e-07 1.606011755939107388e-05 2.871899368983577006e-06 4.402897246791326324e-08 9.761048431755625643e-07
3.050000000000000000e+04 1.792043076420668513e-05 9.397956091561354697e-06 6.438432365030166693e-08 2.550000317569356412e-07 8.137552504194900393e-05 2.260491385186469415e-07 1.704788701317738742e-05 3.603173013289051596e-07 1.262585413996930583e-07 2.550542149037937634e-06
3.100000000000000000e+04 1.709273601591121405e-05 7.553689556516474113e-06 4.341092463278073410e-08 1.623078276224987349e-07 7.835185533622279763e-05 2.323113790225761477e-07 1.572432665852829814e-05 2.185810359378592693e-07 4.843795977649278939e-07 2.189666929552913643e-06
3.150000000000000000e+04 9.385452358401380479e-06 6.492487955256365240e-06 4.221372407187118370e-08 6.246210659810458310e-08 6.211250001797452569e-05 1.825674047495340346e-07 9.452534868614748120e-06 2.019497287619742565e-06 1.218017700921336655e-06 1.856081325968261808e-06
3.200000000000000000e+04 8.480794349452480674e-06 4.675000127463135868e-06 3.946790272379985254e-08 4.494010852340579731e-08 5.913401764701120555e-05 1.585828357519858400e-07 1.039049675455316901e-05 1.084177483789972030e-06 8.092609391496807802e-07 2.317667622264707461e-06
3.250000000000000000e+04 8.983804036688525230e-06 6.364608452713582665e-06 4.358940088877716335e-07 4.202716752388369059e-08 5.705279181711375713e-05 1.219196263946287218e-07 9.716755812405608594e-06 5.713887730962596834e-06 2.945456003544677515e-07 9.909715572575805709e-07
3.300000000000000000e+04 7.377724614343605936e-06 1.628476275072898716e-05 2.192984709381562425e-07 5.394721114271305851e-08 5.765845708083361387e-05 1.069622541649550840e-07 1.811106085369829088e-05 5.324223366187652573e-06 1.324331435625936138e-07 9.950280173143255524e-07
3.350000000000000000e+04 9.823794243857264519e-06 5.396035703597590327e-06 4.621239924063047511e-08 1.500940527421334991e-07 6.318247324088588357e-05 1.329504613067911123e-07 1.427356619387865067e-05 1.175741601855406770e-07 2.799850733481434872e-07 1.655460664551355876e-06
3.400000000000000000e+04 9.245110049960203469e-06 5.046968453825684264e-06 3.559314976087080140e-08 1.153193380787342903e-07 5.983116716379299760e-05 1.428448967999429442e-07 1.678470471233595163e-05 8.961638542359651183e-08 1.690149105115779093e-07 1.435852368558698799e-06
3.450000000000000000e+04 1.321464787906734273e-05 5.146288003743393347e-06 1.309408474980955361e-07 2.474136522323533427e-07 5.295641676639206707e-05 1.405555423161786166e-07 2.828447031788527966e-05 2.889173629228025675e-06 2.008803221542621031e-07 2.124646243828465231e-06
3.500000000000000000e+04 1.122428056987700984e-05 4.997171345166862011e-06 9.540374890093517024e-08 1.154587607743451372e-07 5.199830047786235809e-05 1.182157376433679019e-07 2.269169999635778368e-05 2.030571977229556069e-06 1.976458321450991207e-07 2.501944663890753873e-06
3.550000000000000000e+04 1.257868825632613152e-05 4.339655788498930633e-06 6.451390532902223640e-08 3.505519785562682955e-08 5.331727516022510827e-05 8.895047187706950353e-08 4.657350473280530423e-06 3.045126732104108669e-06 1.108849346564966254e-06 3.345767709106439725e-06
3.600000000000000000e+04 1.317003352596657351e-05 4.549421646515838802e-06 4.038962586605521210e-08 3.241188295532992925e-08 4.848725075135007501e-05 8.102885828975558979e-08 5.819830221298616379e-06 1.151755668615805916e-06 6.115735686762491241e-07 3.514056061248993501e-06
3.650000000000000000e+04 1.742442145769018680e-05 7.598982847412116826e-06 4.050325941307164612e-08 9.408016410361597082e-08 8.139717101585119963e-05 7.372519661430487758e-08 1.172322663478553295e-05 1.819668540292695980e-07 2.175743141208386078e-08 3.969423232774715871e-06
3.700000000000000000e+04 1.613579843251500279e-05 6.651107014477020130e-06 3.860280983758457296e-08 6.824281939543652697e-08 7.918650953797623515e-05 6.977506217253903742e-08 9.684142241894733161e-06 1.878869966276397463e-07 4.223613458975705726e-08 4.062159405293641612e-06
3.750000000000000000e+04 1.251612957275938243e-05 7.439999080816050991e-06 6.966767074345625588e-08 1.061679526515035832e-07 8.834376058075577021e-05 8.130132300721015781e-08 1.398292261001188308e-05 4.924904573044841527e-08 1.797930622160492931e-07 1.095700326914084144e-06
3.800000000000000000e+04 1.196877565234899521e-05 6.612655397475464270e-06 6.383610440252596163e-08 5.700663763263946748e-08 8.603859168943017721e-05 8.794737738071489730e-08 1.329004862782312557e-05 2.785945980576798320e-07 2.416535096472216537e-07 9.795577398108434863e-07
3.850000000000000000e+04 7.609897693328093737e-06 4.945482942275702953e-06 1.194348158151115058e-07 2.172947688450221904e-08 5.781327490694820881e-05 7.916253963458075305e-08 1.385700488754082471e-05 2.048640226348652504e-06 1.173279002841809415e-07 1.661590204093954526e-06
3.900000000000000000e+04 7.498448667320189998e-06 5.048331331636290997e-06 9.853260252157269861e-08 2.265359100306341134e-08 5.481039625010453165e-05 7.908599997108467505e-08 1.458590759284561500e-05 1.098023744816600811e-06 2.050324781066592550e-07 1.768157517290092073e-06
3.950000000000000000e+04 1.475479348300723359e-05 3.949706751882331446e-06 5.444252337838406675e-08 6.381400652344382252e-08 4.275942046660929918e-05 8.574696153118566144e-08 1.211323433381039649e-05 6.142398660813341849e-07 7.883180330736649921e-08 1.045290105139429215e-06
4.000000000000000000e+04 1.317778333032038063e-05 4.442626504896907136e-06 8.383375416087801568e-08 5.676607628402052796e-08 4.149259621044620872e-05 9.032114434148752480e-08 1.705868089629802853e-05 2.301491804246325046e-06 2.931507765424612444e-07 1.413490963386720978e-06
4.050000000000000000e+04 1.306605827267048880e-05 1.253157824976369739e-05 7.598961104804402567e-08 1.736781030103884405e-07 1.430922129657119513e-04 7.167091098381206393e-08 1.170115319837350398e-05 9.621646768209757283e-07 3.293309873697580770e-07 4.171603450231486931e-06
4.100000000000000000e+04 1.227604025189066306e-05 1.111528126784833148e-05 5.199390784582647029e-08 1.279056363046038314e-07 1.383566705044358969e-04 6.670615704251758871e-08 1.001594046101672575e-05 5.005622938369924668e-07 3.305854363588878186e-07 4.187073045613942668e-06
4.150000000000000000e+04 3.892361291946144775e-06 7.785979505570139736e-06 6.919982808994973311e-08 4.729651692514380557e-08 8.675001299707219005e-05 6.622219927976402687e-08 6.753464731446001679e-06 2.297628043379518203e-07 3.355210154154519842e-08 4.446106686373241246e-06
4.200000000000000000e+04 3.815064246737165377e-06 7.632604138052556664e-06 5.412356784972871537e-08 4.386033225500796107e-08 8.274328138213604689e-05 6.974043031959809014e-08 8.552630788472015411e-06 2.239924867808440467e-07 3.813981308553593408e-08 4.417109721543965861e-06
4.250000000000000000e+04 1.269947915716329589e-05 4.782669293490471318e-06 5.456305629536473134e-08 4.473096026913481182e-08 5.509129186975769699e-05 6.937490582004102180e-08 1.528364009573124349e-05 4.102611512735165888e-07 5.137533207744127139e-07 1.326162760051374789e-06
4.300000000000000000e+04 1.195002641907194629e-05 4.485303179535549134e-06 4.452309809721555212e-08 3.688860417128125846e-08 5.286185842123813927e-05 6.312603773039882071e-08 1.447396789444610476e-05 2.436087243040674366e-07 2.777247800622717477e-07 1.270499979000305757e-06
4.350000000000000000e+04 1.555682683829218149e-05 5.677646640833700076e-06 3.411866487113002222e-07 1.989672568925016094e-07 8.247131336247548461e-05 7.013244385234429501e-08 8.048763447732198983e-06 2.601229425636120141e-06 2.617749146338610444e-07 6.102328029555792455e-07
4.400000000000000000e+04 1.169413826573872939e-05 4.792222625837894157e-06 2.928738354057713877e-07 9.206481621504281065e-08 8.214425179176032543e-05 8.922041416781212320e-08 6.423234935937216505e-06 2.544343715271679685e-06 1.382253884685269441e-07 6.295467755990102887e-07
4.450000000000000000e+04 1.199332382384454831e-05 5.316310307534877211e-06 8.642685145332507091e-08 1.256614439171244157e-07 4.954581527272239327e-05 9.513691168194782222e-08 6.644137556577334180e-06 2.976973689783335431e-07 6.899760762735240860e-08 9.620609944249736145e-07
4.500000000000000000e+04 1.088148383132647723e-05 4.550810899672796950e-06 7.302442384116147878e-08 9.754256780070136301e-08 4.268499833415262401e-05 9.610227635903356713e-08 5.961823717370862141e-06 3.214497326098353369e-07 6.939032459740701597e-08 8.873549290910887066e-07
4.550000000000000000e+04 1.787645669537596405e-05 7.802487743902020156e-06 1.583521793691033963e-07 2.415534083866077708e-07 9.681371739134192467e-05 7.514501021432806738e-08 1.663548209762666374e-05 2.291433247592067346e-06 2.111947878802311607e-07 2.050022203547996469e-06
4.600000000000000000e+04 1.507417164248181507e-05 6.815522738179424778e-06 8.420543906595412409e-08 1.749346267843066016e-07 9.293866605730727315e-05 7.476505459180771140e-08 1.172814245364861563e-05 1.833631927183887456e-06 5.116505121804948431e-07 1.845722863436094485e-06
4.650000000000000000e+04 7.606145572935929522e-06 4.596969120029825717e-06 1.660423407656708150e-07 1.620157519255371881e-07 3.351258419570513070e-05 1.015432857798259647e-07 9.376460184284951538e-06 1.169991605820541736e-07 9.177080642075452488e-07 8.755797011872346047e-07
4.700000000000000000e+04 7.699773959757294506e-06 3.961619768233504146e-06 1.344237716693896800e-07 1.383880317007424310e-07 2.701342964428476989e-05 1.062508516724847141e-07 9.465143193665426224e-06 1.203617330247652717e-07 6.865619752716156654e-07 8.891450420378532726e-07
4.750000000000000000e+04 6.817927442170912400e-06 2.608586100905085914e-06 5.736475472417623678e-08 5.311781237082868756e-08 1.232756039826199412e-05 7.925459044599847402e-08 6.236498393263900653e-06 3.642543049409141531e-07 2.812718093991861679e-06 1.678583430475555360e-06
4.800000000000000000e+04 5.361954663385404274e-06 2.250382749480195343e-06 4.516948948207755166e-08 6.097950944194963085e-08 1.016505575535120443e-05 8.041278221071479493e-08 5.981203685223590583e-06 7.585762773487658706e-07 9.523881772111053579e-07 1.575712872181611601e-06
4.850000000000000000e+04 3.936755092581734061e-06 1.944750465554534458e-06 3.646153956538000784e-08 7.285378700316869072e-08 9.962191143131349236e-06 1.039476842379372101e-07 1.115285158448386937e-05 5.665098967710946454e-08 2.324315317991931806e-07 5.968958589619433042e-07
4.900000000000000000e+04 3.280399369032238610e-06 1.810541107261087745e-06 2.288858524934767047e-08 3.714572116564340831e-08 8.051885743043385446e-06 9.293020752920710947e-08 1.166316087619634345e-05 3.702889372902973264e-08 2.367354881016581203e-07 5.651010610563389491e-07
4.950000000000000000e+04 7.325782917178003117e-06 3.569483851606491953e-06 9.669808775925048394e-08 8.073167379052392789e-08 2.438011142658069730e-05 6.793768392299170955e-08 4.597854058374650776e-06 1.026048721541883424e-06 7.399171863653464243e-06 6.124699666543165222e-06
5.000000000000000000e+04 6.731316716468427330e-06 3.643564696176326834e-06 7.670629287304109312e-08 5.143469294921487744e-08 2.254887658637017012e-05 6.964090459860017290e-08 3.865573035000124946e-06 2.118647671522921883e-06 8.505721780238673091e-06 8.134183190122712404e-06
5.050000000000000000e+04 1.160420833912212402e-05 7.445319624821422622e-06 1.308765291696545319e-07 5.484231024865948712e-08 1.008492981782183051e-04 1.014447619240854692e-07 1.332877036475110799e-05 2.998183674662868725e-07 1.171489770968037192e-06 1.755653670443280134e-06
5.100000000000000000e+04 1.212930055771721527e-05 7.323837962758261710e-06 9.455979466110875364e-08 6.490662229907684377e-08 9.331510227639228106e-05 1.073103277349218843e-07 1.711074401100631803e-05 3.180762462307029637e-07 2.948426640614343341e-07 1.819348995013569947e-06
5.150000000000000000e+04 9.274684089177753776e-06 1.132652960222912952e-05 2.973240782466746168e-07 1.087418155520936125e-07 3.041856689378619194e-05 8.674954443677052041e-08 1.014027111523319036e-05 2.060109665080744890e-07 5.738554023082542699e-07 1.734499051053717267e-06
5.200000000000000000e+04 8.495050678902771324e-06 2.780692284432007000e-06 2.403215262347657699e-07 7.565375170770494151e-08 2.321395550097804517e-05 8.146770369421574287e-08 1.045219141815323383e-05 1.365332451541689807e-07 1.003277475319919176e-06 2.894699264288647100e-06
5.250000000000000000e+04 9.936047717928886414e-06 2.849966904250322841e-06 6.914243755318238982e-08 5.841852157573157456e-08 2.398921969870571047e-05 8.379691962545621209e-08 1.188732949231052771e-05 6.027470931257994380e-07 5.011347184336045757e-06 1.031491819958318956e-06
5.300000000000000000e+04 8.644287845527287573e-06 2.793735120576457120e-06 5.778556300128911971e-08 6.897157334151415853e-08 2.085135747620370239e-05 9.229351149997455650e-08 1.115086251957109198e-05 4.797187216354359407e-07 5.204827630223007873e-06 9.237644462700700387e-07
5.350000000000000000e+04 6.370800292643252760e-06 5.333627996151335537e-06 9.707005688142089639e-08 1.222326915240046219e-07 5.468616654979996383e-05 1.231017421332580852e-07 1.729342511680442840e-05 3.204723043381818570e-06 8.806799769445206039e-07 1.698320602372405119e-06
5.400000000000000000e+04 5.084016265755053610e-06 5.125283678353298455e-06 7.258144307797920192e-08 8.643145577025279636e-08 5.070694169262424111e-05 1.707162056163724628e-07 1.879897536127828062e-05 3.804963171205599792e-06 1.001831492430937942e-06 1.494138473390194122e-06
5.450000000000000000e+04 9.654923815105576068e-06 8.202582648664247245e-06 1.046281639105473005e-07 3.334271880817141209e-08 6.333221244858577847e-05 1.593883354189529200e-07 1.559120210004039109e-05 3.108645501015416812e-07 2.118885731761110947e-06 2.733592737058643252e-06
5.500000000000000000e+04 9.450867764826398343e-06 7.769864168949425220e-06 7.744836238998686895e-08 3.075298948829185974e-08 6.017326086293905973e-05 1.597616545723212766e-07 1.224073002958903089e-05 3.154011949391133385e-07 1.655160758673446253e-06 3.683374643514980562e-06
5.550000000000000000e+04 8.660277671879157424e-06 3.048797680094139650e-06 4.221011806748720119e-08 1.087647305553218757e-07 3.072794788749888539e-05 1.449058828484339756e-07 5.566382696997607127e-06 1.533412728349503595e-06 4.552229313503630692e-07 1.129218162532197312e-06
5.600000000000000000e+04 7.684588126721791923e-06 2.815037760228733532e-06 2.786583408465048706e-08 9.911239118309822516e-08 2.684969331312458962e-05 1.063629895270423731e-07 6.199595645739464089e-06 8.851195048009685706e-07 2.835572274761943845e-07 1.108937226490525063e-06
5.650000000000000000e+04 5.681335096596740186e-06 2.196818286392954178e-06 5.134703329190415388e-08 6.119794448977700085e-08 7.072925200191093609e-06 1.006260816893700394e-07 6.537966328323818743e-06 1.117072656597883906e-06 1.732757368699822109e-07 3.503064931464905385e-07
5.700000000000000000e+04 4.898523002339061350e-06 1.919997203003731556e-06 5.211975562247062044e-08 3.730925612899227417e-08 6.787905476812738925e-06 1.006153027560685587e-07 5.077470177639042959e-06 8.299812179757282138e-07 1.859159368677865132e-07 3.118092877230083104e-07
5.750000000000000000e+04 5.710470304620685056e-06 2.560621851444011554e-06 4.843966294743040635e-08 6.973806421228800900e-08 3.162667780998162925e-05 9.065598050028711441e-08 2.128145933966152370e-05 1.599942862640091334e-07 3.437632187797134975e-07 2.822022793225187343e-07
5.800000000000000000e+04 4.092982180736726150e-06 2.350283011764986441e-06 4.227058170158670691e-08 6.020479048629567842e-08 2.979467899422161281e-05 9.056534366891355603e-08 2.738123839662875980e-05 1.187283373837999534e-07 3.219344364424614469e-07 2.044687192892524763e-07
5.850000000000000000e+04 7.576935331599088386e-06 5.499309736478608102e-06 5.151855475560296327e-08 3.164428790114470758e-07 4.367573274066671729e-05 1.263742177570748026e-07 9.560910257278010249e-06 2.765331146292737685e-06 1.154880493459131685e-07 1.722279876048560254e-06
5.900000000000000000e+04 7.450677458109566942e-06 3.305232212369446643e-06 4.431884903510763252e-08 2.347533296642723144e-07 3.470638694125227630e-05 1.059097058941915748e-07 7.712410479143727571e-06 2.687521600819309242e-06 1.332412011834094301e-07 1.437504920431820210e-06
