# step, loss_train, loss_test, metrics_test
0.000000000000000000e+00 1.449615806341171265e-01 8.274762332439422607e-02 4.325126111507415771e-02 3.387264162302017212e-02 1.741487160325050354e-02 1.458603888750076294e-01 1.353974342346191406e-01 3.618578985333442688e-02 2.332079969346523285e-02 1.794551499187946320e-02
5.000000000000000000e+02 1.368498057126998901e-01 7.727236300706863403e-02 3.600636124610900879e-02 2.942102961242198944e-02 1.355650555342435837e-02 1.377060264348983765e-01 1.231862083077430725e-01 3.005802072584629059e-02 1.990796066820621490e-02 1.416824944317340851e-02
1.000000000000000000e+03 1.286075711250305176e-01 7.292898744344711304e-02 2.983698248863220215e-02 2.552124857902526855e-02 1.060257386416196823e-02 1.294192224740982056e-01 1.126768961548805237e-01 2.482854574918746948e-02 1.696145161986351013e-02 1.128185633569955826e-02
1.500000000000000000e+03 1.202830746769905090e-01 8.462024480104446411e-02 2.553502097725868225e-02 2.309272438287734985e-02 8.501794189214706421e-03 1.203525736927986145e-01 1.038515269756317139e-01 2.069060876965522766e-02 1.463928259909152985e-02 9.349958971142768860e-03
2.000000000000000000e+03 1.114194020628929138e-01 8.248576521873474121e-02 2.125734835863113403e-02 2.021969482302665710e-02 6.921910215169191360e-03 1.114853546023368835e-01 9.618063271045684814e-02 1.714000292122364044e-02 1.261607371270656586e-02 7.792178541421890259e-03
2.500000000000000000e+03 1.030259877443313599e-01 9.433307498693466187e-02 1.728239841759204865e-02 1.679147221148014069e-02 5.707367323338985443e-03 1.025321036577224731e-01 8.964198082685470581e-02 1.419707108289003372e-02 1.092780753970146179e-02 6.643885280936956406e-03
3.000000000000000000e+03 9.413509815931320190e-02 9.306149929761886597e-02 1.436869520694017410e-02 1.474989112466573715e-02 4.834003280848264694e-03 9.367666393518447876e-02 8.409596979618072510e-02 1.172380056232213974e-02 9.496379643678665161e-03 5.778562743216753006e-03
3.500000000000000000e+03 8.652346581220626831e-02 6.542670726776123047e-02 1.147594116628170013e-02 1.250016316771507263e-02 3.772781696170568466e-03 8.665654063224792480e-02 7.917272299528121948e-02 9.081604890525341034e-03 7.811071351170539856e-03 4.661452025175094604e-03
4.000000000000000000e+03 7.893554121255874634e-02 6.489378213882446289e-02 9.089675731956958771e-03 1.069653779268264771e-02 3.076153108850121498e-03 7.905636727809906006e-02 7.520522922277450562e-02 7.113387342542409897e-03 6.562478374689817429e-03 3.989058081060647964e-03
4.500000000000000000e+03 6.952051073312759399e-02 6.408351659774780273e-02 7.575029972940683365e-03 9.557999670505523682e-03 2.508282195776700974e-03 6.977557390928268433e-02 7.108854502439498901e-02 5.782378371804952621e-03 5.902630742639303207e-03 3.423973219469189644e-03
5.000000000000000000e+03 6.116573140025138855e-02 6.280901283025741577e-02 6.158061325550079346e-03 8.518495596945285797e-03 2.124524442479014397e-03 6.138522550463676453e-02 6.831011176109313965e-02 4.623270127922296524e-03 5.259677767753601074e-03 3.058867761865258217e-03
5.500000000000000000e+03 5.371589213609695435e-02 6.488019973039627075e-02 4.896499682217836380e-03 8.412340655922889709e-03 1.956713851541280746e-03 5.381068959832191467e-02 6.661640107631683350e-02 3.649478545412421227e-03 4.648568574339151382e-03 2.906846348196268082e-03
6.000000000000000000e+03 4.677464067935943604e-02 6.454794853925704956e-02 3.878158051520586014e-03 7.421940565109252930e-03 1.815600553527474403e-03 4.685135930776596069e-02 6.548319756984710693e-02 2.824189374223351479e-03 4.108868539333343506e-03 2.770057646557688713e-03
6.500000000000000000e+03 4.051879420876502991e-02 6.767830252647399902e-02 3.053564345464110374e-03 6.645814515650272369e-03 1.778678037226200104e-03 4.023326188325881958e-02 6.486006081104278564e-02 2.213287167251110077e-03 3.722629742696881294e-03 2.750580199062824249e-03
7.000000000000000000e+03 3.463723510503768921e-02 6.757307052612304688e-02 2.360476879402995110e-03 5.880141630768775940e-03 1.744381035678088665e-03 3.437914326786994934e-02 6.464529037475585938e-02 1.657956512644886971e-03 3.320437157526612282e-03 2.709711901843547821e-03
7.500000000000000000e+03 2.959937229752540588e-02 8.309210091829299927e-02 1.834453432820737362e-03 5.038496572524309158e-03 1.945704687386751175e-03 2.961116097867488861e-02 6.471703201532363892e-02 1.232181326486170292e-03 2.943942788988351822e-03 2.862291410565376282e-03
8.000000000000000000e+03 2.525779977440834045e-02 8.314374834299087524e-02 1.356425695121288300e-03 4.420633427798748016e-03 1.979239983484148979e-03 2.526157163083553314e-02 6.493850797414779663e-02 8.656319114379584789e-04 2.594589255750179291e-03 2.883423818275332451e-03
8.500000000000000000e+03 2.087838761508464813e-02 6.365711241960525513e-02 9.206998511217534542e-04 3.656088141724467278e-03 1.773405470885336399e-03 2.087890915572643280e-02 6.553371995687484741e-02 5.349817802198231220e-04 2.268755342811346054e-03 2.671263879165053368e-03
9.000000000000000000e+03 1.703524217009544373e-02 6.381633877754211426e-02 6.061880267225205898e-04 3.199282102286815643e-03 1.684033311903476715e-03 1.702967286109924316e-02 6.633342802524566650e-02 3.138645552098751068e-04 2.012270269915461540e-03 2.578486688435077667e-03
9.500000000000000000e+03 1.404462102800607681e-02 6.028360500931739807e-02 3.505161439534276724e-04 2.566839568316936493e-03 1.538032316602766514e-03 1.404568459838628769e-02 6.724438816308975220e-02 1.348909281659871340e-04 1.687015057541429996e-03 2.449820749461650848e-03
1.000000000000000000e+04 1.137277949601411819e-02 6.050032377243041992e-02 1.906200923258438706e-04 2.222649753093719482e-03 1.512335496954619884e-03 1.136964745819568634e-02 6.817254424095153809e-02 4.830125908483751118e-05 1.474397256970405579e-03 2.413005335256457329e-03
1.050000000000000000e+04 9.005947969853878021e-03 6.307779252529144287e-02 1.131059470935724676e-04 2.215728629380464554e-03 1.637175912037491798e-03 8.968330919742584229e-03 6.898871064186096191e-02 1.986433562706224620e-05 1.400696812197566032e-03 2.502339193597435951e-03
1.100000000000000000e+04 7.117037195712327957e-03 6.309407204389572144e-02 5.698276436305604875e-05 1.971686957404017448e-03 1.664284034632146358e-03 7.083538919687271118e-03 6.983944773674011230e-02 1.729083464852010366e-06 1.267533865757286549e-03 2.509712940081954002e-03
1.150000000000000000e+04 6.241044960916042328e-03 7.676642388105392456e-02 2.792217674141284078e-05 1.781053259037435055e-03 1.773280091583728790e-03 6.216571200639009476e-03 6.981628388166427612e-02 1.479374191148963291e-06 1.088998862542212009e-03 2.603525295853614807e-03
1.200000000000000000e+04 5.404544062912464142e-03 7.633249461650848389e-02 1.555367998662404716e-05 1.581891905516386032e-03 1.857047900557518005e-03 5.381443537771701813e-03 6.988799571990966797e-02 8.447415893897414207e-06 9.622419602237641811e-04 2.667622407898306847e-03
1.250000000000000000e+04 4.624456167221069336e-03 7.965958863496780396e-02 9.905056685965973884e-06 1.400503562763333321e-03 1.944377669133245945e-03 4.601974971592426300e-03 6.992660462856292725e-02 1.319034981861477718e-05 8.823449024930596352e-04 2.758034970611333847e-03
1.300000000000000000e+04 4.006376489996910095e-03 7.917917519807815552e-02 9.039554242917802185e-06 1.253243302926421165e-03 2.037028316408395767e-03 3.985228016972541809e-03 6.990641355514526367e-02 2.060180486296303570e-05 7.799825980328023434e-04 2.835517516359686852e-03
1.350000000000000000e+04 3.340269904583692551e-03 7.404696196317672729e-02 9.892402886180207133e-06 1.153822639025747776e-03 2.166044199839234352e-03 3.297729650512337685e-03 7.006506621837615967e-02 3.499486047076061368e-05 6.673143943771719933e-04 2.915142336860299110e-03
1.400000000000000000e+04 2.866752678528428078e-03 7.351115345954895020e-02 1.106312811316456646e-05 1.014682231470942497e-03 2.296780934557318687e-03 2.828824333846569061e-03 6.998409330844879150e-02 4.372539478936232626e-05 5.697982269339263439e-04 3.028754843398928642e-03
1.450000000000000000e+04 2.205716446042060852e-03 7.030421495437622070e-02 1.450146737624891102e-05 8.170374203473329544e-04 2.393228700384497643e-03 2.203742973506450653e-03 7.031314074993133545e-02 5.427090582088567317e-05 4.922136431559920311e-04 3.105833195149898529e-03
1.500000000000000000e+04 1.885144389234483242e-03 6.986783444881439209e-02 1.556816278025507927e-05 7.130812737159430981e-04 2.544094342738389969e-03 1.883107353933155537e-03 7.018869370222091675e-02 5.788002454210072756e-05 4.102096718270331621e-04 3.240492194890975952e-03
1.550000000000000000e+04 1.123613794334232807e-03 5.489225685596466064e-02 6.600851338589563966e-05 4.578438820317387581e-04 2.397008240222930908e-03 1.116319093853235245e-03 7.177653163671493530e-02 1.426513190381228924e-04 2.677780576050281525e-04 3.117020940408110619e-03
1.600000000000000000e+04 9.248772985301911831e-04 5.472388118505477905e-02 6.358844984788447618e-05 3.911730600520968437e-04 2.512791892513632774e-03 9.178245672956109047e-04 7.179056853055953979e-02 1.386993972118943930e-04 2.141399163519963622e-04 3.223442705348134041e-03
1.650000000000000000e+04 9.772345656529068947e-04 7.175756990909576416e-02 1.742578206176403910e-05 4.858883039560168982e-04 3.107447875663638115e-03 9.703766554594039917e-04 7.025135308504104614e-02 4.693174560088664293e-05 2.500843838788568974e-04 3.704282687976956367e-03
1.700000000000000000e+04 8.467747829854488373e-04 7.114906609058380127e-02 1.844564940256532282e-05 3.938885347452014685e-04 3.382168477401137352e-03 8.400442893616855145e-04 6.985417008399963379e-02 4.970477675669826567e-05 1.788182416930794716e-04 3.955041524022817612e-03
1.750000000000000000e+04 5.478734383359551430e-04 6.775327771902084351e-02 5.969782796455547214e-05 2.819656510837376118e-04 3.230318194255232811e-03 5.466406582854688168e-04 7.074140757322311401e-02 1.271049986826255918e-04 7.103232928784564137e-05 3.892913693562150002e-03
1.800000000000000000e+04 4.859386826865375042e-04 6.754706054925918579e-02 5.389342550188302994e-05 2.310297277290374041e-04 3.375041997060179710e-03 4.846300289500504732e-04 7.052285224199295044e-02 1.150799798779189587e-04 4.388679371913895011e-05 4.029450472444295883e-03
1.850000000000000000e+04 1.858273753896355629e-04 5.336067453026771545e-02 4.387921944726258516e-05 1.558436342747882009e-04 3.334289882332086563e-03 1.779006415745243430e-04 7.239073514938354492e-02 1.005748636089265347e-04 4.836393054574728012e-05 3.927734214812517166e-03
1.900000000000000000e+04 1.786151406122371554e-04 5.334700271487236023e-02 3.063901385758072138e-05 1.356051798211410642e-04 3.313612192869186401e-03 1.708570198388770223e-04 7.240329682826995850e-02 7.556918717455118895e-05 3.232486051274463534e-05 3.908719401806592941e-03
1.950000000000000000e+04 5.958262481726706028e-04 6.500428915023803711e-02 1.265352057089330629e-05 1.288536732317879796e-04 3.796266391873359680e-03 5.909391911700367928e-04 6.915690004825592041e-02 4.795775748789310455e-05 6.420508270821301267e-06 4.395716823637485504e-03
2.000000000000000000e+04 5.165517795830965042e-04 6.465391069650650024e-02 1.391578371112700552e-05 9.604908700566738844e-05 4.057629499584436417e-03 5.116242100484669209e-04 6.883573532104492188e-02 5.114615487400442362e-05 3.271945558935840381e-07 4.642164800316095352e-03
2.050000000000000000e+04 6.388970068655908108e-04 7.058057188987731934e-02 1.081846676243003458e-05 9.791151387616991997e-05 4.527708515524864197e-03 6.163696525618433952e-04 6.772560626268386841e-02 1.217370027006836608e-05 1.138061975325399544e-06 5.091005004942417145e-03
2.100000000000000000e+04 5.638736765831708908e-04 7.028464972972869873e-02 1.043913289322517812e-05 7.372850814135745168e-05 4.768248647451400757e-03 5.427494761534035206e-04 6.748513132333755493e-02 1.124350910686189309e-05 5.740715778301819228e-07 5.319191608577966690e-03
2.150000000000000000e+04 5.155681865289807320e-04 6.176488846540451050e-02 1.581847027409821749e-05 3.085879143327474594e-05 4.492143169045448303e-03 5.065094446763396263e-04 6.789240986108779907e-02 4.687099499278701842e-05 2.627971298352349550e-05 5.047393962740898132e-03
2.200000000000000000e+04 5.168070201762020588e-04 6.177005171775817871e-02 1.087843156710732728e-05 3.128097523585893214e-05 4.423350561410188675e-03 5.084089352749288082e-04 6.784850358963012695e-02 3.209191709174774587e-05 3.197688420186750591e-05 4.981997422873973846e-03
2.250000000000000000e+04 1.417099265381693840e-03 7.251441478729248047e-02 1.156755024567246437e-05 3.638090493041090667e-05 5.392587278038263321e-03 1.420900342054665089e-03 6.571566313505172729e-02 2.418112671875860542e-06 4.245390664436854422e-05 5.909357219934463501e-03
2.300000000000000000e+04 1.252781483344733715e-03 7.198183238506317139e-02 9.052398127096239477e-06 4.316647755331359804e-05 5.782460328191518784e-03 1.255652867257595062e-03 6.560506671667098999e-02 6.044193014531629160e-06 7.245625602081418037e-05 6.281264126300811768e-03
2.350000000000000000e+04 7.886097882874310017e-04 5.857433378696441650e-02 5.001563840778544545e-05 1.036852190736681223e-04 4.958444740623235703e-03 7.790813106112182140e-04 6.659245491027832031e-02 8.781640644883736968e-05 1.875462476164102554e-04 5.530504044145345688e-03
2.400000000000000000e+04 8.546808385290205479e-04 5.863043665885925293e-02 3.454685429460369051e-05 9.728020086186006665e-05 4.691888112574815750e-03 8.458859520033001900e-04 6.665103137493133545e-02 6.099624442867934704e-05 1.745879708323627710e-04 5.274557974189519882e-03
2.450000000000000000e+04 2.505052252672612667e-04 5.577732995152473450e-02 3.921312963939271867e-05 7.358150469372048974e-05 4.041349049657583237e-03 2.512114006094634533e-04 6.870312243700027466e-02 6.284561823122203350e-05 1.254115049960091710e-04 4.723792430013418198e-03
2.500000000000000000e+04 2.935716474894434214e-04 5.583656206727027893e-02 2.312142896698787808e-05 6.614300946239382029e-05 3.735265228897333145e-03 2.954630763269960880e-04 6.895177066326141357e-02 3.740916145034134388e-05 1.096569030778482556e-04 4.425650928169488907e-03
2.550000000000000000e+04 4.919203929603099823e-04 6.154425442218780518e-02 2.288314135512337089e-05 5.953519575996324420e-05 4.407735541462898254e-03 4.825052164960652590e-04 6.731517612934112549e-02 3.221037104594870470e-06 3.808988913078792393e-05 4.965902771800756454e-03
2.600000000000000000e+04 4.418980388436466455e-04 6.128599122166633606e-02 2.051618866971693933e-05 5.535404852707870305e-05 4.618208389729261398e-03 4.325277404859662056e-04 6.712481379508972168e-02 2.418735903120250441e-06 5.489571776706725359e-05 5.164396017789840698e-03
2.650000000000000000e+04 3.222980885766446590e-04 4.995497688651084900e-02 2.960168785648420453e-06 5.366812547435984015e-05 4.083313513547182083e-03 3.165736561641097069e-04 6.808154284954071045e-02 5.781344498245744035e-06 1.013260989566333592e-04 4.727207589894533157e-03
2.700000000000000000e+04 3.550349501892924309e-04 5.004105344414710999e-02 2.796176886477041990e-06 5.047015656600706279e-05 3.893340704962611198e-03 3.494451229926198721e-04 6.816850602626800537e-02 1.853276103247480933e-06 9.134805441135540605e-05 4.544358700513839722e-03
2.750000000000000000e+04 8.820812217891216278e-04 5.951842665672302246e-02 7.628665571246528998e-06 6.028384450473822653e-05 3.908658400177955627e-03 8.831043378449976444e-04 6.689868867397308350e-02 2.445248128424282186e-06 1.022208380163647234e-04 4.541768692433834076e-03
2.800000000000000000e+04 8.934107609093189240e-04 5.949784815311431885e-02 9.610348570276983082e-06 6.003568705637007952e-05 3.845046740025281906e-03 8.939532563090324402e-04 6.685069948434829712e-02 5.279040124150924385e-06 9.995660366257652640e-05 4.480921197682619095e-03
2.850000000000000000e+04 3.683156974148005247e-04 5.599439889192581177e-02 1.630480437597725540e-05 4.725277904071845114e-05 3.984155133366584778e-03 3.649503923952579498e-04 6.767539680004119873e-02 1.404435261065373197e-05 5.926996527705341578e-05 4.582068882882595062e-03
2.900000000000000000e+04 3.504768537823110819e-04 5.593178793787956238e-02 1.681408502918202430e-05 5.014448106521740556e-05 4.031056538224220276e-03 3.466603229753673077e-04 6.757751107215881348e-02 1.681616959103848785e-05 6.410517380572855473e-05 4.626092966645956039e-03
2.950000000000000000e+04 3.791522467508912086e-04 6.241031363606452942e-02 1.414972757629584521e-05 6.452029629144817591e-05 4.533819388598203659e-03 3.669844008982181549e-04 6.680096685886383057e-02 1.427693132427521050e-05 9.694090840639546514e-05 5.106955301016569138e-03
3.000000000000000000e+04 3.413110680412501097e-04 6.221973523497581482e-02 1.173099553852807730e-05 7.160414679674431682e-05 4.710107110440731049e-03 3.289466549176722765e-04 6.664957106113433838e-02 1.302397504332475364e-05 1.104417315218597651e-04 5.274779628962278366e-03
3.050000000000000000e+04 4.087705456186085939e-04 5.903125181794166565e-02 8.573622471885755658e-05 3.977953019784763455e-05 4.704092629253864288e-03 3.904906625393778086e-04 6.636741757392883301e-02 8.100529521470889449e-05 3.510399619699455798e-05 5.246430635452270508e-03
3.100000000000000000e+04 4.192534543108195066e-04 5.904790759086608887e-02 9.090481034945696592e-05 3.752820339286699891e-05 4.633991513401269913e-03 3.996628220193088055e-04 6.633147597312927246e-02 9.265131666325032711e-05 3.115379877272062004e-05 5.179383791983127594e-03
3.150000000000000000e+04 1.231029309565201402e-04 5.755236744880676270e-02 1.763600630511064082e-05 4.234917287249118090e-05 3.933000843971967697e-03 1.123598703998140991e-04 6.881405413150787354e-02 2.474494249327108264e-05 5.280291952658444643e-05 4.488651640713214874e-03
3.200000000000000000e+04 1.325996854575350881e-04 5.767936259508132935e-02 2.365371801715809852e-05 3.931541141355410218e-05 3.762989304959774017e-03 1.210510745295323431e-04 6.895121186971664429e-02 3.594494774006307125e-05 4.587614239426329732e-05 4.327685106545686722e-03
3.250000000000000000e+04 3.429312200751155615e-04 5.643733590841293335e-02 2.560543907748069614e-05 4.535114203463308513e-05 3.806504188105463982e-03 3.303982084617018700e-04 6.755836308002471924e-02 4.427717431099154055e-05 7.033629663055762649e-05 4.387984052300453186e-03
3.300000000000000000e+04 3.459525469224900007e-04 5.642542615532875061e-02 2.800580477924086154e-05 4.527405326371081173e-05 3.787954337894916534e-03 3.326091391500085592e-04 6.750566512346267700e-02 5.236312790657393634e-05 6.814111111452803016e-05 4.370242822915315628e-03
3.350000000000000000e+04 2.275014849146828055e-04 5.225590243935585022e-02 1.408012940373737365e-05 7.505145185859873891e-05 3.661164082586765289e-03 2.162288292311131954e-04 6.818694621324539185e-02 2.854252306860871613e-05 7.287084008567035198e-05 4.261926282197237015e-03
3.400000000000000000e+04 2.322400541743263602e-04 5.226200446486473083e-02 1.336354489467339590e-05 6.975252472329884768e-05 3.643205156549811363e-03 2.202399336965754628e-04 6.816750764846801758e-02 2.852733268809970468e-05 6.314383062999695539e-05 4.244755487889051437e-03
3.450000000000000000e+04 3.280017990618944168e-04 5.493384227156639099e-02 2.508372972442884929e-06 9.850075002759695053e-05 3.598897950723767281e-03 3.083954798057675362e-04 6.793065369129180908e-02 1.035191871778806672e-05 1.168633607449010015e-04 4.162555560469627380e-03
3.500000000000000000e+04 3.400427231099456549e-04 5.492029339075088501e-02 2.590444182715145871e-06 1.024941739160567522e-04 3.574082395061850548e-03 3.188648552168160677e-04 6.790188699960708618e-02 1.122802495956420898e-05 1.196395533042959869e-04 4.139065276831388474e-03
3.550000000000000000e+04 3.303059784229844809e-04 6.020959466695785522e-02 4.994712071493268013e-06 8.561263530282303691e-05 3.093445673584938049e-03 3.222445957362651825e-04 6.846650689840316772e-02 2.370905713178217411e-05 9.211715951096266508e-05 3.793889423832297325e-03
3.600000000000000000e+04 3.418882261030375957e-04 6.022176146507263184e-02 6.630160896747838706e-06 8.674789569340646267e-05 3.046601545065641403e-03 3.323502896819263697e-04 6.842796504497528076e-02 3.075278436881490052e-05 8.935517689678817987e-05 3.748715156689286232e-03
3.650000000000000000e+04 1.542576239444315434e-03 7.927953451871871948e-02 2.288452087668702006e-04 3.183224180247634649e-05 4.427724052220582962e-03 1.507263747043907642e-03 6.497162580490112305e-02 2.965680614579468966e-04 1.597215305082499981e-05 4.969747271388769150e-03
3.700000000000000000e+04 1.466077985242009163e-03 7.858636230230331421e-02 2.051351766567677259e-04 3.459723666310310364e-05 4.811194725334644318e-03 1.430300064384937286e-03 6.484927237033843994e-02 2.647073997650295496e-04 2.553320700826589018e-05 5.329583305865526199e-03
