# step, loss_train, loss_test, metrics_test
0.000000000000000000e+00 2.472033025696873665e-03 1.337613761425018311e-01 8.703216910362243652e-03 3.710044780746102333e-03 5.875268206000328064e-02 2.424194710329174995e-03 1.573498100042343140e-01 6.363024003803730011e-03 5.110172089189291000e-03 5.889135226607322693e-02
5.000000000000000000e+02 7.230081246234476566e-04 5.759612470865249634e-02 4.278047708794474602e-05 2.509119622118305415e-05 1.414227881468832493e-03 5.994618986733257771e-04 6.532687693834304810e-02 9.625336133467499167e-06 5.933726788498461246e-05 2.062761923298239708e-03
1.000000000000000000e+03 1.973749604076147079e-04 5.799967795610427856e-02 1.808083907235413790e-04 3.483222681097686291e-04 7.820700993761420250e-04 7.754280522931367159e-05 6.500011682510375977e-02 5.964814590697642416e-06 3.711248864419758320e-04 1.501425402238965034e-03
1.500000000000000000e+03 1.115657214540988207e-04 9.374256478622555733e-04 2.032679003605153412e-05 8.832570892991498113e-05 1.310052000917494297e-03 1.850271246439660899e-06 8.378157508559525013e-04 1.411612265656003729e-05 5.277187665342353284e-05 7.503043161705136299e-04
2.000000000000000000e+03 3.437716441112570465e-05 6.218248745426535606e-05 5.333185526978923008e-06 4.674054707720642909e-06 3.905386838596314192e-04 1.217093648087086422e-09 5.956522727501578629e-05 1.528784537185856607e-06 1.034404363053909037e-06 4.810402242583222687e-05
2.500000000000000000e+03 3.362821007613092661e-05 1.648305806156713516e-05 2.412360800008173101e-06 2.609135663078632206e-06 2.659980964381247759e-04 7.708989557819734273e-10 1.325602625001920387e-05 4.581873724873730680e-07 1.227483949151064735e-06 5.168707048142096028e-06
3.000000000000000000e+03 3.028712671948596835e-05 1.683055161265656352e-04 1.535653245809953660e-05 4.997662017558468506e-06 6.087014335207641125e-04 1.047362907513615937e-08 1.708367781247943640e-04 3.386118351045297459e-06 3.661439677671296522e-06 2.809781872201710939e-04
3.500000000000000000e+03 1.172094416688196361e-04 8.213462308049201965e-03 1.477694837603849010e-07 2.269287506351247430e-05 1.674094120971858501e-03 4.273180032043910614e-09 7.550727110356092453e-03 1.374311331403532677e-08 2.777337249426636845e-05 1.521362457424402237e-03
4.000000000000000000e+03 4.747173807118088007e-05 1.819842509576119483e-05 6.082304935262072831e-07 1.748353838593175169e-06 2.359750651521608233e-04 2.552710487435660980e-09 2.483715252310503274e-05 3.904214906924607931e-07 5.354438599169952795e-07 2.914083779614884406e-06
4.500000000000000000e+03 9.802007843973115087e-05 1.081886366591788828e-04 6.199902031767123844e-07 2.047169800789561123e-06 3.755475918296724558e-04 2.154474154636432104e-09 3.182161308359354734e-04 5.273106040704078623e-08 5.057902967564587016e-07 5.648127626045607030e-06
5.000000000000000000e+03 4.784846532857045531e-05 3.233719689887948334e-05 4.573642229388497071e-07 1.372646920572151430e-06 9.723822586238384247e-04 2.446394475885682596e-10 2.792933264572639018e-05 7.001530377692688489e-08 5.245911438578332309e-07 2.977368421852588654e-04
5.500000000000000000e+03 4.343847103882580996e-05 5.590646833297796547e-05 2.304301176536682760e-07 1.443674477741296869e-06 1.927514967974275351e-04 1.848505515322784731e-10 1.373448321828618646e-04 1.377221678922069259e-07 8.667824431540793739e-07 3.442951992838061415e-06
6.000000000000000000e+03 1.586974940437357873e-05 1.265732680622022599e-05 1.771873741063245689e-07 9.463162200518127065e-07 5.426080897450447083e-04 1.871856836199725649e-11 2.624113221827428788e-05 2.067423388041333965e-08 1.112930704039172269e-06 1.810063840821385384e-04
6.500000000000000000e+03 5.160825458006002009e-05 3.102018308709375560e-05 1.412061578776047099e-07 2.603051427740865620e-07 3.403102455195039511e-04 9.012658674922846558e-11 5.092615174362435937e-05 4.574543766011629486e-08 8.298448506138811354e-07 9.970942301151808351e-06
7.000000000000000000e+03 1.528897337266243994e-05 4.273492595530115068e-05 2.695980150235754991e-08 3.087205513452317973e-08 6.561995542142540216e-05 4.415767057563968478e-11 6.013006350258365273e-05 2.353741734850700595e-08 5.953432236083244788e-08 1.570869244460482150e-05
7.500000000000000000e+03 9.578590768862318972e-15 7.312037795782089233e-02 6.475659716570145163e-14 1.218034353933639125e-12 3.816900774836540222e-02 6.938455034961432243e-16 6.522289663553237915e-02 6.524948902584051802e-14 1.583169461142047013e-14 3.843502700328826904e-02
8.000000000000000000e+03 2.409945615462760760e-13 8.339392393827438354e-02 3.898590265449374676e-15 1.938639387910612299e-10 1.033742446452379227e-02 2.591178837588698972e-17 7.478298246860504150e-02 1.315361910714176082e-15 1.786455166197416233e-15 1.098854932934045792e-02
8.500000000000000000e+03 8.870679256249569544e-13 6.398110091686248779e-02 5.372736337181131458e-15 9.675023282529338076e-11 7.412457838654518127e-03 2.859142177227904670e-17 7.807461917400360107e-02 1.440516957901629737e-15 2.254844057238310218e-15 8.127611130475997925e-03
9.000000000000000000e+03 2.608320894340043772e-12 6.398065388202667236e-02 1.180131364267485161e-14 6.199875335344273708e-11 7.412838749587535858e-03 6.264022388415834710e-17 7.807410508394241333e-02 3.071870650577890154e-15 7.334083054679352981e-15 8.127978071570396423e-03
9.500000000000000000e+03 2.432896820201563282e-13 6.198019534349441528e-02 5.568980549316187680e-20 6.000379446785553128e-12 7.776587270200252533e-03 5.450960697494980480e-22 7.760494202375411987e-02 1.305384549103730054e-20 7.684584404824288255e-19 8.483150973916053772e-03
1.000000000000000000e+04 6.533460578106442540e-11 6.198464334011077881e-02 3.662724253347080525e-16 3.152363259317780830e-09 7.771719247102737427e-03 2.387195478147662932e-18 7.761106640100479126e-02 1.160649410604267201e-16 4.839821323251352128e-16 8.478361181914806366e-03
1.050000000000000000e+04 1.879788952414314238e-17 6.389164179563522339e-02 1.559189132548154198e-15 1.261774424245691974e-16 7.680139504373073578e-03 6.447170184920486929e-18 7.772739976644515991e-02 5.090028503123168041e-16 1.596948537847770822e-16 8.388962596654891968e-03
1.100000000000000000e+04 3.854563054568092644e-17 6.392256170511245728e-02 3.207452249829570619e-15 2.861901453228034558e-16 7.649291306734085083e-03 1.301595329067913254e-17 7.776687294244766235e-02 1.034215158378002340e-15 3.502946046226337699e-16 8.358838967978954315e-03
1.150000000000000000e+04 1.031439213111716466e-20 7.753772288560867310e-02 5.082789117663777449e-19 1.672318023734874466e-19 9.801100939512252808e-03 2.902464890039552046e-21 7.531323283910751343e-02 2.453856878038757457e-19 1.641204529722487310e-19 1.046321727335453033e-02
1.200000000000000000e+04 1.063242449739176404e-20 7.753750681877136230e-02 5.240090952825689648e-19 1.783494329236269171e-19 9.801319800317287445e-03 2.978653959790011214e-21 7.531301677227020264e-02 2.524159475287522125e-19 1.735722193168888306e-19 1.046343054622411728e-02
1.250000000000000000e+04 7.301993079744111264e-20 8.078554272651672363e-02 4.957905524683584096e-18 7.457593637030549165e-19 1.018705312162637711e-02 2.220273610009941448e-20 7.492881268262863159e-02 1.815006524303906887e-18 8.156883855076753231e-19 1.084123365581035614e-02
1.300000000000000000e+04 7.460526767783873917e-20 8.078591525554656982e-02 5.068700991061080558e-18 7.528815955722896231e-19 1.018669363111257553e-02 2.271473989663699801e-20 7.492916285991668701e-02 1.855034828121113587e-18 8.263843478158688166e-19 1.084088161587715149e-02
1.350000000000000000e+04 7.137151493298778217e-20 7.565851509571075439e-02 3.558414362736755080e-18 7.021015464543303843e-19 1.002797670662403107e-02 2.169002952315858766e-20 7.508544623851776123e-02 1.771632274908923189e-18 7.919529031195607551e-19 1.068540848791599274e-02
1.400000000000000000e+04 6.246574353038880015e-21 7.010708004236221313e-02 3.114516210515086594e-19 4.634296507051956810e-20 1.778835803270339966e-02 1.920921995036794147e-21 6.958326697349548340e-02 1.538082119954003444e-19 5.671247214891591297e-20 1.830919645726680756e-02
1.450000000000000000e+04 1.103625847491509201e-21 7.320521771907806396e-02 5.507963054443330748e-20 8.451713869792725536e-21 9.026203304529190063e-03 3.441621405152587635e-22 7.613230496644973755e-02 2.758299022278280044e-20 1.025383992533886881e-20 9.704734198749065399e-03
1.500000000000000000e+04 1.102723643051426034e-21 7.320529222488403320e-02 5.503567364969435674e-20 8.459598742799688528e-21 9.026125073432922363e-03 3.438332423157667774e-22 7.613239437341690063e-02 2.756041723934805259e-20 1.025822785999452120e-20 9.704656898975372314e-03
1.550000000000000000e+04 1.587123644037064883e-22 5.861323326826095581e-02 1.078417740467186593e-20 1.240489301797264853e-21 6.520794238895177841e-03 4.750234803593243086e-23 7.931569218635559082e-02 3.817167916087295704e-21 1.463210408030455998e-21 7.257915567606687546e-03
1.600000000000000000e+04 1.885608920604501433e-22 5.861371383070945740e-02 1.281263106180502804e-20 1.464895566385301882e-21 6.520311813801527023e-03 5.647984072828083681e-23 7.931640744209289551e-02 4.536886538739104530e-21 1.731189865413144263e-21 7.257446646690368652e-03
1.650000000000000000e+04 1.219105485156370600e-23 7.567902654409408569e-02 6.734628988826226767e-22 7.684388109977778341e-23 8.994081988930702209e-03 3.178357860813228257e-24 7.616771757602691650e-02 2.534207958740065468e-22 9.041397367647273855e-23 9.673309512436389923e-03
1.700000000000000000e+04 1.025246218588157233e-25 7.566744834184646606e-02 7.810263331408093267e-24 1.257326816603124752e-25 9.005655534565448761e-03 1.358414010633111351e-26 7.615494728088378906e-02 9.912734429927002404e-25 2.018332920001266189e-25 9.684632532298564911e-03
