# step, loss_train, loss_test, metrics_test
0.000000000000000000e+00 2.990694774780422449e-04 8.425999432802200317e-02 5.321002026903443038e-05 2.883808221668004990e-03 4.459406714886426926e-03 2.897157100960612297e-04 9.260465949773788452e-02 1.568755033076740801e-05 3.029168350622057915e-03 5.398527719080448151e-03
5.000000000000000000e+02 2.275940278195776045e-05 1.074320054613053799e-03 7.754541911708656698e-06 2.908354326791595668e-05 6.795300869271159172e-04 3.211850071238586679e-06 1.612977706827223301e-03 6.501963980554137379e-06 3.979444954893551767e-06 4.749190120492130518e-04
1.000000000000000000e+03 3.054467742913402617e-05 9.359778050566092134e-05 1.004478417598875239e-05 1.016461737890494987e-05 4.506626573856920004e-04 6.007913384564744774e-07 1.372905389871448278e-04 7.350930445682024583e-06 1.205458102049306035e-05 1.941832451848313212e-04
1.500000000000000000e+03 4.217822570353746414e-04 2.394869457930326462e-03 2.284317160956561565e-04 3.186464018654078245e-04 1.895107910968363285e-03 4.299856300349347293e-06 4.372056107968091965e-03 1.500471698818728328e-04 2.134329697582870722e-04 1.085344352759420872e-03
2.000000000000000000e+03 3.140674380119889975e-05 7.948429993120953441e-05 1.356334678348503076e-06 7.504943823732901365e-06 2.644367341417819262e-04 3.461867947862629080e-07 3.821762584266252816e-05 3.283269279563683085e-06 2.982048727062647231e-06 1.829833126976154745e-05
2.500000000000000000e+03 4.410721157910302281e-05 1.096807027352042496e-04 4.914217242912854999e-06 4.081357019458664581e-06 2.341907966183498502e-04 2.021656371198332636e-07 1.893793378258123994e-04 1.009288297382227029e-07 5.924730885453755036e-06 6.105816737544955686e-06
3.000000000000000000e+03 4.132258982281200588e-05 1.295474212383851409e-04 1.758808684826362878e-05 1.876726855698507279e-06 2.659230667632073164e-04 1.618563771899061976e-07 1.211716153193265200e-04 1.836889168771449476e-05 7.460877213816274889e-07 3.078760346397757530e-05
3.500000000000000000e+03 2.086291556180341900e-11 7.680479437112808228e-02 8.415620283974689642e-11 2.205754051631814150e-10 9.572793729603290558e-03 1.358093065090271168e-11 7.554657012224197388e-02 1.140435662572159004e-11 3.524719405234577607e-11 1.023964770138263702e-02
4.000000000000000000e+03 7.418716450047213584e-07 7.640155404806137085e-02 2.179497187171364203e-06 4.130446029648737749e-07 9.218882769346237183e-03 6.876734346406010445e-07 7.506700605154037476e-02 1.740642801451031119e-06 9.747728881848161109e-07 9.884526953101158142e-03
4.500000000000000000e+03 1.281328909641388236e-08 6.001224741339683533e-02 8.856508060262058279e-08 8.176976251661471906e-08 6.790502462536096573e-03 9.632164399420162226e-09 7.885961979627609253e-02 2.410571653399529168e-08 5.719299878137462656e-08 7.521523628383874893e-03
5.000000000000000000e+03 2.526254684198647738e-04 5.314963404089212418e-03 5.300741122482577339e-06 1.449594128644093871e-05 3.097101347520947456e-03 9.809143648453755304e-07 8.321142755448818207e-03 5.656929261022014543e-06 1.513020833954215050e-06 2.204217016696929932e-03
5.500000000000000000e+03 6.025924813002347946e-05 2.158160204999148846e-04 1.556175561745476443e-06 1.825191702664596960e-06 6.898025749251246452e-04 1.725337916980151931e-08 2.126346662407740951e-04 7.656191201022011228e-07 9.222321040169845219e-08 3.117941087111830711e-04
6.000000000000000000e+03 8.150769644998945296e-06 2.642635263327974826e-05 6.667071943411428947e-07 1.794097386209614342e-07 2.742008364293724298e-04 9.644713472312105296e-09 1.593300294189248234e-05 2.979275279813009547e-07 4.639622730451264943e-08 5.639235496346373111e-06
6.500000000000000000e+03 8.436123607680201530e-05 1.182932755909860134e-03 1.153873199655208737e-05 1.110745415644487366e-06 1.543053193017840385e-03 3.865997655339015182e-08 1.209988491609692574e-03 7.435510269715450704e-06 5.575595309892378282e-07 9.569891262799501419e-04
7.000000000000000000e+03 2.500340451661031693e-05 3.848208143608644605e-05 4.867379175266250968e-07 1.883291105286843958e-07 4.461832286324352026e-04 2.501925777664837369e-08 5.879646414541639388e-05 1.319052813641974353e-07 1.212509062042954611e-07 3.729966556420549750e-05
7.500000000000000000e+03 1.266190429305424914e-05 2.097833748848643154e-05 1.396022213384640054e-07 1.153651396634813864e-07 1.192636555060744286e-04 8.355719671726546949e-09 4.513588282861746848e-05 7.698844939341142890e-08 1.614812106254248647e-08 2.850601958925835788e-06
8.000000000000000000e+03 1.003692159429192543e-05 1.967618482012767345e-05 1.130297349050124467e-07 1.894409820124565158e-07 6.078732258174568415e-05 4.992536606351904993e-09 5.348287959350273013e-05 4.326168578927536146e-08 1.504835589472008905e-09 2.361426368224783801e-06
8.500000000000000000e+03 2.208606019848957658e-05 4.209287872072309256e-04 5.082647476228885353e-07 3.966017345646832837e-07 1.778264122549444437e-04 6.142094388650320980e-09 9.194082231260836124e-04 4.792669372477575962e-08 1.471153243670642041e-08 1.917014196806121618e-05
9.000000000000000000e+03 2.816926280502229929e-05 1.129381234932225198e-05 3.856647481370600872e-07 2.611225795590144116e-07 1.622371928533539176e-04 1.338913868664803886e-08 1.522618258604779840e-04 5.329461316705419449e-08 4.566226508018189634e-09 2.157399649149738252e-06
9.500000000000000000e+03 3.872838351526297629e-05 9.038823918672278523e-06 1.118206910177832469e-06 1.058177645063551608e-06 2.143960882676765323e-04 8.999139211596229870e-09 1.279799744224874303e-05 7.954156444611726329e-07 1.351526321968776756e-07 1.243531528416497167e-06
1.000000000000000000e+04 9.208592928189318627e-06 1.007590981316752732e-05 2.691715792479953961e-07 2.862497581190837082e-07 9.389562910655513406e-05 7.532574564095284586e-09 1.471355426474474370e-05 9.045454874012648361e-08 1.199485382130660582e-07 1.904237933558761142e-06
1.050000000000000000e+04 2.709021282498724759e-05 2.829652112268377095e-05 9.542062571199494414e-07 1.162329226644942537e-06 3.177201433572918177e-04 9.509658838169343653e-09 3.298190495115704834e-05 6.998284334258642048e-07 2.088126080934671336e-07 3.546062771420110948e-06
1.100000000000000000e+04 7.020535122137516737e-06 1.722851993690710515e-05 2.190882213426448288e-07 5.989262490402325056e-07 6.960293831070885062e-05 3.663683134647044426e-09 2.883814522647298872e-05 8.708600063300764305e-09 8.514156490946334088e-08 6.109466994530521333e-06
1.150000000000000000e+04 6.518038389913272113e-06 9.580715413903817534e-05 6.751902592583292062e-09 4.319995738910620275e-08 1.614209031686186790e-05 5.281899362330477743e-10 6.050880256225354970e-05 3.880693100200005574e-09 3.529530445689488261e-08 1.165346566267544404e-05
1.200000000000000000e+04 4.485825684241717681e-06 1.059791902662254870e-04 5.774210443121319258e-09 5.265939506671202253e-08 1.978300133487209678e-05 5.980143047423780445e-10 1.223775179823860526e-04 5.342092546101184780e-09 4.586173929510550806e-08 1.080625406757462770e-05
1.250000000000000000e+04 1.168137623608345166e-05 1.340007293038070202e-05 4.016202126422285801e-08 2.087593031774304109e-07 2.277704334119334817e-05 1.785034875467772508e-08 8.278986933873966336e-05 4.430494016105512856e-08 1.472870536645132233e-07 1.694392121862620115e-04
1.300000000000000000e+04 3.467009037194657139e-06 1.046312718244735152e-05 1.362694668216590799e-08 5.053029283885734912e-08 5.400807822297792882e-06 1.064865529087910545e-08 3.409484634175896645e-05 1.802829885377832397e-08 4.199290160045165976e-08 4.897313192486763000e-04
1.350000000000000000e+04 1.570897620695177466e-05 7.292736427189083770e-06 1.495425010489270790e-07 6.697827359403163427e-08 8.163777238223701715e-05 2.599946258285967815e-09 1.856499511632137001e-05 1.619792016072096885e-07 6.654252615589939523e-08 2.719654730753973126e-06
1.400000000000000000e+04 1.240826441062381491e-05 7.164027010730933398e-06 1.099599415965712979e-07 1.192839782504506729e-08 6.312748882919549942e-05 4.149009580345364157e-09 1.626958874112460762e-05 1.205872592890955275e-07 1.124852744283089123e-08 1.140157564805122092e-06
1.450000000000000000e+04 1.673883161856792867e-05 1.678772059676703066e-05 2.292472913723031525e-07 3.920764015674649272e-07 1.856777380453422666e-04 4.969396005805037930e-09 1.612854066479485482e-05 1.249787970891702571e-07 2.248361852252855897e-08 3.876225036947289482e-06
1.500000000000000000e+04 1.236376738233957440e-05 1.211482449434697628e-04 7.984102268210335751e-08 1.139231500246751239e-07 9.683638199931010604e-05 3.382410440622152237e-08 8.612157398601993918e-05 4.261806907379650511e-08 4.921676222124915512e-08 2.407183274044655263e-05
1.550000000000000000e+04 5.730099019274348393e-06 1.228276778419967741e-05 7.408669233655018616e-08 5.140505265899264487e-08 5.004809281672351062e-05 1.676940364347956347e-08 8.955423254519701004e-05 1.083661249623446565e-08 3.259994585391723376e-08 2.820408371917437762e-05
1.600000000000000000e+04 1.908630110847298056e-06 3.219931159037514590e-06 8.570754772563304869e-08 2.745362159828346194e-08 2.638058504089713097e-06 1.033572694097983913e-08 6.652906449744477868e-05 4.768431693946695304e-08 2.174927438147733483e-08 2.753791923169046640e-04
1.650000000000000000e+04 7.083483069436624646e-06 1.576335671416018158e-05 5.316123008469730848e-08 8.770685866466010339e-08 2.982519617944490165e-05 1.115598546874707608e-08 3.497686702758073807e-05 2.644938490448112134e-08 1.598782439771184727e-08 2.580966611276380718e-05
1.700000000000000000e+04 2.386433607171056792e-06 2.774995482468511909e-05 6.301056032498308923e-08 6.257535289933002787e-08 1.559434349474031478e-05 1.479848910079795132e-09 4.337638893048278987e-05 3.007722781944721646e-08 8.305638843353335687e-09 2.605072768346872181e-05
1.750000000000000000e+04 3.316410129627911374e-06 3.699151056935079396e-05 1.038548713694353864e-08 2.558075173908491706e-08 3.423811722313985229e-05 1.064640153813911638e-09 3.035802910744678229e-05 8.854222244281118037e-09 3.789272184917535924e-08 1.299055293202400208e-05
1.800000000000000000e+04 2.001432903853128664e-06 2.962946746265515685e-05 1.615578959501817735e-08 2.194582471304329374e-08 1.347806301055243239e-05 7.062344598018910347e-10 6.351393676595762372e-05 8.222264646917665232e-09 3.945951121409052575e-08 2.274212056363467127e-05
1.850000000000000000e+04 2.268978460051584989e-05 3.695918712764978409e-04 1.475345925427973270e-06 4.348135007603559643e-07 4.109949804842472076e-04 6.808046464357175864e-07 7.966498960740864277e-04 3.292209003120660782e-03 2.473727249707735609e-07 5.698821405530907214e-05
1.900000000000000000e+04 1.787835935829207301e-05 7.694168016314506531e-04 2.970154469039698597e-07 7.850812266951834317e-07 1.411021949024870992e-04 1.212421096852267510e-07 5.880558164790272713e-04 7.034764275886118412e-04 1.016188434732612222e-06 1.326195051660761237e-04
1.950000000000000000e+04 1.172147131001111120e-05 8.360229912796057761e-06 2.700440120406710776e-07 1.684584987060588901e-07 3.333100175950676203e-05 4.274511411495041102e-08 2.031941039604134858e-05 4.051826836075633764e-04 1.029746030667411105e-07 7.451847523043397814e-06
2.000000000000000000e+04 9.661715921538416296e-06 9.595026313036214560e-06 2.369239950894552749e-07 2.256407753975508967e-07 3.242304956074804068e-05 5.015001747210590111e-08 1.886316385935060680e-05 2.290320262545719743e-04 4.180688506494334433e-07 1.251075082109309733e-05
2.050000000000000000e+04 1.833249916671775281e-05 1.368469111184822395e-05 1.056719227676694572e-07 2.027360750389561872e-07 5.782645530416630208e-05 2.205935878407672135e-08 2.617509926494676620e-05 3.265536747676378582e-07 1.018368536165326077e-07 2.783272293527261354e-06
2.100000000000000000e+04 8.666818757774308324e-06 1.849355066951829940e-05 1.372446405412119930e-07 2.073470142249789205e-07 2.223507908638566732e-05 2.645827912317599839e-08 4.181577241979539394e-05 1.896217867169980309e-07 1.473884623237609048e-07 1.180105027742683887e-05
2.150000000000000000e+04 1.181291190732736140e-05 1.815877840272150934e-05 2.628640913826529868e-07 5.501580631062097382e-07 3.140333574265241623e-04 5.787169854443163786e-08 1.551966852275654674e-05 1.201608574774581939e-05 3.154316061682038708e-07 2.604825112939579412e-06
2.200000000000000000e+04 1.242070084117585793e-05 1.040820279740728438e-05 7.983549465961914393e-08 2.552254763088512846e-08 2.156716509489342570e-04 1.436202268223496503e-08 3.240769729018211365e-05 2.348021189391147345e-05 2.456732239863868017e-08 1.322800699199433438e-06
2.250000000000000000e+04 3.605649180826731026e-05 1.899403287097811699e-05 6.803890784112809342e-08 7.821976311106482171e-08 1.975171908270567656e-04 3.721410957169268841e-09 1.758370854076929390e-05 1.398526539020394921e-08 2.837407819811232912e-08 2.212707386206602678e-06
2.300000000000000000e+04 1.643560062802862376e-05 1.764444095897488296e-05 5.192102037199219922e-08 3.762839071441703709e-07 1.303155586356297135e-04 1.031377649951537023e-08 2.045512155746109784e-05 9.537087919397890801e-08 2.241475982600604766e-07 2.402189466010895558e-06
2.350000000000000000e+04 7.493803423130884767e-06 7.613906745973508805e-06 3.372171875071217073e-08 2.476909912729752250e-07 2.791800216073170304e-05 1.992603859690689205e-09 1.927186713146511465e-05 6.895763249303854536e-08 2.372530900629499229e-07 8.303726417580037378e-07
2.400000000000000000e+04 9.507395589025691152e-06 8.510426596330944449e-06 5.085264209725437468e-09 7.552437608637774247e-08 4.448237450560554862e-05 8.087697178638109108e-11 2.627128924359567463e-05 7.440007276926507984e-09 2.157563017135544214e-08 1.089593297365354374e-06
2.450000000000000000e+04 4.598734085448086262e-05 3.984330760431475937e-05 1.796214746718760580e-06 1.174077581822530192e-07 1.849827967816963792e-04 2.852565899047476705e-07 4.037922917632386088e-05 2.825400542860734276e-06 6.161972265772419632e-08 2.080460035358555615e-05
2.500000000000000000e+04 1.755082848831079900e-05 7.134336192393675447e-05 4.962606112712819595e-07 7.316592700590263121e-07 8.756458555581048131e-05 3.710959219915821450e-07 8.219861047109588981e-05 9.415073805030260701e-07 1.420785622485709609e-07 4.044342858833260834e-05
2.550000000000000000e+04 2.371750451857224107e-05 7.667845929972827435e-04 2.529593757572001778e-06 2.898071898016496561e-07 2.724401128944009542e-04 1.504943725194607396e-08 8.566256728954613209e-04 8.025922966226062272e-07 2.164290613393404783e-08 4.075997276231646538e-05
2.600000000000000000e+04 1.301382144447416067e-05 2.401341589575167745e-05 1.169225924968486652e-06 5.166608048057241831e-07 1.036863104673102498e-04 2.012307831478210574e-08 9.740947280079126358e-05 3.326562989514059154e-07 6.940726393622753676e-07 1.165988578577525914e-05
