# step, loss_train, loss_test, metrics_test
0.000000000000000000e+00 8.422235399484634399e-02 8.166165649890899658e-02 3.681400045752525330e-02 3.763739019632339478e-02 1.234737318009138107e-02 8.571910858154296875e-02 7.010481506586074829e-02 1.670085638761520386e-02 3.881224244832992554e-02 1.390894036740064621e-02
5.000000000000000000e+02 7.059805793687701225e-04 5.633654445409774780e-02 2.201656461693346500e-04 2.180300798499956727e-04 1.313773682340979576e-03 6.153181311674416065e-04 6.416161358356475830e-02 2.187413920182734728e-04 3.932304753107018769e-05 1.929677790030837059e-03
1.000000000000000000e+03 3.106716321781277657e-04 5.477350950241088867e-02 3.081113973166793585e-04 6.166383973322808743e-04 3.708332369569689035e-04 1.329807855654507875e-04 6.316145509481430054e-02 1.137887156801298261e-04 1.499018544564023614e-04 9.725677664391696453e-04
1.500000000000000000e+03 9.789003524929285049e-05 5.749017931520938873e-03 1.309200742980465293e-04 2.496420929674059153e-04 2.051473566098138690e-04 5.939984839642420411e-05 7.597120478749275208e-03 1.328457292402163148e-04 1.402915368089452386e-04 1.447554095648229122e-04
2.000000000000000000e+03 3.898345312336459756e-05 1.324075856246054173e-04 2.453013621561694890e-05 1.828964741434901953e-05 1.621551491552963853e-04 3.577138159016612917e-06 6.360287079587578773e-04 2.233074883406516165e-05 2.272932033520191908e-05 4.089761932846158743e-05
2.500000000000000000e+03 4.149850792600773275e-05 8.070444891927763820e-05 7.696670763834845275e-06 4.447232186066685244e-06 1.819112803786993027e-04 1.276694206353568006e-06 2.279828768223524094e-04 1.145646183431381360e-05 5.824189429404214025e-06 2.716764538490679115e-05
3.000000000000000000e+03 3.613977969507686794e-05 6.540288450196385384e-05 5.176175818633055314e-06 2.008041974477237090e-06 1.751045347191393375e-04 1.262935256818309426e-06 1.988751464523375034e-04 7.207896942418301478e-06 1.881425646388379391e-06 1.817908923840150237e-05
3.500000000000000000e+03 3.316464426461607218e-05 5.659614180331118405e-05 3.798656280196155421e-06 1.894463025564618874e-06 1.601085241418331861e-04 9.434423304810479749e-07 8.480446558678522706e-05 7.933619599498342723e-06 2.090850330205284990e-06 1.935913132911082357e-05
4.000000000000000000e+03 3.096383443335071206e-05 4.777658250532113016e-05 2.965157591461320408e-06 1.394810624333331361e-06 1.604409335413947701e-04 9.281808388550416566e-07 7.364698831224814057e-05 5.900620635657105595e-06 1.093123728423961438e-06 1.549879925732966512e-05
4.500000000000000000e+03 3.719740925589576364e-05 4.479783456190489233e-05 2.549561031628400087e-06 1.931163069457397796e-06 2.591707161627709866e-04 7.580912892990454566e-07 2.179197181249037385e-04 4.779617484018672258e-06 6.262985152716282755e-07 1.270964730792911723e-05
5.000000000000000000e+03 3.635331449913792312e-05 5.070438055554404855e-05 2.607288024591980502e-06 1.268700543732848018e-06 2.439295349176973104e-04 6.775721317353600170e-07 2.120025455951690674e-04 3.764415623663808219e-06 8.417953836215019692e-07 1.111480833060340956e-05
5.500000000000000000e+03 1.670742130954749882e-05 4.081541555933654308e-05 8.561446520616300404e-07 4.730625562388013350e-07 1.296711270697414875e-04 5.477712079482444096e-07 9.827392204897478223e-05 3.520869313433649950e-06 1.008191247819922864e-06 7.513931450375821441e-06
6.000000000000000000e+03 1.611763218534179032e-05 4.362729669082909822e-05 5.858562417415669188e-07 4.329313583184557501e-07 1.272320951102301478e-04 4.717452384284115396e-07 9.543570922687649727e-05 2.724101250350940973e-06 1.163046476904128212e-06 6.662115083599928766e-06
6.500000000000000000e+03 2.671679976629093289e-05 3.112498598056845367e-05 4.255780368112027645e-07 4.477240622691169847e-07 1.172998236143030226e-04 4.924793870486610103e-07 8.575626270612701774e-05 2.275803808515775017e-06 1.139050709753064439e-06 1.049520233209477738e-05
7.000000000000000000e+03 2.812947059283033013e-05 2.873563062166795135e-05 3.462635334017249988e-07 3.778930306452821242e-07 1.085434705601073802e-04 4.641907196401007241e-07 7.696571992710232735e-05 1.854284505498071667e-06 1.149502963926352095e-06 1.058513953466899693e-05
7.500000000000000000e+03 1.411559151165420189e-05 2.769383354461751878e-05 1.164419018095941283e-06 5.052124834037385881e-07 7.396701403195038438e-05 4.798678787665267009e-07 8.802864613244310021e-05 2.769893853837857023e-06 1.287507188862946350e-06 5.704284831153927371e-06
8.000000000000000000e+03 1.599849383637774736e-05 4.681199061451479793e-05 6.971819743739615660e-07 3.601708442602102878e-07 6.718985969200730324e-05 3.150304905830125790e-07 1.856964518083259463e-04 1.590615170243836474e-06 9.404632237419718876e-07 4.119284767511999235e-06
8.500000000000000000e+03 3.413280865061096847e-05 1.103789545595645905e-04 2.522379190850188024e-06 3.560611219199927291e-07 1.788723020581528544e-04 2.250697122008205042e-07 2.509689657017588615e-04 5.726147264795145020e-06 6.397316383299767040e-07 2.540138211770681664e-06
9.000000000000000000e+03 3.109134195256046951e-05 2.675182258826680481e-05 2.758251582690718351e-07 2.555109972490754444e-07 1.609644532436504960e-04 2.231375191286133486e-07 1.420300686731934547e-04 7.468905096175149083e-06 1.838867206060967874e-06 2.456264382999506779e-06
9.500000000000000000e+03 2.288766336278058589e-05 2.633703843457624316e-05 3.516216793286730535e-07 3.117529274732078193e-07 9.469606447964906693e-05 2.053697158999057137e-07 5.501199848367832601e-05 7.198325420176843181e-06 1.385680320709070656e-06 2.693497890504659154e-06
1.000000000000000000e+04 2.088599649141542614e-05 2.087810207740403712e-05 2.751541785528388573e-07 2.299669290550809819e-07 9.447557386010885239e-05 1.911040072855030303e-07 4.242421346134506166e-05 5.052416781836654991e-06 1.260099224964505993e-06 2.679540102690225467e-06
1.050000000000000000e+04 3.630458013503812253e-05 3.115688377874903381e-05 1.008933736557082739e-06 8.616389663984591607e-07 1.673855731496587396e-04 2.063825377263128757e-07 5.442729161586612463e-05 2.302656866959296167e-06 9.786157306734821759e-07 5.088979378342628479e-06
1.100000000000000000e+04 3.471975287538953125e-05 2.657214099599514157e-05 3.465378881628566887e-07 7.433702648995677009e-07 1.558320072945207357e-04 1.717130686529344530e-07 7.499692583223804832e-05 2.275637598359026015e-06 2.285132268298184499e-06 4.624701887223636732e-06
1.150000000000000000e+04 1.382037498842692003e-05 1.422294826625147834e-05 1.493612415970346774e-07 1.828709201845413190e-07 5.345139288692735136e-05 1.284048778416035930e-07 2.993923590111080557e-05 2.662985252754879184e-06 1.486338305767276324e-06 2.579330157459480688e-06
1.200000000000000000e+04 1.452660671930061653e-05 1.313493066845694557e-05 1.321439384582845378e-07 1.270204563752486138e-07 4.848508979193866253e-05 1.165768495070551580e-07 2.619197221065405756e-05 2.060968199657509103e-06 1.231493115483317524e-06 2.585334186733234674e-06
1.250000000000000000e+04 3.166010719723999500e-05 6.660692743025720119e-04 2.671905008355679456e-07 5.587251621363975573e-07 1.391757250530645251e-04 1.112702037175949954e-07 7.269724155776202679e-04 4.302990532778494526e-07 2.758367543265194399e-07 3.567069597920635715e-06
1.300000000000000000e+04 2.426013998046983033e-05 1.022418655338697135e-04 2.498411788565135794e-07 4.034667426822124980e-07 9.837335528573021293e-05 1.110172362928096845e-07 5.180152220418676734e-05 9.548871275910641998e-07 1.424620137413512566e-07 6.974109510338166729e-06
1.350000000000000000e+04 1.469037488277535886e-05 1.317083024332532659e-05 7.074957864006137243e-08 1.585587483532435726e-07 3.646440745797008276e-05 1.051845757160663197e-07 2.384776598773896694e-05 2.715852133405860513e-06 3.485710919903795002e-07 6.314692768683016766e-07
1.400000000000000000e+04 1.301650627283379436e-05 1.117080500989686698e-05 6.176259148560347967e-08 1.127938418221674510e-07 3.704276241478510201e-05 1.152770678913839220e-07 2.109262095473241061e-05 2.976173618662869558e-06 2.003209544909623219e-07 5.485841256813728251e-07
1.450000000000000000e+04 2.366684748267289251e-05 1.701813016552478075e-05 1.310163781909068348e-07 1.828908011702878866e-07 1.530736917629837990e-04 1.626208927518746350e-07 2.893681812565773726e-05 6.200944881129544228e-06 2.761413213647756493e-07 2.255753997815190814e-06
1.500000000000000000e+04 2.244329334644135088e-05 1.606560726941097528e-05 1.393208037825388601e-07 1.531994513470635866e-07 1.429183175787329674e-04 1.947893650822152267e-07 2.468596176186110824e-05 7.468300282198470086e-06 1.459427352301645442e-07 2.276833356518181972e-06
1.550000000000000000e+04 7.748552889097481966e-06 9.838582627708092332e-06 1.341342823479863000e-07 2.241237098132842220e-07 6.588219548575580120e-05 2.262827081267460017e-07 4.202643322059884667e-05 3.128744310743059032e-06 9.458388916527837864e-08 1.098591724257858004e-06
1.600000000000000000e+04 7.002205165917985141e-06 8.978889127320144325e-06 1.485031333459119196e-07 6.723596612800974981e-08 6.248736463021486998e-05 2.140520365401243907e-07 3.336475856485776603e-05 1.742843892316159327e-06 5.773617317572643515e-08 1.216276132254279219e-06
1.650000000000000000e+04 1.676538704487029463e-05 1.514420546300243586e-05 1.899457799936499214e-07 2.985710523262241622e-07 7.744696631561964750e-05 2.874418782994325738e-07 3.437417763052508235e-05 6.992637509029009379e-07 1.394123501086141914e-07 1.450453964935149997e-06
1.700000000000000000e+04 1.788201916497200727e-05 1.120173055824125186e-05 2.367081179954766412e-07 2.077875791428596131e-07 6.770036998204886913e-05 3.009656097674451303e-07 3.047407881240360439e-05 5.750152354266901966e-07 1.806561868988865172e-07 1.121782474911015015e-06
1.750000000000000000e+04 1.920330032589845359e-05 1.326596520812017843e-05 6.166862220879920642e-08 2.141024282309444970e-07 8.788802369963377714e-05 2.919757378094800515e-07 2.312419201189186424e-05 3.309573457954684272e-06 3.199461104941292433e-07 1.247561726813728455e-06
1.800000000000000000e+04 1.925779542943928391e-05 1.703815723885782063e-05 4.259739583289956499e-08 1.181863495958168642e-07 8.455453644273802638e-05 2.745195786246767966e-07 3.663809911813586950e-05 5.752673587267054245e-06 2.195148454120499082e-07 4.901386887468106579e-07
1.850000000000000000e+04 2.389510518696624786e-05 1.704440364846959710e-05 2.578402245489996858e-06 2.081167451706278371e-07 1.393622660543769598e-04 2.991726830714469543e-07 4.789008016814477742e-05 6.069989240131690167e-07 1.315836328785735532e-07 1.733347744448110461e-06
1.900000000000000000e+04 1.890693238237872720e-05 2.188573489547707140e-05 1.995327920667477883e-06 1.790390768974248203e-07 1.231800852110609412e-04 2.543791595144284656e-07 3.725643182406201959e-05 7.552903724672432872e-08 1.880058562164776959e-07 1.932296527229482308e-06
1.950000000000000000e+04 1.041819268721155822e-05 5.544442956306738779e-06 2.212654095501420670e-07 1.967628691090794746e-07 1.883187542262021452e-05 1.221784486915566958e-07 1.297439303016290069e-05 2.164161116979812505e-07 1.034384524700726615e-07 3.056548507629486267e-07
2.000000000000000000e+04 6.732663223374402151e-06 1.317472197115421295e-04 6.605637850043422077e-07 2.637558225160319125e-07 1.745217741699889302e-05 1.007806744723893644e-07 1.418493775418028235e-04 1.409754446513034054e-07 1.539766856240021298e-07 3.586811772038345225e-06
2.050000000000000000e+04 8.624835572845768183e-06 3.952477982238633558e-06 6.672449615052755689e-08 2.296388998956899741e-07 3.342423224239610136e-05 1.031327698797213088e-07 1.004757450573379174e-05 4.108300188931934827e-08 1.796831554656819208e-07 6.844545055173512083e-07
2.100000000000000000e+04 8.351987162313889712e-06 3.277939413237618282e-06 5.825950211146846414e-08 2.116267268092997256e-07 2.850728014891501516e-05 1.030300964544039743e-07 7.084170192683814093e-06 4.108530404778321099e-08 1.606254897978942608e-07 6.074810130485275295e-07
2.150000000000000000e+04 8.741638339415658265e-06 7.303187885554507375e-06 2.178116460527235176e-07 8.473367074657289777e-08 1.394119026372209191e-04 1.386110000112239504e-07 3.419337735977023840e-05 6.719650968989299145e-08 1.431745204172329977e-06 1.439060042685014196e-06
2.200000000000000000e+04 1.074854390026303008e-05 4.998985605197958648e-05 1.152397928194659471e-07 1.229028612215188332e-07 1.155274439952336252e-04 1.537897418302236474e-07 5.621620948659256101e-05 7.616713304514632910e-08 2.403774260528734885e-06 7.016559266048716381e-06
2.250000000000000000e+04 9.407222023583017290e-06 5.892345598113024607e-06 5.597054908434984100e-08 4.784981797456566710e-07 6.552113336510956287e-05 1.509755520601174794e-07 1.351387163595063612e-05 1.090838637196611671e-07 4.665809569814882707e-07 1.153636731032747775e-06
2.300000000000000000e+04 8.011079444258939475e-06 5.466405582410516217e-06 4.175202761302898580e-08 1.923036307971415226e-07 6.112004484748467803e-05 1.221702063958218787e-07 1.075663021765649319e-05 1.912690521521653864e-07 4.532747936991654569e-07 1.574676389282103628e-06
2.350000000000000000e+04 6.284834398684324697e-06 4.296974111639428884e-06 4.105968898215905938e-08 6.261197427193110343e-08 1.031201372825307772e-05 9.893395258586679120e-08 7.497214937757235020e-06 8.800315072221565060e-07 1.306018049263002467e-07 4.755380018650612328e-07
2.400000000000000000e+04 5.007662821299163625e-06 6.010512151988223195e-06 5.381481926747255784e-08 7.611308916466441588e-08 7.982234819792211056e-06 9.025873026757835760e-08 9.532098374620545655e-06 9.909232403515488841e-07 1.181378053161097341e-07 6.766506430722074583e-07
2.450000000000000000e+04 5.643240001518279314e-06 3.944208856410114095e-06 1.158162064029966132e-07 1.737717099103974761e-07 2.834786573657765985e-05 8.331192447030844050e-08 9.997459528676699847e-06 1.821013739800037001e-07 3.022309442712867167e-07 3.261295375978079392e-07
2.500000000000000000e+04 4.367166184238158166e-06 7.413837465719552711e-06 6.074419900414795848e-08 1.119836596785717120e-07 2.415500966890249401e-05 1.010376422527770046e-07 1.482875450165010989e-05 3.845713081318535842e-07 3.258658978211315116e-07 1.865443834958568914e-07
2.550000000000000000e+04 1.274750047741690651e-05 6.542493338201893494e-06 3.611853856000379892e-07 1.916887129027600167e-07 3.157199535053223372e-05 7.463266626928088954e-08 3.049799124710261822e-05 4.682445648995781085e-07 2.036044151054738904e-07 6.497654680970299523e-07
2.600000000000000000e+04 1.069498466677032411e-05 4.516302851698128507e-06 2.815488926444231765e-07 7.996847983804400428e-08 2.623296131787355989e-05 9.295409597598336404e-08 2.575345206423662603e-05 3.581930343443673337e-07 1.092448087547381874e-07 4.973256295670580585e-07
2.650000000000000000e+04 5.810828497487818822e-06 7.747007657599169761e-06 9.282717172709453735e-08 9.010495460870515672e-08 4.402058766572736204e-05 1.359084222940509790e-07 1.436435468349372968e-05 2.409234696187922964e-07 3.850667837923538173e-07 1.913726919156033546e-06
2.700000000000000000e+04 5.267515007290057838e-06 7.185021786426659673e-06 1.277345091921233688e-07 1.381073673201171914e-07 4.021611675852909684e-05 1.106993323674032581e-07 1.013225482893176377e-05 2.872539539566787425e-07 4.414320642354141455e-07 3.054597527807345614e-06
2.750000000000000000e+04 6.782862328691408038e-06 3.111913656539400108e-06 9.541700762838445371e-08 6.267559626849106280e-08 1.505461750639369711e-05 9.375552423307453864e-08 6.541855782415950671e-06 1.180909094955495675e-07 2.677855945876217447e-07 5.350244691726402380e-07
2.800000000000000000e+04 5.770895768364425749e-06 6.599438620469300076e-06 7.823512504501195508e-08 6.063900315211867564e-08 1.226645326823927462e-05 9.136393686048904783e-08 1.518622048024553806e-05 2.646646350967785111e-07 2.747924270352086751e-07 4.495488781230960740e-07
2.850000000000000000e+04 1.167535174317890778e-05 1.158872964879265055e-05 9.610727147446596064e-08 7.100672405613295268e-08 1.148480369010940194e-04 7.399452783829474356e-08 1.916965447890106589e-05 3.391621561377178296e-08 9.878942819341318682e-08 1.364805484627140686e-06
2.900000000000000000e+04 6.416958513000281528e-06 3.735537393367849290e-05 1.645757521373525378e-07 2.597509762836125446e-07 1.129359807237051427e-04 8.490162883845187025e-08 5.995178798912093043e-05 4.960694610645077773e-08 1.058843110968155088e-07 8.635575454718491528e-07
2.950000000000000000e+04 4.406650077726226300e-06 4.334080131229711697e-06 8.385063665627967566e-08 8.564554576651062234e-08 1.757426616677548736e-05 8.529584505367893144e-08 6.934164957783650607e-06 3.817627458602146362e-08 3.484873900561069604e-07 8.253527425949869212e-07
3.000000000000000000e+04 3.392421149328583851e-06 4.122307473153341562e-06 5.483493126234861847e-08 5.430084826230086037e-08 1.403703481628326699e-05 8.748368429678521352e-08 5.922772288613487035e-06 1.777260649760137312e-07 2.672591961072612321e-07 9.631154398448416032e-07
3.050000000000000000e+04 9.595860319677740335e-06 1.252823494723998010e-05 6.412061992477902095e-08 7.086986641979819979e-08 3.197050682501867414e-05 8.897488612547022058e-08 3.637845657067373395e-05 6.854467216044213274e-08 6.632286044805368874e-07 1.873539758889819495e-07
3.100000000000000000e+04 7.390187874989351258e-06 5.559554210776695982e-06 7.098604015709497617e-08 8.125214634446820128e-08 2.225651041953824461e-05 7.156136661023992929e-08 2.543476148275658488e-05 1.799000983737641945e-07 1.207515083478938323e-06 4.504172181896137772e-07
3.150000000000000000e+04 3.284926833657664247e-06 1.315859935857588425e-05 2.863247772211252595e-08 1.115577532573297503e-07 2.984195089084096253e-05 6.787605855151923606e-08 1.976373641809914261e-05 3.502474896777130198e-07 4.734249614557484165e-06 4.360436832939740270e-06
3.200000000000000000e+04 2.079171053992467932e-06 4.504627668211469427e-06 3.488028710307844449e-08 4.773040629402203194e-08 2.578578096290584654e-05 6.280316000584207359e-08 1.568486368341837078e-05 3.811418025634338846e-07 5.354072527552489191e-06 3.331231255288003013e-06
3.250000000000000000e+04 5.662684998242184520e-06 5.189694547880208120e-06 7.801806845009195968e-08 4.953363585968872940e-08 3.817580727627500892e-05 6.102494864990148926e-08 7.598669981234706938e-06 2.355815276189332508e-08 1.116232866138489044e-07 1.302952114201616496e-06
3.300000000000000000e+04 4.584599082591012120e-06 4.748813353216974065e-06 5.229002297824081325e-08 2.619671768400166911e-08 3.438503699726425111e-05 6.893804282981363940e-08 6.805540579080116004e-06 2.624927653016584372e-08 1.011714516607753467e-07 1.508572381681005936e-06
3.350000000000000000e+04 4.455015186977107078e-06 3.526689852151321247e-06 2.533341891819418379e-08 1.327765062342223246e-07 2.388711982348468155e-05 7.216139152887990349e-08 7.091126008162973449e-06 7.107920652060784050e-08 3.376473145522140840e-08 1.831424697229522280e-06
3.400000000000000000e+04 4.016802904516225681e-06 3.183112994520342909e-06 3.576440477104370075e-08 6.048880152320634807e-08 1.835965667851269245e-05 6.962707033153492375e-08 6.720052624586969614e-06 9.074118878515946562e-08 2.278613031592158222e-08 1.610199547030788381e-06
