# step, loss_train, loss_test, metrics_test
0.000000000000000000e+00 3.731127455830574036e-02 1.207839027047157288e-01 2.147640660405158997e-02 2.895917370915412903e-02 8.805596269667148590e-03 3.800637274980545044e-02 1.938806027173995972e-01 1.386677473783493042e-02 3.354894742369651794e-02 9.636346250772476196e-03
5.000000000000000000e+02 2.008558018133044243e-03 8.260384947061538696e-02 3.968920558691024780e-03 5.751613527536392212e-03 2.175060333684086800e-03 2.050842158496379852e-03 1.032826229929924011e-01 2.692697104066610336e-03 6.554770749062299728e-03 3.020209493115544319e-03
1.000000000000000000e+03 1.244566868990659714e-03 6.750836968421936035e-02 7.231265190057456493e-04 1.005745260044932365e-03 1.362122129648923874e-03 1.213682349771261215e-03 7.526086270809173584e-02 5.684408242814242840e-04 1.064509386196732521e-03 2.187612466514110565e-03
1.500000000000000000e+03 2.399453427642583847e-03 7.656309753656387329e-02 3.988163662143051624e-04 3.796350501943379641e-04 2.324470551684498787e-03 2.359608188271522522e-03 6.928049772977828979e-02 3.488080983515828848e-04 4.424327344167977571e-04 3.057989990338683128e-03
2.000000000000000000e+03 1.861042575910687447e-03 7.388519495725631714e-02 2.224897907581180334e-04 1.954355393536388874e-04 3.125520655885338783e-03 1.822987222112715244e-03 6.799875199794769287e-02 2.110313071170821786e-04 2.739466435741633177e-04 3.802692750468850136e-03
2.500000000000000000e+03 1.591593958437442780e-03 8.518406748771667480e-02 1.209885449497960508e-04 8.415034244535490870e-05 4.135891795158386230e-03 1.551153953187167645e-03 6.669086962938308716e-02 1.322422031080350280e-04 1.476579491281881928e-04 4.675440955907106400e-03
3.000000000000000000e+03 1.098702428862452507e-03 8.361549675464630127e-02 6.352992932079359889e-05 4.558061482384800911e-05 5.054212175309658051e-03 1.063810079358518124e-03 6.614126265048980713e-02 8.244981290772557259e-05 8.649029041407629848e-05 5.532274488359689713e-03
3.500000000000000000e+03 1.634702901355922222e-03 6.715030968189239502e-02 7.396638011414324865e-06 5.986538963043130934e-05 4.547626245766878128e-03 1.613321714103221893e-03 6.577686220407485962e-02 2.634585689520463347e-05 2.292793396918568760e-05 5.118380300700664520e-03
4.000000000000000000e+03 1.579430652782320976e-03 6.697548180818557739e-02 1.405191051162546501e-05 7.355686102528125048e-05 4.408348817378282547e-03 1.559332478791475296e-03 6.562124192714691162e-02 5.122738366480916739e-05 2.820650297508109361e-05 4.985091276466846466e-03
4.500000000000000000e+03 1.562102988827973604e-04 5.385124683380126953e-02 4.562246886052889749e-06 7.402159826597198844e-05 3.849635133519768715e-03 1.432683638995513320e-04 6.892287731170654297e-02 1.630344922887161374e-05 2.747418693616054952e-05 4.478054586797952652e-03
5.000000000000000000e+03 1.544639962958171964e-04 5.387890711426734924e-02 8.582192094763740897e-06 8.237401198130100965e-05 3.723123343661427498e-03 1.425119698978960514e-04 6.888068467378616333e-02 2.709684667934197932e-05 2.450642750773113221e-05 4.355753771960735321e-03
5.500000000000000000e+03 2.310619165655225515e-04 5.893684923648834229e-02 3.623431257437914610e-05 7.121487578842788935e-05 3.787115914747118950e-03 2.214767155237495899e-04 6.806371361017227173e-02 7.016307063167914748e-05 2.710931039473507553e-05 4.344267304986715317e-03
6.000000000000000000e+03 2.140375581802800298e-04 5.890802294015884399e-02 4.144051854382269084e-05 7.774030382279306650e-05 3.696147818118333817e-03 2.040134277194738388e-04 6.788257509469985962e-02 7.739942520856857300e-05 2.737712929956614971e-05 4.255714826285839081e-03
6.500000000000000000e+03 1.366484066238626838e-04 6.039129570126533508e-02 6.221629882929846644e-05 7.343584002228453755e-05 4.089055582880973816e-03 1.205344233312644064e-04 6.725124269723892212e-02 8.667344809509813786e-05 3.146743620163761079e-05 4.697148688137531281e-03
7.000000000000000000e+03 1.396176521666347980e-04 6.032691150903701782e-02 6.213263986865058541e-05 7.729675417067483068e-05 3.964645322412252426e-03 1.202011262648738921e-04 6.712503731250762939e-02 7.097279740264639258e-05 2.994463102368172258e-05 4.572959616780281067e-03
7.500000000000000000e+03 2.936740347649902105e-04 7.384550571441650391e-02 6.889266660436987877e-05 1.257872499991208315e-04 4.746579099446535110e-03 2.630089875310659409e-04 6.523602455854415894e-02 9.308674634667113423e-05 3.632827792898751795e-05 5.302185658365488052e-03
8.000000000000000000e+03 3.174651646986603737e-04 7.374524325132369995e-02 6.806938472436740994e-05 1.294270623475313187e-04 4.403699189424514771e-03 2.738456823863089085e-04 6.505241245031356812e-02 9.146738011622801423e-05 3.960998583352193236e-05 4.960548598319292068e-03
8.500000000000000000e+03 2.157896815333515406e-04 5.704236403107643127e-02 4.453269866644404829e-05 1.104589246097020805e-04 2.910364884883165359e-03 1.834455033531412482e-04 6.668341159820556641e-02 6.471691449405625463e-05 3.183907756465487182e-05 3.569894470274448395e-03
9.000000000000000000e+03 2.087969187414273620e-04 5.692946538329124451e-02 5.462358240038156509e-05 1.123187175835482776e-04 2.696004696190357208e-03 1.761547027854248881e-04 6.658545881509780884e-02 7.665800512768328190e-05 3.200769424438476562e-05 3.346772631630301476e-03
9.500000000000000000e+03 4.012840217910706997e-04 5.411225184798240662e-02 4.384244311950169504e-05 1.481760555179789662e-04 2.290046075358986855e-03 3.482098982203751802e-04 6.569734215736389160e-02 9.210453572450205684e-05 2.970679634017869830e-05 2.958118682727217674e-03
1.000000000000000000e+04 4.117527569178491831e-04 5.396853759884834290e-02 5.794243043055757880e-05 1.501408114563673735e-04 2.081137849017977715e-03 3.560490731615573168e-04 6.552486121654510498e-02 1.134874619310721755e-04 2.754202068899758160e-05 2.742703072726726532e-03
1.050000000000000000e+04 3.879400901496410370e-04 5.564284697175025940e-02 1.748201175360009074e-04 1.532441965537145734e-04 2.081009792163968086e-03 3.275225753895938396e-04 6.529750674962997437e-02 1.652731298236176372e-04 5.932348358328454196e-05 2.611041069030761719e-03
1.100000000000000000e+04 3.591687709558755159e-04 5.544701591134071350e-02 2.118970442097634077e-04 1.903060910990461707e-04 1.992282923310995102e-03 3.022645832970738411e-04 6.514644622802734375e-02 1.802663464331999421e-04 7.064850069582462311e-05 2.519294619560241699e-03
1.150000000000000000e+04 7.472371216863393784e-04 6.627234816551208496e-02 2.057749952655285597e-04 2.248973905807361007e-04 2.101194346323609352e-03 6.352865602821111679e-04 6.379496306180953979e-02 3.783748834393918514e-04 7.493026350857689977e-05 2.660792553797364235e-03
1.200000000000000000e+04 6.938794394955039024e-04 6.593490391969680786e-02 2.555825922172516584e-04 3.050880040973424911e-04 2.023771405220031738e-03 5.795917822979390621e-04 6.353351473808288574e-02 4.749022773467004299e-04 1.231628120876848698e-04 2.581041073426604271e-03
1.250000000000000000e+04 3.746138827409595251e-04 6.912216544151306152e-02 2.164827019441872835e-04 4.858761967625468969e-04 2.130309119820594788e-03 3.090146929025650024e-04 6.368845701217651367e-02 2.806760021485388279e-04 1.184681823360733688e-04 2.696586772799491882e-03
1.300000000000000000e+04 3.241967060603201389e-04 6.894292682409286499e-02 2.112487127305939794e-04 5.316555034369230270e-04 2.003074390813708305e-03 2.585987676866352558e-04 6.357846409082412720e-02 2.747719991020858288e-04 1.372645492665469646e-04 2.563485642895102501e-03
1.350000000000000000e+04 2.592389355413615704e-04 6.404121220111846924e-02 1.806316868169233203e-04 4.339012084528803825e-04 1.869036350399255753e-03 2.011040778597816825e-04 6.310227513313293457e-02 4.860436602029949427e-04 1.680465793469920754e-04 2.447949722409248352e-03
1.400000000000000000e+04 2.375831682002171874e-04 6.362973898649215698e-02 2.200886083301156759e-04 5.091750645078718662e-04 1.701284898445010185e-03 1.760365557856857777e-04 6.261467188596725464e-02 6.116713630035519600e-04 2.396430645603686571e-04 2.277428284287452698e-03
1.450000000000000000e+04 1.484656968386843801e-04 6.179805845022201538e-02 4.429015971254557371e-04 5.118040135130286217e-04 1.601252704858779907e-03 1.009971674648113549e-04 6.241119280457496643e-02 5.040412652306258678e-04 2.371777954977005720e-04 2.047267975285649300e-03
1.500000000000000000e+04 1.401292538503184915e-04 6.085165217518806458e-02 5.296078743413090706e-04 7.062020595185458660e-04 1.510334550403058529e-03 8.925057045416906476e-05 6.157498806715011597e-02 4.859963373746722937e-04 3.682839451357722282e-04 1.936063170433044434e-03
1.550000000000000000e+04 1.289296051254495978e-04 4.985230788588523865e-02 2.658720186445862055e-04 5.723758949898183346e-04 9.095408022403717041e-04 8.774289744906127453e-05 6.296405941247940063e-02 1.761055318638682365e-04 2.823570976033806801e-04 1.496686600148677826e-03
1.600000000000000000e+04 1.275541580980643630e-04 4.934262856841087341e-02 3.309722233098000288e-04 6.345811998471617699e-04 8.777070324867963791e-04 8.380218059755861759e-05 6.215336546301841736e-02 2.026726433541625738e-04 3.868924395646899939e-04 1.459293183870613575e-03
1.650000000000000000e+04 8.953391079558059573e-05 6.157630309462547302e-02 7.871374255046248436e-04 8.097889367491006851e-04 1.760806771926581860e-03 6.061308886273764074e-05 6.096226722002029419e-02 2.081832499243319035e-04 4.479343187995254993e-04 2.078929217532277107e-03
1.700000000000000000e+04 1.111625679186545312e-04 5.884885787963867188e-02 1.129563548602163792e-03 7.439915789291262627e-04 1.859429525211453438e-03 7.216154335765168071e-05 5.801991373300552368e-02 3.078070294577628374e-04 6.141383200883865356e-04 2.145978622138500214e-03
1.750000000000000000e+04 1.608502498129382730e-04 5.311473459005355835e-02 1.182563486509025097e-03 6.759815732948482037e-04 1.561269862577319145e-03 1.197237797896377742e-04 5.107813328504562378e-02 3.557906020432710648e-04 2.503651194274425507e-03 1.932919956743717194e-03
1.800000000000000000e+04 2.461549884174019098e-04 4.892948269844055176e-02 1.207390334457159042e-03 8.657189900986850262e-04 1.816221047192811966e-03 1.894991582958027720e-04 4.526106268167495728e-02 3.565062652342021465e-04 4.007251467555761337e-03 2.136135706678032875e-03
1.850000000000000000e+04 1.941105438163504004e-04 3.789266198873519897e-02 1.142055261880159378e-03 6.886181072331964970e-04 1.749353134073317051e-03 1.593653141753748059e-04 4.727775603532791138e-02 6.180399213917553425e-04 1.555991591885685921e-03 2.041473286226391792e-03
1.900000000000000000e+04 1.769757946021854877e-04 3.598285093903541565e-02 1.014197827316820621e-03 6.577922031283378601e-04 1.952564693056046963e-03 1.457092294003814459e-04 4.385645315051078796e-02 6.064942572265863419e-04 1.744278240948915482e-03 2.202256349846720695e-03
1.950000000000000000e+04 2.850987657438963652e-04 4.027175158262252808e-02 8.380524814128875732e-04 9.074035915546119213e-04 2.293914789333939552e-03 2.230020909337326884e-04 3.586605563759803772e-02 4.766283382195979357e-04 3.328344784677028656e-03 2.570233307778835297e-03
2.000000000000000000e+04 3.487577778287231922e-04 3.767655044794082642e-02 7.044422090984880924e-04 9.745875140652060509e-04 2.367735607549548149e-03 2.555335231591016054e-04 3.258658945560455322e-02 5.035984795540571213e-04 3.631189931184053421e-03 2.629034686833620071e-03
2.050000000000000000e+04 3.268596192356199026e-04 3.755988180637359619e-02 4.444773658178746700e-04 1.278609968721866608e-03 2.855293219909071922e-03 2.366023109061643481e-04 2.978300862014293671e-02 3.291111206635832787e-04 4.004310816526412964e-03 2.917335368692874908e-03
2.100000000000000000e+04 3.355582302901893854e-04 3.481465950608253479e-02 4.063766973558813334e-04 1.153964549303054810e-03 2.866236958652734756e-03 2.436682843836024404e-04 2.712421491742134094e-02 2.976308169309049845e-04 3.882273100316524506e-03 2.890703966841101646e-03
2.150000000000000000e+04 4.970022127963602543e-04 2.906256541609764099e-02 4.301056615076959133e-04 9.353364002890884876e-04 2.070618560537695885e-03 3.405285824555903673e-04 2.364320121705532074e-02 3.874976246152073145e-04 5.254434421658515930e-03 2.339602913707494736e-03
2.200000000000000000e+04 6.107048830017447472e-04 2.617867849767208099e-02 3.299723903182893991e-04 9.539052844047546387e-04 2.033011056482791901e-03 4.091787850484251976e-04 2.033444121479988098e-02 3.370598133187741041e-04 5.734439473599195480e-03 2.281676046550273895e-03
2.250000000000000000e+04 7.016069139353930950e-04 2.623994089663028717e-02 2.985028550028800964e-04 1.217700773850083351e-03 2.524833427742123604e-03 4.423932114150375128e-04 1.624263450503349304e-02 2.307376853423193097e-04 7.670391350984573364e-03 2.692720619961619377e-03
2.300000000000000000e+04 7.785676862113177776e-04 2.240718342363834381e-02 2.575619728304445744e-04 1.091496553272008896e-03 2.576070139184594154e-03 5.007406580261886120e-04 1.321073342114686966e-02 1.957609638338908553e-04 8.106051012873649597e-03 2.699770964682102203e-03
2.350000000000000000e+04 1.082786824554204941e-03 1.437646150588989258e-02 2.095502277370542288e-04 7.590487948618829250e-04 1.886165235191583633e-03 7.341310847550630569e-04 1.075391564518213272e-02 1.658550318097695708e-04 4.749904852360486984e-03 1.949377707205712795e-03
2.400000000000000000e+04 1.252233283594250679e-03 1.215590443462133408e-02 1.464522792957723141e-04 6.607040413655340672e-04 1.803745166398584843e-03 8.263089112006127834e-04 8.196903392672538757e-03 1.463660009903833270e-04 4.350192844867706299e-03 1.842615078203380108e-03
2.450000000000000000e+04 1.107927062548696995e-03 1.200234238058328629e-02 1.327536010649055243e-04 5.243108607828617096e-04 2.049030270427465439e-03 7.551866001449525356e-04 6.565436720848083496e-03 1.181838670163415372e-04 4.509069491177797318e-03 2.010999713093042374e-03
2.500000000000000000e+04 1.059692585840821266e-03 9.805014356970787048e-03 1.159462117357179523e-04 4.606351430993527174e-04 2.197162713855504990e-03 7.207208545878529549e-04 4.980784840881824493e-03 9.819672413868829608e-05 3.893246175721287727e-03 2.109979745000600815e-03
2.550000000000000000e+04 8.020494715310633183e-04 7.904603146016597748e-03 1.177440208266489208e-04 3.787502355407923460e-04 2.518080174922943115e-03 5.823275423608720303e-04 4.072515759617090225e-03 1.447996037313714623e-04 2.163257217034697533e-03 2.485550241544842720e-03
2.600000000000000000e+04 7.196990191005170345e-04 6.111927330493927002e-03 1.042760559357702732e-04 3.529949462972581387e-04 2.629128983244299889e-03 5.117238033562898636e-04 2.912634517997503281e-03 1.193306015920825303e-04 1.725143752992153168e-03 2.584350062534213066e-03
2.650000000000000000e+04 7.703975425101816654e-04 4.050815477967262268e-03 6.343774293782189488e-05 2.895024372264742851e-04 2.400061115622520447e-03 5.029169842600822449e-04 1.885112375020980835e-03 6.221076182555407286e-05 2.834547776728868484e-03 2.225743141025304794e-03
2.700000000000000000e+04 7.470389246009290218e-04 3.269420005381107330e-03 4.593353150994516909e-05 2.577634295448660851e-04 2.435904927551746368e-03 4.783333279192447662e-04 1.329901162534952164e-03 4.958970021107234061e-05 2.224393887445330620e-03 2.234472194686532021e-03
2.750000000000000000e+04 7.421316695399582386e-04 2.339871833100914955e-03 4.040516432723961771e-05 1.879204064607620239e-04 2.457307418808341026e-03 4.185524303466081619e-04 1.104072085581719875e-03 2.538779153837822378e-05 1.308615901507437229e-03 2.361997030675411224e-03
2.800000000000000000e+04 6.492335814982652664e-04 1.816981821320950985e-03 3.365702650626190007e-05 1.650581252761185169e-04 2.494474872946739197e-03 3.665216790977865458e-04 8.890548488125205040e-04 2.000948370550759137e-05 8.340674685314297676e-04 2.395561197772622108e-03
2.850000000000000000e+04 5.466518923640251160e-04 1.726379734463989735e-03 3.682027454487979412e-05 1.963975228136405349e-04 2.807284938171505928e-03 3.153368597850203514e-04 7.616397342644631863e-04 3.260205630795098841e-05 2.949006156995892525e-04 2.628999762237071991e-03
2.900000000000000000e+04 4.748046922031790018e-04 1.430071541108191013e-03 3.206826659152284265e-05 1.511157461209222674e-04 2.777568297460675240e-03 2.771360159385949373e-04 6.918417639099061489e-04 3.572867353796027601e-05 1.811143156373873353e-04 2.578427083790302277e-03
2.950000000000000000e+04 4.004418733529746532e-04 1.345856348052620888e-03 2.083469553326722234e-05 1.270283828489482403e-04 3.069321392104029655e-03 2.540881396271288395e-04 6.508691003546118736e-04 4.597430233843624592e-05 1.046729303197935224e-04 2.510002115741372108e-03
3.000000000000000000e+04 3.514139971230179071e-04 1.171365962363779545e-03 1.896571302495431155e-05 9.493665857007727027e-05 2.984377322718501091e-03 2.282145287608727813e-04 6.038650171831250191e-04 5.316673923516646028e-05 7.737884152447804809e-05 2.399584045633673668e-03
3.050000000000000000e+04 3.350692568346858025e-04 1.031539752148091793e-03 2.524373485357500613e-05 5.857081123394891620e-05 2.847601659595966339e-03 2.085635205730795860e-04 7.139631197787821293e-04 2.075134580081794411e-05 1.105769551941193640e-04 2.246152842417359352e-03
3.100000000000000000e+04 2.923885476775467396e-04 9.484056499786674976e-04 2.667090120667126030e-05 3.415688479435630143e-05 2.656034426763653755e-03 1.805289502954110503e-04 6.696411292068660259e-04 2.565418799349572510e-05 9.639999916544184089e-05 2.065866254270076752e-03
3.150000000000000000e+04 2.512045321054756641e-04 8.811629377305507660e-04 1.466517642256803811e-05 4.500880095292814076e-05 2.395074814558029175e-03 1.570789463585242629e-04 5.919204559177160263e-04 2.211571882071439177e-05 8.686519140610471368e-05 1.903963508084416389e-03
3.200000000000000000e+04 2.124557940987870097e-04 7.979557849466800690e-04 1.733398858050350100e-05 4.938445272273384035e-05 2.232824452221393585e-03 1.312977401539683342e-04 5.611079977825284004e-04 2.919135658885352314e-05 7.526289846282452345e-05 1.769515569321811199e-03
3.250000000000000000e+04 1.777007564669474959e-04 6.644234526902437210e-04 4.213692227494902909e-05 3.358057074365206063e-05 1.837474177591502666e-03 1.066679324139840901e-04 4.461735661607235670e-04 5.904452700633555651e-05 5.384527685237117112e-05 1.627083052881062031e-03
3.300000000000000000e+04 1.603075652383267879e-04 6.380961276590824127e-04 4.322959648561663926e-05 3.127030504401773214e-05 1.739560859277844429e-03 9.432651859242469072e-05 4.298399144317954779e-04 6.351378397084772587e-05 6.540327740367501974e-05 1.528716762550175190e-03
3.350000000000000000e+04 1.815430732676759362e-04 7.508365088142454624e-04 4.047563925269059837e-05 2.467730882926844060e-05 2.100962214171886444e-03 8.898414671421051025e-05 4.693314840551465750e-04 5.304012665874324739e-05 3.061948154936544597e-05 1.326829660683870316e-03
3.400000000000000000e+04 1.608714956091716886e-04 7.192802149802446365e-04 4.559242370305582881e-05 1.788397821655962616e-05 1.974113052710890770e-03 7.535918848589062691e-05 4.498047637753188610e-04 6.119952740846201777e-05 3.203424421371892095e-05 1.232338603585958481e-03
3.450000000000000000e+04 1.306781487073749304e-04 6.349381874315440655e-04 4.082097075297497213e-05 2.005376336455810815e-05 1.510021858848631382e-03 6.699556979583576322e-05 4.057632468175143003e-04 5.699477333109825850e-05 8.470895409118384123e-05 1.242671394720673561e-03
3.500000000000000000e+04 1.185876826639287174e-04 5.832366296090185642e-04 3.795915108639746904e-05 2.022457192651927471e-05 1.459160703234374523e-03 5.862991747562773526e-05 3.920188464689999819e-04 5.459078602143563330e-05 1.189137401524931192e-04 1.184446038678288460e-03
3.550000000000000000e+04 1.017726099235005677e-04 5.176303093321621418e-04 3.866180122713558376e-05 2.571788354543969035e-05 1.563760102726519108e-03 4.833612911170348525e-05 3.973429847974330187e-04 7.563520921394228935e-05 5.941959898336790502e-05 1.083303126506507397e-03
3.600000000000000000e+04 8.851542224874719977e-05 4.898310871794819832e-04 3.924135307897813618e-05 2.836243402271065861e-05 1.493304269388318062e-03 4.118760261917486787e-05 3.904284967575222254e-04 7.944250683067366481e-05 6.938772276043891907e-05 1.019454910419881344e-03
3.650000000000000000e+04 7.652248314116150141e-05 4.778698785230517387e-04 3.595299858716316521e-05 2.464378303557168692e-05 1.531059271655976772e-03 3.831339563475921750e-05 3.632433072198182344e-04 4.729481224785558879e-05 1.138791267294436693e-04 1.013869652524590492e-03
3.700000000000000000e+04 6.955777644179761410e-05 4.535359621513634920e-04 3.229321737308055162e-05 2.147123086615465581e-05 1.481632003560662270e-03 3.520732570905238390e-05 3.492720425128936768e-04 4.267655458534136415e-05 1.206711167469620705e-04 9.619736811146140099e-04
3.750000000000000000e+04 7.355113484663888812e-05 4.432390560396015644e-04 2.714822221605572850e-05 2.658434095792472363e-05 1.615728484466671944e-03 3.354941145516932011e-05 3.276283678133040667e-04 4.905131936538964510e-05 4.007839743280783296e-05 8.789456915110349655e-04
3.800000000000000000e+04 6.647785630775615573e-05 4.181416297797113657e-04 2.504926123947370797e-05 2.038661477854475379e-05 1.526576466858386993e-03 3.062054747715592384e-05 3.029387735296040773e-04 4.757683564093895257e-05 3.544825813150964677e-05 7.976880879141390324e-04
3.850000000000000000e+04 5.429173324955627322e-05 3.685264673549681902e-04 1.793542105588130653e-05 1.958100983756594360e-05 1.178972655907273293e-03 2.499671791156288236e-05 2.981007855851203203e-04 2.512575156288221478e-05 5.146443800185807049e-05 7.814730633981525898e-04
3.900000000000000000e+04 4.772211468662135303e-05 3.391741774976253510e-04 1.438537037756759673e-05 1.465870445827022195e-05 1.132916077040135860e-03 2.138156378350686282e-05 2.808883436955511570e-04 2.070336631732061505e-05 5.274859722703695297e-05 7.189156603999435902e-04
3.950000000000000000e+04 4.063629239681176841e-05 3.066333301831036806e-04 1.716767474135849625e-05 1.128587973653338850e-05 9.627336985431611538e-04 2.045117798843421042e-05 2.306152455275878310e-04 4.152947803959250450e-05 3.530258254613727331e-05 6.557801389135420322e-04
4.000000000000000000e+04 3.629989078035578132e-05 2.802553935907781124e-04 1.695853825367521495e-05 1.173741111415438354e-05 9.124651551246643066e-04 1.785241329343989491e-05 2.078797260764986277e-04 3.768942042370326817e-05 4.328117938712239265e-05 5.912762717343866825e-04
4.050000000000000000e+04 4.448211620911024511e-05 2.824888797476887703e-04 2.699647666304372251e-05 1.783652987796813250e-05 1.058431225828826427e-03 1.589475505170412362e-05 2.357861958444118500e-04 3.316432412248104811e-05 4.711925066658295691e-05 5.021386314183473587e-04
4.100000000000000000e+04 4.032987999380566180e-05 2.560549182817339897e-04 2.901568041124846786e-05 1.467860965931322426e-05 9.907612111419439316e-04 1.388335658702999353e-05 2.155639085685834289e-04 2.888046765292529017e-05 4.228656689519993961e-05 4.445973318070173264e-04
4.150000000000000000e+04 2.764987220871262252e-05 2.154901303583756089e-04 1.529378278064541519e-05 1.277178307645954192e-05 6.908065406605601311e-04 1.188803253171499819e-05 1.754756813170388341e-04 1.589108433108776808e-05 3.497677244013175368e-05 4.088363493792712688e-04
4.200000000000000000e+04 2.474487882864195853e-05 1.945316616911441088e-04 1.589342900842893869e-05 1.117216106649721041e-05 6.517178844660520554e-04 1.034412434819387272e-05 1.652845676289871335e-04 1.734658508212305605e-05 2.914709330070763826e-05 3.698172804433852434e-04
4.250000000000000000e+04 2.038736420217901468e-05 1.942471280926838517e-04 2.526415846659801900e-05 8.095522389339748770e-06 8.265646756626665592e-04 9.230414434568956494e-06 2.361509541515260935e-04 1.795985372154973447e-05 2.608222530398052186e-05 3.456831036601215601e-04
4.300000000000000000e+04 1.876658461696933955e-05 1.768505899235606194e-04 2.563150337664410472e-05 6.918269718880765140e-06 7.798222359269857407e-04 7.997403372428379953e-06 2.186523779528215528e-04 1.742493623169139028e-05 2.608205613796599209e-05 3.069148224312812090e-04
4.350000000000000000e+04 1.510172023699851707e-05 1.440553605789318681e-04 4.148805965087376535e-05 7.811089744791388512e-06 7.046016398817300797e-04 7.080717296048533171e-06 1.462598884245380759e-04 1.801713369786739349e-05 2.164137004001531750e-05 2.681966579984873533e-04
4.400000000000000000e+04 1.342709401797037572e-05 1.305212354054674506e-04 3.668347562779672444e-05 7.503480901505099609e-06 6.483992328867316246e-04 6.167853371152887121e-06 1.355521089863032103e-04 1.801091639208607376e-05 1.756141682562883943e-05 2.309946867171674967e-04
4.450000000000000000e+04 1.683854316070210189e-05 1.577141811139881611e-04 2.616246092657092959e-05 4.966995220456738025e-06 6.736858631484210491e-04 5.121703907207120210e-06 1.025868914439342916e-04 1.207904824696015567e-05 9.456225598114542663e-06 1.942387752933427691e-04
4.500000000000000000e+04 1.499633708590408787e-05 1.385504292557016015e-04 2.378319004492368549e-05 4.130246452405117452e-06 6.350923213176429272e-04 4.563630227494286373e-06 9.092472464544698596e-05 1.115037775889504701e-05 9.459748071094509214e-06 1.690057251835241914e-04
4.550000000000000000e+04 1.543966209283098578e-05 1.159282546723261476e-04 1.587081351317465305e-05 4.604645710060140118e-06 8.057581144385039806e-04 5.315490852808579803e-06 8.503020217176526785e-05 1.068085839506238699e-05 2.777806730591692030e-05 1.485907996539026499e-04
4.600000000000000000e+04 1.452367814636090770e-05 1.048167250701226294e-04 1.469649851060239598e-05 3.888197170454077423e-06 7.626973092555999756e-04 3.835354618786368519e-06 7.896130409790202975e-05 9.528257578494958580e-06 3.441319859120994806e-05 1.258263509953394532e-04
4.650000000000000000e+04 1.056607015925692394e-05 8.239589806180447340e-05 1.248644366569351405e-05 3.903715423803078011e-06 3.245086700189858675e-04 3.203174401278374717e-06 5.896870425203815103e-05 6.657039648416684940e-06 1.223628987645497546e-05 1.263981248484924436e-04
4.700000000000000000e+04 9.477325875195674598e-06 7.023343641776591539e-05 1.125210383179364726e-05 3.546280368027510121e-06 3.169523261021822691e-04 2.842894218701985665e-06 4.616032310877926648e-05 7.054736670397687703e-06 1.258482916455250233e-05 1.173279088106937706e-04
4.750000000000000000e+04 1.018112743622623384e-05 7.038521289359778166e-05 1.239180619450053200e-05 4.721031473309267312e-06 3.961904149036854506e-04 2.412340791124734096e-06 5.412076279753819108e-05 1.208594676427310333e-05 1.911189247039146721e-05 9.194410813506692648e-05
4.800000000000000000e+04 1.039655580825638026e-05 6.417300755856558681e-05 1.234327646670863032e-05 4.071853254572488368e-06 3.550747351255267859e-04 1.989073098229710013e-06 5.142921145306900144e-05 1.436702950741164386e-05 2.571257755334954709e-05 7.807534711901098490e-05
4.850000000000000000e+04 1.161954241979401559e-05 5.407940261648036540e-05 1.488167981733568013e-05 4.322866971051553264e-06 3.652883169706910849e-04 1.568988068356702570e-06 5.705793228116817772e-05 1.241979316546348855e-05 2.074672738672234118e-05 6.618563202209770679e-05
4.900000000000000000e+04 1.106025501940166578e-05 4.543045361060649157e-05 1.405776401952607557e-05 3.703014954226091504e-06 3.482547181192785501e-04 1.351023115603311453e-06 4.798638474312610924e-05 1.311329469899646938e-05 1.474832879466703162e-05 5.786698966403491795e-05
4.950000000000000000e+04 8.625653208582662046e-06 4.708331107394769788e-05 1.392266403854591772e-05 3.996002760686678812e-06 3.163098881486803293e-04 1.296827122132526711e-06 2.814252729876898229e-05 1.782360232027713209e-05 1.096146388590568677e-05 5.037614027969539165e-05
5.000000000000000000e+04 9.186229362967424095e-06 4.166641519987024367e-05 1.228403561981394887e-05 2.575218331912765279e-06 3.013587556779384613e-04 1.323021933785639703e-06 2.822216265485621989e-05 1.732451528368983418e-05 1.386948861181735992e-05 4.408519453136250377e-05
5.050000000000000000e+04 1.099110886570997536e-05 4.224546501063741744e-05 9.724680239742156118e-06 2.024414925472228788e-06 4.517418274190276861e-04 1.475255089644633699e-06 2.873847552109509706e-05 1.122530738939531147e-05 3.349931284901686013e-05 4.150574022787623107e-05
5.100000000000000000e+04 1.189740032714325935e-05 4.012525823782198131e-05 7.540256319771287963e-06 1.703574071143520996e-06 4.291727382224053144e-04 1.264437401005125139e-06 2.994057831529062241e-05 8.365683243027888238e-06 3.587575702113099396e-05 3.808947440120391548e-05
5.150000000000000000e+04 1.757922836986836046e-05 2.780296381388325244e-05 8.550151505914982408e-06 4.132653430133359507e-06 3.211888251826167107e-04 9.778518688108306378e-07 3.662824019556865096e-05 1.194149263028521091e-05 1.504672945884522051e-05 2.976885843963827938e-05
5.200000000000000000e+04 1.796548895072191954e-05 2.507600038370583206e-05 5.836362561240093783e-06 3.496968929539434612e-06 3.094193525612354279e-04 8.669400699545803946e-07 3.645450124167837203e-05 9.885842700896319002e-06 1.179440278065158054e-05 2.573895471869036555e-05
5.250000000000000000e+04 1.180842355097411200e-05 2.446895268803928047e-05 4.098541012353962287e-06 1.664322098804404959e-06 3.143254143651574850e-04 7.960414336594112683e-07 4.116991840419359505e-05 5.685239557351451367e-06 4.902597993350354955e-06 2.312329161213710904e-05
5.300000000000000000e+04 1.224322113557718694e-05 2.278636384289711714e-05 2.307621571162599139e-06 1.424988681719696615e-06 3.032902022823691368e-04 7.205055680969962850e-07 3.594452209654264152e-05 4.707706466433592141e-06 2.384159188295598142e-06 2.033606870099902153e-05
5.350000000000000000e+04 1.028603492159163579e-05 1.928511301230173558e-05 2.007256398428580724e-06 2.911373258029925637e-06 2.542025758884847164e-04 7.646752919754362665e-07 3.526426371536217630e-05 1.073714997801289428e-06 4.031056505482411012e-06 1.946926931850612164e-05
5.400000000000000000e+04 1.120005526900058612e-05 1.702585541352164000e-05 1.787890710147621576e-06 2.238281922473106533e-06 2.451359177939593792e-04 6.998137678237981163e-07 3.794712029048241675e-05 6.231181828297849279e-07 2.828595370374387130e-06 1.829501161410007626e-05
5.450000000000000000e+04 1.276637522096280009e-05 1.893478292913641781e-05 1.381809170197811909e-06 9.484942324888834264e-07 2.861395187210291624e-04 5.819522357342066243e-07 2.276583290949929506e-05 3.338846852329879766e-07 3.254333705626777373e-06 1.599762435944285244e-05
5.500000000000000000e+04 1.321561012446181849e-05 1.815947871364187449e-05 1.028286192195082549e-06 8.878274115886597428e-07 2.767712867353111506e-04 5.561764737649355084e-07 2.042014057224150747e-05 2.970159869164490374e-07 3.070844286412466317e-06 1.456985137338051572e-05
5.550000000000000000e+04 1.532189344288781285e-05 1.601732947165146470e-05 1.799399910851207096e-06 9.996477956519811414e-07 1.968291471712291241e-04 5.909558353778265882e-07 1.114333463192451745e-05 2.027501295742695220e-07 4.310440544941229746e-06 1.346603312413208187e-05
5.600000000000000000e+04 1.538678952783811837e-05 1.434141540812561288e-05 1.653400545365002472e-06 8.681435588187014218e-07 1.903676748042926192e-04 5.702090675185900182e-07 9.391867934027686715e-06 2.730447477006237023e-07 3.055483603020547889e-06 1.263727972400374711e-05
5.650000000000000000e+04 1.563890509714838117e-05 1.223038998432457447e-05 5.689669819730625022e-07 7.730026823082880583e-07 9.965514618670567870e-05 6.324821129055635538e-07 1.619120303075760603e-05 2.281750397514770157e-07 3.105707719441852532e-06 1.031280953611712903e-05
5.700000000000000000e+04 1.519928446214180440e-05 1.019958290271461010e-05 4.629482646123506129e-07 5.915750307394773699e-07 9.775176295079290867e-05 6.127146434664609842e-07 1.224425068357959390e-05 2.450476301874005003e-07 2.757292577371117659e-06 9.504927220405079424e-06
5.750000000000000000e+04 1.226090080308495089e-05 6.913588094903388992e-06 1.597669438524462748e-06 5.468781409945222549e-07 1.364850031677633524e-04 5.551224830924184062e-07 2.721426244534086436e-05 1.118552859225019347e-06 4.416902811499312520e-06 1.002299995889188722e-05
5.800000000000000000e+04 1.260495719179743901e-05 6.619665782636730000e-06 1.228819996867969166e-06 5.802569376101018861e-07 1.308853388763964176e-04 5.736813477597024757e-07 2.577197847131174058e-05 8.812435794425255153e-07 7.171562629082472995e-06 1.024523953674361110e-05
5.850000000000000000e+04 1.436430648027453572e-05 9.080134987016208470e-06 4.610292307916097343e-07 1.998926563828717917e-06 2.088779147015884519e-04 6.868320951980422251e-07 1.361027352686505765e-05 1.728999592387481243e-07 4.193156200926750898e-06 1.242125927092274651e-05
5.900000000000000000e+04 1.532039277662988752e-05 8.882696420187130570e-06 3.574752156509930501e-07 1.614852749298734125e-06 2.041974948951974511e-04 6.520882607219391502e-07 1.425083246431313455e-05 2.607926319342368515e-07 2.357392304475069977e-06 1.264154070668155327e-05
5.950000000000000000e+04 1.707671617623418570e-05 8.051724762481171638e-06 3.258215315327106509e-07 1.353714765173208434e-06 1.401370682287961245e-04 6.438298782995843794e-07 8.895141945686191320e-06 3.636424423802964156e-07 1.552019398332049605e-06 1.041954419633839279e-05
6.000000000000000000e+04 1.679437627899460495e-05 7.285131687240209430e-06 3.199539264642226044e-07 1.178012098534964025e-06 1.387788943247869611e-04 6.797680498493718915e-07 7.729207936790771782e-06 4.456491353721503401e-07 2.417000587229267694e-06 9.454341125092469156e-06
6.050000000000000000e+04 2.019485509663354605e-05 8.776830327406059951e-06 5.963615308246517088e-07 8.115011382869852241e-07 1.846520463004708290e-04 7.276873930095462129e-07 1.013570272334618494e-05 3.373905030912283110e-07 4.988755335944006220e-06 9.132356353802606463e-06
6.100000000000000000e+04 2.102263533743098378e-05 8.201241143979132175e-06 4.862047831011295784e-07 6.232744453882332891e-07 1.810426620068028569e-04 7.362224891949153971e-07 8.649463779875077307e-06 2.572778612375259399e-07 7.885725608502980322e-06 9.021426194522064179e-06
6.150000000000000000e+04 1.980052911676466465e-05 7.834715688659343868e-06 1.042194412548269611e-06 4.152335577600752003e-07 1.537972857477143407e-04 6.274917154769354966e-07 7.460789220203878358e-06 3.698830823850585148e-07 5.912048891332233325e-06 8.479042662656866014e-06
6.200000000000000000e+04 2.068414323730394244e-05 7.919934432720765471e-06 7.386147444776725024e-07 3.469329215022298740e-07 1.484208914916962385e-04 6.033117756487627048e-07 8.535166671208571643e-06 3.321009955925546819e-07 5.064922333986032754e-06 8.198053365049418062e-06
6.250000000000000000e+04 2.448323721182532609e-05 6.812073024775600061e-06 1.336596369583276100e-06 6.459391670432523824e-07 1.329816004727035761e-04 6.496464948213542812e-07 2.231453618151135743e-05 7.044921517262991983e-07 6.220830073289107531e-07 7.878238648117985576e-06
6.300000000000000000e+04 2.421453245915472507e-05 6.598571417271159589e-06 1.029193640533776488e-06 5.554973654398054350e-07 1.294779212912544608e-04 7.241159778459405061e-07 2.374011819483712316e-05 7.504359018639661372e-07 5.996685104037169367e-07 8.249449820141308010e-06
6.350000000000000000e+04 2.124987258866894990e-05 6.142606252979021519e-06 4.012316878743149573e-07 1.524302660982357338e-06 9.573307761456817389e-05 1.008704316518560518e-06 1.376914497086545452e-05 1.030609610097599216e-06 5.453625362861203030e-06 6.203634256962686777e-06
6.400000000000000000e+04 2.026126276177819818e-05 5.734075784857850522e-06 4.156607644745236030e-07 1.425611003469384741e-06 9.439507266506552696e-05 9.911168490361887962e-07 1.173590044345473871e-05 1.305764499193173833e-06 7.205595920822815970e-06 5.606261311186244711e-06
6.450000000000000000e+04 1.927831362991128117e-05 7.200908839877229184e-06 4.446072523478505900e-07 6.462542501139978413e-07 1.923635718412697315e-04 8.887473654795030598e-07 6.894345460750628263e-06 5.346612965695385356e-07 1.609634819033090025e-05 8.235223504016175866e-06
6.500000000000000000e+04 2.114964809152297676e-05 7.531220489909173921e-06 4.661656305415817769e-07 6.179060392241808586e-07 1.847146340878680348e-04 8.299016371893230826e-07 9.644351848692167550e-06 5.919621344219194725e-07 1.860407610365655273e-05 8.512845852237660438e-06
6.550000000000000000e+04 2.125927676388528198e-05 7.024631941021652892e-06 8.596593943366315216e-07 2.093349991127979592e-07 1.726868504192680120e-04 7.367866601271089166e-07 1.537185744382441044e-05 1.397905975863977801e-06 1.010459800454555079e-05 7.191248641902348027e-06
6.600000000000000000e+04 2.091753049171529710e-05 6.796135949116433039e-06 6.937007697160879616e-07 1.725275353692268254e-07 1.718087150948122144e-04 7.705344273745140526e-07 1.620875809749122709e-05 1.448059606445895042e-06 5.353350388759281486e-06 6.800512892368715256e-06
6.650000000000000000e+04 2.132415647793095559e-05 5.518473699339665473e-06 1.430997826901148073e-06 9.668978009358397685e-07 1.144156631198711693e-04 8.982129315882048104e-07 1.506177341070724651e-05 1.602430756975081749e-06 6.991945156187284738e-06 5.892664830753346905e-06
6.700000000000000000e+04 2.063586543954443187e-05 4.843608166993362829e-06 1.081654772860929370e-06 8.435897029812622350e-07 1.134767080657184124e-04 8.813223075776477344e-07 1.252461061085341498e-05 2.172023641833220609e-06 8.852448445395566523e-06 5.821852482768008485e-06
6.750000000000000000e+04 3.672554157674312592e-05 1.129573502112179995e-05 8.243664524343330413e-07 7.180917691584909335e-07 2.574254758656024933e-04 8.390507559852267150e-07 7.438067768816836178e-06 2.190552095271414146e-06 6.165930699353339151e-06 9.232911907020024955e-06
6.800000000000000000e+04 3.920502786058932543e-05 1.134439389716135338e-05 7.619663051627867389e-07 6.646630481554893777e-07 2.491098712198436260e-04 8.883364444045582786e-07 8.045407412282656878e-06 2.159364612452918664e-06 7.093099156918469816e-06 1.007771697913995013e-05
6.850000000000000000e+04 3.262300378992222250e-05 1.098568282031919807e-05 1.246916326635982841e-06 5.587597229350649286e-07 2.202783798566088080e-04 8.934583775044302456e-07 1.488580892328172922e-05 1.840662775975943077e-06 3.349598728163982742e-06 9.677424714027438313e-06
6.900000000000000000e+04 3.289941378170624375e-05 1.180415802082279697e-05 1.203129158966476098e-06 4.271903719654801534e-07 2.135970862582325935e-04 8.379918767786875833e-07 2.089397639792878181e-05 1.979649368877289817e-06 3.632513653428759426e-06 9.343386409454979002e-06
6.950000000000000000e+04 2.981531724799424410e-05 1.261037596123060212e-05 1.906131956275203265e-06 1.119134935834154021e-07 3.217377234250307083e-04 8.496979262417880818e-07 2.009297168115153909e-05 2.318965243830461986e-06 6.092738203733460978e-06 7.556860055046854541e-06
7.000000000000000000e+04 2.851803947123698890e-05 1.275440536119276658e-05 1.659103077145118732e-06 1.004079805966284766e-07 3.207482805009931326e-04 8.700421290086524095e-07 2.180270530516281724e-05 2.032763859460828826e-06 7.661591553187463433e-06 7.007754902588203549e-06
7.050000000000000000e+04 3.568206739146262407e-05 1.316058023803634569e-05 2.428224206596496515e-06 8.066625696301343851e-07 2.172217355109751225e-04 8.718295703147305176e-07 1.275302656722487882e-05 2.881926320696948096e-06 1.296071332035353407e-05 7.840643775125499815e-06
7.100000000000000000e+04 3.598419061745516956e-05 1.272517238248838112e-05 1.918054067573393695e-06 6.124867582002480049e-07 2.146176266251131892e-04 8.217674007937603164e-07 1.232906015502521768e-05 3.307337692604050972e-06 1.508194145571906120e-05 7.991097845660988241e-06
7.150000000000000000e+04 2.641768878675065935e-05 9.998933819588273764e-06 1.282903440369409509e-06 3.738072962278238265e-07 1.738281134748831391e-04 7.184816581684572157e-07 2.454596506140660495e-05 1.603879695721843746e-06 8.045485628827009350e-06 7.022485078778117895e-06
7.200000000000000000e+04 2.511492311896290630e-05 9.858204975898843259e-06 1.126618712987692561e-06 2.948938515601184918e-07 1.736631966196000576e-04 6.794507498852908611e-07 2.590016265457961708e-05 1.792877469597442541e-06 6.985464096942450851e-06 6.825708169344579801e-06
7.250000000000000000e+04 2.327849142602644861e-05 8.126738975988700986e-06 6.530918312819267157e-07 1.799527069579198724e-07 5.403975956141948700e-05 7.417502274620346725e-07 9.896097253658808768e-06 2.747585995166446082e-06 1.507318393123568967e-05 4.908985374640906230e-06
7.300000000000000000e+04 2.204542579420376569e-05 6.358085556712467223e-06 5.986798896628897637e-07 1.356497421056701569e-07 5.493770004250109196e-05 7.425301760122238193e-07 7.666264536965172738e-06 2.854181957445689477e-06 2.254076389363035560e-05 4.457817794900620356e-06
7.350000000000000000e+04 2.744761513895355165e-05 5.778560989710967988e-06 9.638428082325845025e-07 2.289142457811976783e-06 1.321405288763344288e-04 7.117002382983628195e-07 1.096575124392984435e-05 1.384334836984635331e-06 2.606942643978982233e-06 5.385488293541129678e-06
7.400000000000000000e+04 2.834011138475034386e-05 6.125420895841671154e-06 9.043201316671911627e-07 1.394701939716469496e-06 1.287417107960209250e-04 6.408009198821673635e-07 1.390930447087157518e-05 1.266677031708240975e-06 1.926601044033304788e-06 5.699017947335960343e-06
7.450000000000000000e+04 2.294708792760502547e-05 7.457725132553605363e-06 8.689663104632927570e-07 3.698902730775444070e-07 7.730910147074609995e-05 5.906276783207431436e-07 1.213565337820909917e-05 1.429765575267083477e-06 3.709957354658399709e-06 4.840303063247120008e-06
7.500000000000000000e+04 2.184892036893870682e-05 7.468842795788077638e-06 7.348752433244953863e-07 2.412167532384046353e-07 7.737093255855143070e-05 5.996674872221774422e-07 1.152997447206871584e-05 1.529076484985125717e-06 3.508327836243552156e-06 4.554689439828507602e-06
7.550000000000000000e+04 2.449944258842151612e-05 6.940515504538780078e-06 9.119189599005039781e-07 5.216616614234226290e-07 9.975573630072176456e-05 5.888468308512528893e-07 1.241170139110181481e-05 1.898637037811568007e-06 7.743852620478719473e-06 4.889582214673282579e-06
7.600000000000000000e+04 2.463670534780249000e-05 5.810761649627238512e-06 7.806210646776889917e-07 3.345628272199974163e-07 9.924654295900836587e-05 5.897057349102396984e-07 1.018444345390889794e-05 1.656192807786283083e-06 1.388084911013720557e-05 5.046459136792691424e-06
7.650000000000000000e+04 2.525708441680762917e-05 5.378048626880627126e-06 9.738915878187981434e-07 3.213023092030198313e-07 8.922244160203263164e-05 5.465918206937203649e-07 1.123800029745325446e-05 2.131430392182664946e-06 3.040816181965055875e-06 6.228937763808062300e-06
7.700000000000000000e+04 2.613838114484678954e-05 5.358838279789779335e-06 8.957797490438679233e-07 2.712371838242688682e-07 8.622867608210071921e-05 5.115643944009207189e-07 1.202268958877539262e-05 2.529230641812318936e-06 3.005381586262956262e-06 6.277848115132655948e-06
7.750000000000000000e+04 1.575410169607494026e-05 3.706829375005327165e-06 5.673837222275324166e-07 3.661291430034907535e-07 3.946135257137939334e-05 5.152338076186424587e-07 7.354095032496843487e-06 1.162793296316522174e-06 7.721307156316470355e-06 4.894010999123565853e-06
7.800000000000000000e+04 1.554455775476526469e-05 3.140642093057977036e-06 5.208186166782979853e-07 3.189607298281771364e-07 3.857707633869722486e-05 4.626443228517018724e-07 6.276532531046541408e-06 1.011165181807882618e-06 9.159871297015342861e-06 4.548564902506768703e-06
7.850000000000000000e+04 3.345392542541958392e-05 6.718115855619544163e-06 6.263583145482698455e-07 2.695620082704408560e-07 1.459869818063452840e-04 4.562324704693310196e-07 7.109594207577174529e-06 1.207555669680004939e-06 3.463805114733986557e-06 4.304457434045616537e-06
7.900000000000000000e+04 3.118891254416666925e-05 7.166985596995800734e-06 5.611273650174553040e-07 2.541832486713246908e-07 1.448844122933223844e-04 4.543230147646681871e-07 7.497038495785091072e-06 1.392044168824213557e-06 2.362833129154751077e-06 4.443216312211006880e-06
7.950000000000000000e+04 1.449583578505553305e-05 4.141790668654721230e-06 1.143341592069191393e-06 6.735883175679191481e-07 8.779991185292601585e-05 4.833876232623879332e-07 7.084512162691680714e-06 1.263956846742075868e-06 1.135498496296349913e-05 3.749650659301551059e-06
8.000000000000000000e+04 1.398027779941912740e-05 4.160302069067256525e-06 9.332197237199579831e-07 3.597317004278011154e-07 8.756599709158763289e-05 4.749927029479295015e-07 7.083255695761181414e-06 1.214574581354099791e-06 1.011841050058137625e-05 3.495561941235791892e-06
8.050000000000000000e+04 2.338017839065287262e-05 4.085560249222908169e-06 6.850370368738367688e-07 4.472026944313256536e-07 8.760725177126005292e-05 4.664717323521472281e-07 9.306563697464298457e-06 9.395514553034445271e-07 6.337384661492251325e-07 3.020136773557169363e-06
8.100000000000000000e+04 2.200821472797542810e-05 4.135755261813756078e-06 6.045751774763630237e-07 2.746091638528014300e-07 8.764096128288656473e-05 4.749889228605752578e-07 1.004142541205510497e-05 9.007018775264441501e-07 6.015034159645438194e-07 3.036024963876116090e-06
8.150000000000000000e+04 1.923984564200509340e-05 3.628467993621597998e-06 1.286490146412688773e-06 2.186216079280711710e-07 6.784822471672669053e-05 4.621776952262734994e-07 1.579949821461923420e-05 1.065562173607759178e-06 2.340514583920594305e-06 3.508034069454879500e-06
8.200000000000000000e+04 1.949946090462617576e-05 3.845931132673285902e-06 9.132415357271383982e-07 1.730019931756032747e-07 6.613213190576061606e-05 4.330984495481970953e-07 1.773283474904019386e-05 1.105409978663374204e-06 2.776655037450836971e-06 3.492180439934600145e-06
8.250000000000000000e+04 1.841274934122338891e-05 3.877074959746096283e-06 5.519401042874960694e-07 2.472490336913324427e-07 2.172409767808858305e-05 4.405376614613487618e-07 8.622157110949046910e-06 1.475478256907081231e-06 3.087656295974738896e-06 2.403661255812039599e-06
8.300000000000000000e+04 1.702349982224404812e-05 3.382480372238205746e-06 4.826447934647148941e-07 2.333696187406530953e-07 2.231749385828152299e-05 4.394848645006277366e-07 6.715473318763542920e-06 1.306298372583114542e-06 1.227912252943497151e-05 2.258729182358365506e-06
8.350000000000000000e+04 1.153320135927060619e-05 2.706985696931951679e-06 3.430982928875891957e-07 3.403730772788549075e-07 4.993540642317384481e-05 4.481180440052412450e-07 1.604433782631531358e-05 9.223925871992832981e-07 2.315322490176185966e-05 2.894487124649458565e-06
8.400000000000000000e+04 1.167806840385310352e-05 2.729342213569907472e-06 3.141580293686274672e-07 2.533523684178362601e-07 4.884831650997512043e-05 3.933391212740389165e-07 1.648344186833128333e-05 9.449948379369743634e-07 2.220544593001250178e-05 3.087123559453175403e-06
8.450000000000000000e+04 2.135279100912157446e-05 4.573615569825051352e-06 9.957120710168965161e-07 5.601517045761283953e-07 1.296460832236334682e-04 3.861633217638882343e-07 1.032238651532679796e-05 1.336204149993136525e-06 1.561254975968040526e-05 4.172807166469283402e-06
8.500000000000000000e+04 2.131014116457663476e-05 4.516464287007693201e-06 9.606076218915404752e-07 4.742911414723494090e-07 1.281887962250038981e-04 3.491227857921330724e-07 1.029241502692457289e-05 1.266523099729965907e-06 1.571496977703645825e-05 4.502788669924484566e-06
8.550000000000000000e+04 9.860595127975102514e-06 2.249579210911178961e-06 3.151028238335129572e-07 1.299586074310354888e-07 5.236479773884639144e-05 3.303695166323450394e-07 1.855564914876595140e-05 1.867802438937360421e-06 2.221894828835502267e-05 4.012302269984502345e-06
8.600000000000000000e+04 1.015274119708919898e-05 2.284451056766556576e-06 3.108803241502755554e-07 1.256777153457733220e-07 5.088543548481538892e-05 3.045463756734534400e-07 1.850674561865162104e-05 2.100039637298323214e-06 2.066960951196961105e-05 3.909359747922280803e-06
8.650000000000000000e+04 2.943001527455635369e-05 5.733153557230252773e-06 4.562519961837097071e-07 2.332380830694091856e-07 1.846596569521352649e-04 3.161946438012819272e-07 1.834398608480114490e-05 8.386516583414049819e-07 1.325237644778098911e-05 4.819302375835832208e-06
8.700000000000000000e+04 2.897522972489241511e-05 6.268362085393164307e-06 3.823196266239392571e-07 2.157870966357222642e-07 1.823238853830844164e-04 3.463195810127217555e-07 2.533989390940405428e-05 7.392952738882740960e-07 1.274019086849875748e-05 4.947259640175616369e-06
8.750000000000000000e+04 2.479062823113054037e-05 6.074315933801699430e-06 6.274141242101904936e-07 1.449758542548806872e-06 1.135145794251002371e-04 3.615620300934097031e-07 2.220679743913933635e-05 9.085721899282361846e-07 1.412361598340794444e-05 3.236737711631576531e-06
8.800000000000000000e+04 2.354969183215871453e-05 5.805893124488648027e-06 6.136789352240157314e-07 1.410901404597098008e-06 1.138157531386241317e-04 3.540941122537333285e-07 2.116655377903953195e-05 9.872904911389923654e-07 1.380927369609707966e-05 3.166903525197994895e-06
8.850000000000000000e+04 2.256066363770514727e-05 7.170220669650007039e-06 4.094810037713614292e-07 4.577916570269735530e-07 6.536549335578456521e-05 2.806176269132265588e-07 1.346515546174487099e-05 1.011128688332973979e-06 2.804314362947479822e-06 3.098185288763488643e-06
8.900000000000000000e+04 2.146934821212198585e-05 7.332735094678355381e-06 3.805763242326065665e-07 2.843734137059072964e-07 6.536194996442645788e-05 2.807003340876690345e-07 1.466096000513061881e-05 9.842430017670267262e-07 2.398708602413535118e-06 3.122196403637644835e-06
8.950000000000000000e+04 2.245241194032132626e-05 8.108582733257208019e-06 1.417721591678855475e-06 1.770026614167363732e-07 1.609720493433997035e-04 2.824482976393483113e-07 1.198939298774348572e-05 1.141907887358684093e-06 1.076578064385103062e-05 5.006352694181259722e-06
9.000000000000000000e+04 2.306751775904558599e-05 8.650224117445759475e-06 1.291602984565543011e-06 1.777819420567539055e-07 1.568356965435668826e-04 3.087668574153212830e-07 1.336692548647988588e-05 1.194399715132021811e-06 1.038191203406313434e-05 5.294537459121784195e-06
9.050000000000000000e+04 2.001944812946021557e-05 7.253835974552202970e-06 6.004393071634694934e-07 3.115674758191744331e-07 1.264505553990602493e-04 3.403534378776384983e-07 2.219104317191522568e-05 8.546765002392930910e-07 6.414422841771738604e-06 3.110920488325064071e-06
9.100000000000000000e+04 1.822737795009743422e-05 7.102462404873222113e-06 5.905351372348377481e-07 2.863385759610537207e-07 1.271218643523752689e-04 3.150400971208000556e-07 2.166097328881733119e-05 7.969619559844431933e-07 6.626602953474503011e-06 3.086281822106684558e-06
9.150000000000000000e+04 2.340177888981997967e-05 1.097726817533839494e-05 3.608426766277261777e-07 7.301092068701109383e-07 2.205389610026031733e-04 2.990013570070004789e-07 1.672173311817459762e-05 9.635234619054244831e-07 2.137823685188777745e-06 5.649563718179706484e-06
9.200000000000000000e+04 2.520392990845721215e-05 1.075379987014457583e-05 3.519866993428877322e-07 4.782784230883407872e-07 2.158637216780334711e-04 3.043771528155048145e-07 1.682183938100934029e-05 1.020756599245942198e-06 1.894452225315035321e-06 5.961986971669830382e-06
9.250000000000000000e+04 2.443087760184425861e-05 6.655354354734299704e-06 3.613266414959070971e-07 8.513875968674256001e-07 1.500365760875865817e-04 3.061888378397270571e-07 2.624598710099235177e-05 1.299712494073901325e-06 1.637055561332090292e-06 6.752209174010204151e-06
9.300000000000000000e+04 2.501182825653813779e-05 6.980623311392264441e-06 3.220541202608728781e-07 7.005269253568258137e-07 1.469434937462210655e-04 2.982024795983306831e-07 3.096349246334284544e-05 1.331909174950851593e-06 2.219792122559738345e-06 6.698013748973608017e-06
