# step, loss_train, loss_test, metrics_test
0.000000000000000000e+00 5.237894365563988686e-04 1.184531450271606445e-01 5.975648760795593262e-03 2.792633604258298874e-03 4.750236403197050095e-03 5.093989893794059753e-04 1.377823203802108765e-01 4.587493371218442917e-03 2.331707393750548363e-03 5.916658323258161545e-03
5.000000000000000000e+02 7.323324098251760006e-04 5.424522235989570618e-02 7.321434677578508854e-04 4.125694395042955875e-04 1.072572311386466026e-03 4.824664501938968897e-04 6.312941759824752808e-02 4.093643219675868750e-04 1.278732233913615346e-04 1.700198976323008537e-03
1.000000000000000000e+03 9.299752127844840288e-05 1.021637799567542970e-04 2.352855972276302055e-06 4.610498308466048911e-06 7.056138711050152779e-04 3.339922614031820558e-07 6.225537799764424562e-05 1.238907543665845878e-06 3.290271706646308303e-06 4.832569684367626905e-04
1.500000000000000000e+03 7.425448711728677154e-05 4.941746738040819764e-05 1.966116769835934974e-06 2.841949481080519035e-06 6.119115278124809265e-04 3.321615338336414425e-07 1.122563917306251824e-04 9.263345646104426123e-07 2.572654921095818281e-06 2.461852564010769129e-04
2.000000000000000000e+03 6.477119313785806298e-05 7.666161400265991688e-05 1.785357994776859414e-06 2.603846724014147185e-06 6.497937720268964767e-04 5.511110430234111845e-07 5.043991768616251647e-05 1.218326701746264007e-06 1.973184225789736956e-06 2.833214821293950081e-04
2.500000000000000000e+03 5.688060264219529927e-05 3.301899050711654127e-05 5.291958132147556171e-06 7.974929758347570896e-06 3.690636658575385809e-04 5.475124709164447268e-08 1.345989676337921992e-05 5.256243866824661382e-07 1.046130591930705123e-06 4.437340612639673054e-05
3.000000000000000000e+03 1.987419636861886829e-05 3.234559699194505811e-05 1.165115122603310738e-06 1.766418563420302235e-06 2.823561662808060646e-04 2.846022795210956247e-08 1.966092895600013435e-05 4.217405944473284762e-07 7.356849209827487357e-07 1.063660147337941453e-05
3.500000000000000000e+03 1.906016841530799866e-04 9.332939982414245605e-03 3.981816007581073791e-06 3.715371576618053950e-06 2.194586675614118576e-03 2.293789869156626082e-08 8.682592771947383881e-03 3.537199972925009206e-06 4.151878329139435664e-06 2.051927847787737846e-03
4.000000000000000000e+03 7.019883923931047320e-05 4.918999547953717411e-05 2.099036464642267674e-06 1.318698764407599811e-06 6.850549834780395031e-04 3.869263132116884663e-09 1.991352110053412616e-05 1.491631678618432488e-06 4.726897202544932952e-07 2.771215513348579407e-04
4.500000000000000000e+03 2.764532655419316143e-05 3.352059138705953956e-05 6.480092906713252887e-07 2.665229203557828441e-06 3.409999771974980831e-04 3.755251043457974447e-08 8.911629265639930964e-05 6.234485567802039441e-07 4.452391237919073319e-07 4.658646048483205959e-06
5.000000000000000000e+03 1.475631406351759879e-36 2.963634948730468750e+02 5.265138404780144859e-37 1.304588655715277729e-35 3.020137634277343750e+02 1.352723944040563329e-36 2.951833801269531250e+02 9.493306977649753407e-37 2.172835157239172155e-35 3.019433898925781250e+02
5.500000000000000000e+03 1.439707763761879727e-36 2.961846313476562500e+02 5.287020184768024035e-37 1.101489290215221278e-35 3.020123291015625000e+02 1.352709684427390359e-36 2.951820678710937500e+02 9.493205635744813437e-37 2.172812198365132658e-35 3.019419555664062500e+02
6.000000000000000000e+03 1.439686239817467698e-36 2.961827697753906250e+02 5.286943505716056181e-37 1.101472788524505389e-35 3.020104980468750000e+02 1.352689595412605799e-36 2.951802673339843750e+02 9.493065730106135247e-37 2.172779912448514614e-35 3.019401245117187500e+02
6.500000000000000000e+03 1.404660773491281181e-36 2.958627319335937500e+02 5.546340218628643135e-37 1.099303892392586580e-35 3.020077209472656250e+02 1.352660627770751276e-36 2.951774291992187500e+02 9.492857665310152298e-37 2.172733420728584631e-35 3.019373474121093750e+02
7.000000000000000000e+03 1.404612254933252398e-36 2.958587951660156250e+02 5.546147399959952040e-37 1.099265938503940036e-35 3.020036621093750000e+02 1.352613902874756830e-36 2.951734313964843750e+02 9.492529425157868853e-37 2.172658517402030769e-35 3.019333190917968750e+02
7.500000000000000000e+03 1.454551034560821924e-36 2.950443420410156250e+02 5.593859706904300579e-37 1.155783081262158043e-35 3.019974975585937500e+02 1.352526999949193262e-36 2.951673278808593750e+02 9.491920476897211860e-37 2.172518611763352579e-35 3.019271850585937500e+02
8.000000000000000000e+03 1.454456956987121013e-36 2.950354309082031250e+02 5.593500077666416258e-37 1.155708393175048301e-35 3.019884338378906250e+02 1.352439558925019393e-36 2.951584472656250000e+02 9.491311528636554868e-37 2.172378132152823402e-35 3.019180908203125000e+02
8.500000000000000000e+03 1.453904509080545597e-36 2.960767517089843750e+02 5.439794451711555723e-37 1.241326195764255267e-35 3.019750671386718750e+02 1.352331670153654097e-36 2.951451721191406250e+02 9.490550119102979335e-37 2.172205223132713434e-35 3.019047546386718750e+02
9.000000000000000000e+03 1.453764513758765691e-36 2.960578613281250000e+02 5.439271150813038264e-37 1.241206522633324385e-35 3.019558410644531250e+02 1.352201270923757887e-36 2.951262512207031250e+02 9.489637145127502431e-37 2.171995292928214776e-35 3.018854980468750000e+02
9.500000000000000000e+03 1.445640390623546990e-36 2.958884277343750000e+02 5.181316990591565850e-37 1.347027560405438430e-35 3.019303588867187500e+02 1.352002891902760351e-36 2.951009216308593750e+02 9.488245263388857876e-37 2.171676738550916744e-35 3.018600158691406250e+02
1.000000000000000000e+04 1.445336454591828794e-36 2.958556213378906250e+02 5.180225995659181120e-37 1.346744305296976126e-35 3.018971252441406250e+02 1.351718686153419849e-36 2.950681762695312500e+02 9.486246227051590665e-37 2.171220287436418979e-35 3.018267517089843750e+02
1.050000000000000000e+04 1.407890800082713028e-36 2.958505554199218750e+02 5.333663469139908458e-37 1.280594479949561322e-35 3.018538208007812500e+02 1.351312062970235931e-36 2.950254211425781250e+02 9.483398788572082637e-37 2.170566820484069773e-35 3.017835083007812500e+02
1.100000000000000000e+04 1.407311088513215708e-36 2.957943420410156250e+02 5.331466233147847145e-37 1.280067430297392101e-35 3.017972106933593750e+02 1.350755758690286693e-36 2.949692687988281250e+02 9.479490398999265003e-37 2.169673720283933308e-35 3.017268676757812500e+02
1.150000000000000000e+04 1.432718311229581832e-36 2.949521789550781250e+02 5.356123705133860918e-37 1.142386506513629701e-35 3.017238769531250000e+02 1.350036858946924918e-36 2.948969421386718750e+02 9.474446621358712830e-37 2.168518888919746568e-35 3.016536254882812500e+02
1.200000000000000000e+04 1.431609020944446877e-36 2.948561401367187500e+02 5.351975861679459459e-37 1.141501944144776675e-35 3.016268005371093750e+02 1.348991692079517467e-36 2.948009033203125000e+02 9.467109646807262379e-37 2.166839877762645545e-35 3.015564575195312500e+02
1.250000000000000000e+04 1.403335167564805333e-36 2.946037597656250000e+02 5.643168373059207950e-37 1.194259858264952411e-35 3.015024719238281250e+02 1.347571560163832125e-36 2.946780090332031250e+02 9.457144060544492864e-37 2.164558483147933197e-35 3.014321899414062500e+02
1.300000000000000000e+04 1.401353081333762595e-36 2.944455261230468750e+02 5.635197338978619807e-37 1.192573098487863056e-35 3.013423767089843750e+02 1.345668126012995010e-36 2.945197753906250000e+02 9.443784865712760080e-37 2.161501365576611318e-35 3.012721557617187500e+02
