# step, loss_train, loss_test, metrics_test
0.000000000000000000e+00 2.345074340701103210e-02 1.403252333402633667e-01 1.346507691778242588e-03 1.459683873690664768e-03 5.600588046945631504e-04 2.403439953923225403e-02 1.924544572830200195e-01 3.333284519612789154e-03 2.565426053479313850e-03 1.642935909330844879e-03
5.000000000000000000e+02 2.130493754521012306e-03 6.191973015666007996e-02 4.476797766983509064e-05 2.064661384792998433e-04 3.411553800106048584e-03 2.121108584105968475e-03 6.975395977497100830e-02 1.590326974110212177e-05 5.568129126913845539e-04 4.152547102421522141e-03
1.000000000000000000e+03 1.409430638886988163e-03 5.891350656747817993e-02 2.146218139387201518e-05 2.795124892145395279e-04 4.032426979392766953e-03 1.401924178935587406e-03 6.728015840053558350e-02 2.929145921370945871e-06 6.025268812663853168e-04 4.720567725598812103e-03
1.500000000000000000e+03 7.209792966023087502e-04 6.827116757631301880e-02 1.178774327854625881e-04 3.567501262295991182e-04 5.553908646106719971e-03 7.094179745763540268e-04 6.537275016307830811e-02 5.539214544114656746e-05 3.994361613877117634e-04 6.075778044760227203e-03
2.000000000000000000e+03 7.564526749774813652e-04 6.775855273008346558e-02 1.528965804027393460e-04 3.782331477850675583e-04 4.844001960009336472e-03 7.199581013992428780e-04 6.473898142576217651e-02 9.756450890563428402e-05 2.521452261134982109e-04 5.360971670597791672e-03
2.500000000000000000e+03 7.611264009028673172e-04 8.010723441839218140e-02 1.727982889860868454e-04 4.534152394626289606e-04 4.054894205182790756e-03 6.882098386995494366e-04 6.423668563365936279e-02 9.172117279376834631e-05 2.387813001405447721e-04 4.460270982235670090e-03
3.000000000000000000e+03 4.672077775467187166e-04 7.929412275552749634e-02 2.194157859776169062e-04 6.270255544222891331e-04 2.980003831908106804e-03 4.056770703755319118e-04 6.401677429676055908e-02 7.702345465077087283e-05 3.689191362354904413e-04 3.357121720910072327e-03
3.500000000000000000e+03 1.681888359598815441e-03 6.210319325327873230e-02 1.574989873915910721e-04 4.530662554316222668e-04 8.296929299831390381e-04 1.280439202673733234e-03 6.326837837696075439e-02 4.598671512212604284e-04 5.644847988151013851e-04 1.457761158235371113e-03
4.000000000000000000e+03 1.522051054053008556e-03 5.796353518962860107e-02 5.374777829274535179e-04 7.402154733426868916e-04 5.172230303287506104e-04 7.136966451071202755e-04 6.064722687005996704e-02 1.349072204902768135e-03 1.790416776202619076e-03 1.153770834207534790e-03
4.500000000000000000e+03 9.063587640412151814e-05 4.852071404457092285e-02 6.533490377478301525e-04 9.537321748211979866e-04 9.518438018858432770e-04 5.951463754172436893e-05 6.125187501311302185e-02 6.520232418552041054e-04 3.296744835097342730e-04 1.408883603289723396e-03
5.000000000000000000e+03 1.265163591597229242e-04 3.871648013591766357e-02 5.877877119928598404e-04 2.144820988178253174e-03 9.992731502279639244e-04 7.702926086494699121e-05 4.716397821903228760e-02 7.478678598999977112e-04 1.376945641823112965e-03 1.306737656705081463e-03
5.500000000000000000e+03 3.174268931616097689e-04 1.203763019293546677e-02 4.787581856362521648e-04 9.808503091335296631e-04 1.581761869601905346e-03 9.348629100713878870e-05 1.178714912384748459e-02 3.592011053115129471e-04 7.664519944228231907e-04 1.420751796104013920e-03
6.000000000000000000e+03 1.230983907589688897e-04 2.943451516330242157e-03 2.114747476298362017e-04 1.299380528507754207e-04 1.276436145417392254e-03 3.288760854047723114e-05 3.178852843120694160e-03 1.517864875495433807e-04 1.360966853098943830e-04 9.251948795281350613e-04
6.500000000000000000e+03 9.095077257370576262e-05 6.258602370508015156e-04 8.063039422268047929e-05 3.290229142294265330e-05 1.143375062383711338e-03 1.915549000841565430e-05 7.991677266545593739e-04 2.062656676571350545e-05 2.765388489933684468e-05 6.769142928533256054e-04
7.000000000000000000e+03 9.060211596079170704e-05 3.056847490370273590e-04 4.256133979652076960e-05 9.969973689294420183e-06 9.551871917210519314e-04 1.521670219517545775e-05 3.290729073341935873e-04 2.378825456617050804e-06 2.793461135297548026e-06 5.099034751765429974e-04
7.500000000000000000e+03 6.080200910218991339e-05 2.782964147627353668e-04 2.859032065316569060e-05 8.221096322813536972e-06 6.797566893510520458e-04 1.164383866125717759e-05 2.491799823474138975e-04 4.835522304347250611e-06 3.410857971175573766e-06 4.175989888608455658e-04
8.000000000000000000e+03 4.482348958845250309e-05 2.272534766234457493e-04 2.218994268332608044e-05 8.056953447521664202e-06 5.874434718862175941e-04 8.887486728781368583e-06 2.104897139361128211e-04 4.195701876597013324e-06 6.536357432196382433e-06 3.269120352342724800e-04
8.500000000000000000e+03 4.948159403284080327e-05 1.492196170147508383e-04 1.649610021559055895e-05 6.422535079764202237e-06 6.061445455998182297e-04 6.062785359972622246e-06 6.062377942726016045e-04 1.662963427406793926e-06 7.569482477265410125e-06 2.668527886271476746e-04
9.000000000000000000e+03 3.917984213330782950e-05 1.212477363878861070e-04 1.143142071668989956e-05 6.345809651975287125e-06 5.349232815206050873e-04 4.419721790327457711e-06 5.591902881860733032e-04 1.933208523041685112e-06 8.099784281512256712e-06 1.967559801414608955e-04
9.500000000000000000e+03 2.091775240842252970e-05 1.276738184969872236e-04 1.034257820720085874e-05 5.250651611277135089e-06 3.984290815424174070e-04 3.499622607705532573e-06 2.119753480656072497e-04 2.052711579381139018e-06 6.312076038739178330e-06 1.437179016647860408e-04
1.000000000000000000e+04 1.607362173672299832e-05 1.053945743478834629e-04 9.983392374124377966e-06 4.970590453012846410e-06 3.507183864712715149e-04 2.608511522339540534e-06 1.684962480794638395e-04 2.266777300974354148e-06 6.326052698568673804e-06 1.070684884325601161e-04
1.050000000000000000e+04 1.015899852063739672e-05 9.957241854863241315e-05 9.893095011648256332e-06 7.332139375648694113e-06 4.713630187325179577e-04 2.164892293876619078e-06 1.583146367920562625e-04 5.054957000538706779e-06 6.389881946233799681e-06 7.662408461328595877e-05
1.100000000000000000e+04 8.770483873377088457e-06 8.567657641833648086e-05 8.626943781564477831e-06 6.277321972447680309e-06 4.216951783746480942e-04 1.667407104832818732e-06 1.535905321361497045e-04 4.913092652714112774e-06 5.184221663512289524e-06 5.489006071002222598e-05
1.150000000000000000e+04 8.028843694773968309e-06 7.034613372525200248e-05 3.783076408581109717e-06 2.118827296726522036e-06 1.768922957126051188e-04 1.331053226749645546e-06 1.320184819633141160e-04 5.685260930476943031e-06 2.088620021822862327e-06 4.597935185302048922e-05
1.200000000000000000e+04 7.060643838485702872e-06 6.249774742173030972e-05 2.684962055354844779e-06 1.712919356577913277e-06 1.640240079723298550e-04 1.030008434099727310e-06 1.227035390911623836e-04 3.920443305105436593e-06 1.324332856711407658e-06 3.845181345241144300e-05
1.250000000000000000e+04 1.965265801118221134e-05 4.394072675495408475e-05 2.525013314880197868e-06 2.086426320602186024e-06 2.606259658932685852e-04 8.393785719817969948e-07 7.617897790623828769e-05 2.044937446044059470e-06 1.895777018035005312e-06 3.029719118785578758e-05
1.300000000000000000e+04 1.765832166711334139e-05 4.149360756855458021e-05 2.123266540365875699e-06 1.647155045247927774e-06 2.383349492447450757e-04 7.033483484519820195e-07 7.510060095228254795e-05 1.735914679557026830e-06 1.402643420078675263e-06 2.417362702544778585e-05
1.350000000000000000e+04 7.466301667591324076e-06 6.087225119699724019e-05 1.742244990055041853e-06 1.215930069520254619e-06 1.131886965595185757e-04 6.276655426518118475e-07 1.074571628123521805e-04 3.663619054350419901e-06 6.891814905429782812e-07 1.819892713683657348e-05
1.400000000000000000e+04 7.661427844141144305e-06 5.567595508182421327e-05 1.570192921462876257e-06 9.527567499389988370e-07 1.075714972103014588e-04 5.404297667155333329e-07 1.023582663037814200e-04 3.888171704602427781e-06 4.429346915912901750e-07 1.544461520097684115e-05
1.450000000000000000e+04 1.157104452431667596e-05 5.314959344104863703e-05 2.113383288815384731e-06 7.988259085323079489e-07 3.077173314522951841e-04 4.491601828249258688e-07 8.828808495309203863e-05 1.408684283887851052e-06 7.341071182054292876e-07 1.138097377406666055e-05
1.500000000000000000e+04 1.434964087820844725e-05 5.121648791828192770e-05 1.284458107875252608e-06 6.674339374512783252e-07 2.872331824619323015e-04 3.795904035541752819e-07 9.195903840009123087e-05 1.626458697501220740e-06 4.073143600180628709e-07 8.956169040175154805e-06
1.550000000000000000e+04 1.357361543341539800e-05 4.507918856688775122e-05 2.112092715833568946e-06 1.431402097296086140e-06 1.461339124944061041e-04 3.690678909151756670e-07 1.191940027638338506e-04 2.129612767021171749e-06 3.290502945674234070e-07 7.957399247970897704e-06
1.600000000000000000e+04 1.509206322225509211e-05 4.323898247093893588e-05 1.021639377540850546e-06 1.014241092889278661e-06 1.384141069138422608e-04 3.379608131126587978e-07 1.262550067622214556e-04 1.685421693764510565e-06 1.937497273729604785e-07 6.771481821488123387e-06
1.650000000000000000e+04 1.894879642350133508e-05 5.168932693777605891e-05 7.897680802670947742e-07 1.087832856683235150e-06 2.162458695238456130e-04 3.051056296499154996e-07 7.807545625837519765e-05 1.307368620473425835e-06 2.834537440321582835e-07 5.598123152594780549e-06
1.700000000000000000e+04 2.201214556407649070e-05 5.011131361243315041e-05 6.420742693080683239e-07 8.858240221343294252e-07 2.043423883151262999e-04 3.074718790685437853e-07 7.836094300728291273e-05 8.591518962930422276e-07 2.949541908492392395e-07 4.817716671823291108e-06
1.750000000000000000e+04 2.914238939411006868e-05 3.605912570492364466e-05 2.936382941243209643e-07 4.341229669080348685e-07 1.758014404913410544e-04 3.379873305675573647e-07 1.707833871478214860e-04 8.498464012518525124e-07 1.610170983212810825e-07 3.775547384066157974e-06
1.800000000000000000e+04 3.028517312486656010e-05 3.470235242275521159e-05 2.683898117084027035e-07 3.433364668126159813e-07 1.726769551169127226e-04 3.244469439778185915e-07 1.771584938978776336e-04 8.158710897987475619e-07 2.030464116842267686e-07 3.412332262087147683e-06
1.850000000000000000e+04 3.918794391211122274e-05 4.897618055110797286e-05 1.579986019351053983e-06 7.933844585750193801e-07 2.973914670292288065e-04 2.799561116262339056e-07 1.391578553011640906e-04 9.373667921863670927e-07 1.320881040101085091e-07 6.389478585333563387e-06
1.900000000000000000e+04 4.158519732300192118e-05 4.871744386036880314e-05 1.459654299651447218e-06 6.318660439319501165e-07 2.888773451559245586e-04 2.681423723061016062e-07 1.551993773318827152e-04 8.469003205391345546e-07 1.244632272801027284e-07 6.316235158010385931e-06
1.950000000000000000e+04 3.742050830624066293e-05 3.499980448395945132e-05 4.042735497478133766e-07 2.780354009246366331e-07 6.912565004313364625e-05 2.600012294351472519e-07 1.568339066579937935e-04 1.174227804767724592e-06 3.116109894563123817e-07 2.749819941527675837e-06
2.000000000000000000e+04 3.521962935337796807e-05 3.373721119714900851e-05 2.788312656321068062e-07 2.331756405737905880e-07 7.051912689348682761e-05 2.875215727726754267e-07 1.539570512250065804e-04 1.066446202457882464e-06 2.843573270183696877e-07 2.559280346758896485e-06
2.050000000000000000e+04 3.057418143725953996e-05 3.576042581698857248e-05 1.091155681365307828e-07 1.078894769079852267e-07 1.334142725681886077e-04 2.905356950577697717e-07 1.533012837171554565e-04 3.703814002165017882e-07 1.505379003674534033e-07 3.189623384969308972e-06
2.100000000000000000e+04 3.299154195701703429e-05 3.495347846182994545e-05 1.027395697406063846e-07 9.074418727550437325e-08 1.275470131076872349e-04 2.642447327616537223e-07 1.513023889856413007e-04 3.356091156092588790e-07 9.512322662885708269e-08 3.116579819106846116e-06
2.150000000000000000e+04 2.714928996283560991e-05 2.945525011455174536e-05 6.575794486707309261e-07 1.709989589926408371e-07 2.188062790082767606e-04 2.688971960651542759e-07 1.119651424232870340e-04 2.194841357550103567e-07 1.251725194606478908e-07 2.609634066175203770e-06
2.200000000000000000e+04 2.810322803270537406e-05 2.968494482047390193e-05 4.632400418813631404e-07 1.435447671838119277e-07 2.161543379770591855e-04 2.694695524496637518e-07 1.045343597070313990e-04 1.456209872685576556e-07 5.680065129354261444e-08 2.793259909594780765e-06
2.250000000000000000e+04 3.843399463221430779e-05 3.611620195442810655e-05 2.301290038531078608e-07 1.013602997090856661e-07 1.117231222451664507e-04 2.669878824690385954e-07 9.405231685377657413e-05 2.001696088882454205e-07 2.448474489824548073e-08 5.077801233710488304e-06
2.300000000000000000e+04 3.404932795092463493e-05 3.588643085095100105e-05 1.864640353232971393e-07 7.753767050644455594e-08 1.131997123593464494e-04 2.675521670880698366e-07 8.627858915133401752e-05 2.000686691872033407e-07 4.134000874955745530e-08 5.548381977860117331e-06
2.350000000000000000e+04 3.274057235103100538e-05 2.513924300728831440e-05 1.073408668617048534e-07 2.497178570592950564e-07 1.158139566541649401e-04 2.738513273925491376e-07 8.635998528916388750e-05 1.052751841257304477e-07 1.162406917387670546e-07 3.093089844696805812e-06
2.400000000000000000e+04 3.509122689138166606e-05 2.468543789291288704e-05 9.830357328155514551e-08 2.306868083223889698e-07 1.119084045058116317e-04 2.651159149991144659e-07 8.682428597239777446e-05 9.910480258668030729e-08 1.361910193509174860e-07 3.137101430183975026e-06
2.450000000000000000e+04 2.516395397833548486e-05 2.908195710915606469e-05 4.055071656239306321e-07 5.260688453745387960e-07 1.042505173245444894e-04 2.754641741375962738e-07 1.119516236940398812e-04 8.725019995381444460e-08 9.221547969673338230e-08 3.161222366543370299e-06
2.500000000000000000e+04 2.573314668552484363e-05 2.899306309700477868e-05 3.769515046769811306e-07 3.801889647547795903e-07 1.013149521895684302e-04 2.690823919238027884e-07 1.184703796752728522e-04 8.554752639611251652e-08 1.593193417193106143e-07 3.231421487726038322e-06
2.550000000000000000e+04 3.919357550330460072e-05 2.790033795463386923e-05 2.771437038973090239e-06 5.852228355252009351e-07 9.878601849777624011e-05 2.677820418739429442e-07 1.983756956178694963e-04 9.583364857235210366e-08 3.580958463089700672e-08 4.196758709440473467e-06
2.600000000000000000e+04 3.666396514745429158e-05 2.577974191808607429e-05 2.196158675360493362e-06 3.769065415326622315e-07 1.008604813250713050e-04 3.315427079542132560e-07 2.017334190895780921e-04 1.866981307330206619e-07 1.169166008452293681e-08 4.220788014208665118e-06
2.650000000000000000e+04 3.271832247264683247e-05 3.097832086496055126e-05 3.786992408549849642e-07 1.052462792472397268e-07 1.712140219751745462e-04 3.141567503917030990e-07 7.968714635353535414e-05 4.945545128975936677e-07 1.430683127523479925e-08 5.410567609942518175e-06
2.700000000000000000e+04 3.422912777750752866e-05 3.108177043031901121e-05 3.403551431802043226e-07 1.370584357118787011e-07 1.669225894147530198e-04 2.968366459299431881e-07 7.686699973419308662e-05 6.279788067331537604e-07 2.051099556865665363e-08 5.699250777979614213e-06
2.750000000000000000e+04 3.060203744098544121e-05 2.618325379444286227e-05 3.950241591610392788e-07 9.011981205730990041e-08 9.497265273239463568e-05 2.899147659718437353e-07 9.279845107812434435e-05 2.797420108890946722e-07 8.606763657326155226e-08 2.002652763621881604e-06
2.800000000000000000e+04 2.954493538709357381e-05 2.572246739873662591e-05 3.610588521496538306e-07 5.464109875674694194e-08 9.561333718011155725e-05 2.666144212071230868e-07 9.202447108691558242e-05 2.005699286655726610e-07 9.989468452431538026e-08 1.955059815372806042e-06
2.850000000000000000e+04 2.892107295338064432e-05 3.212354567949660122e-05 5.555098709919548128e-07 8.547474550368860946e-08 2.022445405600592494e-04 2.527100093629996991e-07 1.084442264982499182e-04 2.852916622941847891e-07 7.350611497258796589e-08 3.269637545599834993e-06
2.900000000000000000e+04 2.932194547611288726e-05 3.099201421719044447e-05 5.059674208496289793e-07 9.137036016682031914e-08 2.015361387748271227e-04 2.714444065077259438e-07 1.040065253619104624e-04 2.390664235463191289e-07 4.989384905229599099e-08 3.368541456438833848e-06
2.950000000000000000e+04 2.928069079644046724e-05 3.394033774384297431e-05 2.159314504979192861e-07 5.946534429313032888e-07 9.155023872153833508e-05 2.540423906793876085e-07 1.070827784133143723e-04 2.429362666589440778e-07 5.842895944851989043e-08 2.860757149392156862e-06
3.000000000000000000e+04 2.799632238748017699e-05 3.341408955748192966e-05 2.228742630450142315e-07 5.370982876229390968e-07 9.142655471805483103e-05 2.367951310588978231e-07 1.161258041975088418e-04 2.276900090691924561e-07 7.751357600227493094e-08 2.692489943001419306e-06
