# step, loss_train, loss_test, metrics_test
0.000000000000000000e+00 1.601273939013481140e-02 4.350135028362274170e-01 3.941508233547210693e-01 2.980406582355499268e-01 2.602095007896423340e-01 1.595765911042690277e-02 4.914004206657409668e-01 3.394450843334197998e-01 2.798313796520233154e-01 2.588832378387451172e-01
5.000000000000000000e+02 1.124919624999165535e-03 5.763656646013259888e-02 2.913179196184501052e-05 3.165704401908442378e-05 3.085064468905329704e-03 1.041906420141458511e-03 6.506317108869552612e-02 8.169645298039540648e-05 1.321962281508604065e-05 3.773627104237675667e-03
1.000000000000000000e+03 3.483361797407269478e-04 5.661068484187126160e-02 7.474898302461951971e-05 1.168613380286842585e-04 8.619621512480080128e-04 1.959300716407597065e-04 6.460193544626235962e-02 8.204891491914168000e-05 1.081114241969771683e-04 1.475562341511249542e-03
1.500000000000000000e+03 3.370011982042342424e-04 6.234667822718620300e-02 1.219946192577481270e-03 3.191372088622301817e-04 1.022076117806136608e-03 1.648738107178360224e-04 6.156543642282485962e-02 7.851597620174288750e-04 7.143843686208128929e-05 1.473286887630820274e-03
2.000000000000000000e+03 2.902419073507189751e-04 6.000854191370308399e-04 1.702872032183222473e-05 2.715711707423906773e-05 4.338561557233333588e-03 2.709337568376213312e-04 1.794860872905701399e-04 1.642246752453502268e-05 8.210979103751014918e-06 3.868013620376586914e-03
2.500000000000000000e+03 1.280638971365988255e-04 3.043814213015139103e-04 4.057533715240424499e-06 7.280599220393924043e-06 2.532032551243901253e-03 7.530479342676699162e-05 6.266787386266514659e-05 4.658357283915393054e-06 5.325342499418184161e-06 2.086280845105648041e-03
3.000000000000000000e+03 6.559333269251510501e-05 1.909824786707758904e-04 2.610836872918298468e-06 6.547013526869704947e-06 1.799057121388614178e-03 3.138681495329365134e-05 6.850164209026843309e-05 2.898599404943524860e-06 2.394338480371516198e-06 1.407263800501823425e-03
3.500000000000000000e+03 6.159500480862334371e-05 1.815627620089799166e-04 2.222476268798345700e-06 3.808975179708795622e-06 1.501206308603286743e-03 2.164099532819818705e-05 6.043558096280321479e-05 2.019652356466394849e-06 2.369122739764861763e-06 1.109273172914981842e-03
4.000000000000000000e+03 5.118447006680071354e-05 3.097418521065264940e-04 7.009176442807074636e-06 5.301426426740363240e-06 1.376532251015305519e-03 1.885313395177945495e-05 2.049708709819242358e-04 7.101888513716403395e-06 4.532672392087988555e-06 1.002334989607334137e-03
4.500000000000000000e+03 4.629303657566197217e-05 1.557350042276084423e-04 6.158864835015265271e-06 8.302778951474465430e-06 1.369829173199832439e-03 1.257333588000619784e-05 7.283931336132809520e-05 4.053892553201876581e-06 6.363209195114905015e-06 7.915258174762129784e-04
5.000000000000000000e+03 4.052442454849369824e-05 1.488130801590159535e-04 6.016981842549284920e-06 5.265700110612669960e-06 1.263107522390782833e-03 1.057587451214203611e-05 7.228192407637834549e-05 3.817903689196100459e-06 4.745904334413353354e-06 6.936543504707515240e-04
5.500000000000000000e+03 2.685698382265400141e-05 1.231808710144832730e-04 3.431529876252170652e-06 4.308977167966077104e-06 9.640408097766339779e-04 7.575861673103645444e-06 1.026871323119848967e-04 8.153515409503597766e-06 4.915807039651554078e-06 6.257347995415329933e-04
6.000000000000000000e+03 2.445554491714574397e-05 1.108948781620711088e-04 5.734845672122901306e-06 3.989427204942330718e-05 9.797584498301148415e-04 6.004477199894608930e-06 6.472467066487297416e-05 9.023824532050639391e-06 4.665342567022889853e-05 6.603251677006483078e-04
6.500000000000000000e+03 2.441304786771070212e-05 9.425536700291559100e-05 2.255802655781735666e-06 7.366937097685877234e-06 8.965846500359475613e-04 7.892986104707233608e-06 6.907080387463793159e-05 1.651541879255091771e-06 6.986084372329059988e-06 4.603874986059963703e-04
7.000000000000000000e+03 2.422085344733204693e-05 9.014077659230679274e-05 1.966402578545967117e-06 7.370461844402598217e-06 8.246257202699780464e-04 8.010750207176897675e-06 6.508655496872961521e-05 2.947141183540225029e-06 7.395745797111885622e-06 3.981589979957789183e-04
7.500000000000000000e+03 1.710132892185356468e-05 6.327395385596901178e-05 3.119849679933395237e-06 1.319368220720207319e-05 6.372457137331366539e-04 6.349890099954791367e-06 3.625202225521206856e-05 4.658867965190438554e-06 1.575474198034498841e-05 3.689427394419908524e-04
8.000000000000000000e+03 1.783805055310949683e-05 6.278548389673233032e-04 1.943861207109875977e-05 8.756902388995513320e-05 6.606368697248399258e-04 7.638202077941969037e-06 6.064224289730191231e-04 2.294370824529323727e-05 1.398643071297556162e-04 4.169007006566971540e-04
8.500000000000000000e+03 7.435231509589357302e-06 5.956367022008635104e-05 1.164316472568316385e-06 1.591826617186598014e-06 7.234708755277097225e-04 3.329055743961362168e-06 7.521217048633843660e-05 1.243203428202832583e-06 1.063594481820473447e-06 3.943877818528562784e-04
9.000000000000000000e+03 8.265878932434134185e-06 4.985860505257733166e-05 8.672012654642458074e-07 3.796747250817134045e-06 6.182717625051736832e-04 3.200858145646634512e-06 5.967363540548831224e-05 1.221430352416064125e-06 1.009210882330080494e-05 2.939098922070115805e-04
9.500000000000000000e+03 1.231640817422885448e-05 5.909230821998789907e-05 2.237481794509221800e-06 6.558123459399212152e-06 4.765579360537230968e-04 4.066506335220765322e-06 2.392753776803147048e-05 2.430653239571256563e-06 6.029313226463273168e-06 2.168570645153522491e-04
1.000000000000000000e+04 1.925914148159790784e-05 4.739777068607509136e-05 3.149388476231251843e-06 2.953504917968530208e-05 4.563729162327945232e-04 4.679531684814719483e-06 6.447448686230927706e-05 4.831232672586338595e-06 3.118556924164295197e-05 2.033818600466474891e-04
1.050000000000000000e+04 2.464607860019896179e-05 1.723369059618562460e-04 1.894778142741415650e-05 4.480705320020206273e-05 6.898297579027712345e-04 3.945313892472768202e-06 2.593766548670828342e-04 2.431663233437575400e-05 3.502072650007903576e-05 2.264542563352733850e-04
1.100000000000000000e+04 2.496265915397088975e-05 6.426827167160809040e-05 1.491398597863735631e-05 6.849428245914168656e-06 5.467922892421483994e-04 2.324258730368455872e-06 9.421728464076295495e-05 1.625012737349607050e-05 3.650658754850155674e-06 1.205323351314291358e-04
1.150000000000000000e+04 1.908133708639070392e-05 1.158741542894858867e-05 8.214273634621349629e-07 2.969778734041028656e-06 2.433591580484062433e-04 1.671388076829316560e-06 7.738770364085212350e-06 1.113564394472632557e-06 4.667466782848350704e-06 9.762372064869850874e-05
1.200000000000000000e+04 1.837949639593716711e-05 9.338535164715722203e-06 1.138864263339200988e-06 8.692211849847808480e-06 2.354263269808143377e-04 1.428943050996167585e-06 8.077065103861968964e-06 2.873586709029041231e-06 9.661522199166938663e-06 9.401699935551732779e-05
1.250000000000000000e+04 2.346037217648699880e-05 1.471132964070420712e-05 2.745735628195689060e-06 2.515573942218907177e-05 4.017833562102168798e-04 1.900937490972864907e-06 1.379060267936438322e-05 4.484956207306822762e-06 2.883653360186144710e-05 1.128260992118157446e-04
1.300000000000000000e+04 2.307449904037639499e-05 1.479416550864698365e-05 9.843686257227091119e-07 5.232176135905319825e-06 3.310987376607954502e-04 1.371394432680972386e-06 9.359948307974264026e-06 6.351700108098157216e-07 4.527710643742466345e-06 6.019920328981243074e-05
1.350000000000000000e+04 1.415480073774233460e-05 1.133554178522899747e-05 5.419103104031819385e-07 3.348945256220758893e-06 1.642063289182260633e-04 7.794441216901759617e-07 1.233147668244782835e-05 7.238473926918231882e-07 2.808930048558977433e-06 4.920583887724205852e-05
1.400000000000000000e+04 1.253022583114216104e-05 7.201746939244912937e-06 5.949730734755576123e-07 6.409565230569569394e-06 1.745591289363801479e-04 6.504872089863056317e-07 7.474877747881691903e-06 1.089069883164484054e-06 8.908983545552473515e-06 5.973013685434125364e-05
1.450000000000000000e+04 7.407142220472451299e-06 4.423515929374843836e-05 1.535803903607302345e-06 2.837115061993245035e-06 5.006352439522743225e-04 2.130268285327474587e-06 3.897948045050725341e-05 3.440545697230845690e-05 1.646140958655450959e-06 4.799853923032060266e-05
1.500000000000000000e+04 9.834285265242215246e-06 3.219638892915099859e-05 1.007692731036513578e-06 1.732758846628712490e-06 4.574379127006977797e-04 1.281266804653569125e-06 2.761797077255323529e-05 4.887820978183299303e-05 8.354131182386481669e-07 3.877606650348752737e-05
1.550000000000000000e+04 1.121950117521919310e-05 1.932305713125970215e-05 2.625486104079755023e-06 1.079755179489438888e-06 2.478988026268780231e-04 1.485121288169466425e-06 2.014100391534157097e-05 5.469274583447258919e-06 1.378771003146539442e-06 3.367927638464607298e-05
1.600000000000000000e+04 1.116626935981912538e-05 1.346624958387110382e-05 1.448806756343401503e-06 1.211004246215452440e-06 2.302573266206309199e-04 1.496957565905177034e-06 1.482242896599927917e-05 1.413260861227172427e-06 2.538676199037581682e-06 2.832583049894310534e-05
1.650000000000000000e+04 1.478204376326175407e-05 1.512688686489127576e-05 1.040327902046556119e-06 8.231519359469530173e-07 3.378854598850011826e-04 1.083267761714523658e-06 1.113684174924856052e-05 8.002588742783700582e-07 1.523831997474189848e-06 2.465783654770348221e-05
1.700000000000000000e+04 1.556758252263534814e-05 1.423487083229701966e-05 1.156929329226841219e-06 1.185879000331624411e-06 3.249332366976886988e-04 1.043253973875835072e-06 1.738732680678367615e-05 1.120696992984449025e-06 1.064998059518984519e-06 2.515030973881948739e-05
1.750000000000000000e+04 1.062048340827459469e-05 9.598653377906884998e-06 2.242676799824039335e-07 4.498692476317955879e-07 2.614214026834815741e-04 9.836958270170725882e-07 8.619297659606672823e-06 1.444641020498238504e-05 1.182104028885078151e-06 1.454930406907806173e-05
1.800000000000000000e+04 1.225175492436392233e-05 9.378680988447740674e-05 7.501897130168799777e-07 2.715215941861970350e-06 2.420406817691400647e-04 1.121911282098153606e-06 1.553702022647485137e-04 1.213209543493576348e-05 2.975471716126776300e-06 1.566699756949674338e-05
1.850000000000000000e+04 2.051530100288800895e-05 1.820896613935474306e-05 1.702573854345246218e-06 5.982621473776816856e-07 4.064004751853644848e-04 1.412679694112739526e-06 4.614856152329593897e-05 5.480313120642676950e-06 5.687198836312745698e-07 1.373802206217078492e-05
1.900000000000000000e+04 1.749298098729923368e-05 1.946666088770143688e-05 4.693017388035514159e-07 1.372406359223532490e-06 3.799161349888890982e-04 1.880448053270811215e-06 2.650289206940215081e-05 2.489086909918114543e-06 2.662359577243478270e-07 1.521643389423843473e-05
1.950000000000000000e+04 1.130801410909043625e-05 7.660314622626174241e-06 5.860346163899521343e-07 3.780990027735242620e-07 9.556704753777012229e-05 1.383508788421750069e-06 1.090825389837846160e-05 1.131493945649708621e-06 3.842465616799017880e-07 1.044282362272497267e-05
2.000000000000000000e+04 1.220502781507093459e-05 6.996019237703876570e-06 3.698797286233457271e-07 1.798631643623593845e-07 8.718221943126991391e-05 9.474696867073362228e-07 8.762366633163765073e-06 8.020593895707861520e-07 6.808680836911662482e-07 9.130594662565272301e-06
2.050000000000000000e+04 2.011353171837981790e-05 5.234090713202022016e-05 1.071666338248178363e-05 2.896040541600086726e-06 3.881010925397276878e-04 1.581155629537533969e-06 8.790280116954818368e-05 2.408393993391655385e-05 1.612535015738103539e-06 2.368340065004304051e-04
2.100000000000000000e+04 2.218668669229373336e-05 5.516164037544513121e-06 1.254303327868910856e-07 1.717812239121485618e-07 1.414103608112782240e-04 8.477030064568680245e-07 1.115026589104672894e-05 1.468178083996463101e-06 2.879259568544512149e-07 1.149961826740764081e-05
2.150000000000000000e+04 1.316424459218978882e-05 1.117953524953918532e-05 1.961382167792180553e-07 2.677139434581476962e-07 2.315044839633628726e-04 6.929682285772287287e-07 9.342440534965135157e-06 3.040941862764157122e-07 1.335364459009724669e-07 8.083271495706867427e-06
2.200000000000000000e+04 1.440006053599063307e-05 1.088542467186925933e-05 3.078879728946048999e-07 3.434070094954222441e-07 2.254171704407781363e-04 6.306394766397716012e-07 1.033158059726702049e-05 3.510286603614076739e-07 2.521161093227419769e-07 1.010865344142075628e-05
2.250000000000000000e+04 1.998445623030420393e-05 1.665824129304382950e-05 3.334094742513116216e-07 2.847829705387994181e-07 1.338557485723868012e-04 7.943966693346737884e-07 2.209144622611347586e-05 5.477291324496036395e-06 2.061399584363243775e-07 6.775259862479288131e-06
2.300000000000000000e+04 2.014247183979023248e-05 1.240269011759664863e-05 1.869381094365962781e-07 2.165916868079875712e-07 1.265355822397395968e-04 5.660458555212244391e-07 1.688355041551403701e-05 8.794519089860841632e-06 8.888108027349517215e-08 6.902574568812269717e-06
2.350000000000000000e+04 2.702210804272908717e-05 1.112779682443942875e-05 3.838462419025745476e-07 5.138839469509548508e-07 1.084075993276201189e-04 5.422056119641638361e-07 2.241655965917743742e-05 1.199888083647238091e-05 1.693447416073468048e-06 1.338261063210666180e-05
2.400000000000000000e+04 2.984849015774670988e-05 9.629769010643940419e-06 1.707525427718792344e-07 4.738288623684638878e-07 9.665888501331210136e-05 5.063853336650936399e-07 1.811275978980120271e-05 2.656388096511363983e-05 2.724335217862972058e-06 1.182003416033694521e-05
2.450000000000000000e+04 2.038703496509697288e-05 8.870531928550917655e-06 4.751958329052285990e-07 6.208643412719538901e-07 1.042284202412702143e-04 2.916920891493646195e-07 1.321988747804425657e-05 2.277230493064053007e-08 2.659713118191575631e-06 7.456606454070424661e-06
2.500000000000000000e+04 1.981150489882566035e-05 8.323977453983388841e-06 3.865718269935314311e-07 5.499481972037756350e-07 9.943731856765225530e-05 2.434419172914203955e-07 1.530221561552025378e-05 3.921627467207144946e-08 2.599628487587324344e-06 6.713407401548465714e-06
2.550000000000000000e+04 2.581981243565678596e-05 7.665468729101121426e-06 7.408256692542636301e-07 8.317836091009667143e-07 9.632902947487309575e-05 2.155947669280067203e-07 2.987316293001640588e-05 1.230369406357567641e-07 3.627589876487036236e-06 6.598958862014114857e-06
2.600000000000000000e+04 2.604476503620389849e-05 7.018204996711574495e-06 7.858440085328766145e-07 1.337280224333881051e-07 8.558089029975235462e-05 2.368117861806240398e-07 2.509413934603799134e-05 1.080482689985728939e-07 1.798099873440150986e-07 5.595194124907720834e-06
2.650000000000000000e+04 2.325272907910402864e-05 7.638296665390953422e-06 1.053014742069535714e-07 2.061738086922559887e-07 1.381004549330100417e-04 2.744104108387546148e-07 1.705752038105856627e-05 8.651118719171790872e-07 1.154586811935587320e-06 6.970095000724541023e-06
2.700000000000000000e+04 2.584759386081714183e-05 1.852903915278147906e-05 4.547625280792999547e-07 7.868471243455132935e-07 1.311077357968315482e-04 4.820521439796721097e-07 2.769142520264722407e-05 3.741003808954701526e-07 3.744740524780354463e-06 1.129377142206067219e-05
2.750000000000000000e+04 1.935025647981092334e-05 5.802926807518815622e-06 6.413140596350785927e-08 1.624882628448176547e-07 6.717524229316040874e-05 1.706680592405973584e-07 1.518861972726881504e-05 1.035742570820730180e-06 3.933843117920332588e-07 3.195766339558758773e-06
2.800000000000000000e+04 1.846272243710700423e-05 5.498017799254739657e-06 1.056158396295359125e-07 1.389157802123008878e-07 6.439322896767407656e-05 1.111337226689101954e-07 1.462564978282898664e-05 1.574966404405131470e-06 5.229737780609866604e-07 2.702520077946246602e-06
2.850000000000000000e+04 2.414922164462041110e-05 1.140618951467331499e-05 1.191458380844778731e-07 2.452003968755889218e-07 2.019720122916623950e-04 1.195396635012002662e-07 1.048448757501319051e-05 3.139097941584623186e-07 7.725257660240458790e-07 3.535778205332462676e-06
2.900000000000000000e+04 2.337342084501869977e-05 1.177915146399755031e-05 1.099817978911232785e-07 1.286406927647476550e-07 1.944280375028029084e-04 1.322738683029456297e-07 9.453312486584763974e-06 8.659208106109872460e-07 2.665144052116374951e-07 3.137370640615699813e-06
2.950000000000000000e+04 1.649716614338103682e-05 6.405358817573869601e-06 3.227872582556301495e-07 3.355885951350501273e-07 5.714808503398671746e-05 1.280089207966739195e-07 1.165697176475077868e-05 6.096922334108967334e-06 1.341536631116468925e-06 2.466860678396187723e-06
3.000000000000000000e+04 1.582616823725402355e-05 2.917154961323831230e-05 8.824152928355033509e-07 4.709433483185421210e-07 5.578159107244573534e-05 1.646124587750819046e-07 2.392231181147508323e-05 7.429917332046898082e-06 1.327662175754085183e-06 2.684473429326317273e-06
3.050000000000000000e+04 2.240445064671803266e-05 6.648829639743780717e-06 1.914950615855559590e-07 8.267299733688560082e-08 1.191435076179914176e-04 1.084851959376464947e-07 1.770452581695280969e-05 3.435901874127011979e-07 7.064369356157840230e-07 1.889260374809964560e-06
3.100000000000000000e+04 1.993382284126710147e-05 9.037204290507361293e-05 1.123992092288972344e-06 1.055671873473329470e-06 1.276466355193406343e-04 1.178556630065941135e-07 1.650687481742352247e-04 2.248706181262605241e-07 1.124577920563751832e-06 9.363359822600614280e-06
3.150000000000000000e+04 1.745157896948512644e-05 5.186275757296243683e-06 1.131229083739526686e-07 7.684101177574120811e-08 9.139649046119302511e-05 8.992147115804982604e-08 3.056022615055553615e-05 1.239187668033991940e-06 7.261149676196509972e-06 1.390866259498579893e-06
3.200000000000000000e+04 1.688677730271592736e-05 5.553626124310540035e-06 1.416854331637296127e-07 1.110444358687345812e-07 9.070841042557731271e-05 8.308892063269013306e-08 1.915868051582947373e-05 4.876927164332300890e-07 2.064698128378950059e-05 2.565482645877636969e-06
3.250000000000000000e+04 1.210934715345501900e-05 4.511094175541074947e-06 1.781215672735925182e-07 1.283771382531995187e-07 5.334560046321712434e-05 8.638539128469346906e-08 9.202609362546354532e-06 8.002884328561776783e-07 1.747354794190414395e-08 1.107277626033464912e-06
3.300000000000000000e+04 1.083898951037554070e-05 4.293273377697914839e-06 9.772006848152159364e-08 2.321974221786149428e-07 5.254537973087280989e-05 5.634587552094671992e-08 8.404994332522619516e-06 1.752150751599401701e-06 2.631840168021426507e-08 9.970173096007783897e-07
3.350000000000000000e+04 1.877029899333138019e-05 7.752194505883380771e-06 3.800822412358684232e-07 5.312411985869402997e-07 8.644885383546352386e-05 7.222716646992921596e-08 8.978349796961992979e-06 4.968029543306329288e-07 1.247103540436000912e-07 2.100608526234282181e-06
3.400000000000000000e+04 1.908751619339454919e-05 1.758796861395239830e-05 7.586742185594630428e-07 6.021890612828428857e-07 8.397148485528305173e-05 1.456527485288461321e-07 1.267828156414907426e-05 4.619104743142088410e-07 1.273729708373139147e-07 5.192977369006257504e-06
3.450000000000000000e+04 2.612116077216342092e-05 1.334365788352442905e-05 4.086589626695058541e-07 8.615668889433436561e-07 8.405198605032637715e-05 5.853855213899805676e-07 1.542201789561659098e-05 5.096480322208662983e-07 2.331038558622822165e-06 3.973827915615402162e-06
3.500000000000000000e+04 2.126078470610082150e-05 1.173059263237519190e-05 2.235957481389050372e-07 2.418895519440411590e-07 8.042353147175163031e-05 3.301764479601843050e-07 2.086135100398678333e-05 2.201975348725682124e-07 9.002238243738247547e-07 3.969036697526462376e-06
3.550000000000000000e+04 2.639948070282116532e-05 1.364575109619181603e-05 9.312307724940183107e-07 9.570908332534600049e-08 1.055240354617126286e-04 2.097577578297205037e-07 2.600134939712006599e-05 5.662715096832471318e-08 5.880689002424333012e-08 3.914615263056475669e-06
3.600000000000000000e+04 2.426399441901594400e-05 1.246362626261543483e-05 7.130897188289964106e-07 1.218959795323826256e-07 9.887661144603043795e-05 1.501214228483149782e-07 2.427183426334522665e-05 6.955230560379277449e-07 4.224854777135078621e-08 4.181015356152784079e-06
3.650000000000000000e+04 2.786610093608032912e-05 1.007009086606558412e-05 9.184257265815176652e-08 5.977241102073094225e-08 1.084008690668269992e-04 1.314998883117368678e-07 2.055252844002097845e-05 1.011196815170478658e-07 2.918825714459671872e-07 4.764061031892197207e-06
3.700000000000000000e+04 2.694768409128300846e-05 8.329632692039012909e-06 2.004462800186956883e-07 2.434298096432030434e-07 9.104252967517822981e-05 1.483426359527584282e-07 1.840651748352684081e-05 2.320795005061881966e-07 7.383868450006048079e-08 4.285232989786891267e-06
3.750000000000000000e+04 2.428806328680366278e-05 9.237460290023591369e-06 9.958545632571258466e-08 6.172695634631963912e-07 1.108689175453037024e-04 1.487850056491879513e-07 2.595478326838929206e-05 1.180351318907923996e-06 4.796832854481181130e-06 2.034603767242515460e-06
3.800000000000000000e+04 2.313874574610963464e-05 7.240179911605082452e-06 1.509750404693477321e-07 6.270913672778988257e-07 1.046053803293034434e-04 1.751842262365244096e-07 2.765089266176801175e-05 4.517693241723463871e-07 7.114799245755420998e-06 2.660143536559189670e-06
3.850000000000000000e+04 1.987065843422897160e-05 6.389058398781344295e-06 1.848783739433201845e-07 2.369368417021178175e-07 7.416703738272190094e-05 1.408901226795933326e-07 2.006729846470989287e-05 3.549129985458421288e-07 1.089436636902973987e-06 4.194158918835455552e-06
3.900000000000000000e+04 1.771436836861539632e-05 2.589700670796446502e-05 3.740233580629137577e-07 2.340335782946567633e-07 7.139774970710277557e-05 3.016727418980735820e-07 2.466610567353200167e-05 1.097974049457661749e-07 1.196893663291120902e-06 9.180474989989306778e-06
3.950000000000000000e+04 2.635634700709488243e-05 7.892442226875573397e-06 2.270092807066248497e-07 3.441588489749847213e-07 5.007168510928750038e-05 1.656770507452165475e-07 3.416348408791236579e-05 9.413911357114557177e-06 9.334919468528823927e-07 3.602530796342762187e-06
4.000000000000000000e+04 2.330921051907353103e-05 6.625738024013116956e-06 1.567404552815787611e-07 2.787367634482507128e-07 4.732094021164812148e-05 1.624702861136029242e-07 4.100508886040188372e-05 8.077597158262506127e-06 8.638325539322977420e-07 3.888274022756377235e-06
4.050000000000000000e+04 2.543439404689706862e-05 1.144346060755196959e-05 1.365446706813600031e-07 1.029250597639475018e-06 1.290335931116715074e-04 1.430627492027269909e-07 3.551178451743908226e-06 7.227927767416986171e-07 3.115020263066980988e-06 6.780274816264864057e-06
4.100000000000000000e+04 2.260015571664553136e-05 1.259373584616696462e-05 6.347445946630614344e-08 4.612905684098222991e-07 1.252234796993434429e-04 2.075906166965069133e-07 2.659300662344321609e-06 9.981833670735795749e-08 1.942494463946786709e-06 1.094793242373270914e-05
4.150000000000000000e+04 1.946923839568626136e-05 1.135743968916358426e-05 2.650894543876347598e-07 3.087272659740847303e-07 1.190828115795738995e-04 1.372643794184114086e-07 2.691873851290438324e-05 8.819123564762776368e-08 3.121454028587322682e-07 2.584907633718103170e-06
4.200000000000000000e+04 1.595432331669144332e-05 9.503943147137761116e-06 2.648685324402322294e-07 1.695316882432962302e-07 1.155788559117354453e-04 1.567594267726235557e-07 2.333186785108409822e-05 4.314599877375258075e-08 4.646970523936033715e-07 2.540386731197941117e-06
4.250000000000000000e+04 2.295239210070576519e-05 9.445772775507066399e-06 6.659681872633882449e-08 7.384814182387344772e-08 9.198456245940178633e-05 1.829650955187389627e-07 3.075701170018874109e-05 5.010057435583803453e-08 2.916216601533960784e-07 2.912697254942031577e-06
4.300000000000000000e+04 1.770846029103267938e-05 9.933375622495077550e-06 8.230700387912293081e-08 1.096910366982228879e-07 8.209582301788032055e-05 2.390260078755090944e-07 2.612142634461633861e-05 5.186144846902607242e-08 8.718714070710120723e-07 2.775539996946463361e-06
