# step, loss_train, loss_test, metrics_test
0.000000000000000000e+00 4.973108880221843719e-04 7.002799212932586670e-02 3.489007055759429932e-02 1.800847612321376801e-02 3.264227416366338730e-03 4.669940972235053778e-04 8.046396076679229736e-02 3.464491292834281921e-02 2.072061970829963684e-02 4.104810766875743866e-03
5.000000000000000000e+02 2.712476125452667475e-04 4.752897843718528748e-02 7.170752505771815777e-04 1.613644417375326157e-03 6.456776754930615425e-04 1.204651052830740809e-04 5.391511693596839905e-02 8.942413842305541039e-05 9.996203007176518440e-04 1.159666106104850769e-03
1.000000000000000000e+03 2.670449430297594517e-05 1.896972098620608449e-04 1.828444874263368547e-05 1.281005370401544496e-05 8.196501294150948524e-04 7.968238605826627463e-06 1.357720175292342901e-04 2.065111220872495323e-05 2.646159009600523859e-05 5.887994193471968174e-04
1.500000000000000000e+03 1.354589767288416624e-05 1.374592102365568280e-04 1.029512804961996153e-05 1.223181789100635797e-05 5.997667321935296059e-04 3.615022023950587027e-06 1.437223836546763778e-04 1.702088411548174918e-05 3.663526877062395215e-05 2.576116821728646755e-04
2.000000000000000000e+03 1.181253173854202032e-05 5.560494028031826019e-04 4.432889454619726166e-06 2.293575380463153124e-05 5.667700315825641155e-04 2.638824753375956789e-06 5.642242613248527050e-04 4.760112460644450039e-06 9.965582648874260485e-06 2.171807864215224981e-04
2.500000000000000000e+03 8.123971383611205965e-06 3.464537439867854118e-05 2.129793301719473675e-06 1.459075747334281914e-06 3.156217862851917744e-04 1.551464720250805840e-06 3.902733442373573780e-05 4.967987933923723176e-06 2.609774128359276801e-06 5.220202365308068693e-05
3.000000000000000000e+03 7.221163286885712296e-06 2.416843381070066243e-05 1.256017867490299977e-06 1.444257577531971037e-06 2.664980420377105474e-04 1.202094495056371670e-06 2.471158040862064809e-05 1.734759280225262046e-06 4.648299182008486241e-06 2.699945616768673062e-05
3.500000000000000000e+03 1.024256198434159160e-05 3.269280205131508410e-05 7.173687208705814555e-07 1.111871370085282251e-06 2.784744428936392069e-04 9.817914587983977981e-07 2.922454768850002438e-05 9.129341265179391485e-07 2.447506176395108923e-06 1.525521020084852353e-05
4.000000000000000000e+03 1.093046012101694942e-05 1.899302333185914904e-05 8.150421422215003986e-07 1.047561681843944825e-06 2.462716947775334120e-04 9.578337767379707657e-07 1.200987753691151738e-05 9.065670951713400427e-07 5.654354481521295384e-06 9.062963727046735585e-06
4.500000000000000000e+03 2.090433372359257191e-05 2.385905827395617962e-05 1.057695044437423348e-06 1.060667727870168164e-06 3.113726270385086536e-04 6.200156121849431656e-07 3.063511030632071197e-05 1.229344888997729868e-06 1.718373141557094641e-06 1.242207144969142973e-05
5.000000000000000000e+03 2.030618270509876311e-05 2.232091901532839984e-05 9.372703289045603015e-07 7.764984957248088904e-07 2.834693004842847586e-04 3.405578183901525335e-07 4.494794484344311059e-05 1.419948262082471047e-06 4.266705673217074946e-07 8.572210390411783010e-06
5.500000000000000000e+03 1.251273715752176940e-05 1.198219524667365476e-05 7.545133371422707569e-07 9.706542414278374054e-07 1.543886464787647128e-04 1.937017941600061022e-07 1.477474961575353518e-05 1.339310756520717405e-06 8.316506523442512844e-07 5.174259058549068868e-06
6.000000000000000000e+03 1.434627665730658919e-05 9.996977496484760195e-06 1.704014351844307384e-07 3.312471221761370543e-07 1.378486194880679250e-04 1.434458454241394065e-07 1.219683417730266228e-05 5.604434250017220620e-07 1.123421952797798440e-06 3.758059165193117224e-06
6.500000000000000000e+03 2.580685941211413592e-05 1.150054049503523856e-05 1.618206653120068950e-07 3.287294703113730066e-07 1.228410837939009070e-04 1.119650505643221550e-07 1.355262520519318059e-05 7.095453611327684484e-07 1.809399577723524999e-06 6.790246970922453329e-06
7.000000000000000000e+03 2.625873457873240113e-05 1.068404708348680288e-05 1.202072184014468803e-07 3.778563666401169030e-07 1.119310763897374272e-04 1.382340428790485021e-07 1.368393168377224356e-05 5.895234380659530871e-07 2.359596919632167555e-06 6.092289368098136038e-06
7.500000000000000000e+03 9.504907211521640420e-06 4.417267973622074351e-06 3.268455373017786769e-07 3.582416923109121853e-07 7.304002065211534500e-05 1.613178710613283329e-07 5.342747044778661802e-06 2.864923089873627760e-07 1.142069663728761952e-06 2.614870709294336848e-06
8.000000000000000000e+03 1.395557228534016758e-05 4.019399057142436504e-06 2.079779193309150287e-07 2.017821714161982527e-07 5.668629455612972379e-05 1.435133896166007617e-07 5.523156687559094280e-06 1.924035188949346775e-07 1.666493403718050104e-06 2.161486008844804019e-06
8.500000000000000000e+03 2.412189860478974879e-05 8.395397344429511577e-06 1.665058135813524132e-07 2.461963504174491391e-07 1.417671155650168657e-04 1.249532459723923239e-07 1.860842530732043087e-05 3.010423370142234489e-06 1.326635992882074788e-05 2.100069423249806277e-06
9.000000000000000000e+03 2.436659451632294804e-05 9.442087502975482494e-06 2.485870425061875721e-07 2.961153313663089648e-07 1.314900000579655170e-04 2.154503704332455527e-07 2.712845707719679922e-05 1.171919620901462622e-06 2.296978709637187421e-05 2.171044570786762051e-06
9.500000000000000000e+03 1.598545713932253420e-05 5.096328095532953739e-06 7.384640099417083547e-08 2.472297069289197680e-07 8.319799962919205427e-05 3.906781103069079109e-07 1.021064417727757245e-05 2.265995590278180316e-06 8.349800737050827593e-06 2.097461901939823292e-06
1.000000000000000000e+04 1.294628691539401188e-05 5.555853931582532823e-06 9.187198202198487706e-08 2.040784465862088837e-07 8.538487600162625313e-05 2.942612411516165594e-07 9.868867891782429069e-06 2.404265444511111127e-07 5.687282282451633364e-06 2.015645577557734214e-06
1.050000000000000000e+04 3.065139026148244739e-05 1.039264134305994958e-05 2.444845677018747665e-07 3.606678262713103322e-07 1.306755293626338243e-04 2.019827149979391834e-07 2.274300459248479456e-05 1.307260959038103465e-06 6.936820136616006494e-05 3.025526893907226622e-06
1.100000000000000000e+04 2.962527651106938720e-05 1.028481565299443901e-04 7.736671818747709040e-07 8.197476972782169469e-07 1.127710638684220612e-04 2.186967975603693048e-07 1.656944514252245426e-04 2.670636149559868500e-06 4.420365075930021703e-05 1.089568013412645087e-05
1.150000000000000000e+04 1.040259758156025782e-05 6.428938831959385425e-06 1.443221577801523381e-07 2.235026244079563185e-07 4.231559432810172439e-05 1.359588708282899461e-07 1.579164745635353029e-05 2.484481001374660991e-06 1.474580221838550642e-05 1.741619257700222079e-06
1.200000000000000000e+04 9.678067726781591773e-06 5.967589004285400733e-06 1.006778660439522355e-07 1.643882399093854474e-07 3.989794640801846981e-05 1.030421259429203928e-07 1.365786556561943144e-05 2.856669652828713879e-06 1.921823059092275798e-05 1.686230348241224419e-06
1.250000000000000000e+04 1.361945487587945536e-05 1.452789274480892345e-05 8.243269888907889253e-08 3.472048604180599796e-07 9.518438309896737337e-05 9.764848840632112115e-08 2.672836308192927390e-05 7.359955134234041907e-08 1.205938247039739508e-06 2.537751470299554057e-06
1.300000000000000000e+04 1.497548782936064526e-05 4.456268288777209818e-05 3.113325647063902579e-06 8.525783414370380342e-06 8.908427844289690256e-05 1.300804797210730612e-07 5.490376133820973337e-05 2.322444515812094323e-06 5.450195885714492761e-07 2.747941380221163854e-06
1.350000000000000000e+04 8.782488293945789337e-06 2.550826593505917117e-06 4.325132252347430040e-08 9.556971036772665684e-08 2.183254946430679411e-05 1.085280629808949016e-07 3.175682422806858085e-06 4.747655566461617127e-07 1.427281063115515281e-06 4.949891945216222666e-07
1.400000000000000000e+04 7.845084837754257023e-06 2.533732867959770374e-06 2.787340491750001092e-08 6.889975878721088520e-08 2.065366970782633871e-05 1.196355583488184493e-07 3.381627493581618182e-06 2.028401695497450419e-07 1.021415755531052127e-06 4.077650999079196481e-07
1.450000000000000000e+04 1.708235504338517785e-05 5.258006240183021873e-06 7.419564695965163992e-08 1.969166305570979603e-07 1.135164711740799248e-04 1.900685617783892667e-07 9.036593837663531303e-06 1.127236146203358658e-06 1.129788984144397546e-06 6.491391673080215696e-07
1.500000000000000000e+04 1.399457687512040138e-05 1.080987385648768395e-05 7.281054337227033102e-08 1.646859146831047838e-07 9.707847493700683117e-05 1.714788027129543480e-07 1.003807119559496641e-05 1.483255687162454706e-06 1.190609737022896297e-06 1.309421577389002778e-06
1.550000000000000000e+04 1.186195459013106301e-05 5.128976226842496544e-06 3.153404577460605651e-07 5.955072310825926252e-07 5.391566810430958867e-05 1.979424979481336777e-07 1.580182834004517645e-05 7.845553540164473816e-08 4.930159320792881772e-07 1.753167225615470670e-06
1.600000000000000000e+04 5.414117822510888800e-06 3.392078042452340014e-06 7.042141447755057015e-08 3.695988937124639051e-08 4.238655310473404825e-05 4.371044681761304673e-08 4.245391210133675486e-06 5.031825622836549883e-08 3.365649945408222266e-07 1.086690758711483795e-06
1.650000000000000000e+04 1.635443186387419701e-05 3.901368927472503856e-06 5.189315643860936689e-08 5.619725129690777976e-08 2.745264282566495240e-05 8.477491064695641398e-08 1.570416316098999232e-05 1.345862017387844389e-07 8.611094415300613036e-08 7.068313152558403090e-07
1.700000000000000000e+04 1.124663322116248310e-05 9.526173380436375737e-05 6.288803433562861755e-07 7.656857974325248506e-07 3.044300137844402343e-05 1.741464927818014985e-07 1.379092136630788445e-04 1.107514933096354071e-07 4.278135463664511917e-07 1.284140853385906667e-05
1.750000000000000000e+04 9.723116818349808455e-06 5.131932084623258561e-06 5.862222351993295888e-08 4.864832803264107497e-08 3.703765833051875234e-05 1.836370415730925743e-07 1.261714623979059979e-05 1.984976279345573857e-06 1.451741411528928438e-07 4.189656692688004114e-07
1.800000000000000000e+04 7.508807357226032764e-06 4.573216756398323923e-06 6.666386553888514754e-08 4.091322480803682993e-08 2.972161018988117576e-05 1.467948465005974867e-07 1.221133425133302808e-05 2.235484544144128449e-06 1.099909070489957230e-07 4.346523780895950040e-07
1.850000000000000000e+04 8.259670721599832177e-06 3.399489651201292872e-05 2.264265361873185611e-07 5.131444709149945993e-07 5.223289917921647429e-05 8.090655967407656135e-08 2.026611400651745498e-05 4.637491201719967648e-06 6.536404129064976587e-08 5.368208348954794928e-06
1.900000000000000000e+04 5.321664048096863553e-06 1.286934821109753102e-05 8.590144773279462242e-08 9.586165106156840920e-08 3.791522249230183661e-05 3.736079179361695424e-08 1.999954838538542390e-05 4.237291705067036673e-06 8.504623849603376584e-08 2.030502173511194997e-06
1.950000000000000000e+04 6.550049420184222981e-06 3.928213573090033606e-06 9.381985677237025811e-08 6.459457324581308058e-08 8.877188520273193717e-06 2.064295578918518004e-08 8.191701454052235931e-06 7.786918558849720284e-07 2.902958726735960227e-07 2.106164913584507303e-07
2.000000000000000000e+04 4.096347765880636871e-06 2.748419319686945528e-06 5.356247001486735826e-08 4.592465430164338613e-08 8.624595466244500130e-06 1.641427971321718360e-08 4.342859028838574886e-06 4.819929131372191478e-07 1.254775554571097018e-07 1.556083049081280478e-07
2.050000000000000000e+04 5.730224074795842171e-06 3.288561174485948868e-06 7.660474210524625960e-08 3.991567965044851007e-08 1.480626451666466892e-05 4.478836146404319152e-08 7.597698640893213451e-06 3.740501597349066287e-07 3.583922847383291810e-08 5.430954388430109248e-07
2.100000000000000000e+04 4.141124463785672560e-06 2.676140638868673705e-06 5.616744402914264356e-08 2.667717602378161246e-08 1.050124228640925139e-05 6.022374776648575789e-08 7.624201771250227466e-06 2.675100461146939779e-07 3.321853014881526178e-08 5.733311922995198984e-07
2.150000000000000000e+04 1.003464603854808956e-05 2.550031422288157046e-05 3.637409236034727655e-07 1.357308150318203843e-07 8.906077709980309010e-05 1.216570808537653647e-07 2.158959068765398115e-05 4.584112787142657908e-07 1.973386076770111686e-07 5.401901944424025714e-06
2.200000000000000000e+04 5.742565008404199034e-06 6.858143933641258627e-06 8.011163288301759167e-08 1.313984228090703255e-07 6.318837404251098633e-05 3.464289122234731622e-08 7.321656539716059342e-06 6.738575279996439349e-07 1.335318870587798301e-06 8.767015060584526509e-06
2.250000000000000000e+04 7.673284926568157971e-06 8.451249414065387100e-06 7.686733738410111982e-08 4.251443641578589450e-08 1.616599365661386400e-05 4.720729762652808859e-08 1.288529620069311932e-05 4.628795124972384656e-07 1.251757680620357860e-06 2.646467692102305591e-05
2.300000000000000000e+04 5.475886155181797221e-06 2.868420051527209580e-05 1.209514408628820092e-07 7.667223655971611151e-08 1.584521305630914867e-05 4.700127931300812634e-08 2.356264121772255749e-05 4.459203921669541160e-07 1.535511160000169184e-06 2.603560824354644865e-05
2.350000000000000000e+04 4.722192443296080455e-06 6.865921750431880355e-05 2.740353863828204339e-07 2.753972410118876724e-07 6.626676167797995731e-06 8.870896550661200308e-08 6.501102325273677707e-05 5.131782359057979193e-07 6.389360009961819742e-07 3.127049239992629737e-06
2.400000000000000000e+04 1.966860509128309786e-06 3.928018486476503313e-06 2.783992592014783440e-08 3.670438886160809489e-08 2.051415322057437152e-06 4.209389814491260040e-08 9.160658919427078217e-06 1.158923801369837747e-08 5.446981390377914067e-07 1.399652546751894988e-06
2.450000000000000000e+04 3.015873062395257875e-06 2.304496047145221382e-05 3.072607057674758835e-07 1.581120301352711977e-07 9.891567970043979585e-06 3.715874896670356975e-08 2.735877751547377557e-05 2.033366399700753391e-07 4.357357497042357863e-08 3.215952119717258029e-06
2.500000000000000000e+04 1.820574084376858082e-06 1.158509530796436593e-05 2.928816229541553184e-07 7.041748517622181680e-08 5.444582711788825691e-06 1.295450946514620227e-08 1.401844747306313366e-05 3.354665238930465421e-07 4.268379427685431438e-08 9.018136211125238333e-07
2.550000000000000000e+04 6.855927040305687115e-06 4.087564775545615703e-06 3.059299729102349374e-07 9.044666171575954650e-08 3.858884610963286832e-06 4.291354827046234277e-08 2.196408604504540563e-05 8.055913980342666036e-08 9.466982220374120516e-08 9.385404950990050565e-07
2.600000000000000000e+04 4.187395916233072057e-06 4.282365807739552110e-06 2.828292622325534467e-07 2.941570365067036619e-08 3.148952600895427167e-06 1.539765115410318685e-08 1.129083921114215627e-05 6.595214330218368559e-08 3.014895355590851977e-08 8.027740250327042304e-07
2.650000000000000000e+04 1.845471842898405157e-06 9.611273526388686150e-06 3.536398196501977509e-08 5.508627332062587811e-09 1.173177133750868961e-05 1.323781528839163002e-08 8.457093827018979937e-06 2.291407419363622466e-08 9.362003616786296334e-09 8.701614206074737012e-06
2.700000000000000000e+04 1.661836222410784103e-06 4.522463768807938322e-06 2.888553929381032503e-08 1.747244660066371580e-08 9.793011486181057990e-06 1.003149296963101733e-08 4.091081791557371616e-06 1.644667158018364717e-08 1.396677262732737290e-08 7.046798600640613586e-06
2.750000000000000000e+04 3.962645678257104009e-06 4.051700216223252937e-06 3.270768189622685895e-08 3.794734837470059574e-08 6.509416834887815639e-06 3.035270523810140730e-08 5.946152668911963701e-06 2.455153946812060894e-08 2.595115766723665729e-08 4.700556530679023126e-07
2.800000000000000000e+04 4.250875008438015357e-06 6.543416384374722838e-05 1.917609324664226733e-07 1.006015679649863159e-07 1.195734330394770950e-05 4.384657970035732433e-08 6.075805140426382422e-05 2.152032330116071535e-08 6.428347631981523591e-08 9.027060514199547470e-06
2.850000000000000000e+04 6.058068720449227840e-06 1.221892671310342848e-05 3.806917447946034372e-08 1.378800984497274840e-08 9.907889761961996555e-05 9.610951146044044435e-09 2.943470690297544934e-06 4.384020257930387743e-08 4.130006914238038007e-08 5.374750799091998488e-06
2.900000000000000000e+04 4.654353688238188624e-06 1.209886613651178777e-05 5.985325657320572645e-08 2.621068162511619448e-08 7.595834904350340366e-05 2.944719312836241443e-08 2.563363068475155160e-06 9.689033930726509425e-08 4.152046884087212675e-08 6.428369033528724685e-06
2.950000000000000000e+04 3.325147417854168452e-06 2.156504478989518248e-06 1.617455183122729068e-07 1.564863261194204824e-08 6.018750809744233266e-06 9.221090557787192665e-09 5.060478997620521113e-06 9.008164170154486783e-08 1.789879711111552751e-08 2.427956815154175274e-06
3.000000000000000000e+04 1.687141889306076337e-06 1.805959755074582063e-06 6.929798956889499095e-08 1.615855360626028414e-08 3.105282075921422802e-06 4.925611474249080857e-09 4.052047643199330196e-06 4.895098726365176844e-08 2.363869811006225063e-08 5.664376658387482166e-06
3.050000000000000000e+04 1.851894126048136968e-06 1.702156055216619279e-06 3.752915134214163118e-08 2.597685799798910011e-08 2.057544634226360358e-06 2.267004184375309706e-08 5.603558292932575569e-06 5.286615589739085408e-08 5.644545275629297976e-09 9.629106898501049727e-06
3.100000000000000000e+04 1.040682036546058953e-06 1.477954356232658029e-06 2.689758460405755613e-08 1.603546628814456199e-08 1.151500214291445445e-06 1.507901892239260633e-08 5.201331532589392737e-06 5.897223331885470543e-08 4.662665364918439082e-09 1.098247594200074673e-05
3.150000000000000000e+04 8.022419706321670674e-07 1.542188101666397415e-06 6.424099030510888042e-09 9.208275031369339558e-09 2.902981350416666828e-06 1.427678153476108491e-08 2.657206323419813998e-06 6.362864013453872758e-09 1.978606078978373262e-08 2.304002373421099037e-05
3.200000000000000000e+04 1.151934156951028854e-06 9.853662049863487482e-06 1.936933990975830966e-08 9.409246359837197815e-08 6.491939529951196164e-06 1.793929627069701382e-08 1.459025497752008960e-05 1.881645772527917870e-08 1.840368391015090310e-08 3.261448000557720661e-05
3.250000000000000000e+04 2.358123538215295412e-06 3.016374193975934759e-06 3.357637368139876344e-08 4.864888936140232545e-08 2.248216333100572228e-05 2.509065666345122736e-08 2.263303258587257005e-06 3.358439215617181617e-08 1.335356447640378974e-08 1.236122625414282084e-05
3.300000000000000000e+04 1.765745651027827989e-06 4.406373591336887330e-06 4.455015201187961793e-08 3.548113980400557921e-08 5.788675935036735609e-06 2.467345261436548753e-08 4.874267688137479126e-06 3.573756046648668416e-08 2.071788252067108260e-08 3.984734576079063118e-05
3.350000000000000000e+04 1.249793399438203778e-06 7.904196763774962164e-07 5.618533638340750258e-09 1.356967871402048331e-08 1.825535150601353962e-06 1.641807401142614253e-08 1.898108280329324771e-06 6.230245208627138709e-09 6.631101778786785417e-10 2.831103120115585625e-05
3.400000000000000000e+04 7.934456789371324703e-07 6.936689374015259091e-07 6.013941344917839160e-09 1.073494626524507112e-08 1.288334033233695664e-06 1.554508166634605004e-08 1.435256308468524367e-06 8.270943041566169995e-09 3.123507896773958237e-09 3.252126771258190274e-05
3.450000000000000000e+04 1.053897108249657322e-06 1.064628690983226988e-06 2.057256587306710571e-08 2.683456834517983225e-08 9.470556960877729580e-07 1.644004221645900543e-08 3.385822537893545814e-06 1.709497787771852018e-08 4.723909041715046442e-10 4.566249117488041520e-05
3.500000000000000000e+04 8.481524673698004335e-07 2.109100250891060568e-06 3.289719785470879287e-08 1.935712568013059354e-08 7.675200777157442644e-07 1.851260833518608706e-08 3.918329639418516308e-06 1.772025726154424774e-08 3.665870718094765834e-09 5.228041845839470625e-05
3.550000000000000000e+04 8.665458608447806910e-07 3.514750278554856777e-05 3.004507220794039313e-07 3.003412629709600878e-08 5.002609668736113235e-06 1.823021200664243224e-08 4.728071871795691550e-05 5.558147009310232534e-08 1.236793600867258647e-08 2.494287764420732856e-05
3.600000000000000000e+04 5.059238219473627396e-07 7.943430659906880464e-07 1.457763154633084923e-08 3.031834339140004886e-09 3.180977330430323491e-07 1.290011741872376660e-08 1.046292027240269817e-06 3.569607187614565191e-08 1.002182870024626027e-08 3.319777897559106350e-05
3.650000000000000000e+04 1.433034981346281711e-06 1.297981953030102886e-06 2.280920519126539148e-08 1.456593601290023798e-08 1.813074732126551680e-06 5.832851091014390477e-09 1.628596237424062565e-06 4.063558023403857078e-08 9.522165278497141117e-09 2.043073909590020776e-04
3.700000000000000000e+04 7.475255756617116276e-07 8.909634630072105210e-07 1.174610098075845599e-08 8.695222319943241018e-09 9.465170478506479412e-07 6.275732378213660922e-09 1.018712055156356655e-06 4.827589705769241846e-08 6.645315853148758833e-09 2.754774759523570538e-04
3.750000000000000000e+04 1.186657118523726240e-05 8.025449460546951741e-06 2.052266410146330600e-07 9.022674163361443789e-08 1.000090342131443322e-04 1.275834335956460563e-07 1.340419748885324225e-05 1.802839193487670855e-07 1.360338046652032062e-07 9.773407327884342521e-07
3.800000000000000000e+04 7.628502316947560757e-06 5.645607416226994246e-06 8.222230718502032687e-08 8.058756151285706437e-08 8.434131450485438108e-05 7.292503312328335596e-08 9.027337910083588213e-06 1.053600016120981309e-07 2.035121298149533686e-07 1.004321006803365890e-06
3.850000000000000000e+04 4.879206244368106127e-06 4.549605364445596933e-06 2.294843781669442251e-08 3.653957136862118205e-08 5.405295814853161573e-05 2.871299109585834231e-08 8.905509275791700929e-06 9.541276213553828711e-09 9.599533967730167205e-08 1.213665655086515471e-06
3.900000000000000000e+04 4.039025043311994523e-06 4.987448392057558522e-06 2.340596338967770862e-08 4.032627742844852037e-08 4.543481554719619453e-05 2.370219398528661259e-08 1.035061904985923320e-05 1.636443758279426675e-09 8.039533128112452687e-08 1.420458488610165659e-06
3.950000000000000000e+04 4.745553269458469003e-06 4.053150405525229871e-06 3.196000264438225713e-08 1.731473453503440396e-08 2.595813748484943062e-05 1.820594519585938542e-08 7.831281436665449291e-06 4.455585234097725333e-09 5.374527063395362347e-07 8.437719429821299855e-07
4.000000000000000000e+04 3.782166459131985903e-06 2.598286664579063654e-05 4.328152414245778346e-08 4.157716091413021786e-07 2.065049557131715119e-05 1.264669347023072987e-08 2.352395131310913712e-05 4.577533907479391928e-09 7.171860261223628186e-07 3.869825377478264272e-06
4.050000000000000000e+04 3.147181132590048946e-06 1.347896613879129291e-05 4.103235085040068952e-08 3.843120310875747236e-08 9.677204070612788200e-05 9.892933583444118995e-09 6.632063104916596785e-06 2.087847228438022285e-08 5.684180450771236792e-07 9.387325007992330939e-06
4.100000000000000000e+04 2.752054797383607365e-06 1.421358410880202428e-05 5.974313666001762613e-08 5.007390058153760037e-08 7.945825200295075774e-05 7.656990597126878129e-09 1.173263353848597035e-05 4.499063521734569804e-08 1.458595534131745808e-06 1.453650020266650245e-05
4.150000000000000000e+04 1.640006530578830279e-06 1.046927809511544183e-05 4.576004997147720132e-08 5.023245108759510913e-08 5.681358743458986282e-05 8.237382331799381063e-09 7.324329089897219092e-06 4.468594738682440948e-08 6.585720768725877861e-08 1.999887354031670839e-05
4.200000000000000000e+04 1.618873056941083632e-06 8.132873517752159387e-06 2.155220180100059224e-08 1.920182057801866904e-08 5.072877320344559848e-05 8.684820862470132852e-09 3.280055807408643886e-06 2.381075248081288009e-08 1.385681827059670468e-07 2.072908500849734992e-05
4.250000000000000000e+04 2.314958237548125908e-06 3.949361598643008620e-06 1.661366155758514651e-08 3.362222855685104150e-08 3.714252306963317096e-05 2.436477020140159766e-09 1.803772420316818170e-06 9.102696374441165972e-09 1.128854449916616431e-07 7.211976480903103948e-06
4.300000000000000000e+04 1.478236413277045358e-06 3.540154693837394007e-06 1.501010515880807361e-08 7.040513949618798506e-09 3.358513640705496073e-05 1.161619689327153537e-08 1.803289592317014467e-06 8.372369464382245496e-09 2.349851513372414047e-07 8.857667125994339585e-06
4.350000000000000000e+04 3.094681233051232994e-06 3.469876901363022625e-06 4.321447377719778160e-08 3.272542770105246746e-08 3.270563684054650366e-05 6.822872933298640419e-09 1.635517946851905435e-06 3.211820143178556464e-08 5.692493942888177116e-08 1.431899590897955932e-06
4.400000000000000000e+04 5.987269560137065127e-06 9.314198541687801480e-05 2.281322082353653968e-07 8.328752443276243866e-08 3.395864769117906690e-05 6.839440125361306855e-09 6.437584670493379235e-05 1.793019421825192694e-08 2.696422463088765653e-08 5.970025085844099522e-06
4.450000000000000000e+04 1.169566075986949727e-05 8.784963938524015248e-06 4.258797901002253639e-07 1.464204473222707747e-07 5.128747943672351539e-05 1.876780508780484524e-08 7.321858902287203819e-06 2.791122426515357802e-07 2.363899085366938380e-07 3.705146127686020918e-06
4.500000000000000000e+04 6.392839168256614357e-06 6.750346074113622308e-06 1.051862312806406408e-07 4.549120191654765222e-08 3.403037044336088002e-05 2.456498293668119004e-08 5.879218406334985048e-06 2.105080199044095934e-07 1.312122890340106096e-07 3.700403340189950541e-06
4.550000000000000000e+04 5.669505299010779709e-06 9.177619176625739783e-06 6.504672711571402033e-08 1.052073628216021461e-07 6.937816942809149623e-05 5.468518970985769556e-09 6.084782853577053174e-06 6.094802529332810082e-08 1.050079063702469284e-07 3.015348283952334896e-06
4.600000000000000000e+04 4.506830009631812572e-06 8.093086762528400868e-06 4.255945285080997564e-08 4.322847857451961318e-08 5.909428364248014987e-05 5.004487046988970178e-09 4.919476850773207843e-06 1.684716721683798824e-08 8.317741873042905354e-08 3.068697424168931320e-06
