# step, loss_train, loss_test, metrics_test
0.000000000000000000e+00 6.666439003311097622e-04 9.087719023227691650e-02 3.676990279927849770e-03 4.678427241742610931e-03 2.931162714958190918e-02 6.275904597714543343e-04 1.121334433555603027e-01 2.130994107574224472e-03 4.988531582057476044e-03 2.980755083262920380e-02
5.000000000000000000e+02 2.477253321558237076e-03 6.940077990293502808e-02 1.982300775125622749e-03 1.047359663061797619e-03 2.763274358585476875e-03 2.473508007824420929e-03 7.702498137950897217e-02 8.555641397833824158e-04 8.043739944696426392e-04 3.599676303565502167e-03
1.000000000000000000e+03 3.054329659789800644e-03 6.479223072528839111e-02 7.328186766244471073e-04 1.193122516269795597e-04 1.250587170943617821e-03 3.069512313231825829e-03 7.177940756082534790e-02 1.409696997143328190e-04 2.673769267858006060e-05 2.071494469419121742e-03
1.500000000000000000e+03 2.067689551040530205e-03 7.543013989925384521e-02 7.555936463177204132e-04 2.958702862088102847e-05 2.261279150843620300e-03 2.055276418104767799e-03 6.926911324262619019e-02 9.826734458329156041e-05 8.871583304426167160e-06 2.973116701468825340e-03
2.000000000000000000e+03 1.208706293255090714e-03 7.242053002119064331e-02 5.263176863081753254e-04 3.227190245524980128e-05 3.217054996639490128e-03 1.202280982397496700e-03 6.774200499057769775e-02 3.049420593015383929e-05 4.853320933762006462e-05 3.859738819301128387e-03
2.500000000000000000e+03 8.759364136494696140e-04 8.353455364704132080e-02 3.175400488544255495e-04 9.681097435532137752e-05 4.354008939117193222e-03 8.603337337262928486e-04 6.617540866136550903e-02 9.427910299564246088e-06 1.136578794103115797e-04 4.859928507357835770e-03
3.000000000000000000e+03 5.378454807214438915e-04 8.226455003023147583e-02 1.834251888794824481e-04 1.448682305635884404e-04 5.113345105201005936e-03 5.226786015555262566e-04 6.561683118343353271e-02 1.644820827095827553e-06 1.272685767617076635e-04 5.568220745772123337e-03
3.500000000000000000e+03 1.154041150584816933e-03 6.608726084232330322e-02 3.191074938513338566e-05 1.919550413731485605e-04 4.050223622471094131e-03 1.135179190896451473e-03 6.537822633981704712e-02 9.795907317311502993e-06 2.077265235129743814e-04 4.623434972018003464e-03
4.000000000000000000e+03 1.312347361817955971e-03 6.576766073703765869e-02 2.655876960488967597e-05 1.646209275349974632e-04 3.640900133177638054e-03 1.267411280423402786e-03 6.514900922775268555e-02 7.093821750459028408e-06 1.788526424206793308e-04 4.228612873703241348e-03
4.500000000000000000e+03 3.428659692872315645e-04 5.382499843835830688e-02 1.906811303342692554e-05 1.209550900966860354e-04 2.990681678056716919e-03 2.952202921733260155e-04 6.740749627351760864e-02 4.301875378587283194e-06 6.231457518879324198e-05 3.626087214797735214e-03
5.000000000000000000e+03 3.206414985470473766e-04 5.386266112327575684e-02 2.469120590831153095e-05 1.205362204927951097e-04 2.883488079532980919e-03 2.790404832921922207e-04 6.756241619586944580e-02 4.154387625021627173e-06 5.385364784160628915e-05 3.520097117871046066e-03
5.500000000000000000e+03 3.844485618174076080e-04 5.872043967247009277e-02 5.160618093213997781e-05 9.297238284489139915e-05 2.966882660984992981e-03 3.449532669037580490e-04 6.688724458217620850e-02 2.035623037954792380e-05 3.683562317746691406e-05 3.531789872795343399e-03
6.000000000000000000e+03 3.938942973036319017e-04 5.869068950414657593e-02 5.150318247615359724e-05 9.269597649108618498e-05 2.868663053959608078e-03 3.527768712956458330e-04 6.679921597242355347e-02 2.513691470085177571e-05 3.171018397551961243e-05 3.431496676057577133e-03
6.500000000000000000e+03 3.062329196836799383e-04 6.023748591542243958e-02 8.024577982723712921e-05 8.181841258192434907e-05 3.196324920281767845e-03 2.664826170075684786e-04 6.648239493370056152e-02 3.115922299912199378e-05 2.351453986193519086e-05 3.801514627411961555e-03
7.000000000000000000e+03 2.770550199784338474e-04 6.013013422489166260e-02 8.195001282729208469e-05 8.102231367956846952e-05 3.078121924772858620e-03 2.431075845379382372e-04 6.656620651483535767e-02 2.355767173867207021e-05 2.044702341663651168e-05 3.677401691675186157e-03
7.500000000000000000e+03 4.751462838612496853e-04 7.352341711521148682e-02 7.618713425472378731e-05 1.364699419355019927e-04 3.611949505284428596e-03 4.282735171727836132e-04 6.502185016870498657e-02 3.760953404707834125e-05 3.365976226632483304e-05 4.156103823333978653e-03
8.000000000000000000e+03 4.476844333112239838e-04 7.339747995138168335e-02 7.823400665074586868e-05 1.423989742761477828e-04 3.361982991918921471e-03 4.055791359860450029e-04 6.495406478643417358e-02 5.102902287035249174e-05 3.247861604904755950e-05 3.897964023053646088e-03
8.500000000000000000e+03 2.099126868415623903e-04 5.674199014902114868e-02 5.575781688094139099e-05 1.158398736151866615e-04 2.337347250431776047e-03 1.933168096002191305e-04 6.670913845300674438e-02 3.920765084330923855e-05 1.814480856410227716e-05 2.963909646496176720e-03
9.000000000000000000e+03 1.674281666055321693e-04 5.664670839905738831e-02 5.556496398639865220e-05 1.097328931791707873e-04 2.290281932801008224e-03 1.551860186737030745e-04 6.669697165489196777e-02 4.971605812897905707e-05 1.443211749574402347e-05 2.910070819780230522e-03
9.500000000000000000e+03 3.179512568749487400e-04 5.399579554796218872e-02 3.992228448623791337e-05 1.308371138293296099e-04 2.113690599799156189e-03 2.983025915455073118e-04 6.579335033893585205e-02 5.909016545047052205e-05 2.756081448751501739e-05 2.754473360255360603e-03
1.000000000000000000e+04 2.904806460719555616e-04 5.390149354934692383e-02 4.330860610934905708e-05 1.342761970590800047e-04 2.066493267193436623e-03 2.716952294576913118e-04 6.563248485326766968e-02 1.050434657372534275e-04 3.397154796402901411e-05 2.704853424802422523e-03
1.050000000000000000e+04 2.763375814538449049e-04 5.574148520827293396e-02 1.196529847220517695e-04 1.348816585959866643e-04 2.116192597895860672e-03 2.526900498196482658e-04 6.543696671724319458e-02 1.605634752195328474e-04 2.064486761810258031e-05 2.638260135427117348e-03
1.100000000000000000e+04 2.600028528831899166e-04 5.557630211114883423e-02 1.402698981110006571e-04 1.718713028822094202e-04 2.042191801592707634e-03 2.315364690730348229e-04 6.522761285305023193e-02 1.709009811747819185e-04 3.344588185427710414e-05 2.565522678196430206e-03
1.150000000000000000e+04 6.096868892200291157e-04 6.645479798316955566e-02 1.343893381999805570e-04 2.231043908977881074e-04 2.135290764272212982e-03 5.400639493018388748e-04 6.379441171884536743e-02 3.595678426790982485e-04 9.587427484802901745e-05 2.692593960091471672e-03
1.200000000000000000e+04 5.888897576369345188e-04 6.607881188392639160e-02 1.737342536216601729e-04 3.119564789813011885e-04 2.021642867475748062e-03 4.993679467588663101e-04 6.345527619123458862e-02 4.933954915031790733e-04 1.694856327958405018e-04 2.582753775641322136e-03
1.250000000000000000e+04 3.233044990338385105e-04 6.911625713109970093e-02 1.667022879701107740e-04 5.112186190672218800e-04 2.093972172588109970e-03 2.587730414234101772e-04 6.352823227643966675e-02 2.994091773871332407e-04 1.635248190723359585e-04 2.657271921634674072e-03
1.300000000000000000e+04 3.009004285559058189e-04 6.886873394250869751e-02 1.937442430062219501e-04 5.754428566433489323e-04 1.928669516928493977e-03 2.275773877045139670e-04 6.329911202192306519e-02 3.365856246091425419e-04 1.958196953637525439e-04 2.488471800461411476e-03
1.350000000000000000e+04 2.699721662793308496e-04 6.385776400566101074e-02 1.674876111792400479e-04 5.132333608344197273e-04 1.749029033817350864e-03 1.972215686691924930e-04 6.255011260509490967e-02 7.658887770958244801e-04 2.964022278320044279e-04 2.331738825887441635e-03
1.400000000000000000e+04 2.413517941022291780e-04 6.329709291458129883e-02 2.392549504293128848e-04 6.047798669897019863e-04 1.554219168610870838e-03 1.668140466790646315e-04 6.187964975833892822e-02 9.234967292286455631e-04 4.263408482074737549e-04 2.132144523784518242e-03
1.450000000000000000e+04 1.384581555612385273e-04 6.132237613201141357e-02 5.604820908047258854e-04 5.634894478134810925e-04 1.476561068557202816e-03 8.681431791046634316e-05 6.163566187024116516e-02 6.398644763976335526e-04 2.712646964937448502e-04 1.922480179928243160e-03
1.500000000000000000e+04 1.564667181810364127e-04 5.989695340394973755e-02 6.736881332471966743e-04 7.015340379439294338e-04 1.449381699785590172e-03 1.072334634955041111e-04 6.016186624765396118e-02 6.351284100674092770e-04 3.233206516597419977e-04 1.869897474534809589e-03
1.550000000000000000e+04 1.397853047819808125e-04 4.883643612265586853e-02 3.370041958987712860e-04 5.662767798639833927e-04 9.018805576488375664e-04 9.909466461976990104e-05 6.120942160487174988e-02 2.790543367154896259e-04 3.041335730813443661e-04 1.477735233493149281e-03
1.600000000000000000e+04 1.650226913625374436e-04 4.782065749168395996e-02 3.955387801397591829e-04 6.471645319834351540e-04 9.007157641462981701e-04 1.219564073835499585e-04 5.969163775444030762e-02 3.018882125616073608e-04 3.981205518357455730e-04 1.463855965994298458e-03
1.650000000000000000e+04 1.752938551362603903e-04 5.891471356153488159e-02 8.080906118266284466e-04 9.556832374073565006e-04 1.792903989553451538e-03 1.428711984772235155e-04 5.720464512705802917e-02 3.925776982214301825e-04 4.427647509146481752e-04 2.100494690239429474e-03
1.700000000000000000e+04 1.935635227710008621e-04 5.550257116556167603e-02 9.895849507302045822e-04 1.134576741605997086e-03 1.978332642465829849e-03 1.569687301525846124e-04 5.360058322548866272e-02 4.842969065066426992e-04 6.791705382056534290e-04 2.247895114123821259e-03
1.750000000000000000e+04 2.479641116224229336e-04 4.925460740923881531e-02 1.112315687350928783e-03 1.105838455259799957e-03 1.781778759323060513e-03 2.324366651009768248e-04 4.686814919114112854e-02 5.369022255763411522e-04 2.819652203470468521e-03 2.125738421455025673e-03
1.800000000000000000e+04 3.076510911341756582e-04 4.459824040532112122e-02 1.269654720090329647e-03 1.127076335251331329e-03 2.092039445415139198e-03 2.809822035487741232e-04 4.109298810362815857e-02 5.971841164864599705e-04 4.097298718988895416e-03 2.378398319706320763e-03
1.850000000000000000e+04 2.234267303720116615e-04 3.492270410060882568e-02 1.100428635254502296e-03 7.818840094842016697e-04 2.015184378251433372e-03 1.881541393231600523e-04 4.337754100561141968e-02 5.750678828917443752e-04 1.302044373005628586e-03 2.239362569525837898e-03
1.900000000000000000e+04 2.068790345219895244e-04 3.348949551582336426e-02 9.068013750948011875e-04 6.965746288187801838e-04 2.163907978683710098e-03 1.708270428935065866e-04 4.093483462929725647e-02 4.874974256381392479e-04 1.270361011847853661e-03 2.354909898713231087e-03
1.950000000000000000e+04 3.073277184739708900e-04 3.716607764363288879e-02 7.472388679161667824e-04 8.729142718948423862e-04 2.541722962632775307e-03 2.643889165483415127e-04 3.458189964294433594e-02 4.728271742351353168e-04 2.622472587972879410e-03 2.801109338179230690e-03
2.000000000000000000e+04 3.972819540649652481e-04 3.515451774001121521e-02 5.908778402954339981e-04 9.726280113682150841e-04 2.657474949955940247e-03 3.367583558429032564e-04 3.222921118140220642e-02 4.353435942903161049e-04 3.000058466568589211e-03 2.897877478972077370e-03
2.050000000000000000e+04 4.309876821935176849e-04 3.617249801754951477e-02 3.280468517914414406e-04 1.313923858106136322e-03 3.133998019620776176e-03 3.482286410871893167e-04 3.062110021710395813e-02 2.980630961246788502e-04 2.970304805785417557e-03 3.096607048064470291e-03
2.100000000000000000e+04 4.522134840954095125e-04 3.446275368332862854e-02 2.837074280250817537e-04 1.215281779877841473e-03 3.067437093704938889e-03 3.603763179853558540e-04 2.922425605356693268e-02 2.248176024295389652e-04 2.678146120160818100e-03 3.000383498147130013e-03
2.150000000000000000e+04 6.684318650513887405e-04 3.017103858292102814e-02 2.206702047260478139e-04 1.015543588437139988e-03 2.162101445719599724e-03 5.128426128067076206e-04 2.699856273829936981e-02 2.253294078400358558e-04 3.980274312198162079e-03 2.386379754170775414e-03
2.200000000000000000e+04 7.139607914723455906e-04 2.818217687308788300e-02 2.294321311637759209e-04 1.129786949604749680e-03 2.163620200008153915e-03 5.418642540462315083e-04 2.479974925518035889e-02 2.308999974047765136e-04 4.533333238214254379e-03 2.371325623244047165e-03
2.250000000000000000e+04 6.583375507034361362e-04 2.866406738758087158e-02 3.942526527680456638e-04 1.724650384858250618e-03 2.845599316060543060e-03 5.012885667383670807e-04 2.199794910848140717e-02 4.655637312680482864e-04 3.529554000124335289e-03 2.949581015855073929e-03
2.300000000000000000e+04 6.874594837427139282e-04 2.532618492841720581e-02 4.507937701418995857e-04 1.636785105802118778e-03 2.876805374398827553e-03 5.270457477308809757e-04 1.915931329131126404e-02 4.177976807113736868e-04 3.539747791364789009e-03 2.953899092972278595e-03
2.350000000000000000e+04 1.162573578767478466e-03 1.811464130878448486e-02 4.985154373571276665e-04 9.950817329809069633e-04 2.015008591115474701e-03 8.346589165739715099e-04 1.746466197073459625e-02 9.286704153055325150e-05 3.615012159571051598e-03 2.065361710265278816e-03
2.400000000000000000e+04 1.217306125909090042e-03 1.565161719918251038e-02 3.786382148973643780e-04 9.446812327951192856e-04 1.988709671422839165e-03 8.638077997602522373e-04 1.468086428940296173e-02 6.377439422067254782e-05 3.517104778438806534e-03 2.010037656873464584e-03
2.450000000000000000e+04 8.477676892653107643e-04 1.421180833131074905e-02 2.241488982690498233e-04 8.040906977839767933e-04 2.338152145966887474e-03 6.483250181190669537e-04 1.209549885243177414e-02 3.194275268469937146e-05 2.631137380376458168e-03 2.251117024570703506e-03
2.500000000000000000e+04 8.391996379941701889e-04 1.105640362948179245e-02 1.521299564046785235e-04 6.029120413586497307e-04 2.503145253285765648e-03 6.478357827290892601e-04 9.139375761151313782e-03 5.777811020379886031e-05 2.170929219573736191e-03 2.352518495172262192e-03
2.550000000000000000e+04 6.769329193048179150e-04 8.316560648381710052e-03 1.014817753457464278e-04 4.431151901371777058e-04 2.947519300505518913e-03 5.357604240998625755e-04 6.906973198056221008e-03 2.234935818705707788e-04 7.762947934679687023e-04 2.718292642384767532e-03
2.600000000000000000e+04 6.335063953883945942e-04 6.009042728692293167e-03 8.124111627694219351e-05 3.187462862115353346e-04 3.089988837018609047e-03 4.993669572286307812e-04 4.794363398104906082e-03 2.899157698266208172e-04 4.954102914780378342e-04 2.825512085109949112e-03
2.650000000000000000e+04 6.202089716680347919e-04 3.994698170572519302e-03 4.655467637348920107e-05 1.956465421244502068e-04 2.799992449581623077e-03 4.978008219040930271e-04 3.486595815047621727e-03 3.138824831694364548e-04 8.695579599589109421e-04 2.559172455221414566e-03
2.700000000000000000e+04 5.929076578468084335e-04 3.115089610219001770e-03 5.025542850489728153e-05 1.593698107171803713e-04 2.883206820115447044e-03 4.702367004938423634e-04 2.479018643498420715e-03 3.241609956603497267e-04 6.177181494422256947e-04 2.613994525745511055e-03
2.750000000000000000e+04 6.375528755597770214e-04 2.292834455147385597e-03 9.803532884689047933e-05 8.690869435667991638e-05 2.845102222636342049e-03 4.593034973368048668e-04 1.906477846205234528e-03 1.368913508486002684e-04 4.267619224265217781e-04 2.747796010226011276e-03
2.800000000000000000e+04 5.594777176156640053e-04 1.931040314957499504e-03 9.371164924232289195e-05 7.926987018436193466e-05 2.827718155458569527e-03 3.930341044906526804e-04 1.566687365993857384e-03 9.605346713215112686e-05 3.107151424046605825e-04 2.721592318266630173e-03
2.850000000000000000e+04 4.066413384862244129e-04 1.931247999891638756e-03 9.514554403722286224e-05 1.103529648389667273e-04 3.007820574566721916e-03 2.719104231800884008e-04 1.357949222438037395e-03 1.495074247941374779e-04 1.401865010848268867e-04 2.822184702381491661e-03
2.900000000000000000e+04 3.434779937379062176e-04 1.718547544442117214e-03 8.086307934718206525e-05 9.339475946035236120e-05 2.919276943430304527e-03 2.232100086985155940e-04 1.204608473926782608e-03 1.304350298596546054e-04 1.037034526234492660e-04 2.721382072195410728e-03
2.950000000000000000e+04 2.609278599265962839e-04 1.726403832435607910e-03 5.548187255044467747e-05 1.027729595080018044e-04 3.198329824954271317e-03 1.812253613024950027e-04 1.007399987429380417e-03 2.848615695256739855e-04 9.346864680992439389e-05 2.638207282871007919e-03
3.000000000000000000e+04 2.236821892438456416e-04 1.551279216073453426e-03 5.106149546918459237e-05 7.675322558498010039e-05 3.049878869205713272e-03 1.524023100500926375e-04 8.861113456077873707e-04 2.655998396221548319e-04 7.783580804243683815e-05 2.482677809894084930e-03
3.050000000000000000e+04 2.040837571257725358e-04 1.278024283237755299e-03 5.158666681381873786e-05 4.932951924274675548e-05 2.889481140300631523e-03 1.260969875147566199e-04 9.239132050424814224e-04 3.245645712013356388e-05 7.688390905968844891e-05 2.354236086830496788e-03
3.100000000000000000e+04 1.823639031499624252e-04 1.158174709416925907e-03 4.402558624860830605e-05 4.376705692266114056e-05 2.730051986873149872e-03 1.092521997634321451e-04 8.386323461309075356e-04 2.608340764709282666e-05 5.721931302105076611e-05 2.201811643317341805e-03
3.150000000000000000e+04 1.669775228947401047e-04 1.062848023138940334e-03 1.780865022737998515e-05 5.559652709052897990e-05 2.591228811070322990e-03 1.006198726827278733e-04 6.639184430241584778e-04 2.320850762771442533e-05 4.955607073497958481e-05 2.007207600399851799e-03
3.200000000000000000e+04 1.487788686063140631e-04 9.472415549680590630e-04 1.748554132063873112e-05 5.685428550350479782e-05 2.424341160804033279e-03 8.779636118561029434e-05 5.845663836225867271e-04 1.995131970033980906e-05 5.651452011079527438e-05 1.868781633675098419e-03
3.250000000000000000e+04 1.520217192592099309e-04 8.140123100019991398e-04 5.501515624928288162e-05 5.141819929121993482e-05 1.946740434505045414e-03 8.274470746982842684e-05 5.402509705163538456e-04 5.601179873337969184e-05 5.550498099182732403e-05 1.733039622195065022e-03
3.300000000000000000e+04 1.428663817932829261e-04 7.728037890046834946e-04 4.338383587310090661e-05 5.662370676873251796e-05 1.858600880950689316e-03 7.435177394654601812e-05 5.046900478191673756e-04 4.900480416836217046e-05 6.758025119779631495e-05 1.648165052756667137e-03
3.350000000000000000e+04 1.465062960051000118e-04 8.653573459014296532e-04 2.967078216897789389e-05 3.454358375165611506e-05 2.148907631635665894e-03 6.304921407718211412e-05 6.028749048709869385e-04 3.191413998138159513e-05 7.146170537453144789e-05 1.416689949110150337e-03
3.400000000000000000e+04 1.333795808022841811e-04 8.148883935064077377e-04 2.562058580224402249e-05 4.347857975517399609e-05 2.050781156867742538e-03 5.456873259390704334e-05 5.684511270374059677e-04 2.787179619190283120e-05 1.372004480799660087e-04 1.334453467279672623e-03
3.450000000000000000e+04 1.173655618913471699e-04 7.859339821152389050e-04 1.932114173541776836e-05 9.895319817587733269e-05 1.718472107313573360e-03 5.364745447877794504e-05 4.423242353368550539e-04 2.511094498913735151e-05 1.066995610017329454e-04 1.430256757885217667e-03
3.500000000000000000e+04 1.134216436184942722e-04 7.336636772379279137e-04 1.860538031905889511e-05 8.920393156586214900e-05 1.674249768257141113e-03 4.964197432855144143e-05 4.112419264856725931e-04 2.834289261954836547e-05 1.108337237383238971e-04 1.385536277666687965e-03
3.550000000000000000e+04 1.057941626640968025e-04 6.352705531753599644e-04 2.037635749729815871e-05 6.603378278668969870e-05 1.773024559952318668e-03 4.271325815352611244e-05 4.415223374962806702e-04 6.113820563768967986e-05 9.817122190725058317e-05 1.298340968787670135e-03
3.600000000000000000e+04 9.698130452306941152e-05 6.022152956575155258e-04 1.772324685589410365e-05 5.364172102417796850e-05 1.702048466540873051e-03 3.697827196447178721e-05 4.218111280351877213e-04 6.434912938857451081e-05 1.004623554763384163e-04 1.231516711413860321e-03
3.650000000000000000e+04 8.598167914897203445e-05 5.487824673764407635e-04 1.358868485112907365e-05 3.947614823118783534e-05 1.758663798682391644e-03 3.364200529176741838e-05 3.752983757294714451e-04 2.886071342800278217e-05 1.342804462183266878e-04 1.238808152265846729e-03
3.700000000000000000e+04 7.745110633550211787e-05 5.174289108254015446e-04 1.461285046389093623e-05 2.463910459482576698e-05 1.672355807386338711e-03 2.834099359461106360e-05 3.558298631105571985e-04 3.042458229174371809e-05 1.329005317529663444e-04 1.149840070866048336e-03
3.750000000000000000e+04 7.474403537344187498e-05 5.125015159137547016e-04 1.322744356002658606e-05 1.726997288642451167e-05 1.775580341927707195e-03 2.544947892602067441e-05 3.160373307764530182e-04 2.931306153186596930e-05 3.295559508842416108e-05 1.039349474012851715e-03
3.800000000000000000e+04 6.881605804665014148e-05 4.745205806102603674e-04 1.386580424878047779e-05 1.566056198498699814e-05 1.692809630185365677e-03 2.229908932349644601e-05 2.882652624975889921e-04 2.935653355962131172e-05 2.591557495179586112e-05 9.589697001501917839e-04
3.850000000000000000e+04 5.611344022327102721e-05 4.112386959604918957e-04 2.047161069640424103e-05 1.706988223304506391e-05 1.290195854380726814e-03 2.007678813242819160e-05 2.752587315626442432e-04 2.726925231399945915e-05 3.891928281518630683e-05 9.487691568210721016e-04
3.900000000000000000e+04 5.135086757945828140e-05 3.668632707558572292e-04 1.983863330679014325e-05 1.860311203927267343e-05 1.250426867045462132e-03 1.741596133797429502e-05 2.533057704567909241e-04 2.706949999264907092e-05 3.874994581565260887e-05 8.982095750980079174e-04
3.950000000000000000e+04 4.764902405440807343e-05 3.227079578209668398e-04 2.799564754241146147e-05 1.583374796609859914e-05 1.090506557375192642e-03 1.448290913685923442e-05 2.200752787757664919e-04 5.572569352807477117e-05 4.095610347576439381e-05 8.563497103750705719e-04
4.000000000000000000e+04 4.509366044658236206e-05 2.969937340822070837e-04 2.693788337637670338e-05 1.625144068384543061e-05 1.053751679137349129e-03 1.308349692408228293e-05 2.000031818170100451e-04 5.451899050967767835e-05 4.073087620781734586e-05 8.113936637528240681e-04
4.050000000000000000e+04 6.300528912106528878e-05 3.234391915611922741e-04 2.750261592154856771e-05 2.998412674060091376e-05 1.284871250391006470e-03 1.333250111201778054e-05 2.126052859239280224e-04 4.978698052582331002e-05 4.334743061917833984e-05 7.180660613812506199e-04
4.100000000000000000e+04 6.000655776006169617e-05 2.941627171821892262e-04 2.826269155775662512e-05 3.067948637180961668e-05 1.226897584274411201e-03 1.325091852777404711e-05 1.912403240567073226e-04 4.837587766814976931e-05 4.659654950955882668e-05 6.677367491647601128e-04
4.150000000000000000e+04 4.242203431203961372e-05 2.413172041997313499e-04 2.327093716303352267e-05 2.351007060497067869e-05 8.907795418053865433e-04 1.076519947673659772e-05 1.732764067128300667e-04 1.938262175826821476e-05 2.685396975721232593e-05 6.263124523684382439e-04
4.200000000000000000e+04 4.005773735116235912e-05 2.181286399718374014e-04 1.835111106629483402e-05 2.256932202726602554e-05 8.482488919980823994e-04 9.797162419999949634e-06 1.651196944294497371e-04 1.647349381528329104e-05 2.394644616288132966e-05 5.858023650944232941e-04
4.250000000000000000e+04 3.219921927666291595e-05 2.087615575874224305e-04 1.600378163857385516e-05 2.257619416923262179e-05 1.057214685715734959e-03 9.469566975894849747e-06 2.198435977334156632e-04 2.101967402268201113e-05 2.666096588654909283e-05 5.979447159916162491e-04
4.300000000000000000e+04 3.081838804064318538e-05 1.915087486850097775e-04 1.251052162842825055e-05 1.948744284163694829e-05 1.012128312140703201e-03 9.007447260955814272e-06 2.061696141026914120e-04 1.649818113946821541e-05 2.494203545211348683e-05 5.570286884903907776e-04
4.350000000000000000e+04 2.727823448367416859e-05 1.747701608110219240e-04 1.361837985314195976e-05 1.749789407767821103e-05 1.007234212011098862e-03 8.859113222570158541e-06 1.427578536095097661e-04 8.753946531214751303e-06 2.893707824114244431e-05 5.046941805630922318e-04
4.400000000000000000e+04 2.469506762281525880e-05 1.580629614181816578e-04 8.552457984478678554e-06 1.826913285185582936e-05 9.471029043197631836e-04 8.073491699178703129e-06 1.299972645938396454e-04 5.630229679809417576e-06 3.054894841625355184e-05 4.587878065649420023e-04
4.450000000000000000e+04 3.322033080621622503e-05 1.786138018360361457e-04 4.262871243554400280e-06 2.139821299351751804e-05 9.386590099893510342e-04 7.170915523602161556e-06 9.739259985508397222e-05 6.547798420797334984e-06 4.285982140572741628e-05 4.043718799948692322e-04
4.500000000000000000e+04 3.093224586336873472e-05 1.582223194418475032e-04 3.573510412024916150e-06 1.996544233406893909e-05 8.954860386438667774e-04 6.631389169342583045e-06 8.716320735402405262e-05 6.189419764268677682e-06 4.013146826764568686e-05 3.692820901051163673e-04
4.550000000000000000e+04 3.190046118106693029e-05 1.289972278755158186e-04 1.962002215805114247e-06 1.178345064545283094e-05 1.082043629139661789e-03 7.027579158602748066e-06 7.774563709972426295e-05 7.048598035908071324e-06 5.054282155469991267e-05 3.437182749621570110e-04
4.600000000000000000e+04 3.079183079535141587e-05 1.172743068309500813e-04 1.924664275065879337e-06 1.171265466837212443e-05 1.033877837471663952e-03 6.470023890869924799e-06 7.563477265648543835e-05 5.892933131690369919e-06 5.888308078283444047e-05 3.086224314756691456e-04
4.650000000000000000e+04 1.647554745431989431e-05 9.514538396615535021e-05 2.811219928844366223e-06 1.823929778765887022e-05 4.775215056724846363e-04 4.933581294608302414e-06 6.776500231353566051e-05 6.213886990735772997e-06 2.743884579103905708e-05 3.099440364167094231e-04
4.700000000000000000e+04 1.415073620592011139e-05 8.411921589868143201e-05 2.574884547357214615e-06 1.392642843711655587e-05 4.611070617102086544e-04 4.214047294226475060e-06 6.001929432386532426e-05 8.267265911854337901e-06 2.397053685854189098e-05 2.892454795073717833e-04
4.750000000000000000e+04 1.864119440142530948e-05 9.102498734137043357e-05 2.927504283434245735e-06 8.700706530362367630e-06 6.592986756004393101e-04 5.049896117270691320e-06 5.432395482785068452e-05 3.430986680541536771e-06 2.163837234547827393e-05 2.342453371966257691e-04
4.800000000000000000e+04 1.868137769633904099e-05 8.740912016946822405e-05 2.955512854896369390e-06 5.610986136161955073e-06 6.085772183723747730e-04 4.926020210405113176e-06 5.444925045594573021e-05 4.387043190945405513e-06 1.901558971439953893e-05 2.057171950582414865e-04
4.850000000000000000e+04 1.672877624514512718e-05 7.599103992106392980e-05 3.902989192283712327e-06 6.119071713328594342e-06 5.466784932650625706e-04 4.219377842673566192e-06 4.888450712314806879e-05 2.768306558209587820e-06 1.172500378743279725e-05 1.869655825430527329e-04
4.900000000000000000e+04 1.546946441521868110e-05 6.671931623714044690e-05 4.327383066993206739e-06 4.262713900970993564e-06 5.170234362594783306e-04 3.503266725601861253e-06 4.144945705775171518e-05 3.537641305229044519e-06 1.148440878750989214e-05 1.675349194556474686e-04
4.950000000000000000e+04 1.921117291203700006e-05 6.219172064447775483e-05 4.851049197895918041e-06 3.129713604721473530e-06 4.368642694316804409e-04 2.925675971710006706e-06 4.506378172663971782e-05 1.008546314551495016e-05 1.268065989279421046e-05 1.510375732323154807e-04
5.000000000000000000e+04 1.842943675001151860e-05 5.531516580958850682e-05 4.256652118783676997e-06 2.878839495679130778e-06 4.203679854981601238e-04 2.569950083852745593e-06 4.343857654021121562e-05 1.122588582802563906e-05 1.511717891844455153e-05 1.385905197821557522e-04
5.050000000000000000e+04 1.536702802695799619e-05 6.631202268181368709e-05 3.897798706020694226e-06 2.903201902881846763e-06 6.502953474409878254e-04 2.084718744299607351e-06 6.993438000790774822e-05 1.243070164491655305e-05 1.207016521220793948e-05 1.271118089789524674e-04
5.100000000000000000e+04 1.450180934625677764e-05 6.356048834277316928e-05 4.149146661802660674e-06 3.099751666013617069e-06 6.182866054587066174e-04 1.787052724466775544e-06 7.504723907914012671e-05 1.224256357090780511e-05 1.210980462929001078e-05 1.129457596107386053e-04
5.150000000000000000e+04 1.355764834443107247e-05 4.558191722026094794e-05 5.907240847591310740e-06 3.994761755166109651e-06 4.446028906386345625e-04 1.622310151105921250e-06 6.860478606540709734e-05 1.340912695013685152e-05 1.270225038751959801e-05 1.008745166473090649e-04
5.200000000000000000e+04 1.243193310074275360e-05 4.110951704205945134e-05 5.074910404800903052e-06 3.057014737350982614e-06 4.292287048883736134e-04 1.427021402378159110e-06 6.261795351747423410e-05 1.263900685444241390e-05 8.930469448387157172e-06 9.075234993360936642e-05
5.250000000000000000e+04 8.692923984199296683e-06 3.775794175453484058e-05 3.817373453784966841e-06 2.054744300039601512e-06 4.276306426618248224e-04 1.591449404259037692e-06 6.987750384723767638e-05 8.610891200078185648e-06 5.225379936746321619e-06 8.376992627745494246e-05
5.300000000000000000e+04 7.520781309722224250e-06 3.435743929003365338e-05 3.278372560089337640e-06 1.386759663546399679e-06 4.132544854655861855e-04 1.389418116559681948e-06 6.273402686929330230e-05 9.389943443238735199e-06 4.814255134988343343e-06 7.450597331626340747e-05
5.350000000000000000e+04 7.234340500872349367e-06 2.641582977958023548e-05 3.511948534651310183e-06 1.536148147351923399e-06 3.583826473914086819e-04 1.279995672121003736e-06 7.617899245815351605e-05 3.334040911795455031e-06 1.680051582297892310e-06 6.793641659896820784e-05
5.400000000000000000e+04 7.004149210843024775e-06 2.399147706455551088e-05 3.206105475328513421e-06 1.513100414740620181e-06 3.441445878706872463e-04 1.208785988637828268e-06 8.116390381474047899e-05 2.940588274213951081e-06 8.531242770004610065e-07 5.991981743136420846e-05
5.450000000000000000e+04 8.053115379880182445e-06 2.654243508004583418e-05 4.745631031255470589e-06 1.863377974586910568e-06 3.750956966541707516e-04 1.206190063385292888e-06 3.949197707697749138e-05 2.224173840659204870e-06 3.699032731674378738e-06 5.269488246995024383e-05
5.500000000000000000e+04 6.859403583803214133e-06 2.400216544629074633e-05 4.574344984575873241e-06 2.013751100093941204e-06 3.651587467174977064e-04 1.098893335438333452e-06 3.334179928060621023e-05 1.600468863216519821e-06 5.412626251199981198e-06 4.635304503608494997e-05
5.550000000000000000e+04 7.853950592107139528e-06 2.313134245923720300e-05 1.628909444661985617e-06 1.521234480605926365e-06 2.830510202329605818e-04 1.129867087001912296e-06 2.673633207450620830e-05 5.697726010112091899e-06 2.460834821249591187e-06 4.197126690996810794e-05
5.600000000000000000e+04 8.012318176042754203e-06 2.102775033563375473e-05 1.346943690805346705e-06 1.448084390176518355e-06 2.717000606935471296e-04 1.232542899742838927e-06 2.443606717861257493e-05 4.913603333989158273e-06 4.131376499572070315e-06 3.766703230212442577e-05
5.650000000000000000e+04 6.469648724305443466e-06 1.805940155463758856e-05 9.239400924343499355e-07 1.296528466809832025e-06 1.660736452322453260e-04 1.330072564087458886e-06 2.201563802373129874e-05 6.276941348914988339e-07 2.818278971972176805e-06 3.402070433367043734e-05
5.700000000000000000e+04 5.898084964428562671e-06 1.545215127407573164e-05 7.355004640885454137e-07 1.223153390128572937e-06 1.615065557416528463e-04 1.286663859900727402e-06 1.835194052546285093e-05 7.147570499910216313e-07 2.966813553939573467e-06 3.128825483145192266e-05
5.750000000000000000e+04 5.476448677654843777e-06 1.294546018471010029e-05 8.609861197328427806e-07 1.476548732171067968e-06 2.000978711294010282e-04 1.108629817281325813e-06 4.246032040100544691e-05 7.819804181963263545e-07 1.649617843213491142e-05 2.928605499619152397e-05
5.800000000000000000e+04 5.283110567688709125e-06 1.173048531200038269e-05 8.581343422520149034e-07 1.204086061079578940e-06 1.920421200338751078e-04 1.027652047014271375e-06 4.040438216179609299e-05 5.603814088317449205e-07 2.623696673254016787e-05 2.704824328247923404e-05
5.850000000000000000e+04 4.908025402983184904e-06 1.532603346277028322e-05 1.767666390151134692e-06 8.264126449830655474e-07 2.802134549710899591e-04 1.045414819600409828e-06 1.659794725128449500e-05 1.566894979987409897e-06 1.533965405542403460e-05 2.606912858027499169e-05
5.900000000000000000e+04 5.339732979336986318e-06 1.474262808187631890e-05 1.131941303356143180e-06 7.175604537223989610e-07 2.711355919018387794e-04 1.005466629067086615e-06 1.594218883838038892e-05 1.997904064410249703e-06 1.685697861830703914e-05 2.431966458971146494e-05
5.950000000000000000e+04 5.475874786498025060e-06 1.186657937068957835e-05 6.107349577177956235e-07 1.214000235449930187e-06 1.920467038871720433e-04 1.042547410179395229e-06 1.441650783817749470e-05 2.512682158339885063e-06 1.423224603058770299e-05 2.420875534880906343e-05
6.000000000000000000e+04 5.676120963471475989e-06 1.024715129460673779e-05 5.418717137217754498e-07 9.715270152810262516e-07 1.870932755991816521e-04 9.718503406475065276e-07 1.410691857017809525e-05 2.232711722172098234e-06 1.332516512775328010e-05 2.311148818989749998e-05
6.050000000000000000e+04 7.640854164492338896e-06 1.193211028294172138e-05 4.215380329242179869e-07 1.197440838041075040e-06 2.377338532824069262e-04 9.073859246200299822e-07 1.425559003109810874e-05 6.513916446237999480e-07 1.758777034410741180e-05 2.142062294296920300e-05
6.100000000000000000e+04 8.144055755110457540e-06 1.121167770179454237e-05 3.999397506504465127e-07 7.869015234973630868e-07 2.296484453836455941e-04 9.032708021550206468e-07 1.305086789216147736e-05 5.918847136854310520e-07 1.865458398242481053e-05 2.018393024627584964e-05
6.150000000000000000e+04 5.911484095122432336e-06 1.125452854466857389e-05 1.322573211837152485e-06 5.682882147084455937e-07 2.115305833285674453e-04 8.475321351397724357e-07 1.414380949427140877e-05 2.381062813583412208e-06 1.363405681331641972e-05 1.674765371717512608e-05
6.200000000000000000e+04 6.131841928436188027e-06 1.119458920584293082e-05 1.204408476951357443e-06 5.590651426246040501e-07 2.038833772530779243e-04 7.755838282719196286e-07 1.508376681158551946e-05 2.563703446867293678e-06 1.285531379835447297e-05 1.537757452751975507e-05
6.250000000000000000e+04 8.893906851881183684e-06 9.978883099392987788e-06 1.282726884710427839e-06 7.377853989964933135e-07 1.784398336894810200e-04 7.806335133864195086e-07 3.555041985237039626e-05 4.727328075659897877e-07 6.857218977529555559e-06 1.538260221423115581e-05
6.300000000000000000e+04 9.269306247006170452e-06 1.006608999887248501e-05 1.002949943540443201e-06 6.934094471944263205e-07 1.715842081466689706e-04 7.453175498994824011e-07 3.664594260044395924e-05 6.133485612735967152e-07 4.503612217376939952e-06 1.542912104923743755e-05
6.350000000000000000e+04 8.409096153627615422e-06 8.701254955667536706e-06 3.142058915273082675e-07 1.510630340817442629e-06 1.254934759344905615e-04 8.326932174895773642e-07 1.125986091210506856e-05 4.119706602523365291e-07 2.024557716140407138e-06 1.197463461721781641e-05
6.400000000000000000e+04 8.212439752242062241e-06 7.062066742946626619e-06 2.932120253262837650e-07 1.204027057610801421e-06 1.240155979758128524e-04 8.225824785768054426e-07 1.042710573528893292e-05 4.945110845255840104e-07 4.240796442900318652e-06 1.059571695805061609e-05
6.450000000000000000e+04 9.491965101915411651e-06 1.038813388731796294e-05 4.077958521975233452e-07 4.277362961602193536e-07 2.461607509758323431e-04 6.554299147865094710e-07 9.855003554548602551e-06 7.839493036954081617e-07 1.021401203615823761e-06 1.352925846731523052e-05
6.500000000000000000e+04 1.059098303812788799e-05 1.067402263288386166e-05 3.474694381111476105e-07 3.451593784120632336e-07 2.372523595113307238e-04 6.342090159705549013e-07 1.052767674991628155e-05 1.158146574198326562e-06 3.646032155302236788e-06 1.426196376996813342e-05
6.550000000000000000e+04 1.028220412990776822e-05 8.958566468209028244e-06 4.803435444955539424e-07 2.746794791619322496e-07 2.066537417704239488e-04 6.203459861353621818e-07 1.399560642312280834e-05 5.614908786810701713e-07 7.356117635026748758e-07 1.182832875201711431e-05
6.600000000000000000e+04 1.026884547172812745e-05 8.444240847893524915e-06 4.228882630741281901e-07 2.482243246504367562e-07 2.040417457465082407e-04 6.333260671453899704e-07 1.306193735217675567e-05 6.669242225143534597e-07 9.462326602260873187e-07 1.100509871321264654e-05
6.650000000000000000e+04 1.165951107395812869e-05 7.236033070512348786e-06 5.131240641276235692e-07 1.407534455211134627e-06 1.443677901988849044e-04 7.999175863915297668e-07 1.170936957350932062e-05 4.968245548298000358e-07 8.033723020162142348e-07 1.040590177581179887e-05
6.700000000000000000e+04 1.198378322442295030e-05 6.540421509271254763e-06 4.012739509562379681e-07 1.136576429416891187e-06 1.414827856933698058e-04 7.708032967457256746e-07 1.052661355060990900e-05 6.719744192196230870e-07 4.120145433716970729e-07 1.032461295835673809e-05
6.750000000000000000e+04 1.655673804634716362e-05 1.231116220878902823e-05 5.719647901969437953e-07 5.007564709558209870e-07 3.068852820433676243e-04 7.920098710201273207e-07 1.027161488309502602e-05 8.138989642247906886e-07 7.662069947400595993e-07 1.603997952770441771e-05
6.800000000000000000e+04 1.906110810523387045e-05 1.258446900465060025e-05 4.699819555753492750e-07 4.801271415999508463e-07 2.953983785118907690e-04 8.032171194827242289e-07 1.100798272091196850e-05 7.932843573144054972e-07 4.594196809648565250e-07 1.767905632732436061e-05
6.850000000000000000e+04 1.649277510296087712e-05 1.426958351657958701e-05 2.830479104432015447e-07 5.052665983384940773e-07 2.562326262705028057e-04 8.898678629520873073e-07 1.177184731204761192e-05 1.535542196506867185e-06 9.327354746346827596e-07 1.907567275338806212e-05
6.900000000000000000e+04 1.769138907548040152e-05 1.509774483565706760e-05 2.681549915450887056e-07 4.773525574819359463e-07 2.458577509969472885e-04 8.983542443274927791e-07 1.271871224162168801e-05 2.298763547514681704e-06 1.084460564015898854e-06 1.925685137393884361e-05
6.950000000000000000e+04 1.719382453302387148e-05 1.728933420963585377e-05 4.749814479509950615e-07 5.421317723630636465e-07 3.402981674298644066e-04 8.277347092189302202e-07 2.495770422683563083e-05 7.023335228950600140e-07 1.020396098283526953e-06 1.575289206812158227e-05
7.000000000000000000e+04 1.709997923171613365e-05 1.670106030360329896e-05 4.254924022006889572e-07 2.918777965987828793e-07 3.384173323865979910e-04 9.410887287231162190e-07 2.375344593019690365e-05 5.798434017378895078e-07 1.391257683280855417e-06 1.491181046731071547e-05
7.050000000000000000e+04 2.247602242277935147e-05 1.411090488545596600e-05 7.027348374322173186e-07 1.384826646244619042e-06 2.462978882249444723e-04 9.945321153281838633e-07 1.414279449818423018e-05 1.207032823913323227e-06 7.293272688002616633e-07 1.579165473231114447e-05
7.100000000000000000e+04 2.312667857040651143e-05 1.385294672218151391e-05 5.946035344095434994e-07 1.206574665957305115e-06 2.421685640001669526e-04 1.055254529092053417e-06 1.355584390694275498e-05 1.483728055973188020e-06 3.273705715400865301e-07 1.548283944430295378e-05
7.150000000000000000e+04 1.348416844848543406e-05 1.047242949425708503e-05 5.958168003417085856e-07 2.729566119796800194e-07 1.875325106084346771e-04 1.118483623940846883e-06 1.556585084472317249e-05 1.838205889725941233e-06 1.445014618184359279e-06 1.382040773023618385e-05
7.200000000000000000e+04 1.328769940300844610e-05 9.445730938750784844e-06 5.979284765089687426e-07 2.717091547310701571e-07 1.867237006081268191e-04 9.793942581381998025e-07 1.356747361569432542e-05 2.033921646216185763e-06 1.249793740498716943e-06 1.301043994317296892e-05
7.250000000000000000e+04 1.473208521929336712e-05 6.078194019210059196e-06 4.023530095764726866e-07 1.323093670180242043e-07 6.626683898502960801e-05 8.112413070193724707e-07 1.588229315530043095e-05 6.716501275150221772e-07 5.038520612288266420e-06 9.222299922839738429e-06
7.300000000000000000e+04 1.433466331945965067e-05 5.092638275527860969e-06 3.801515049417503178e-07 1.180425712732358079e-07 6.601239874726161361e-05 8.473554657939530443e-07 1.871429594757501036e-05 6.103392706791055389e-07 6.550390480697387829e-06 8.162247468135319650e-06
7.350000000000000000e+04 2.165196019632276148e-05 7.770704542053863406e-06 8.370614636987738777e-07 3.990145955867774319e-07 1.478445337852463126e-04 9.480376093051745556e-07 1.413187874277355149e-05 1.493708623456768692e-06 3.012918057265778771e-07 9.806007255974691361e-06
7.400000000000000000e+04 2.241114452772308141e-05 7.813557203917298466e-06 7.432630013681773562e-07 3.746349648281466216e-07 1.435925223631784320e-04 1.002165390673326328e-06 1.572003930050414056e-05 1.467758238504757173e-06 3.386117555237433407e-07 9.895140465232543647e-06
7.450000000000000000e+04 1.752730713633354753e-05 6.331415079330326989e-06 6.412831794477824587e-07 9.505826170652653673e-08 8.807794074527919292e-05 9.191423373522411566e-07 1.487749523221282288e-05 7.496315106436668430e-07 2.570717185790272197e-07 8.209320185414981097e-06
7.500000000000000000e+04 1.700467510090675205e-05 6.603543624805752188e-06 6.028323014106717892e-07 6.630033055898820749e-08 8.631341916043311357e-05 9.313210966865881346e-07 1.378527758788550273e-05 6.720549663441488519e-07 2.856222636182792485e-07 7.706553333264309913e-06
7.550000000000000000e+04 1.875468842627014965e-05 7.772147000650875270e-06 5.477525633068580646e-07 1.932115623048957787e-07 1.081954760593362153e-04 9.466993446949345525e-07 1.858724863268435001e-05 1.977241481654345989e-06 6.994852356001501903e-06 7.234630629682214931e-06
7.600000000000000000e+04 1.868794424808584154e-05 6.300202585407532752e-06 4.353785811872512568e-07 1.550060062527336413e-07 1.070736470865085721e-04 9.938999028236139566e-07 1.799267738533671945e-05 2.651786644491949119e-06 8.393572898057755083e-06 7.315778930205851793e-06
7.650000000000000000e+04 1.914911081257741898e-05 5.693939783668611199e-06 4.190894458133698208e-07 1.290259490360767813e-07 9.929766383720561862e-05 1.052538209478370845e-06 1.745301779010333121e-05 3.755764055313193239e-06 9.271489034290425479e-07 1.009421794151421636e-05
7.700000000000000000e+04 2.003249392146244645e-05 5.774346391262952238e-06 3.808497694990364835e-07 7.665326506867131684e-08 9.527838119538500905e-05 9.367990401187853422e-07 1.592507578607182950e-05 3.724311909536481835e-06 4.566278164475079393e-07 1.027789767249487340e-05
7.750000000000000000e+04 1.169089318864280358e-05 3.259970299041015096e-06 5.796720188300241716e-07 5.656390271724376362e-07 4.600413376465439796e-05 9.313908435615303461e-07 1.130495456891367212e-05 7.292650252566090785e-07 5.054398002357629593e-07 7.364409157162299380e-06
7.800000000000000000e+04 1.171066651295404881e-05 2.902850837926962413e-06 4.720622541753982659e-07 4.308006680275866529e-07 4.487997648539021611e-05 8.107858775474596769e-07 1.184139637189218774e-05 6.556023777193331625e-07 8.898281862457224634e-07 6.779367595299845561e-06
7.850000000000000000e+04 2.684324681467842311e-05 6.753731213393621147e-06 2.980983140332682524e-07 1.716249187211360550e-07 1.486909459345042706e-04 7.958911396599432919e-07 1.368647372146369889e-05 6.195173796186281834e-07 1.221869638357020449e-06 6.489881343441084027e-06
7.900000000000000000e+04 2.531103382352739573e-05 6.821749593655113131e-06 2.368678622133302270e-07 7.801221357794929645e-08 1.471016439609229565e-04 8.615712658865959384e-07 1.232375052495626733e-05 4.984086672266130336e-07 1.677099476182775106e-06 6.483140168711543083e-06
7.950000000000000000e+04 1.483469532104209065e-05 5.185351710679242387e-06 7.983429100022476632e-07 4.842112275582621805e-07 9.361651609651744366e-05 7.485368769266642630e-07 1.192216132039902732e-05 1.031964643516403157e-06 4.037945927848340943e-06 4.542895112535916269e-06
8.000000000000000000e+04 1.429604708391707391e-05 4.657574208977166563e-06 6.435228669943171553e-07 3.133218342554755509e-07 9.367090387968346477e-05 7.271743811543274205e-07 1.289289957639994100e-05 1.111016899812966585e-06 3.356612296556704678e-06 4.124540282646194100e-06
8.050000000000000000e+04 2.092341128445696086e-05 4.900670319329947233e-06 2.621602277486090316e-07 3.375828896423627157e-07 9.183301153825595975e-05 7.697370847381534986e-07 1.819318276830017567e-05 4.565929998534556944e-07 6.718555027873662766e-07 4.232299033901654184e-06
8.100000000000000000e+04 2.004086309170816094e-05 4.643910415325080976e-06 2.378291554805400665e-07 3.287339609414630104e-07 9.180456254398450255e-05 7.763582061670604162e-07 1.790486749086994678e-05 3.673839898965525208e-07 1.239158450516697485e-06 4.133304173592478037e-06
8.150000000000000000e+04 1.619552131160162389e-05 4.060888841195264831e-06 7.548595704065519385e-07 3.113710818070103414e-07 7.361717871390283108e-05 7.945772040329757147e-07 1.245734165422618389e-05 8.598078693466959521e-07 5.395451694312214386e-07 4.184652425465174019e-06
8.200000000000000000e+04 1.649374098633415997e-05 4.085348336957395077e-06 6.735023134751827456e-07 2.265977059323631693e-07 7.218802784336730838e-05 7.254737965922686271e-07 1.145715486927656457e-05 7.127088110792101361e-07 4.116063792025670409e-07 4.151406756136566401e-06
8.250000000000000000e+04 1.543325015518348664e-05 3.204996346539701335e-06 1.937958131748018786e-07 6.135270780305290828e-08 2.289803705934900790e-05 6.358535529216169380e-07 9.858217708824668080e-06 1.222037553816335276e-06 1.261457509826868773e-05 3.024461193490424193e-06
8.300000000000000000e+04 1.453856748412363231e-05 2.711461775106727146e-06 1.685507271531605511e-07 4.305653789060670533e-08 2.319510349479969591e-05 6.130949259386397898e-07 1.093280206987401471e-05 1.791397266970307101e-06 1.585868812981061637e-05 2.647312385306577198e-06
8.350000000000000000e+04 1.286929727939423174e-05 2.622137344587827101e-06 3.789023708122840617e-07 3.132940378236526158e-07 5.470859832712449133e-05 6.483185757133469451e-07 1.418265674146823585e-05 5.365762717701727524e-06 5.166005848877830431e-06 3.358772573847090825e-06
8.400000000000000000e+04 1.298829647566890344e-05 2.769808816083241254e-06 2.889397308081242954e-07 2.359855244549180497e-07 5.358932321541942656e-05 5.903638680138101336e-07 1.345933378615882248e-05 6.224785010999767110e-06 4.595960035658208653e-06 3.636546352936420590e-06
8.450000000000000000e+04 1.997848812607116997e-05 4.927785994368605316e-06 6.277300599322188646e-07 1.505629114717521588e-07 1.334224507445469499e-04 4.641441364583442919e-07 1.344184238405432552e-05 1.070414555215393193e-06 2.182097205150057562e-06 4.357576017355313525e-06
8.500000000000000000e+04 1.964177863555960357e-05 4.804909167432924733e-06 6.065442903491202742e-07 1.445799142629766720e-07 1.320007577305659652e-04 4.434527056673687184e-07 1.377535227220505476e-05 1.163954038929659873e-06 2.283449930473580025e-06 4.786632871400797740e-06
8.550000000000000000e+04 1.368526864098384976e-05 2.957346623588819057e-06 7.272476523212390020e-07 8.728502365329404711e-08 5.774396049673669040e-05 4.365070935818948783e-07 1.041926407197024673e-05 3.051392468478297815e-06 6.586397830687928945e-06 4.654360054701101035e-06
8.600000000000000000e+04 1.382387017656583339e-05 2.831989831975079142e-06 5.993337595100456383e-07 7.270463697750528809e-08 5.648202568409033120e-05 4.113857983156776754e-07 9.412810868525411934e-06 3.763305130632943474e-06 1.274216901947511360e-05 4.616400474333204329e-06
8.650000000000000000e+04 2.280211083416361362e-05 6.736529030604287982e-06 6.810107038290880155e-07 3.182884142916009296e-07 1.915520988404750824e-04 4.778053153131622821e-07 1.033825537888333201e-05 2.800509491862612776e-06 5.838046490680426359e-06 5.780684205092256889e-06
8.700000000000000000e+04 2.372010749240871519e-05 7.040659966150997207e-06 5.436120886770368088e-07 2.906963629811798455e-07 1.881470525404438376e-04 4.673467799420905067e-07 1.202750172524247319e-05 3.234449195588240400e-06 6.514284450531704351e-06 5.942760708421701565e-06
8.750000000000000000e+04 2.556579602241981775e-05 7.069758794386871159e-06 1.144269731412350666e-06 8.187233788703451864e-07 1.176426958409138024e-04 4.349539892700704513e-07 1.170585710497107357e-05 3.751228632609127089e-06 8.496554983139503747e-06 3.834823019133182243e-06
8.800000000000000000e+04 2.371486516494769603e-05 7.008105967543087900e-06 1.010435767057060730e-06 7.882466093178663868e-07 1.185156725114211440e-04 4.269263058631622698e-07 1.121192963182693347e-05 3.737307679330115207e-06 9.779309948498848826e-06 3.440100954321678728e-06
8.850000000000000000e+04 1.744958171912003309e-05 6.007448973832651973e-06 3.542420756730280118e-07 2.858132575056515634e-07 6.580992339877411723e-05 4.166259941484895535e-07 1.048534340952755883e-05 2.242322807433083653e-06 2.380020760028855875e-06 4.529668785835383460e-06
8.900000000000000000e+04 1.720518775982782245e-05 6.219833267095964402e-06 3.135016015676228562e-07 2.289554146273076185e-07 6.501164898509159684e-05 4.071081889378547203e-07 1.143081317422911525e-05 1.919482883749878965e-06 2.072049255730235018e-06 4.734449703391874209e-06
8.950000000000000000e+04 1.912054904096294194e-05 8.773054105404298753e-06 5.227686301623180043e-07 8.423329234119592002e-08 1.616136723896488547e-04 4.361207288638979662e-07 6.239565664145629853e-06 5.378828973334748298e-06 3.128829484921880066e-05 6.784740889997920021e-06
9.000000000000000000e+04 2.008046067203395069e-05 8.884467206371482462e-06 4.481001667500095209e-07 7.793875766992641729e-08 1.581590477144345641e-04 3.751636938886804273e-07 5.221631454332964495e-06 5.900887117604725063e-06 3.965930227423086762e-05 7.287338576134061441e-06
9.050000000000000000e+04 1.881010211945977062e-05 5.964066531305434182e-06 4.574538081669743406e-07 1.995668981180642731e-07 1.259746641153469682e-04 3.178189160735200858e-07 1.038199206959689036e-05 2.142501671187346801e-06 1.492694650551129598e-06 4.277256266504991800e-06
9.100000000000000000e+04 1.700983193586580455e-05 5.943591531831771135e-06 3.574255345029087039e-07 1.673234493182462757e-07 1.266860053874552250e-04 2.940526542261068244e-07 1.072726263373624533e-05 1.722994625197316054e-06 1.613374479347839952e-06 3.760123945539817214e-06
9.150000000000000000e+04 2.357256926188711077e-05 1.102268652175553143e-05 2.272970647254624055e-07 6.508906835733796470e-07 2.243323397124186158e-04 3.223534008611750323e-07 8.297919521282892674e-06 2.301480208188877441e-06 7.017564712441526353e-06 6.609959655179409310e-06
9.200000000000000000e+04 2.510457670723553747e-05 1.064874504663748667e-05 2.332221811229828745e-07 4.442148906491638627e-07 2.204705815529450774e-04 3.156531249715044396e-07 8.851537131704390049e-06 2.769875436570146121e-06 5.310052074491977692e-06 7.407070370391011238e-06
9.250000000000000000e+04 2.118611519108526409e-05 7.401820312225027010e-06 7.160136306083586533e-07 5.842496193508850411e-07 1.539721706649288535e-04 2.876190876577311428e-07 1.314971177635015920e-05 1.684226390352705494e-06 2.700879576877923682e-06 8.537507710570935160e-06
9.300000000000000000e+04 2.167795355489943177e-05 7.553110663138795644e-06 5.775085014647629578e-07 4.487756086746230721e-07 1.509769790573045611e-04 2.669810896804847289e-07 1.324554796156007797e-05 1.504773763372213580e-06 1.906544753182970453e-06 8.675436220073606819e-06
