# step, loss_train, loss_test, metrics_test
0.000000000000000000e+00 3.387672454118728638e-02 1.312552094459533691e-01 2.314866753295063972e-03 1.005721860565245152e-03 2.604739181697368622e-02 3.394623100757598877e-02 1.966116875410079956e-01 1.999540021643042564e-03 1.071255304850637913e-03 2.663367241621017456e-02
5.000000000000000000e+02 3.628345730248838663e-04 5.658612400293350220e-02 9.297964425059035420e-05 1.764317421475425363e-04 1.590327708981931210e-03 2.817853819578886032e-04 6.425090134143829346e-02 9.155198495136573911e-05 9.410953498445451260e-05 2.187549369409680367e-03
1.000000000000000000e+03 3.379835688974708319e-04 4.080936312675476074e-02 9.184984490275382996e-03 3.505114698782563210e-03 6.110015790909528732e-03 2.855055790860205889e-04 4.346693307161331177e-02 1.014353148639202118e-02 2.554862294346094131e-03 6.404239684343338013e-03
1.500000000000000000e+03 2.632155083119869232e-04 5.505828885361552238e-04 9.907161438604816794e-05 6.631542782997712493e-05 4.044085275381803513e-03 2.100981218973174691e-04 9.928880899678915739e-05 6.828417099313810468e-05 6.647598638664931059e-05 3.387503558769822121e-03
2.000000000000000000e+03 1.424921501893550158e-04 3.501260944176465273e-04 2.173706207031500526e-06 3.237836381231318228e-06 2.940521342679858208e-03 8.178158896043896675e-05 1.101388625102117658e-04 2.426693299639737234e-06 1.164637296824366786e-06 2.319364808499813080e-03
2.500000000000000000e+03 6.264471448957920074e-05 2.151610387954860926e-04 2.241776655864669010e-06 3.947686764149693772e-06 2.202343195676803589e-03 2.831996062013786286e-05 6.478665454778820276e-05 2.091711166940513067e-06 4.047664788231486455e-06 1.791815506294369698e-03
3.000000000000000000e+03 4.479303242987953126e-05 1.676432730164378881e-04 1.633499323361320421e-06 3.484556600596988574e-06 1.923698000609874725e-03 1.812374648579861969e-05 6.086619032430462539e-05 1.276984107789758127e-06 3.820915480901021510e-06 1.529383938759565353e-03
3.500000000000000000e+03 5.416412750491872430e-05 2.291596028953790665e-04 1.865690137492492795e-05 7.196439582912717015e-06 1.723118126392364502e-03 1.888384576886892319e-05 5.793935270048677921e-05 2.121014404110610485e-05 1.035425430018221959e-05 1.306878635659813881e-03
4.000000000000000000e+03 4.851198900723829865e-05 1.694954262347891927e-04 4.463962000045285095e-07 1.065907213160244282e-06 1.534674200229346752e-03 1.668820550548844039e-05 6.563044735230505466e-05 3.045350069896812784e-07 5.535787749977316707e-06 1.105131814256310463e-03
4.500000000000000000e+03 4.793389598489739001e-05 1.751830423017963767e-04 8.066741656875819899e-07 1.919873056976939552e-06 1.595328445546329021e-03 1.461700685467803851e-05 8.960408740676939487e-05 5.435144885268528014e-07 2.515394271540571935e-06 9.592878050170838833e-04
5.000000000000000000e+03 4.149152300669811666e-05 1.687074400251731277e-04 1.454764060326851904e-06 1.462757722947571892e-06 1.459686667658388615e-03 1.241667541762581095e-05 8.258049638243392110e-05 1.574525299474771600e-06 1.433876605005934834e-06 8.315949817188084126e-04
5.500000000000000000e+03 2.386844607826787978e-05 1.204905929625965655e-04 1.281941649722284637e-06 6.162508725537918508e-07 1.104199793189764023e-03 8.378314305446110666e-06 8.590724610257893801e-05 9.852991524894605391e-07 6.479306762230407912e-07 7.486314862035214901e-04
6.000000000000000000e+03 2.028780727414414287e-05 1.114627375500276685e-04 1.494949174229986966e-06 5.219296781433513388e-07 1.017003669403493404e-03 7.182474291766993701e-06 8.413060277234762907e-05 1.130915507019381039e-06 5.570606731453153770e-07 6.681320373900234699e-04
6.500000000000000000e+03 2.168889477616176009e-05 1.964781840797513723e-04 3.098145725743961520e-06 1.599056872692017350e-06 1.134701888076961040e-03 9.642526492825709283e-06 1.357897272100672126e-04 2.848158601409522817e-06 6.373717269525513984e-07 6.915347767062485218e-04
7.000000000000000000e+03 2.055379809462465346e-05 1.055590691976249218e-04 1.051334265866898932e-06 1.178270508717105258e-06 9.761537075974047184e-04 9.025679901242256165e-06 9.382862481288611889e-05 6.607091336263692938e-07 8.901917567527561914e-07 5.237334407866001129e-04
7.500000000000000000e+03 1.208237245009513572e-05 9.633356967242434621e-05 6.221846706466749310e-05 5.274222348816692829e-05 7.742440211586654186e-04 6.607884643017314374e-06 6.693988689221441746e-05 6.161419150885194540e-05 4.928657654090784490e-05 4.927468835376203060e-04
8.000000000000000000e+03 1.015599173115333542e-05 7.920151983853429556e-05 1.317490614383132197e-06 1.545759914733935148e-06 7.065763929858803749e-04 4.787552370544290170e-06 6.086845678510144353e-05 8.677988603267294820e-07 6.216652650437026750e-07 4.253890365362167358e-04
8.500000000000000000e+03 1.111094115913147107e-05 8.130643982440233231e-05 1.024068296828772873e-06 1.178751631414343137e-06 6.745256832800805569e-04 3.603485538405948319e-06 8.995513053378090262e-05 1.353663606096233707e-06 1.230283601216797251e-06 3.716337960213422775e-04
9.000000000000000000e+03 1.203733154397923499e-05 2.055136719718575478e-04 1.030166895361617208e-04 3.965300857089459896e-05 9.061673190444707870e-04 4.682313374360091984e-06 1.106074123526923358e-04 9.045992192113772035e-05 3.839302735286764801e-05 6.201699725352227688e-04
9.500000000000000000e+03 1.227536631631664932e-05 1.155112549895420671e-04 9.229563875123858452e-05 9.251206938643008471e-05 5.753769073635339737e-04 4.650764367397641763e-06 1.142053733929060400e-04 9.420572314411401749e-05 1.016391761368140578e-04 3.144719812553375959e-04
1.000000000000000000e+04 1.327623431279789656e-05 1.005591766443103552e-04 2.124998900399077684e-06 4.923648248222889379e-06 5.597012350335717201e-04 5.071242412668652833e-06 6.794320506742224097e-05 2.007655211855308153e-06 5.980825335427653044e-06 3.078845911659300327e-04
1.050000000000000000e+04 1.647137469262816012e-05 7.515693869208917022e-05 2.112983565893955529e-06 1.610980575605935883e-06 6.785221048630774021e-04 4.759218882099958137e-06 6.957079312996938825e-05 2.623687578306999058e-06 1.078785885511024389e-06 2.179061411879956722e-04
1.100000000000000000e+04 1.834437716752290726e-05 6.923547334736213088e-05 2.319009126949822530e-06 1.429304120392771438e-06 6.628523697145283222e-04 4.481069936446147040e-06 9.465824405197054148e-05 2.749203531493549235e-06 1.053643245541024953e-06 2.093637594953179359e-04
1.150000000000000000e+04 1.757786048983689398e-05 3.798514080699533224e-05 3.018832785528502427e-06 1.601783310434257146e-06 3.391832578927278519e-04 3.447231392783578485e-06 3.187144830008037388e-05 4.239840563968755305e-06 4.265024017513496801e-06 1.785624626791104674e-04
1.200000000000000000e+04 1.854637412179727107e-05 3.058261791011318564e-05 3.250101372032077052e-06 1.601985445631726179e-06 3.202197840437293053e-04 3.019151790795149282e-06 2.620939267217181623e-05 4.608339168044039980e-06 6.596112143597565591e-06 1.617444504518061876e-04
1.250000000000000000e+04 2.248641067126300186e-05 4.370789974927902222e-05 3.149430312987533398e-06 1.729735004118992947e-06 4.691010981332510710e-04 3.261000983911799267e-06 3.136405575787648559e-05 2.675444193300791085e-06 3.516092874633613974e-07 1.439459447283297777e-04
1.300000000000000000e+04 2.440199750708416104e-05 3.765982546610757709e-05 2.583375817266642116e-06 1.294567937293322757e-06 4.471948195714503527e-04 3.187502443324774504e-06 2.845534254447557032e-05 1.939884214152698405e-06 2.711426816404127749e-07 1.291156950173899531e-04
1.350000000000000000e+04 1.861485725385136902e-05 2.196599052695091814e-05 1.908340891532134265e-06 5.232864168647211045e-07 2.410857850918546319e-04 2.113281425408786163e-06 2.080854028463363647e-05 2.731453832893748768e-06 3.264433701133384602e-07 1.176673686131834984e-04
1.400000000000000000e+04 1.832681482483167201e-05 1.951478225237224251e-05 2.217822611783049069e-06 4.472150294532184489e-07 2.344273671042174101e-04 2.224300033049075864e-06 1.978429463633801788e-05 3.890149855578783900e-06 1.163441822882305132e-07 1.103494578273966908e-04
1.450000000000000000e+04 2.856187711586244404e-05 4.850865298067219555e-05 3.254695229770732112e-06 1.238138679582334589e-06 5.111352656967937946e-04 2.118171778420219198e-06 3.451832162681967020e-05 5.510056780622107908e-06 1.185803171210864093e-06 9.120329923462122679e-05
1.500000000000000000e+04 2.979385863000061363e-05 6.183172808960080147e-05 3.330992058181436732e-06 1.207824311677541118e-06 5.555788520723581314e-04 2.593431872810469940e-06 9.808882168726995587e-05 7.592115252919029444e-06 1.580908246978651732e-06 1.311047526542097330e-04
1.550000000000000000e+04 2.320244857401121408e-05 2.891051917686127126e-05 1.321713739343977068e-06 4.143113585541868815e-07 3.021853917744010687e-04 1.562223474138590973e-06 2.273564496135804802e-05 9.821224011830054224e-07 2.718859661854367005e-07 7.290237408597022295e-05
1.600000000000000000e+04 2.288892937940545380e-05 2.215341919509228319e-05 8.825637110021489207e-07 4.567506550756661454e-07 2.882225380744785070e-04 1.574957764205464628e-06 1.742839594953693449e-05 4.959629222867079079e-07 5.280148229758196976e-07 6.674719043076038361e-05
1.650000000000000000e+04 2.909877912316005677e-05 2.232152655778918415e-05 8.683607006787497085e-07 5.508747449312068056e-07 4.004704824183136225e-04 1.454173911952238996e-06 1.518293174740392715e-05 1.888491709678419284e-07 1.860992597357835621e-06 5.819608850288204849e-05
1.700000000000000000e+04 2.870220851036719978e-05 2.001740540436003357e-05 6.032470878380991053e-07 6.512573236250318587e-07 3.858601266983896494e-04 1.377874013996915892e-06 1.350711590930586681e-05 2.090859254622046137e-07 2.316983227501623333e-06 5.262135164230130613e-05
1.750000000000000000e+04 1.820382385631091893e-05 1.354729101876728237e-05 2.367569464922780753e-07 8.217483582484419458e-07 3.262440441176295280e-04 1.186581357615068555e-06 1.381768197461497039e-05 1.854988198601859040e-07 1.935149612108943984e-06 4.322631139075383544e-05
1.800000000000000000e+04 1.933390558406244963e-05 5.717761450796388090e-05 7.251700935739791021e-06 9.090032335734576918e-07 3.801509155891835690e-04 1.677942805144994054e-06 5.192825483391061425e-05 8.080574843916110694e-06 1.384100073664740194e-06 1.112955578719265759e-04
1.850000000000000000e+04 2.681094520085025579e-05 2.023123124672565609e-05 5.482472715812036768e-07 5.808557261843816377e-07 4.773722030222415924e-04 1.609109403943875805e-06 1.754261575115378946e-05 1.839216224652773235e-06 9.410966868017567322e-07 3.729315722011961043e-05
1.900000000000000000e+04 2.577578197815455496e-05 1.926235745486337692e-05 4.437584664174210047e-07 5.669205052072356921e-07 4.670069029089063406e-04 1.744765427247330081e-06 1.857939423643983901e-05 1.568557877362763975e-06 9.729131988933659159e-07 3.445116453804075718e-05
1.950000000000000000e+04 1.978235741262324154e-05 1.095135394280077890e-05 1.939104947723535588e-07 7.396757837341283448e-07 1.621638366486877203e-04 1.252863398804038297e-06 1.197814162878785282e-05 4.044514980705571361e-07 8.767526082920085173e-07 3.200515129719860852e-05
2.000000000000000000e+04 1.929867539729457349e-05 9.592874448571819812e-06 1.849447954782590386e-07 6.763694386791030411e-07 1.555403432575985789e-04 1.127055497818219010e-06 1.040398637996986508e-05 3.171154503434081562e-07 9.316176488027849700e-07 3.027215279871597886e-05
2.050000000000000000e+04 2.425520688120741397e-05 1.093016635422827676e-05 1.731749534883419983e-07 7.729207709417096339e-07 2.657293807715177536e-04 9.820437298913020641e-07 8.906445145839825273e-06 5.599953283308423124e-07 5.117847194924252108e-07 3.026003832928836346e-05
2.100000000000000000e+04 2.477910129528027028e-05 1.037872971210163087e-05 1.527298110204355908e-07 7.714915568612923380e-07 2.537959662731736898e-04 1.031005922413896769e-06 9.348948879051022232e-06 4.917640694657166023e-07 6.129951657385390718e-07 2.788654455798678100e-05
2.150000000000000000e+04 1.841773701016791165e-05 1.540298399049788713e-05 3.133517338937963359e-07 5.871908115295809694e-07 3.103133349213749170e-04 9.417994988325517625e-07 1.375934425595914945e-05 6.943531616343534552e-07 9.722723461891291663e-07 2.397788739472161978e-05
2.200000000000000000e+04 1.642000279389321804e-05 4.732637898996472359e-05 3.679100018416647799e-06 7.027419428595749196e-07 3.137582971248775721e-04 1.492018100179848261e-06 2.316280733793973923e-05 4.077422545378794894e-06 7.980569307619589381e-07 3.982161069870926440e-05
2.250000000000000000e+04 1.436373804608592764e-05 9.240124200005084276e-06 5.050640652370930184e-07 4.739765984140831279e-07 1.904266973724588752e-04 9.874779607343953103e-07 7.839063073333818465e-06 5.694508331544057000e-07 3.742434557807428064e-07 2.139711432391777635e-05
2.300000000000000000e+04 1.457185862818732858e-05 7.920149073470383883e-06 4.123840824377111858e-07 3.588376102925394662e-07 1.856492308434098959e-04 9.323288168161525391e-07 7.434675353579223156e-06 2.008845143564030877e-07 4.952520384904346429e-07 2.004285306611564010e-05
2.350000000000000000e+04 2.076468263112474233e-05 3.420793291297741234e-05 7.043610366963548586e-06 9.039035830937791616e-07 2.442241820972412825e-04 1.205519083669059910e-06 4.345575143815949559e-05 6.720479177602101117e-06 8.712128192200907506e-07 5.761061038356274366e-05
2.400000000000000000e+04 2.135944305337034166e-05 1.342616906185867265e-05 4.946707576891640201e-07 1.022452579491073266e-06 1.902573421830311418e-04 1.329616225120844319e-06 1.064969637809554115e-05 5.907523927817237563e-07 6.023640253260964528e-07 2.841684363374952227e-05
2.450000000000000000e+04 2.164185389119666070e-05 1.784898813639301807e-05 3.221644874429330230e-06 5.428176450550381560e-07 1.822030753828585148e-04 7.017132247710833326e-06 1.706719194771721959e-05 4.617743798007722944e-06 1.604343879080261104e-06 2.307966497028246522e-05
2.500000000000000000e+04 1.939912908710539341e-05 9.251019946532323956e-06 4.255304304479068378e-07 2.921469217653793748e-07 1.694970706012099981e-04 1.181860966426029336e-06 9.153520295512862504e-06 1.737721646577483625e-07 7.681283022975549102e-07 2.324387423868756741e-05
2.550000000000000000e+04 1.628675272513646632e-05 8.002107279025949538e-06 3.455531896179309115e-07 7.215605819510528818e-07 1.651034253882244229e-04 8.192549785235314630e-07 1.355767199129331857e-05 4.171354817117389757e-07 2.037056674453197047e-06 1.798774792405311018e-05
2.600000000000000000e+04 1.637693458178546280e-05 7.159899269026936963e-06 3.164815609579818556e-07 5.763806143477268051e-07 1.600698451511561871e-04 7.299719868569809478e-07 1.372291262669023126e-05 5.748952958128938917e-07 1.883518280010321178e-06 1.712462653813418001e-05
2.650000000000000000e+04 1.952962156792636961e-05 1.235836953128455207e-05 3.094320675245398888e-07 2.725773811107501388e-07 2.372691524215042591e-04 6.825313789704523515e-07 1.707654519123025239e-05 1.460736172020915546e-07 8.787427532297442667e-07 2.455986032146029174e-05
2.700000000000000000e+04 1.961953057616483420e-05 1.152694403572240844e-05 2.799080789372965228e-07 2.571158574937726371e-07 2.298624749528244138e-04 7.553904879387118854e-07 1.641094058868475258e-05 2.946010511095664697e-07 6.608935336771537550e-07 2.443215998937375844e-05
2.750000000000000000e+04 1.621583760424982756e-05 6.051309810573002324e-06 2.686563220777316019e-07 5.627103973893099464e-07 1.400465407641604543e-04 9.376633443025639281e-07 6.966536147956503555e-06 4.836104494643223006e-07 4.611093800122034736e-07 1.433068609912879765e-05
2.800000000000000000e+04 1.683686787146143615e-05 6.631538781221024692e-06 7.658841809643490706e-07 4.625559313353733160e-07 1.384985953336581588e-04 1.050277433023438789e-06 1.109083223127527162e-05 1.916062188911382691e-07 3.302765776425076183e-07 1.437879200238967314e-05
2.850000000000000000e+04 1.273429734283126891e-05 1.109719505620887503e-05 2.024689820245839655e-06 4.063160474743199302e-07 2.504323492757976055e-04 9.299517955696501303e-07 9.228457201970741153e-06 1.969794539036229253e-06 1.746042528338875854e-07 1.833409987739287317e-05
2.900000000000000000e+04 1.225881806021789089e-05 8.679145139467436820e-06 5.021976789976179134e-07 3.202429468274203828e-07 2.451722102705389261e-04 8.168036060851591174e-07 1.003764009510632604e-05 2.865611463676032145e-07 1.051068636570562376e-07 1.397449796058936045e-05
2.950000000000000000e+04 1.836407318478450179e-05 5.298010728438384831e-05 1.074144256563158706e-05 5.964460001450788695e-07 1.458653860026970506e-04 2.774464519461616874e-06 3.854930037050507963e-05 1.110981702368007973e-05 3.040397302811470581e-07 4.895537858828902245e-05
3.000000000000000000e+04 1.814579991332720965e-05 4.518400601227767766e-05 2.076422060781624168e-05 4.241719295805523871e-07 1.818334567360579967e-04 3.381555643500178121e-06 3.576705421437509358e-05 1.868320759967900813e-05 2.622055035317316651e-07 8.656839781906455755e-05
3.050000000000000000e+04 1.469374183216132224e-05 6.522535841213539243e-06 3.381266537871852051e-07 4.245638933753070887e-07 1.702795998426154256e-04 9.314355793321738020e-07 7.794564226060174406e-06 5.964575962025264744e-07 4.211744055737653980e-07 1.253285063285147771e-05
3.100000000000000000e+04 1.365231946692802012e-05 7.100739367160713300e-06 3.909814552116586128e-07 5.564272669289493933e-07 1.717999257380142808e-04 1.206416186505521182e-06 1.301140127907274291e-05 2.950442024030053290e-07 5.553154096560319886e-07 1.099220662581501529e-05
3.150000000000000000e+04 9.311862413596827537e-06 4.624232587957521901e-06 1.659877995052738697e-07 4.352430664766870905e-07 1.222587889060378075e-04 8.901245678316627163e-07 8.070059266174212098e-06 1.158325986239105987e-07 2.511421826056903228e-07 8.923530003812629730e-06
3.200000000000000000e+04 9.156378837360534817e-06 4.566259121929761022e-06 1.709944399408414029e-07 2.470399067533435300e-07 1.199761099996976554e-04 6.105564125391538255e-07 9.216127182298805565e-06 1.916124716672129580e-07 1.781947815970852389e-07 8.160886864061467350e-06
3.250000000000000000e+04 1.317273199674673378e-05 4.837563210458029062e-06 1.796535258336007246e-07 2.591588952327583684e-07 8.251130202552303672e-05 7.169935543061001226e-07 8.263020390586461872e-06 2.488097265995747875e-07 1.717338022899639327e-07 7.627180366398533806e-06
3.300000000000000000e+04 1.292927117901854217e-05 4.864607944909948856e-06 1.361255073106804048e-07 2.129568770214973483e-07 8.121962309814989567e-05 7.781661111039284151e-07 8.236924259108491242e-06 1.263880591295674094e-07 1.061058014784066472e-07 7.598029242217307910e-06
3.350000000000000000e+04 1.649573096074163914e-05 7.100454240571707487e-06 1.760773358228107099e-07 2.937401006875006715e-07 1.367002550978213549e-04 7.075784651533467695e-07 1.076655280485283583e-05 1.323814586839944241e-07 1.297263310107155121e-07 9.116027285926975310e-06
3.400000000000000000e+04 1.711690856609493494e-05 7.003082828305196017e-06 1.610338671298450208e-07 2.484023298165993765e-07 1.321639720117673278e-04 7.204273515526438132e-07 1.071026963472831994e-05 1.058640748397010611e-07 1.522317631952319061e-07 8.846082891977857798e-06
3.450000000000000000e+04 1.964590228453744203e-05 4.588671072269789875e-05 1.563489968248177320e-05 5.565492529058246873e-07 1.602655684109777212e-04 2.488048721716040745e-06 1.584034034749493003e-04 1.391557179886149243e-05 7.990473136487707961e-07 6.252746970858424902e-05
3.500000000000000000e+04 1.886539939732756466e-05 6.484567165898624808e-06 2.585641425412177341e-07 2.282648239315676619e-07 1.031421124935150146e-04 8.587341540078341495e-07 3.580906195566058159e-05 1.604381054676196072e-07 2.648166628205217421e-07 1.557902396598365158e-05
3.550000000000000000e+04 1.974554834305308759e-05 1.411777884641196579e-05 1.652395781093218829e-06 3.167072009091498330e-07 1.284609606955200434e-04 1.317346232099225745e-06 5.043172222940484062e-06 3.370219019416254014e-06 9.836779923944050097e-08 2.391455200267955661e-05
3.600000000000000000e+04 2.232874612673185766e-05 3.292255860287696123e-05 4.523675215750699863e-06 4.613893054283835227e-07 1.419132313458248973e-04 2.455940148138324730e-06 1.567341860209126025e-05 7.455023478541988879e-06 2.392868907463707728e-07 4.529366196948103607e-05
3.650000000000000000e+04 2.466938713041599840e-05 7.391315648419549689e-06 4.115491663014836377e-07 7.160982562481876812e-08 1.583852717885747552e-04 8.333155392392654903e-07 8.705397704034112394e-06 2.728828860654175514e-07 6.810756758568459190e-08 1.481855633755913004e-05
3.700000000000000000e+04 2.517418033676221967e-05 7.095291039149742573e-06 5.325495067154406570e-07 5.395673596808592265e-08 1.526406558696180582e-04 8.224338898799032904e-07 8.513545253663323820e-06 2.831101539868541295e-07 4.083460325432497484e-08 1.413852442055940628e-05
3.750000000000000000e+04 2.404559381830040365e-05 6.691683665849268436e-06 1.468149690708742128e-07 4.166984695075370837e-07 1.629973412491381168e-04 9.721638889459427446e-07 1.618938404135406017e-05 1.950324701738281874e-07 1.728960370428467286e-07 1.036772573570488021e-05
3.800000000000000000e+04 2.581917033239733428e-05 8.172720299626234919e-06 3.533506287567433901e-07 4.220703715418494539e-07 1.564158446853980422e-04 1.328251300947158597e-06 1.034336855809669942e-05 5.126814812683733180e-07 2.573188453425245825e-07 1.051128492690622807e-05
3.850000000000000000e+04 1.771670940797775984e-05 6.791356099711265415e-06 3.584801220313238446e-07 1.310274058141658315e-07 1.244049199158325791e-04 1.348427986158640124e-06 2.052210584224667400e-05 1.651069112540426431e-07 1.988760800486488733e-07 1.090343812393257394e-05
3.900000000000000000e+04 1.815016730688512325e-05 8.228390470321755856e-06 4.783694294019369408e-07 1.094488766284484882e-07 1.203658248414285481e-04 1.407302193001669366e-06 1.356011580355698243e-05 1.665484319346433040e-07 1.387312806855334202e-07 1.117332431022077799e-05
3.950000000000000000e+04 2.087137727357912809e-05 3.253983595641329885e-05 2.475354631314985454e-05 9.594735956852673553e-07 1.578338269609957933e-04 2.581453372840769589e-06 9.377319656778126955e-05 2.179822695325128734e-05 4.477975608097040094e-07 5.707895616069436073e-05
4.000000000000000000e+04 2.025652247539255768e-05 6.877728992549236864e-06 2.477650866694602882e-07 1.998735683628183324e-07 1.063586387317627668e-04 1.011856397781230044e-06 1.808733031793963164e-05 3.000796766627900070e-07 2.654063564477837645e-07 1.248654007213190198e-05
4.050000000000000000e+04 2.389396286162082106e-05 9.151850463240407407e-06 8.729686129527181038e-08 1.730016663259448251e-07 1.983736146939918399e-04 1.305471641899202950e-06 1.210274149343604222e-05 1.398988587197891320e-07 1.309159927131986478e-07 1.021536991174798459e-05
4.100000000000000000e+04 2.327775655430741608e-05 8.929746400099247694e-06 1.019784576783422381e-07 2.161673222644822090e-07 1.940459624165669084e-04 1.375560373162443284e-06 1.408127900504041463e-05 1.520850787528615911e-07 1.546806487340290914e-07 9.351771950605325401e-06
4.150000000000000000e+04 1.178167349280556664e-05 1.439824882254470140e-05 3.605228755532152718e-07 1.636904443103048834e-07 1.325378252658993006e-04 1.416363147654919885e-06 3.232070957892574370e-05 2.033405479551220196e-07 1.815712664665625198e-07 5.196311121835606173e-06
4.200000000000000000e+04 1.101444286177866161e-05 7.416967036988353357e-06 3.048404266792203998e-07 7.716301553273297031e-08 1.288330822717398405e-04 8.459142009087372571e-07 5.789243914477992803e-06 3.264857753038086230e-07 2.390529232343396870e-07 5.083089490653946996e-06
4.250000000000000000e+04 1.781857281457632780e-05 7.654060937056783587e-06 3.022001067165547283e-07 2.706298687371599954e-07 1.256964023923501372e-04 7.778423878335161135e-07 1.819289172999560833e-05 4.528369856870995136e-07 7.798196293151704594e-07 6.574838153028395027e-06
4.300000000000000000e+04 1.841276571212802082e-05 6.368286904034903273e-06 2.117961628300690791e-07 1.100871642734091438e-07 1.186120352940633893e-04 7.551961402896267828e-07 1.713740130071528256e-05 8.346568165507051162e-07 4.235599533330969280e-07 6.235340151761192828e-06
