# step, loss_train, loss_test, metrics_test
0.000000000000000000e+00 1.193844829685986042e-03 1.846325099468231201e-01 1.560899913311004639e-01 2.574647590517997742e-02 2.021064423024654388e-02 1.186261652037501335e-03 1.802798956632614136e-01 1.461185812950134277e-01 2.450412884354591370e-02 2.237353473901748657e-02
5.000000000000000000e+02 9.271682356484234333e-04 5.901296809315681458e-02 9.122916526393964887e-05 1.403112546540796757e-04 4.250872414559125900e-03 9.148824610747396946e-04 6.763857603073120117e-02 3.820990095846354961e-04 9.031883382704108953e-05 4.955006297677755356e-03
1.000000000000000000e+03 5.746332462877035141e-04 5.807760730385780334e-02 7.527090929215773940e-05 6.420267891371622682e-05 4.578580148518085480e-03 5.680850590579211712e-04 6.663643568754196167e-02 7.562086830148473382e-05 4.850488767260685563e-05 5.260955542325973511e-03
1.500000000000000000e+03 2.995820250362157822e-04 6.858243793249130249e-02 9.863076411420479417e-05 1.026849276968277991e-04 5.740649532526731491e-03 2.739956544246524572e-04 6.554139405488967896e-02 2.990982648043427616e-05 1.683545087871607393e-05 6.277880631387233734e-03
2.000000000000000000e+03 5.425817798823118210e-04 6.828404963016510010e-02 1.017225586110725999e-04 1.368485973216593266e-04 4.860983695834875107e-03 4.793481202796101570e-04 6.497164070606231689e-02 6.887725612614303827e-05 1.706146940705366433e-05 5.394253879785537720e-03
2.500000000000000000e+03 5.958398105576634407e-04 8.052159100770950317e-02 1.215062438859604299e-04 2.945208398159593344e-04 3.751288866624236107e-03 5.191835807636380196e-04 6.465778499841690063e-02 4.467379039851948619e-05 8.086722664302214980e-05 4.169891122728586197e-03
3.000000000000000000e+03 2.765209355857223272e-04 7.965775579214096069e-02 1.703769667074084282e-04 4.125820996705442667e-04 2.986256731674075127e-03 2.379241923335939646e-04 6.438275426626205444e-02 5.294353104545734823e-05 1.417181920260190964e-04 3.358177840709686279e-03
3.500000000000000000e+03 1.411168253980576992e-03 6.293594092130661011e-02 2.069978509098291397e-04 4.379907913971692324e-04 1.171569805592298508e-03 1.101140514947474003e-03 6.434556841850280762e-02 4.628374299500137568e-04 7.554031908512115479e-04 1.781660830602049828e-03
4.000000000000000000e+03 1.432195072993636131e-03 6.144838780164718628e-02 2.510423655621707439e-04 4.837140149902552366e-04 7.608730811625719070e-04 8.450800669379532337e-04 6.489682197570800781e-02 9.274916374124586582e-04 1.104683033190667629e-03 1.393870450556278229e-03
4.500000000000000000e+03 3.896744965459220111e-05 5.197373405098915100e-02 1.542447134852409363e-04 3.070593811571598053e-04 1.087476848624646664e-03 3.190667121089063585e-05 6.631831824779510498e-02 7.150667806854471564e-05 6.283967377385124564e-05 1.593822846189141273e-03
5.000000000000000000e+03 5.188218347029760480e-05 5.154039338231086731e-02 1.812794071156531572e-04 3.633172018453478813e-04 9.213890298269689083e-04 3.059572190977632999e-05 6.627739965915679932e-02 5.718168176827020943e-05 6.747408042429015040e-05 1.413823687471449375e-03
5.500000000000000000e+03 4.196034205961041152e-05 5.345146358013153076e-02 8.984989253804087639e-04 7.300117867998778820e-04 6.719753728248178959e-04 3.223945896024815738e-05 6.084870919585227966e-02 3.951767284888774157e-04 3.268288273829966784e-04 1.177639234811067581e-03
6.000000000000000000e+03 5.935960798524320126e-04 2.351222932338714600e-02 2.422638499410822988e-04 1.454705488868057728e-03 1.451785559765994549e-03 3.619436756707727909e-04 1.825472526252269745e-02 4.854284925386309624e-04 7.540099788457155228e-03 1.585544086992740631e-03
6.500000000000000000e+03 1.470383867854252458e-04 1.230213209055364132e-03 4.496090696193277836e-05 9.818658145377412438e-05 2.256928244605660439e-03 7.911406282801181078e-05 9.209053823724389076e-04 1.134607955464161932e-04 1.138226070906966925e-04 1.835222006775438786e-03
7.000000000000000000e+03 6.808555190218612552e-05 8.672992698848247528e-04 3.382163413334637880e-05 4.879276821156963706e-05 1.830451539717614651e-03 3.269532680860720575e-05 6.803454598411917686e-04 7.227432797662913799e-05 7.488561095669865608e-05 1.382982940413057804e-03
7.500000000000000000e+03 4.708070264314301312e-05 6.125395884737372398e-04 2.101751852023880929e-05 3.183405351592227817e-05 1.335526234470307827e-03 2.070972186629660428e-05 5.176077247597277164e-04 1.655702180869411677e-05 1.467966503696516156e-04 1.065063057467341423e-03
8.000000000000000000e+03 3.206320616300217807e-05 4.711957008112221956e-04 2.108010085066780448e-05 1.994452941289637238e-05 1.131388358771800995e-03 1.469215931138023734e-05 4.025593225378543139e-04 2.353092531848233193e-05 9.409392805537208915e-05 8.325348026119172573e-04
8.500000000000000000e+03 2.330882853129878640e-05 3.675822226796299219e-04 3.167702016071416438e-05 1.367567347188014537e-05 9.489455842413008213e-04 1.020950548991095275e-05 2.991312649101018906e-04 6.814934749854728580e-05 3.955731517635285854e-05 6.228467682376503944e-04
9.000000000000000000e+03 1.713106030365452170e-05 2.652888360898941755e-04 2.823698378051631153e-05 5.424750270321965218e-06 7.547437562607228756e-04 7.184500645962543786e-06 2.173605316784232855e-04 5.598608549917116761e-05 2.110148489009588957e-05 4.067303671035915613e-04
9.500000000000000000e+03 1.382496611768146977e-05 1.764897897373884916e-04 6.686807864753063768e-06 8.050884389376733452e-06 4.894880112260580063e-04 5.668257017532596365e-06 1.358575827907770872e-04 3.651062797871418297e-05 1.893264197860844433e-05 2.184715704061090946e-04
1.000000000000000000e+04 1.101876659959089011e-05 1.042012590914964676e-04 4.022253961011301726e-06 6.007840966049116105e-06 3.811444330494850874e-04 3.710360488184960559e-06 8.147724292939528823e-05 2.346476139791775495e-05 2.094731280521955341e-05 1.191818373627029359e-04
1.050000000000000000e+04 1.079236972145736217e-05 7.006702071521431208e-05 3.367171075296937488e-06 2.087225766445044428e-06 4.853230493608862162e-04 2.181705667680944316e-06 5.156812767381779850e-05 7.751152224955148995e-06 2.117993517458671704e-06 5.598513962468132377e-05
1.100000000000000000e+04 1.069130667019635439e-05 4.457144314073957503e-05 1.828911990742199123e-06 2.114336894010193646e-06 4.199180402792990208e-04 1.644599251449108124e-06 2.985608989547472447e-05 4.358648311608703807e-06 4.847583454647974577e-07 3.214877870050258934e-05
1.150000000000000000e+04 9.919986041495576501e-06 1.656855238252319396e-05 1.111513938667485490e-06 8.716028219168947544e-07 1.682073780102655292e-04 1.409067749591486063e-06 1.181008883577305824e-05 1.133317255153087899e-06 4.277289065157674486e-07 2.378837234573438764e-05
1.200000000000000000e+04 1.008512481348589063e-05 1.063565741787897423e-05 1.043692122948414180e-06 3.090844131747871870e-07 1.500995131209492683e-04 1.199390453621163033e-06 6.660044618911342695e-06 1.278456352338253055e-06 6.769804485884378664e-07 1.911072104121558368e-05
1.250000000000000000e+04 1.193201660498743877e-05 1.759586120897438377e-05 1.410515437783033121e-06 6.299152914834849071e-07 2.422765101073309779e-04 1.000209522317163646e-06 1.380723097099689767e-05 2.269043079650145955e-06 1.190956254504271783e-06 1.969791264855302870e-05
1.300000000000000000e+04 1.450447598472237587e-05 1.630949918762780726e-05 9.284506177209550515e-07 6.238836363081645686e-07 2.169969520764425397e-04 9.166807899418927263e-07 1.483001869928557426e-05 2.489602593414019793e-06 7.848815357647254132e-07 1.920224713103380054e-05
1.350000000000000000e+04 1.230643010785570368e-05 6.837563432782189921e-06 5.302291015141236130e-07 4.019963455448305467e-07 9.681888332124799490e-05 1.037684228322177660e-06 5.261605565465288237e-06 2.762022177194012329e-06 9.284073030357831158e-07 9.899818905978463590e-06
1.400000000000000000e+04 1.178304410132113844e-05 4.518701643974054605e-06 4.605261096912727226e-07 2.641921810209169053e-07 9.181809582514688373e-05 9.640327789384173229e-07 4.945015461998991668e-06 5.774279998149722815e-06 4.493158485274761915e-07 8.043106390687171370e-06
1.450000000000000000e+04 1.716898805170785636e-05 1.254740254807984456e-05 8.359929211110284086e-07 9.894331469695316628e-07 2.748734550550580025e-04 1.399147777192411013e-06 9.050730113813187927e-06 1.341808729193871841e-05 7.890095048423972912e-07 1.463010812585707754e-05
1.500000000000000000e+04 2.254136961710173637e-05 1.129831434809602797e-05 6.056949359845020808e-07 6.937059993106231559e-07 2.516300883144140244e-04 1.208597268487210386e-06 6.497823960671667010e-06 1.806856380426324904e-05 1.096689629775937647e-06 1.439145034964894876e-05
1.550000000000000000e+04 1.953192440851125866e-05 6.936843874427722767e-06 1.310438392465584911e-06 3.457696209352434380e-07 1.288523926632478833e-04 8.579197583458153531e-07 4.784028078574920073e-06 7.632796950929332525e-06 2.615783159853890538e-06 8.738217729842290282e-06
1.600000000000000000e+04 1.833663009165320545e-05 6.088813734095310792e-06 9.535842764307744801e-07 2.386499602380354190e-07 1.246660976903513074e-04 9.647175147620146163e-07 4.243576768203638494e-06 8.783325938566122204e-06 3.505071617837529629e-06 7.476058726751944050e-06
1.650000000000000000e+04 2.449195562803652138e-05 8.173789865395519882e-06 9.606803814676823094e-07 4.466062080155097647e-07 1.908624399220570922e-04 9.097518045564356726e-07 5.817594228574307635e-06 7.299804565263912082e-06 3.757844979190849699e-06 8.413390787609387189e-06
1.700000000000000000e+04 2.834939550666604191e-05 8.143094419210683554e-06 7.075226449160254560e-07 4.833682396565563977e-07 1.763443433446809649e-04 8.729553542252688203e-07 7.797391845087986439e-06 4.946680746797937900e-06 3.098873321505379863e-06 7.601429842907236889e-06
1.750000000000000000e+04 2.435756505292374641e-05 7.354707122431136668e-06 5.304189585331187118e-07 1.686488673158237361e-07 1.539879303891211748e-04 8.282410135507234372e-07 7.713058948866091669e-06 1.752929529175162315e-05 1.622730906092328951e-06 5.713651262340135872e-06
1.800000000000000000e+04 2.325801324332132936e-05 6.530979590024799109e-06 2.901574305269605247e-07 1.389488915037873085e-07 1.484045933466404676e-04 7.832485948711109813e-07 7.903445293777622283e-06 2.688311178644653410e-05 2.618001190057839267e-06 5.105200216348748654e-06
1.850000000000000000e+04 2.965649764519184828e-05 1.627259189262986183e-05 1.529717906123551074e-06 8.172718253263155930e-07 2.660385216586291790e-04 6.799639891141850967e-07 4.997038922738283873e-05 2.299904735991731286e-06 1.861605028352641966e-06 7.431447556882631034e-06
1.900000000000000000e+04 3.031966298294719309e-05 1.513925417384598404e-05 7.011526008682267275e-07 6.283254947447858285e-07 2.459957031533122063e-04 7.030789106465817895e-07 2.861924986063968390e-05 7.187811661424348131e-06 8.628177852187945973e-07 7.401375114568509161e-06
1.950000000000000000e+04 2.771126128209289163e-05 7.125127922336105257e-06 4.489512832606123993e-07 4.502248884818982333e-07 5.395749030867591500e-05 8.496622285747434944e-07 1.199817961605731398e-05 6.666486115136649460e-06 6.556460903084371239e-06 2.802485141728539020e-06
2.000000000000000000e+04 2.266133742523379624e-05 5.399402652983553708e-06 3.406681514661613619e-07 4.569697580336651299e-07 5.492355558089911938e-05 8.346689241989224683e-07 9.823620530369225889e-06 8.600764886068645865e-06 8.647712093079462647e-06 2.494848331480170600e-06
2.050000000000000000e+04 2.260180372104514390e-05 5.900973974348744377e-06 2.395202329807943897e-07 1.725377529737670557e-07 1.026905956678092480e-04 7.071020604598743375e-07 9.859395504463464022e-06 1.933379053298267536e-06 4.933358923153718933e-06 4.228306352160871029e-06
2.100000000000000000e+04 2.196148125221952796e-05 6.748400210199179128e-06 1.631872237339848652e-07 1.308359998120067758e-07 9.736057108966633677e-05 6.291297722782474011e-07 1.059418445947812870e-05 2.058471636701142415e-06 5.386615157476626337e-06 3.702038156916387379e-06
2.150000000000000000e+04 2.062545536318793893e-05 9.075965863303281367e-06 4.720604067642852897e-07 4.320263258250633953e-07 2.000893000513315201e-04 6.434229931073787156e-07 8.382200576306786388e-06 4.614091267285402864e-06 2.672491609700955451e-05 3.152874342049472034e-06
2.200000000000000000e+04 2.002993278438225389e-05 9.146892807621043175e-06 3.106350732196005993e-07 1.438565959688276052e-07 1.947966520674526691e-04 6.258729285946174059e-07 8.692041774338576943e-06 4.400289981276728213e-06 2.345625216548796743e-05 3.269715989517862909e-06
2.250000000000000000e+04 2.088843575620558113e-05 6.526450306409969926e-06 3.839550117845647037e-07 1.862992462520196568e-07 1.047250116243958473e-04 6.456919550146267284e-07 1.111519577534636483e-05 4.346464265836402774e-06 2.625808519951533526e-05 1.652143396313476842e-06
2.300000000000000000e+04 1.883133700175676495e-05 6.172856956254690886e-06 2.762178894499811577e-07 1.363772668128149235e-07 1.048223493853583932e-04 6.016636575623124372e-07 1.008245271805208176e-05 5.985225470794830471e-06 3.933053449145518243e-05 1.782707045094866771e-06
2.350000000000000000e+04 2.106746796926017851e-05 5.530550879484508187e-06 6.237786465135286562e-08 2.153129230464401189e-07 6.700195081066340208e-05 5.765945161329000257e-07 7.087424819474108517e-06 2.372615745116490871e-05 1.599048482603393495e-05 4.960255864716600627e-06
2.400000000000000000e+04 2.144664722436573356e-05 5.197489826969103888e-06 4.767456474041864567e-08 1.476819164736298262e-07 6.320736429188400507e-05 6.013563051965320483e-07 7.421268946927739307e-06 7.549744168500183150e-06 1.373931809212081134e-05 4.538664597930619493e-06
2.450000000000000000e+04 1.510960555606288835e-05 5.501000032381853089e-06 2.369693987702703453e-07 3.617626589402789250e-07 7.546245615230873227e-05 5.337134894034534227e-07 1.587248334544710815e-05 7.378944701486034319e-06 2.114482185788801871e-06 2.475587507433374412e-06
2.500000000000000000e+04 1.478242029406828806e-05 5.487581347551895306e-06 1.686465793682145886e-07 2.754354113676527049e-07 7.367994840024039149e-05 5.000139253752422519e-07 1.597163100086618215e-05 9.855404641712084413e-06 1.972742666112026200e-06 2.307388740518945269e-06
2.550000000000000000e+04 2.161195880034938455e-05 4.679164703702554107e-06 4.355255214250064455e-07 2.855763341358397156e-07 6.430767825804650784e-05 5.476805426951614209e-07 1.329332098976010457e-05 1.688358906903886236e-06 8.489756169183237944e-07 2.178833938160096295e-06
2.600000000000000000e+04 1.940886795637197793e-05 4.935950983053771779e-06 3.039768046164681436e-07 1.981970285669376608e-07 6.127217784523963928e-05 5.680408321495633572e-07 1.597754271642770618e-05 1.284304175896977540e-06 7.285137826329446398e-07 2.506369128241203725e-06
2.650000000000000000e+04 1.655593041505198926e-05 8.054767931753303856e-06 2.411183857020660071e-07 1.164645766493777046e-07 1.148342344094999135e-04 5.122907964505429845e-07 4.951069513481343165e-06 5.030649958825961221e-07 2.399530671937100124e-07 3.138969759675092064e-06
2.700000000000000000e+04 1.656834319874178618e-05 7.839633326511830091e-06 1.945785186308057746e-07 1.064534558281593490e-07 1.086190532078035176e-04 4.739328289815603057e-07 5.104843694425653666e-06 2.000001018132024910e-07 2.908747660512744915e-07 2.612759772091521882e-06
2.750000000000000000e+04 1.577212970005348325e-05 5.946659712208202109e-06 2.753216676865122281e-07 2.738242415034619626e-07 6.584074435522779822e-05 4.143084595398249803e-07 1.014624194795032963e-05 3.468298928055446595e-07 9.258824320568237454e-07 2.722521685427636839e-06
2.800000000000000000e+04 1.513534789410186931e-05 5.553383743972517550e-06 1.029893752502175630e-07 2.109837851094198413e-07 6.286985444603487849e-05 3.559897265859035542e-07 9.272906936530489475e-06 3.844072296033118619e-07 2.788068968584411778e-06 2.569741354818688706e-06
2.850000000000000000e+04 1.797629556676838547e-05 8.450279892713297158e-06 9.757882679650720092e-08 1.577533197405500687e-07 1.621741248527541757e-04 3.671904948987503303e-07 4.634037395589984953e-06 1.065644255504594184e-06 8.809718565316870809e-06 1.654096308811858762e-06
2.900000000000000000e+04 1.707837873254902661e-05 8.542067007510922849e-06 7.231226106796384556e-08 1.309760477852250915e-07 1.594147324794903398e-04 3.262673544668359682e-07 4.752285349240992218e-06 9.813463748287176713e-07 7.867515705584082752e-06 1.657941993471467867e-06
2.950000000000000000e+04 1.467272250010864809e-05 4.159907348366687074e-06 5.112305601073785510e-08 2.779052579171548132e-07 5.358025009627453983e-05 2.901459197346412111e-07 1.305675141338724643e-05 4.163105984389403602e-07 5.217332727625034750e-06 8.643904720884165727e-07
3.000000000000000000e+04 1.338647689408389851e-05 3.443983814577222802e-06 7.985687489053816535e-08 1.803312699166781385e-07 5.269728717394173145e-05 2.437290334000863368e-07 1.125957805925281718e-05 1.091756530513521284e-06 3.690837047543027438e-06 9.189239449369779322e-07
3.050000000000000000e+04 1.542271456855814904e-05 4.880484993918798864e-06 2.630231108469160972e-07 1.439466643660125555e-07 9.811178460950031877e-05 1.991761706676697941e-07 1.519613942946307361e-05 3.226755870855413377e-05 4.508940492087276652e-06 1.332017404820362572e-06
3.100000000000000000e+04 1.452777269150828943e-05 5.035797585151158273e-06 1.307016503915292560e-07 1.010957220159980352e-07 9.521108586341142654e-05 1.667450391096281237e-07 1.777558827598113567e-05 5.089057231089100242e-05 1.917162762765656225e-06 1.484115955463494174e-06
3.150000000000000000e+04 7.784928129694890231e-06 3.425485829211538658e-06 4.850645396459185577e-08 4.538844677881570533e-08 7.305645704036578536e-05 1.517771437420378788e-07 1.788673944247420877e-05 1.908482408907730132e-05 7.516512141592102125e-06 1.296819050367048476e-06
3.200000000000000000e+04 7.265789008670253679e-06 3.439384272496681660e-06 4.194243530264429864e-08 4.059400637856924732e-08 7.133029430406168103e-05 1.193499343798976042e-07 1.679817250987980515e-05 1.715562757453881204e-05 9.272043826058506966e-06 1.170592099697387312e-06
3.250000000000000000e+04 9.056840099219698459e-06 1.117485680879326537e-05 2.635572116105322493e-07 6.069809899145184318e-08 5.779561979579739273e-05 1.091285071197489742e-07 6.314642632787581533e-06 5.367504400055622682e-06 9.134380718478496419e-08 1.505832756265590433e-06
3.300000000000000000e+04 7.556912350992206484e-06 4.594928213919047266e-06 1.160429761171144492e-07 4.568811107219516998e-08 5.613734901999123394e-05 7.980762006809527520e-08 1.103726026485674083e-05 3.514341187837999314e-06 1.143198460340499878e-07 1.715111693556536920e-06
3.350000000000000000e+04 6.749468411726411432e-06 8.955224075180012733e-06 1.000788429905696830e-07 8.296194664580980316e-08 6.858078995719552040e-05 6.261088714154539048e-08 1.762419742590282112e-05 8.768623160904098768e-07 1.855981963672093116e-07 1.895421632980287541e-06
3.400000000000000000e+04 6.078498245187802240e-06 4.162784080108394846e-06 1.160803790867248608e-07 3.620499100520646607e-08 6.779832619940862060e-05 6.137613439705091878e-08 5.506275556399486959e-06 9.001617513604287524e-07 1.291995772589871194e-07 1.063038212123501580e-06
3.450000000000000000e+04 8.036340659600682557e-06 3.665144049591617659e-06 8.324879274823615560e-08 1.250812289299574331e-07 5.576479088631458580e-05 5.397475888457847759e-08 3.446903065196238458e-05 1.767779593819795991e-07 2.253353272863023449e-07 1.527272274870483670e-06
3.500000000000000000e+04 7.164886937971459702e-06 3.886076683556893840e-06 7.431250281797474599e-08 7.886171715654199943e-08 5.509884067578241229e-05 5.535071068152319640e-08 3.261990786995738745e-05 2.783151558105600998e-07 2.197096051759217517e-07 1.505609361629467458e-06
3.550000000000000000e+04 8.208389772335067391e-06 4.246750904712826014e-06 1.412464882832864532e-07 6.788737749729989446e-08 6.061864769435487688e-05 8.538794560308815562e-08 8.960712875705212355e-06 1.037179345075855963e-06 2.060691173255690956e-07 1.660559632910008077e-06
3.600000000000000000e+04 8.989126399683300406e-06 3.292830115242395550e-06 8.636732928835044731e-08 3.349212818193336716e-08 5.690273974323645234e-05 8.581273647223497392e-08 6.039463642082409933e-06 1.926688582898350433e-06 2.762539452305645682e-06 1.355257154500577599e-06
3.650000000000000000e+04 1.703426823951303959e-05 7.910772183095104992e-06 6.056555434952315409e-08 1.505612345908957650e-07 8.874199556885287166e-05 1.052081941566029855e-07 7.005336556176189333e-06 1.706569037196459249e-06 1.007270995501130528e-07 1.584464257575746160e-06
3.700000000000000000e+04 1.525746483821421862e-05 7.210002877400256693e-06 5.886998621917882701e-08 1.022242344106416567e-07 8.693533163750544190e-05 1.164041023571371625e-07 6.382846549968235195e-06 1.520286787126678973e-06 8.821120900392998010e-08 1.462512614125444088e-06
3.750000000000000000e+04 1.342015548289055005e-05 5.411774964159121737e-06 9.605810191715136170e-08 6.364343363429725287e-08 9.487153874943032861e-05 1.153544459953081969e-07 1.499316840636311099e-05 4.068129419465549290e-05 3.054318085560225882e-06 8.269905151792045217e-07
3.800000000000000000e+04 1.247819909622194245e-05 5.192637672735145316e-06 6.552510711799186538e-08 5.457469498537648178e-08 9.209385461872443557e-05 1.007852361567529442e-07 1.443411565560381860e-05 5.399491783464327455e-05 1.750385422383260448e-06 7.077870236571470741e-07
3.850000000000000000e+04 6.959858637856086716e-06 3.565527094906428829e-06 1.392444488601540797e-07 3.467713227678359544e-08 6.874661630718037486e-05 9.016787316795671359e-08 1.480984155932674184e-05 6.161987403174862266e-05 1.731633119561593048e-06 6.639169782829412725e-07
3.900000000000000000e+04 6.912669505254598334e-06 3.574869197109364904e-06 9.992960059435063158e-08 1.603734212096696865e-08 6.575734732905402780e-05 9.062195260867156321e-08 1.397751748299924657e-05 5.990157296764664352e-05 2.391866246398421936e-06 6.918677399880834855e-07
3.950000000000000000e+04 9.356990631204098463e-06 3.251215957789099775e-06 1.358924066607869463e-07 1.298388809800599120e-07 4.682470171246677637e-05 1.069471835535296123e-07 1.112993140850448981e-05 1.978363070520572364e-05 8.643943374408991076e-07 5.692335776075196918e-07
4.000000000000000000e+04 8.128495210257824510e-06 9.347663763037417084e-06 9.956551139111979865e-08 1.114012704306333035e-07 4.647758032660931349e-05 1.163547125315744779e-07 5.782937478215899318e-06 1.039749167830450460e-05 9.966605603040079586e-07 7.402292112601571716e-07
4.050000000000000000e+04 1.199730286316480488e-05 1.231827718584099784e-05 7.079931663156457944e-08 2.394612863554357318e-08 1.442186330677941442e-04 1.284392112665955210e-07 8.313190846820361912e-06 8.137330041790846735e-06 3.808908331848215312e-06 3.073374728046474047e-06
4.100000000000000000e+04 9.878104719973634928e-06 1.187064572150120512e-05 6.178374434284705785e-08 2.363026752050245705e-08 1.414271973771974444e-04 1.655530326161169796e-07 8.956317287811543792e-06 1.060856993717607111e-05 2.229858182545285672e-06 3.204604809070588090e-06
4.150000000000000000e+04 5.115417025081114843e-06 7.535998065577587113e-06 1.199432233534025727e-07 4.010582088653791288e-08 9.444597526453435421e-05 1.506402611539670033e-07 6.601459972443990409e-06 1.352997514914022759e-06 1.433253373761544935e-06 2.864616362785454839e-06
4.200000000000000000e+04 5.199371571507072076e-06 7.251618626469280571e-06 8.281359953343780944e-08 2.708274493556928064e-08 9.280359518015757203e-05 1.241523079897888238e-07 6.065549769118661061e-06 1.096015921575599350e-06 1.330254463027813472e-06 2.869835043384227902e-06
4.250000000000000000e+04 5.984476956655271351e-06 3.033240545846638270e-06 9.547391499609148013e-08 2.139825561187080893e-08 6.111436960054561496e-05 1.095564456932152098e-07 6.420822501240763813e-06 3.316046559120877646e-06 8.967948815552517772e-06 8.859810805006418377e-07
4.300000000000000000e+04 6.472090262832352892e-06 2.379595116508426145e-06 6.843307431836365140e-08 1.619133094266089756e-08 5.856696225237101316e-05 9.923333266215195181e-08 4.643266493076225743e-06 3.545499112078687176e-06 1.273786347155692056e-05 9.036421033670194447e-07
4.350000000000000000e+04 6.489929546660277992e-06 3.265612349423463456e-06 2.276765371789224446e-07 9.855428118044073926e-08 8.509563485858961940e-05 1.274624850111649721e-07 4.478539722185814753e-06 1.213772975461324677e-06 2.763686325124581344e-06 5.350192964215239044e-07
4.400000000000000000e+04 5.882793175260303542e-06 2.979638566102948971e-06 1.774470348436807399e-07 6.852933864820442977e-08 8.419229561695829034e-05 1.297373302122650784e-07 4.190698291495209560e-06 9.368665701003919821e-07 2.947792609120369889e-06 5.119122192809300032e-07
4.450000000000000000e+04 1.086397151084383950e-05 4.762278877024073154e-06 5.099373723282951687e-08 2.249288115763192764e-07 5.426225470728240907e-05 1.653415324653906282e-07 5.790992872789502144e-06 2.514753703053429490e-07 5.963757416793669108e-07 6.025910010976076592e-07
4.500000000000000000e+04 9.661691365181468427e-06 3.988816388300620019e-06 4.896203975590651680e-08 1.139955827511585085e-07 5.047276863479055464e-05 1.653845629334682599e-07 5.656918801832944155e-06 2.203029936254097265e-07 2.052877334790537134e-07 5.351529921426845249e-07
4.550000000000000000e+04 1.636934030102565885e-05 8.265065844170749187e-06 8.750144075975185842e-08 6.064070845468449988e-08 1.035995592246763408e-04 1.122726231983506295e-07 6.581265097338473424e-06 2.709737145778490230e-06 1.643054901023788261e-07 1.317473106610123068e-06
4.600000000000000000e+04 1.470311963203130290e-05 8.325528142449911684e-06 8.640894577638391638e-08 4.132181175009463914e-08 1.009323677862994373e-04 1.117116710247501032e-07 6.658046004304196686e-06 4.205844561511185020e-06 7.214797648202875280e-08 1.379391846967337187e-06
4.650000000000000000e+04 7.753845238767098635e-06 4.049815288453828543e-06 7.137624891129235039e-08 4.235038986166728137e-08 4.169653038843534887e-05 1.275613357165639172e-07 1.068857727659633383e-05 8.555460340176068712e-07 3.272154458500153851e-07 5.925592745370522607e-07
4.700000000000000000e+04 7.098879905242938548e-06 3.317702521599130705e-06 5.827794780088879634e-08 4.303991119058991899e-08 3.777297388296574354e-05 1.140444965130882338e-07 8.840593181957956403e-06 8.719150059732783120e-07 2.625999968586256728e-07 4.360634022759768413e-07
4.750000000000000000e+04 7.457856554538011551e-06 2.937384579126955941e-06 1.299921734698727960e-07 2.936038256962092419e-08 9.946165846486110240e-06 1.214812783700836007e-07 6.025738457537954673e-06 2.163746728456317214e-07 9.841963901635608636e-07 1.180650770038482733e-06
4.800000000000000000e+04 5.984961262583965436e-06 2.496617980796145275e-06 1.049145055276312632e-07 2.329481141316591675e-08 9.929420230037067086e-06 1.155424769194723922e-07 5.672876341122901067e-06 2.902361018186638830e-07 1.293454943152028136e-06 1.119068087973573711e-06
4.850000000000000000e+04 2.433107283650315367e-06 1.342283781013975386e-06 4.659877106405474478e-08 2.584632419200261211e-08 1.003386023512575775e-05 1.109676688315630599e-07 7.575245945190545171e-06 6.828624350418976974e-07 1.510317133579519577e-06 3.911391104338690639e-07
4.900000000000000000e+04 2.146325414287275635e-06 1.040591087075881660e-06 4.081174864722925122e-08 1.572015939643733873e-08 8.497398994222749025e-06 9.549493995564262150e-08 6.293035767157562077e-06 5.988534894640906714e-07 1.038822688315121923e-06 4.194179439309664303e-07
4.950000000000000000e+04 7.000647656241199002e-06 4.784723387274425477e-06 1.127388813415564073e-07 7.642976385113797733e-08 2.622474130475893617e-05 9.575445858445164049e-08 6.503028089355211705e-06 1.748447516547457781e-06 1.487580334469384979e-06 4.675374384532915428e-06
5.000000000000000000e+04 6.129049779701745138e-06 5.224654614721657708e-06 1.096834054692408245e-07 3.335467724241425458e-08 2.385730294918175787e-05 9.164494230162745225e-08 8.148710548994131386e-06 9.783909717953065410e-07 3.416078243390074931e-06 6.245898475754074752e-06
5.050000000000000000e+04 1.250571040145587176e-05 1.004418027150677517e-05 1.089989538627378352e-07 8.343590707227122039e-08 1.019353294395841658e-04 1.002060798782622442e-07 1.402325415256200358e-05 1.454562948310922366e-06 2.458093149471096694e-06 1.750815954437712207e-06
5.100000000000000000e+04 1.048330432240618393e-05 9.472102647123392671e-06 8.709105969728625496e-08 6.716568634601571830e-08 9.919465810526162386e-05 1.033440142350627866e-07 1.435288686479907483e-05 2.307122713318676688e-06 1.802478209356195293e-06 1.766517812029633205e-06
5.150000000000000000e+04 6.249658781598554924e-06 3.906873189407633618e-06 7.751483366291722632e-08 2.826350176121650293e-08 3.293884219601750374e-05 9.282887702966036159e-08 1.318321574217407033e-05 6.657064659520983696e-07 2.803269296691723866e-07 2.881281034206040204e-06
5.200000000000000000e+04 5.746702754549914971e-06 3.381825990800280124e-06 6.744837577343787416e-08 2.250183683827344794e-08 2.856722312571946532e-05 1.016900412764698558e-07 1.410419554304098710e-05 8.713025749784719665e-07 3.510137389639567118e-07 2.214277174061862752e-06
5.250000000000000000e+04 5.297799816617043689e-06 2.990226221299963072e-06 8.204489176932838745e-08 5.037461647816598997e-08 2.340363425901159644e-05 1.223074690415160148e-07 7.570813068014103919e-06 2.955307536467444152e-07 6.678932095383061096e-06 5.944183385508949868e-07
5.300000000000000000e+04 4.667087523557711393e-06 2.784921889542602003e-06 6.211062952843349194e-08 2.296205714458210423e-08 2.063170359178911895e-05 1.232883164448139723e-07 7.112178536772262305e-06 2.866305237603228306e-07 1.211781363963382319e-05 5.634827289213717449e-07
5.350000000000000000e+04 3.535660198394907638e-06 3.744896730495383963e-06 4.474825487932321266e-08 3.354648825393269362e-08 4.574493141262792051e-05 1.167961585224475130e-07 7.236974397528683767e-06 9.714481166156474501e-07 3.320107566651131492e-07 1.221149886987404898e-06
5.400000000000000000e+04 2.691115469133364968e-06 3.576682274797349237e-06 3.515099322726200626e-08 1.482609857106353957e-08 4.464441371965222061e-05 1.167531848977887421e-07 5.701907866750843823e-06 1.608335082892153878e-06 3.273418656135618221e-07 1.495677679486107081e-06
5.450000000000000000e+04 6.973467407078715041e-06 8.373660421057138592e-06 8.627360870150369010e-08 6.362523663483443670e-08 5.310002961778081954e-05 1.166532399565767264e-07 1.004362457024399191e-05 5.142652526046731509e-07 1.315211761721002404e-06 5.072598014521645382e-06
5.500000000000000000e+04 6.185973688843660057e-06 9.185271665046457201e-06 7.035455240611554473e-08 5.227619936931660050e-08 4.754151450470089912e-05 1.163802352266429807e-07 1.048200829245615751e-05 3.092139877480803989e-07 1.183835024676227476e-06 7.867762178648263216e-06
5.550000000000000000e+04 6.229823156900238246e-06 3.763850145332980901e-06 1.196540750925123575e-07 1.135375029548413295e-07 3.601124990382231772e-05 9.757891206163549214e-08 6.742295681760879233e-06 6.888922143843956292e-07 1.922657475006417371e-06 1.389934482176613528e-06
5.600000000000000000e+04 5.657527253788430244e-06 3.710783630594960414e-06 9.005289314245601417e-08 4.090739480488991830e-08 3.161958011332899332e-05 8.904287085442774696e-08 7.040114724077284336e-06 8.472007948512327857e-07 1.706557782199524809e-06 1.159181806542619597e-06
5.650000000000000000e+04 3.090754489676328376e-06 1.211894868902163580e-06 9.048871874028918683e-08 1.465303789416338986e-08 6.132297585281776264e-06 8.910106430448649917e-08 5.004660124541260302e-06 4.122819916574371746e-07 3.178684693239119952e-08 5.480462164086929988e-07
5.700000000000000000e+04 2.462758175170165487e-06 9.631339707993902266e-07 7.030380544392755837e-08 1.356503531724229106e-08 6.011321602272801101e-06 9.280738311190361856e-08 4.380474820209201425e-06 4.841460850002476946e-07 2.940849164190240117e-08 4.045075172598444624e-07
5.750000000000000000e+04 7.668273610761389136e-06 2.355131073272787035e-06 2.335147719634278474e-08 1.619026903654230409e-07 2.889468487410340458e-05 1.111668552766786888e-07 1.349213835055707023e-05 9.651078869410412153e-08 6.467412731581134722e-06 3.330799813738849480e-07
5.800000000000000000e+04 6.067240065021906048e-06 2.233747864011093043e-06 2.058850334663020476e-08 1.058970369172129722e-07 2.672759910637978464e-05 1.095762414138334861e-07 1.883321965578943491e-05 1.025799107878810901e-07 6.146115538285812363e-06 2.967665864161972422e-07
5.850000000000000000e+04 4.093331881449557841e-06 2.697189302125480026e-06 1.165058449714706512e-07 4.622015126187761780e-08 5.439411688712425530e-05 1.148104189496734762e-07 6.636121270275907591e-06 4.017669652967015281e-06 1.934440206241561100e-06 1.047940827447746415e-06
5.900000000000000000e+04 4.360648290457902476e-06 2.551738361944444478e-06 9.877189910412198515e-08 2.826458000981801888e-08 4.708205960923805833e-05 1.077364899515487195e-07 5.570731900661485270e-06 5.098112069390481338e-06 1.457236066926270723e-06 1.368405946777784266e-06
5.950000000000000000e+04 4.330908723204629496e-06 1.998404286496224813e-06 9.821003033039232832e-08 2.887547978502880142e-08 5.415854320744983852e-05 9.640171327873758855e-08 3.949259280489059165e-06 6.286919642661814578e-07 3.029516548735955439e-08 4.694064159593835939e-07
6.000000000000000000e+04 3.658987679955316707e-06 1.906445959320990369e-06 8.018805175424859044e-08 1.744039224149673828e-08 5.332812725100666285e-05 8.451360855588063714e-08 3.520295649650506675e-06 5.452375830827804748e-07 1.590133003048777027e-08 3.900750584762135986e-07
6.050000000000000000e+04 4.351266852609114721e-06 3.350708539073821157e-06 7.434370274950197199e-08 1.407065841618759805e-08 4.291210279916413128e-05 8.772912707399882493e-08 9.559394129610154778e-06 4.186517230664321687e-07 6.798197915713899420e-08 1.872180405371182133e-06
6.100000000000000000e+04 4.125429313717177138e-06 3.273604534115293063e-06 5.190152663203662087e-08 1.431846374799761179e-08 3.866712359013035893e-05 8.704530074510330451e-08 9.421594768355134875e-06 5.708245112145959865e-07 2.514415200494113378e-07 2.407429747108835727e-06
6.150000000000000000e+04 2.369108869970659725e-06 3.723907411767868325e-06 6.111565653554862365e-08 3.638060519506325363e-08 1.705043541733175516e-05 7.179188799000257859e-08 6.081993888074066490e-06 5.797502922177955043e-07 1.388546593261708040e-07 3.864634834371827310e-07
6.200000000000000000e+04 1.976032308448338881e-06 1.372595193060988095e-06 3.991500463484953798e-08 2.428381229435672140e-08 1.596856782271061093e-05 6.093010540553223109e-08 3.794736812778864987e-06 5.342332656255166512e-07 1.811082341873770929e-07 4.006426195246604038e-07
6.250000000000000000e+04 5.223711468715919182e-06 1.231132500834064558e-06 9.292553215800580801e-08 3.884970567469281377e-08 1.487296776758739725e-05 5.332151786774375068e-08 1.205739863507915288e-05 6.928875677658652421e-07 2.304381041540182196e-07 1.996771032963806647e-07
6.300000000000000000e+04 4.009583335573552176e-06 1.110496668843552470e-06 8.461669409598471248e-08 2.011567090676180669e-08 1.304622219322482124e-05 4.987508006593088794e-08 1.326545316260308027e-05 8.307692951348144561e-07 2.659832603058021050e-07 1.781582739113218850e-07
6.350000000000000000e+04 1.795953494365676306e-06 1.063139166035398375e-06 4.619753113388469501e-08 1.688023232304658450e-08 3.735687869266257621e-06 5.141403391917265253e-08 4.501722742134006694e-06 8.120067604977521114e-07 1.163441609719484404e-07 1.675465881589843775e-07
6.400000000000000000e+04 1.534434318273270037e-06 9.566447261022403836e-07 4.431671030147299462e-08 7.625523323895322392e-09 3.499428885334054939e-06 4.884191895371259307e-08 3.827601631201105192e-06 1.114461269935418386e-06 1.585432158890398568e-07 1.898356032370429602e-07
6.450000000000000000e+04 2.073330279017682187e-06 2.149387228200794198e-06 5.588808704715120257e-08 1.271280147818742989e-08 3.592539360397495329e-05 4.274071940812973480e-08 3.957951776101253927e-06 3.119933126072282903e-06 7.798554406690527685e-07 6.764923909940989688e-07
6.500000000000000000e+04 1.601424060027056839e-06 2.114350536430720240e-06 5.112059753287212516e-08 1.873779353900317801e-08 3.344328797538764775e-05 4.475026216255173495e-08 3.658348987300996669e-06 2.616240635688882321e-06 1.394038918078877032e-06 7.019528425189491827e-07
6.550000000000000000e+04 5.965139280306175351e-06 3.823326096608070657e-06 4.421380594976653811e-08 9.983251558765005029e-09 6.217211193870753050e-05 6.643875138934163260e-08 5.224464075581636280e-06 1.394728201375983190e-06 1.900526171993988100e-07 1.169026973002473824e-06
6.600000000000000000e+04 4.019868356408551335e-06 3.508323743517394178e-06 3.773649837057746481e-08 6.780152883578693945e-09 6.041814413038082421e-05 5.356443821824541374e-08 5.025375230616191402e-06 1.294820890507253353e-06 1.696838296538771829e-07 1.430858560524939094e-06
6.650000000000000000e+04 3.482706688373582438e-06 1.967410071301856078e-06 1.075709619158260466e-07 1.531934401555190561e-08 1.751337549649178982e-05 4.534247821652570565e-08 3.813995590462582186e-06 1.644342830786627019e-07 6.977414273023896385e-07 3.385972320302244043e-07
6.700000000000000000e+04 2.890771611419040710e-06 1.880632339634757955e-06 7.238107002649485366e-08 1.439758889887343685e-08 1.633405554457567632e-05 4.232459716035918973e-08 3.675565722005558200e-06 9.858544558483117726e-08 6.368957201630109921e-07 3.940054682516347384e-07
6.750000000000000000e+04 1.209104539157124236e-05 4.975793672201689333e-06 1.899363439861190272e-07 2.821261446683820395e-08 7.227659079944714904e-05 4.413902487954146636e-08 1.014114877762040123e-05 9.607621223040041514e-07 5.044833173428742157e-08 2.563230736996047199e-06
6.800000000000000000e+04 9.884634891932364553e-06 5.215199053054675460e-06 1.336525770057050977e-07 2.190082604158760660e-08 6.923301407368853688e-05 3.442726637103987741e-08 1.247000545845367014e-05 1.111924461838498246e-06 1.404606848609546432e-07 3.391593054402619600e-06
6.850000000000000000e+04 5.085363682155730203e-06 3.021537622771575116e-06 1.648625058692232415e-08 1.918646219678521447e-08 2.724841760937124491e-05 3.440392859488383692e-08 9.486017006565816700e-06 4.310513190830533858e-07 3.631542710991197964e-08 7.365040801232680678e-06
6.900000000000000000e+04 3.548137101461179554e-06 2.523066996218403801e-06 1.842361818660265271e-08 1.527980408866369544e-08 2.497328569006640464e-05 2.922603492550024384e-08 7.960588845890015364e-06 3.370968215676839463e-07 3.999336684046284063e-08 9.249549293599557132e-06
6.950000000000000000e+04 6.865642717457376420e-06 5.668161065841559321e-06 2.475413225511147175e-07 2.662116571627848316e-07 1.002350181806832552e-04 2.681362687440014270e-08 6.879969532747054473e-06 7.766672638354066294e-08 3.812285740423249081e-07 1.219409909936075564e-06
7.000000000000000000e+04 5.710460300178965554e-06 5.267957931209821254e-06 1.979303334564974648e-07 1.015848383190132154e-07 9.550526010571047664e-05 3.188705477441544645e-08 6.648134331044275314e-06 7.301022009187363437e-08 3.906249901319824858e-07 1.183610720545402728e-06
7.050000000000000000e+04 2.448222585371695459e-05 1.043087650032248348e-05 2.739229501003137557e-07 1.692489917104467168e-07 6.509337981697171926e-05 6.662476437213626923e-08 2.619291626615449786e-05 1.889714980052303872e-07 5.073019337942241691e-07 1.758074176905211061e-06
7.100000000000000000e+04 1.710315336822532117e-05 7.818706762918736786e-06 2.208231535405502655e-07 1.018915938288955658e-07 6.250875594560056925e-05 4.187747393302743149e-08 1.873448127298615873e-05 1.807603666748036630e-07 2.349509600207966287e-07 9.394106541549263056e-07
7.150000000000000000e+04 5.465612503030570224e-06 4.518944479059427977e-06 6.317028322655460215e-08 4.002500375577255909e-08 7.017402094788849354e-05 4.483483806438925967e-08 1.042689200403401628e-05 2.028169632239951170e-07 1.559953091145871440e-07 7.401442871923791245e-07
7.200000000000000000e+04 4.793846528627909720e-06 3.882328201143536717e-06 6.088375670287859975e-08 2.745726845887475065e-08 6.195321475388482213e-05 4.426108901611769397e-08 8.686813089298084378e-06 2.148455706674212706e-07 5.342705833299987717e-08 1.284431050407874864e-06
7.250000000000000000e+04 4.887192062597023323e-06 4.103443188796518371e-06 7.897271103729508468e-08 2.487140804419141205e-08 1.771814459061715752e-05 3.451727081937860930e-08 2.634034535731188953e-05 2.479238901287317276e-06 4.873813281847105827e-07 1.516924567113164812e-05
7.300000000000000000e+04 2.991807377838995308e-06 3.785585477089625783e-06 7.169125382233687560e-08 1.947842953597955784e-08 1.661625356064178050e-05 4.225838523552738479e-08 3.293831468909047544e-05 1.610114281902497169e-07 2.071036306006135419e-06 1.347443503618706018e-05
7.350000000000000000e+04 4.069746864843182266e-06 3.190445113432360813e-06 5.062922880938458547e-08 4.815050047568547598e-08 3.459732397459447384e-05 4.094428618373058271e-08 1.006914953904924914e-05 8.585715818298922386e-07 6.562579102364907158e-08 4.797188921656925231e-07
7.400000000000000000e+04 2.877461156458593905e-06 2.301593667652923614e-06 5.107246536795173597e-08 2.960837086618539615e-08 3.086216747760772705e-05 3.691530281457744422e-08 6.159107215353287756e-06 1.323771925854089204e-06 7.321717276909112115e-08 3.220093844902294222e-07
