# step, loss_train, loss_test, metrics_test
0.000000000000000000e+00 1.247678548097610474e-01 1.573818922042846680e-01 2.183024398982524872e-02 2.592480555176734924e-02 4.108859691768884659e-03 1.252395361661911011e-01 2.907133102416992188e-01 2.075259014964103699e-02 2.958811260759830475e-02 4.998340271413326263e-03
5.000000000000000000e+02 1.757040881784632802e-04 6.560187041759490967e-02 3.931521496269851923e-04 4.810963873751461506e-04 2.273301361128687859e-03 1.752864191075786948e-04 7.329165190458297729e-02 4.706802137661725283e-04 5.648689111694693565e-04 3.044565208256244659e-03
1.000000000000000000e+03 1.047538244165480137e-03 6.008850783109664917e-02 2.627149297040887177e-05 2.449913699820172042e-05 3.695295192301273346e-03 1.052589272148907185e-03 6.711788475513458252e-02 5.328228508005850017e-05 3.711590034072287381e-05 4.408289678394794464e-03
1.500000000000000000e+03 3.672684833873063326e-04 7.025425136089324951e-02 2.953686089313123375e-05 1.173140390164917335e-05 5.789803341031074524e-03 3.724851994775235653e-04 6.586189568042755127e-02 6.173393921926617622e-05 2.452494663884863257e-05 6.362193264067173004e-03
2.000000000000000000e+03 2.085872401949018240e-04 6.943359225988388062e-02 1.787768269423395395e-05 7.462368557753507048e-06 6.563644856214523315e-03 2.124678285326808691e-04 6.559673696756362915e-02 4.275465835235081613e-05 6.809326805523596704e-06 7.110660430043935776e-03
2.500000000000000000e+03 2.991653163917362690e-04 8.227534592151641846e-02 1.269798758585238829e-05 1.819490535126533359e-05 7.016319781541824341e-03 3.069597005378454924e-04 6.531403213739395142e-02 3.012412162206601351e-05 6.678909812762867659e-06 7.413020357489585876e-03
3.000000000000000000e+03 2.870785247068852186e-04 8.220805972814559937e-02 1.872889879450667650e-05 2.780578870442695916e-05 7.019871845841407776e-03 2.941301499959081411e-04 6.526400148868560791e-02 3.867789200739935040e-05 1.235007130162557587e-05 7.416012231260538101e-03
3.500000000000000000e+03 1.250270754098892212e-03 6.667870283126831055e-02 1.127014729718212038e-05 4.505183096625842154e-05 4.973233677446842194e-03 1.256952411495149136e-03 6.541556119918823242e-02 3.310358806629665196e-05 3.350626502651721239e-05 5.550368223339319229e-03
4.000000000000000000e+03 1.261383644305169582e-03 6.657728552818298340e-02 1.769032678566873074e-05 5.553580194828100502e-05 4.857520572841167450e-03 1.265433500520884991e-03 6.533470004796981812e-02 4.623876884579658508e-05 4.411230111145414412e-05 5.438819061964750290e-03
4.500000000000000000e+03 1.270104403374716640e-04 5.426758527755737305e-02 1.615453038539271802e-05 4.497752161114476621e-05 3.962286747992038727e-03 1.234670926351100206e-04 6.817896664142608643e-02 3.799895057454705238e-05 2.877005317714065313e-05 4.593946505337953568e-03
5.000000000000000000e+03 1.254530070582404733e-04 5.425657331943511963e-02 1.822716330934781581e-05 4.977583012077957392e-05 3.929879516363143921e-03 1.213806535815820098e-04 6.816305220127105713e-02 3.622225267463363707e-05 3.683046088553965092e-05 4.562817048281431198e-03
5.500000000000000000e+03 2.085764426738023758e-04 5.902387574315071106e-02 4.162447294220328331e-05 3.458797073108144104e-05 4.083632025867700577e-03 2.028175949817523360e-04 6.742851436138153076e-02 6.181516801007091999e-05 2.782906994980294257e-05 4.652709234505891800e-03
6.000000000000000000e+03 2.165730984415858984e-04 5.901447311043739319e-02 4.286262264940887690e-05 3.692462996696121991e-05 4.020380787551403046e-03 2.080413833027705550e-04 6.735098361968994141e-02 5.758755287388339639e-05 3.250984082114882767e-05 4.591071978211402893e-03
6.500000000000000000e+03 1.443804940208792686e-04 6.073398515582084656e-02 6.238766218302771449e-05 3.358938556630164385e-05 4.484625998884439468e-03 1.336543937213718891e-04 6.680865585803985596e-02 6.459141877712681890e-05 3.461613232502713799e-05 5.095763597637414932e-03
7.000000000000000000e+03 1.535503834020346403e-04 6.071377173066139221e-02 6.312857294688001275e-05 3.587092578527517617e-05 4.395912401378154755e-03 1.392935373587533832e-04 6.679212301969528198e-02 5.067164602223783731e-05 4.237320536049082875e-05 5.008229985833168030e-03
7.500000000000000000e+03 3.114163118880242109e-04 7.429065555334091187e-02 5.949126716586761177e-05 6.524380296468734741e-05 5.424107424914836884e-03 2.910623443312942982e-04 6.527112424373626709e-02 4.221131166559644043e-05 6.404644227586686611e-05 5.985814612358808517e-03
8.000000000000000000e+03 3.617025504354387522e-04 7.424881309270858765e-02 5.788827547803521156e-05 6.866123294457793236e-05 5.186351947486400604e-03 3.302135155536234379e-04 6.519942730665206909e-02 3.521945836837403476e-05 6.092166586313396692e-05 5.753047298640012741e-03
8.500000000000000000e+03 2.676967997103929520e-04 5.749658122658729553e-02 3.518927042023278773e-05 4.930656723445281386e-05 3.557361662387847900e-03 2.377948258072137833e-04 6.680373847484588623e-02 1.948857971001416445e-05 2.896073237934615463e-05 4.234858788549900055e-03
9.000000000000000000e+03 2.678641176316887140e-04 5.744974315166473389e-02 3.492994437692686915e-05 5.589180727838538587e-05 3.414840670302510262e-03 2.376952324993908405e-04 6.677744537591934204e-02 2.021250293182674795e-05 1.840675940911751240e-05 4.089778289198875427e-03
9.500000000000000000e+03 4.433424910530447960e-04 5.477666854858398438e-02 2.220683927589561790e-05 8.015919593162834644e-05 3.106292570009827614e-03 4.047824186272919178e-04 6.622500717639923096e-02 1.117008105211425573e-05 2.757757101790048182e-05 3.782948013395071030e-03
1.000000000000000000e+04 4.739861760754138231e-04 5.468849837779998779e-02 2.331284667889121920e-05 8.954689110396429896e-05 2.867175964638590813e-03 4.296297847758978605e-04 6.611617654561996460e-02 1.539979530207347125e-05 2.349735586903989315e-05 3.542639547958970070e-03
1.050000000000000000e+04 4.799039161298424006e-04 5.649000778794288635e-02 7.573870971100404859e-05 8.589310164097696543e-05 2.815405605360865593e-03 4.245690070092678070e-04 6.590083241462707520e-02 7.429114339174702764e-05 6.880627552163787186e-06 3.348526079207658768e-03
1.100000000000000000e+04 4.445534723345190287e-04 5.639582499861717224e-02 7.994504994712769985e-05 9.074889385374262929e-05 2.609506016597151756e-03 3.936371940653771162e-04 6.584333628416061401e-02 9.004118328448385000e-05 7.242825631692539901e-06 3.140042303130030632e-03
1.150000000000000000e+04 8.644092013128101826e-04 6.738748401403427124e-02 6.767848390154540539e-05 8.918039384298026562e-05 2.829670673236250877e-03 7.765815244056284428e-04 6.477686017751693726e-02 9.402908472111448646e-05 2.691386725928168744e-05 3.397987456992268562e-03
1.200000000000000000e+04 8.046510047279298306e-04 6.727232038974761963e-02 7.212579657789319754e-05 8.640414307592436671e-05 2.673960989341139793e-03 7.185978465713560581e-04 6.471846997737884521e-02 1.398447202518582344e-04 3.880307849613018334e-05 3.235945943742990494e-03
1.250000000000000000e+04 4.638762329705059528e-04 7.048157602548599243e-02 4.905337482341565192e-05 1.255995302926748991e-04 2.794329309836030006e-03 4.124683036934584379e-04 6.472627073526382446e-02 1.326062483713030815e-04 2.461304939060937613e-05 3.395440522581338882e-03
1.300000000000000000e+04 3.954575222451239824e-04 7.032754272222518921e-02 5.539922858588397503e-05 1.338792353635653853e-04 2.725298283621668816e-03 3.483382170088589191e-04 6.461346149444580078e-02 1.725751353660598397e-04 2.710226908675394952e-05 3.317026654258370399e-03
1.350000000000000000e+04 3.071411629207432270e-04 6.536766886711120605e-02 4.409653774928301573e-05 1.133477853727526963e-04 2.683187602087855339e-03 2.604994224384427071e-04 6.446520239114761353e-02 2.259219472762197256e-04 7.283419108716771007e-05 3.268257947638630867e-03
1.400000000000000000e+04 2.711749111767858267e-04 6.516148895025253296e-02 4.649587572203017771e-05 1.399837638018652797e-04 2.617981284856796265e-03 2.233247942058369517e-04 6.426520645618438721e-02 2.496764063835144043e-04 1.004999285214580595e-04 3.202559426426887512e-03
1.450000000000000000e+04 1.701554574538022280e-04 6.363483518362045288e-02 1.125765702454373240e-04 1.380920875817537308e-04 2.454388653859496117e-03 1.312820822931826115e-04 6.415040045976638794e-02 1.939649519044905901e-04 5.215714190853759646e-05 2.957756863906979561e-03
1.500000000000000000e+04 1.669619232416152954e-04 6.331947445869445801e-02 1.493051095167174935e-04 1.876672467915341258e-04 2.385054714977741241e-03 1.226574386237189174e-04 6.377831846475601196e-02 1.820498000597581267e-04 8.224746125051751733e-05 2.881636144593358040e-03
1.550000000000000000e+04 1.331755629507824779e-04 5.128457397222518921e-02 9.470131772104650736e-05 2.267310337629169226e-04 1.640421920455992222e-03 9.318874799646437168e-05 6.506831943988800049e-02 7.166432624217122793e-05 1.221927377628162503e-04 2.262253547087311745e-03
1.600000000000000000e+04 1.408331590937450528e-04 5.117455124855041504e-02 9.664450772106647491e-05 2.152238885173574090e-04 1.564723555929958820e-03 9.666521509643644094e-05 6.485629826784133911e-02 6.573727296199649572e-05 1.321616146015003324e-04 2.187156816944479942e-03
1.650000000000000000e+04 5.262919876258820295e-05 6.558904796838760376e-02 1.902997319120913744e-04 2.042432315647602081e-04 2.575200516730546951e-03 4.156280920142307878e-05 6.402651220560073853e-02 7.795428973622620106e-05 1.025191231747157872e-04 2.946960274130105972e-03
1.700000000000000000e+04 4.170499596511945128e-05 6.508886814117431641e-02 2.152908855350688100e-04 2.167138591175898910e-04 2.587292110547423363e-03 3.375627420609816909e-05 6.369630247354507446e-02 8.966478344518691301e-05 1.282222510781139135e-04 2.950850408524274826e-03
1.750000000000000000e+04 4.261387221049517393e-05 6.319355219602584839e-02 1.637969980947673321e-04 2.409207081655040383e-04 1.855711801908910275e-03 2.933576615760102868e-05 6.366481631994247437e-02 1.061637522070668638e-04 3.510880633257329464e-04 2.383175073191523552e-03
1.800000000000000000e+04 5.411088204709812999e-05 6.250457465648651123e-02 1.769371447153389454e-04 2.790564903989434242e-04 1.788770081475377083e-03 4.013513898826204240e-05 6.274303048849105835e-02 1.322059251833707094e-04 5.306485109031200409e-04 2.310839481651782990e-03
1.850000000000000000e+04 7.034341251710429788e-05 4.901579022407531738e-02 2.782918454613536596e-04 2.113644586643204093e-04 1.600582152605056763e-03 6.108562956796959043e-05 6.517779082059860229e-02 1.234733645105734468e-04 1.244309532921761274e-04 2.093176357448101044e-03
1.900000000000000000e+04 4.647118475986644626e-05 4.830683022737503052e-02 2.164406469091773033e-04 1.791887480067089200e-04 1.619673217646777630e-03 4.054501550854183733e-05 6.435129791498184204e-02 9.738208609633147717e-05 1.147840957855805755e-04 2.100602257996797562e-03
1.950000000000000000e+04 5.206100468058139086e-05 5.773676931858062744e-02 1.061976217897608876e-04 2.439417585264891386e-04 1.975675811991095543e-03 3.876172922900877893e-05 5.974112451076507568e-02 7.199564424809068441e-05 3.739463863894343376e-04 2.439780393615365028e-03
2.000000000000000000e+04 6.380848208209499717e-05 5.656016245484352112e-02 9.936684364220127463e-05 2.423288678983226418e-04 1.976428786292672157e-03 5.029579187976196408e-05 5.843030661344528198e-02 6.556228618137538433e-05 4.360006423667073250e-04 2.429723041132092476e-03
2.050000000000000000e+04 1.705466711428016424e-04 5.947546288371086121e-02 1.853133435361087322e-04 2.359744976274669170e-04 2.306629205122590065e-03 1.324054610449820757e-04 5.553331971168518066e-02 2.162102027796208858e-04 3.839388955384492874e-04 2.669347915798425674e-03
2.100000000000000000e+04 1.728962961351498961e-04 5.795030295848846436e-02 1.540030934847891331e-04 2.563551825005561113e-04 2.354851225391030312e-03 1.290316868107765913e-04 5.401836335659027100e-02 1.918900088639929891e-04 4.015430749859660864e-04 2.695817034691572189e-03
2.150000000000000000e+04 2.591511583887040615e-04 5.048819631338119507e-02 5.578342097578570247e-05 3.565698862075805664e-04 1.709557254798710346e-03 1.744461333146318793e-04 5.329050123691558838e-02 4.680068377638235688e-05 1.123723573982715607e-03 2.202389296144247055e-03
2.200000000000000000e+04 2.984836173709481955e-04 4.907756671309471130e-02 5.700503243133425713e-05 3.728501324076205492e-04 1.726535730995237827e-03 2.044138236669823527e-04 5.160142481327056885e-02 3.731772085302509367e-05 1.304963952861726284e-03 2.207275945693254471e-03
2.250000000000000000e+04 3.591052955016493797e-04 5.477967113256454468e-02 4.966225969837978482e-05 6.549607496708631516e-04 2.521121641620993614e-03 2.404855622444301844e-04 5.222423002123832703e-02 1.303783210460096598e-05 1.166019705124199390e-03 2.908369293436408043e-03
2.300000000000000000e+04 3.466456546448171139e-04 5.284217372536659241e-02 5.446221621241420507e-05 6.093754782341420650e-04 2.633494790643453598e-03 2.362972736591473222e-04 5.039194971323013306e-02 7.172092864493606612e-06 1.179607119411230087e-03 3.005222650244832039e-03
2.350000000000000000e+04 8.650261443108320236e-04 4.135605320334434509e-02 4.315091791795566678e-05 4.821025941055268049e-04 1.741571119055151939e-03 5.452510667964816093e-04 4.819859191775321960e-02 1.485528628109022975e-05 1.758050289936363697e-03 2.179201226681470871e-03
2.400000000000000000e+04 1.017802045680582523e-03 3.966104239225387573e-02 5.745523230871185660e-05 4.966755514033138752e-04 1.784322783350944519e-03 6.318890955299139023e-04 4.643604904413223267e-02 1.337206140306079760e-05 1.914561842568218708e-03 2.215662039816379547e-03
2.450000000000000000e+04 5.140749854035675526e-04 3.778770938515663147e-02 9.791041520657017827e-05 3.794060612563043833e-04 2.018985804170370102e-03 3.450206422712653875e-04 4.331391677260398865e-02 8.579484529036562890e-06 1.240649493411183357e-03 2.430508146062493324e-03
2.500000000000000000e+04 5.010885070078074932e-04 3.616078197956085205e-02 1.111001547542400658e-04 3.854479291476309299e-04 2.231981372460722923e-03 3.473712131381034851e-04 4.137105122208595276e-02 1.139619507739553228e-05 1.230419031344354153e-03 2.612952142953872681e-03
2.550000000000000000e+04 3.482858301140367985e-04 3.674362972378730774e-02 1.640786358620971441e-04 3.268579312134534121e-04 3.183248918503522873e-03 2.669253153726458549e-04 3.898543491959571838e-02 1.137253639171831310e-04 1.134214340709149837e-03 3.424510126933455467e-03
2.600000000000000000e+04 3.844948078040033579e-04 3.450702503323554993e-02 1.867061218945309520e-04 3.504054038785398006e-04 3.455479862168431282e-03 3.117435844615101814e-04 3.683667257428169250e-02 1.664249721216037869e-04 1.150480122305452824e-03 3.661369672045111656e-03
2.650000000000000000e+04 4.899749765172600746e-04 2.687762305140495300e-02 1.365413627354428172e-04 3.301367396488785744e-04 3.163228509947657585e-03 4.050881834700703621e-04 3.531902283430099487e-02 1.624952274141833186e-04 1.051887986250221729e-03 3.382660914212465286e-03
2.700000000000000000e+04 5.951249622739851475e-04 2.547077275812625885e-02 1.279104908462613821e-04 3.014768008142709732e-04 3.228340297937393188e-03 5.034277564845979214e-04 3.330439701676368713e-02 1.975508494069799781e-04 9.440979920327663422e-04 3.420911263674497604e-03
2.750000000000000000e+04 1.144341542385518551e-03 2.677264809608459473e-02 2.029937313636764884e-04 3.309525782242417336e-04 3.276024712249636650e-03 9.146209340542554855e-04 3.022230044007301331e-02 1.970700977835804224e-04 1.399365719407796860e-03 3.581242868676781654e-03
2.800000000000000000e+04 1.271512941457331181e-03 2.471846342086791992e-02 1.900466304505243897e-04 3.194953023921698332e-04 3.531751222908496857e-03 1.033562468364834785e-03 2.788520045578479767e-02 2.268716634716838598e-04 1.308934879489243031e-03 3.818981116637587547e-03
2.850000000000000000e+04 9.232070297002792358e-04 2.287038043141365051e-02 1.431959390174597502e-04 2.591222291812300682e-04 3.971452824771404266e-03 8.175208349712193012e-04 2.621496468782424927e-02 1.830768742365762591e-04 7.560731610283255577e-04 4.160756710916757584e-03
2.900000000000000000e+04 8.855148917064070702e-04 2.115707844495773315e-02 1.271307701244950294e-04 2.410048618912696838e-04 4.355372395366430283e-03 7.986536948010325432e-04 2.440970577299594879e-02 1.686209434410557151e-04 6.624512607231736183e-04 4.522516392171382904e-03
2.950000000000000000e+04 8.428705041296780109e-04 2.186370082199573517e-02 8.535952656529843807e-05 2.297293540323153138e-04 5.267101339995861053e-03 7.890680572018027306e-04 2.206893078982830048e-02 4.272334335837513208e-04 9.868445340543985367e-04 5.256061907857656479e-03
3.000000000000000000e+04 7.742465822957456112e-04 1.984609477221965790e-02 8.514602086506783962e-05 2.063692227238789201e-04 5.797371733933687210e-03 7.353539695031940937e-04 2.015594579279422760e-02 4.488216945901513100e-04 8.492607739754021168e-04 5.748073104768991470e-03
3.050000000000000000e+04 6.703470717184245586e-04 1.604073867201805115e-02 1.304419129155576229e-04 2.400312805548310280e-04 6.323646288365125656e-03 6.217254558578133583e-04 1.896466873586177826e-02 1.417813909938558936e-04 2.949400222860276699e-04 6.232438609004020691e-03
3.100000000000000000e+04 5.856212810613214970e-04 1.467303652316331863e-02 1.035676541505381465e-04 2.021657564910128713e-04 6.762582808732986450e-03 5.463444977067410946e-04 1.750740408897399902e-02 9.625052916817367077e-05 2.259024768136441708e-04 6.648629438132047653e-03
3.150000000000000000e+04 4.732475208584219217e-04 1.436090376228094101e-02 3.718705920618958771e-05 1.278232375625520945e-04 7.231515832245349884e-03 4.585103888530284166e-04 1.646532118320465088e-02 6.303075497271493077e-05 2.695212315302342176e-04 6.928348913788795471e-03
3.200000000000000000e+04 4.163073899690061808e-04 1.313445623964071274e-02 3.038863360416144133e-05 1.093927785404957831e-04 7.641747593879699707e-03 4.062597290612757206e-04 1.506947446614503860e-02 4.781360985361970961e-05 2.247919182991608977e-04 7.278613280504941940e-03
3.250000000000000000e+04 4.403511411510407925e-04 1.133711077272891998e-02 5.816005068481899798e-05 1.289312203880399466e-04 7.312451954931020737e-03 4.244431329425424337e-04 1.333754695951938629e-02 4.663595973397605121e-05 1.647267199587076902e-04 7.443459238857030869e-03
3.300000000000000000e+04 4.414543509483337402e-04 1.036877464503049850e-02 4.230438207741826773e-05 1.059119967976585031e-04 7.437787950038909912e-03 4.246788157615810633e-04 1.209725439548492432e-02 3.224934698664583266e-05 1.375881256535649300e-04 7.564575411379337311e-03
3.350000000000000000e+04 3.934347187168896198e-04 8.457059971988201141e-03 2.092875729431398213e-05 6.285695417318493128e-05 7.549763191491365433e-03 3.775923687499016523e-04 1.153598073869943619e-02 1.744980545481666923e-05 7.833993004169315100e-05 7.400951813906431198e-03
3.400000000000000000e+04 3.999345353804528713e-04 7.817470468580722809e-03 1.738421451591420919e-05 5.917722592130303383e-05 7.474030833691358566e-03 3.794554504565894604e-04 1.051551382988691330e-02 1.206746128445956856e-05 8.178887219401076436e-05 7.321776356548070908e-03
3.450000000000000000e+04 4.219581605866551399e-04 8.202123455703258514e-03 1.422516834281850606e-05 7.016544259386137128e-05 7.522062864154577255e-03 4.151669272687286139e-04 9.178919717669487000e-03 9.873740964394528419e-06 1.118663203669711947e-04 7.434811443090438843e-03
3.500000000000000000e+04 4.653053765650838614e-04 7.320085540413856506e-03 1.446275291527854279e-05 5.668027006322517991e-05 7.429857738316059113e-03 4.539632936939597130e-04 8.034831844270229340e-03 6.718515578540973365e-06 1.303843455389142036e-04 7.319257128983736038e-03
3.550000000000000000e+04 6.238075438886880875e-04 6.499442271888256073e-03 1.479455295338993892e-05 6.569904508069157600e-05 7.481966167688369751e-03 5.804641987197101116e-04 6.470962893217802048e-03 4.237872417434118688e-05 8.608675852883607149e-05 7.298030890524387360e-03
3.600000000000000000e+04 6.650176947005093098e-04 5.744374822825193405e-03 1.785799577191937715e-05 5.164308822713792324e-05 7.260024081915616989e-03 6.107785156928002834e-04 5.573668051511049271e-03 5.975375461275689304e-05 7.202762208180502057e-05 7.066704332828521729e-03
3.650000000000000000e+04 7.905036909505724907e-04 5.830437410622835159e-03 4.490839273785240948e-05 3.800283229793421924e-05 8.080046623945236206e-03 7.102550589479506016e-04 4.446270409971475601e-03 2.838340878952294588e-05 1.426164235454052687e-04 7.665320299565792084e-03
3.700000000000000000e+04 7.856651791371405125e-04 4.931918811053037643e-03 4.579218148137442768e-05 3.294773341622203588e-05 7.902161218225955963e-03 7.020515622571110725e-04 3.658059751614928246e-03 2.502623829059302807e-05 1.273916277568787336e-04 7.484685629606246948e-03
3.750000000000000000e+04 6.247158744372427464e-04 4.071684554219245911e-03 2.957067954412195832e-05 2.475776636856608093e-05 7.531042210757732391e-03 5.646548816002905369e-04 3.150910371914505959e-03 3.715484854183159769e-05 1.009361658361740410e-04 6.978578399866819382e-03
3.800000000000000000e+04 5.887937149964272976e-04 3.645760938525199890e-03 3.471719901426695287e-05 2.256027801195159554e-05 7.315609138458967209e-03 5.297986208461225033e-04 2.752339467406272888e-03 4.102603998035192490e-05 9.066511847777292132e-05 6.753138266503810883e-03
3.850000000000000000e+04 4.997717915102839470e-04 3.348895115777850151e-03 5.430104647530242801e-05 2.921355007856618613e-05 7.125424221158027649e-03 4.454317095223814249e-04 2.262489404529333115e-03 2.446989674353972077e-05 4.330422234488651156e-05 7.061176467686891556e-03
3.900000000000000000e+04 4.568521399050951004e-04 2.873903606086969376e-03 5.795924516860395670e-05 2.657849654497113079e-05 6.945875007659196854e-03 4.032028664369136095e-04 1.882885233499109745e-03 2.816604501276742667e-05 3.889979052473790944e-05 6.889068987220525742e-03
3.950000000000000000e+04 5.747789982706308365e-04 2.309647854417562485e-03 6.850242789369076490e-05 2.853116711776237935e-05 6.160007324069738388e-03 5.057873204350471497e-04 1.747863832861185074e-03 2.116868927259929478e-05 2.544367816881276667e-05 6.053470540791749954e-03
4.000000000000000000e+04 5.548833869397640228e-04 2.111432608217000961e-03 5.411079837358556688e-05 2.597656202851794660e-05 5.945740733295679092e-03 4.814643471036106348e-04 1.548982341773808002e-03 1.706208786345086992e-05 2.257736741739790887e-05 5.848030559718608856e-03
4.050000000000000000e+04 4.571999888867139816e-04 1.951984944753348827e-03 3.819732955889776349e-05 1.361537397315260023e-05 5.804209504276514053e-03 4.033550503663718700e-04 1.535876886919140816e-03 3.042053685931023210e-05 3.240797377657145262e-05 5.556126590818166733e-03
4.100000000000000000e+04 4.321897577028721571e-04 1.839855220168828964e-03 3.485503475531004369e-05 1.303910812566755340e-05 5.593524780124425888e-03 3.741155087482184172e-04 1.430665026418864727e-03 3.474191180430352688e-05 3.147467214148491621e-05 5.322921089828014374e-03
4.150000000000000000e+04 4.766173660755157471e-04 1.753027318045496941e-03 3.642680530901998281e-05 2.354495700274128467e-05 4.909370094537734985e-03 3.770994953811168671e-04 1.548365806229412556e-03 1.359097514068707824e-04 3.541176192811690271e-05 4.688465502113103867e-03
4.200000000000000000e+04 4.612276970874518156e-04 1.637585461139678955e-03 3.184739398420788348e-05 2.455059075145982206e-05 4.700225312262773514e-03 3.571238485164940357e-04 1.439307001419365406e-03 1.804692292353138328e-04 3.405097959330305457e-05 4.472165834158658981e-03
4.250000000000000000e+04 3.987164236605167389e-04 1.401024870574474335e-03 3.704716073116287589e-05 2.351961120439227670e-05 5.349398590624332428e-03 3.149567055515944958e-04 1.035251887515187263e-03 7.854768045945093036e-05 4.409330722410231829e-05 5.061596166342496872e-03
4.300000000000000000e+04 3.723131085280328989e-04 1.266986364498734474e-03 3.112375998171046376e-05 2.626728200993966311e-05 5.190186202526092529e-03 2.907394082285463810e-04 9.172251448035240173e-04 8.159515709849074483e-05 4.393202834762632847e-05 4.901021253317594528e-03
4.350000000000000000e+04 3.445945330895483494e-04 1.295770867727696896e-03 3.396289685042575002e-05 3.014084722963161767e-05 5.306269042193889618e-03 2.597523562144488096e-04 7.619543466717004776e-04 1.091032754629850388e-04 2.735497037065215409e-05 4.680987913161516190e-03
4.400000000000000000e+04 3.215712786186486483e-04 1.170631730929017067e-03 2.724656769714783877e-05 3.416277104406617582e-05 5.188131239265203476e-03 2.391317102592438459e-04 6.661554798483848572e-04 9.844103624345734715e-05 2.755208697635680437e-05 4.547045566141605377e-03
4.450000000000000000e+04 3.574152360670268536e-04 1.094919047318398952e-03 2.622346801217645407e-05 3.681680027511902153e-05 4.488354548811912537e-03 2.620599989313632250e-04 6.215361645445227623e-04 2.987659172504208982e-05 2.432079418213106692e-05 4.175913520157337189e-03
4.500000000000000000e+04 3.354535729158669710e-04 1.036465633660554886e-03 2.200162271037697792e-05 3.670314617920666933e-05 4.355921875685453415e-03 2.434855705359950662e-04 5.795820034109055996e-04 2.707487510633654892e-05 2.950476118712686002e-05 4.040253814309835434e-03
4.550000000000000000e+04 2.632349205669015646e-04 1.021246309392154217e-03 2.259733810205943882e-05 4.203624121146276593e-05 4.953152965754270554e-03 2.001314132940024137e-04 4.941743100062012672e-04 4.414074646774679422e-05 2.924332693510223180e-05 4.095641430467367172e-03
4.600000000000000000e+04 2.499624970369040966e-04 9.564252104610204697e-04 2.334462442377116531e-05 4.269346391083672643e-05 4.828883334994316101e-03 1.869260158855468035e-04 4.510558210313320160e-04 4.273914964869618416e-05 2.841551940946374089e-05 3.963939379900693893e-03
4.650000000000000000e+04 1.768499350873753428e-04 7.343384786508977413e-04 2.672841401363257319e-05 3.960420872317627072e-05 3.980560693889856339e-03 1.361898903269320726e-04 3.257796342950314283e-04 3.718554580700583756e-05 7.165802526287734509e-05 4.121336154639720917e-03
4.700000000000000000e+04 1.602422271389514208e-04 6.747575826011598110e-04 3.214605385437607765e-05 3.622563963290303946e-05 3.883711528033018112e-03 1.225886080646887422e-04 2.879797830246388912e-04 4.390830144984647632e-05 7.101206574589014053e-05 4.022147506475448608e-03
4.750000000000000000e+04 2.229551173513755202e-04 7.346014026552438736e-04 2.798906643874943256e-05 2.801235132210422307e-05 3.958098590373992920e-03 1.583784323884174228e-04 4.539126530289649963e-04 7.672036008443683386e-05 4.861585694015957415e-05 3.541797399520874023e-03
4.800000000000000000e+04 2.175650588469579816e-04 7.337749120779335499e-04 2.426297032798174769e-05 2.810193291225004941e-05 3.867822233587503433e-03 1.531915477244183421e-04 4.655012162402272224e-04 7.074933091644197702e-05 5.359311398933641613e-05 3.447822993621230125e-03
4.850000000000000000e+04 2.120812860084697604e-04 8.151768706738948822e-04 3.101506808889098465e-05 2.634765041875652969e-05 4.028785042464733124e-03 1.368745724903419614e-04 4.356271820142865181e-04 4.434963557287119329e-05 2.354184653086122125e-05 3.392747137695550919e-03
4.900000000000000000e+04 2.000945387408137321e-04 7.844723877497017384e-04 3.470680167083628476e-05 2.455360299791209400e-05 3.962341230362653732e-03 1.273341040359809995e-04 4.315961559768766165e-04 4.758001887239515781e-05 2.228199446108192205e-05 3.334179054945707321e-03
4.950000000000000000e+04 2.678303571883589029e-04 6.618451443500816822e-04 3.527851004037074745e-05 2.641068749653641135e-05 3.622546559199690819e-03 1.745207846397534013e-04 3.471191739663481712e-04 6.341415428323671222e-05 6.771582411602139473e-05 3.196985693648457527e-03
5.000000000000000000e+04 2.621623571030795574e-04 6.232273299247026443e-04 3.367550380062311888e-05 2.360194957873318344e-05 3.585752798244357109e-03 1.684824965195730329e-04 3.266132553108036518e-04 5.942887946730479598e-05 6.294879131019115448e-05 3.163589164614677429e-03
5.050000000000000000e+04 2.011297183344140649e-04 5.652307299897074699e-04 3.128549724351614714e-05 2.304304689459968358e-05 3.796813776716589928e-03 1.333808904746547341e-04 2.825226983986794949e-04 7.990557060111314058e-05 3.779578764806501567e-05 3.321922384202480316e-03
5.100000000000000000e+04 1.931426377268508077e-04 5.407852004282176495e-04 3.282578836660832167e-05 2.209292688348796219e-05 3.760313382372260094e-03 1.263399753952398896e-04 2.658133162185549736e-04 8.571588114136829972e-05 3.587761966628022492e-05 3.284679725766181946e-03
5.150000000000000000e+04 1.881378993857651949e-04 5.151173681952059269e-04 2.761217911029234529e-05 2.341242543479893357e-05 3.585797036066651344e-03 1.178453021566383541e-04 2.688662207219749689e-04 6.899732397869229317e-05 4.275299943401478231e-05 3.261107485741376877e-03
5.200000000000000000e+04 1.845035294536501169e-04 5.010076565667986870e-04 2.827401658578310162e-05 2.594497163954656571e-05 3.517462871968746185e-03 1.138751395046710968e-04 2.695833391044288874e-04 6.485699123004451394e-05 4.623578570317476988e-05 3.203585743904113770e-03
5.250000000000000000e+04 1.754853001330047846e-04 5.620205774903297424e-04 2.549413329688832164e-05 2.615909397718496621e-05 3.757704980671405792e-03 1.100812150980345905e-04 2.595722617115825415e-04 8.381811494473367929e-05 3.149822441628202796e-05 3.098373068496584892e-03
5.300000000000000000e+04 1.723596069496124983e-04 5.459592794068157673e-04 2.665187639649957418e-05 2.917855636042077094e-05 3.694828599691390991e-03 1.074644751497544348e-04 2.489537873771041632e-04 8.857439388521015644e-05 3.283219120930880308e-05 3.045197110623121262e-03
5.350000000000000000e+04 1.500561484135687351e-04 5.100435810163617134e-04 3.843953891191631556e-05 3.607703183661215007e-05 3.399790497496724129e-03 1.000449410639703274e-04 2.215037966379895806e-04 4.912091026199050248e-05 4.716753392131067812e-05 3.030146006494760513e-03
5.400000000000000000e+04 1.518589415354654193e-04 4.902014043182134628e-04 3.979704706580378115e-05 3.816803291556425393e-05 3.349433653056621552e-03 1.019781557261012495e-04 2.075358061119914055e-04 5.209859955357387662e-05 5.212884934735484421e-05 2.982416190207004547e-03
5.450000000000000000e+04 1.395087165292352438e-04 4.238762776367366314e-04 4.594650454237125814e-05 3.832616857835091650e-05 3.477867459878325462e-03 8.642392640467733145e-05 1.951059966813772917e-04 5.430392047856003046e-05 3.709344309754669666e-05 3.046477679163217545e-03
5.500000000000000000e+04 1.413305872119963169e-04 4.107502754777669907e-04 4.816857472178526223e-05 3.885076148435473442e-05 3.416521940380334854e-03 8.808495476841926575e-05 1.862362842075526714e-04 6.276313797570765018e-05 3.184226443408988416e-05 2.985265804454684258e-03
5.550000000000000000e+04 1.947430428117513657e-04 4.569001903291791677e-04 5.106714161229319870e-05 4.355253622634336352e-05 2.897870494052767754e-03 1.136716382461600006e-04 2.474621578585356474e-04 5.086303644930012524e-05 5.145075920154340565e-05 2.652802970260381699e-03
5.600000000000000000e+04 1.980559609364718199e-04 4.609889292623847723e-04 5.442814654088579118e-05 4.276676554582081735e-05 2.835119375959038734e-03 1.158864688477478921e-04 2.527371689211577177e-04 5.374196553020738065e-05 4.925745815853588283e-05 2.587961032986640930e-03
5.650000000000000000e+04 1.493198360549286008e-04 3.832864167634397745e-04 4.740363146993331611e-05 3.852488225675188005e-05 2.994213718920946121e-03 9.427595796296373010e-05 2.087702887365594506e-04 4.755042027682065964e-05 1.877302565844729543e-05 2.857166109606623650e-03
5.700000000000000000e+04 1.457682083128020167e-04 3.580431803129613400e-04 4.876394086750224233e-05 3.876869959640316665e-05 2.962938044220209122e-03 9.099681483348831534e-05 1.867471582954749465e-04 4.434162838151678443e-05 1.810914181987755001e-05 2.827223856002092361e-03
5.750000000000000000e+04 1.216374075738713145e-04 3.490957315079867840e-04 6.331982876872643828e-05 4.769590668729506433e-05 2.955647418275475502e-03 7.849431131035089493e-05 1.157468432211317122e-04 7.004757935646921396e-05 6.122824561316519976e-05 2.845523180440068245e-03
5.800000000000000000e+04 1.166958973044529557e-04 3.349134349264204502e-04 6.734754424542188644e-05 4.722451194538734853e-05 2.898080740123987198e-03 7.357187860179692507e-05 1.093943501473404467e-04 7.687320612603798509e-05 6.555028085131198168e-05 2.787753706797957420e-03
5.850000000000000000e+04 1.274072128580883145e-04 3.572379064280539751e-04 5.251743641565553844e-05 3.604189259931445122e-05 2.932366216555237770e-03 8.187504136003553867e-05 1.257273252122104168e-04 4.406169318826869130e-05 2.873248740797862411e-05 2.653175033628940582e-03
5.900000000000000000e+04 1.261215074919164181e-04 3.413327503949403763e-04 5.547545879380777478e-05 3.563704740372486413e-05 2.852994482964277267e-03 8.042751869652420282e-05 1.163412307505495846e-04 4.355975033831782639e-05 2.994181522808503360e-05 2.572566270828247070e-03
5.950000000000000000e+04 9.080354357138276100e-05 2.774248132482171059e-04 7.467489922419190407e-05 4.835760410060174763e-05 2.544046379625797272e-03 6.827040488133206964e-05 1.084738396457396448e-04 4.016809907625429332e-05 3.005982944159768522e-05 2.578561659902334213e-03
6.000000000000000000e+04 8.880397217581048608e-05 2.662031620275229216e-04 6.424225284717977047e-05 4.374966374598443508e-05 2.473344327881932259e-03 6.616328755626454949e-05 1.028671540552750230e-04 3.355036460561677814e-05 2.898868115153163671e-05 2.499701455235481262e-03
6.050000000000000000e+04 1.130025120801292360e-04 3.159423940815031528e-04 4.222614370519295335e-05 3.997240492026321590e-05 2.543124835938215256e-03 7.069519779179245234e-05 1.296152913710102439e-04 2.497149580449331552e-05 5.856260031578131020e-05 2.291965996846556664e-03
6.100000000000000000e+04 1.078784771380014718e-04 3.004011523444205523e-04 3.702957110363058746e-05 4.162972254562191665e-05 2.452374901622533798e-03 6.568626849912106991e-05 1.274195965379476547e-04 2.153585592168383300e-05 5.651653555105440319e-05 2.196127548813819885e-03
6.150000000000000000e+04 1.330694067291915417e-04 3.281079116277396679e-04 3.007532905030529946e-05 4.319451181800104678e-05 2.460250863805413246e-03 7.341684249695390463e-05 1.150025636889040470e-04 2.845378367055673152e-05 2.287481947860214859e-05 2.039394574239850044e-03
6.200000000000000000e+04 1.250957575393840671e-04 3.138173487968742847e-04 2.569893331383354962e-05 4.532759703579358757e-05 2.381879370659589767e-03 6.664876127615571022e-05 1.095434563467279077e-04 2.402504287601914257e-05 2.449575185892172158e-05 1.961429603397846222e-03
6.250000000000000000e+04 1.332955143880099058e-04 2.664704516064375639e-04 2.660602513060439378e-05 4.336345591582357883e-05 2.275676000863313675e-03 7.031265704426914454e-05 1.837085874285548925e-04 2.045395012828521430e-05 2.541966568969655782e-05 1.853366033174097538e-03
6.300000000000000000e+04 1.276306575164198875e-04 2.547588374000042677e-04 1.820325633161701262e-05 4.555791747407056391e-05 2.183203119784593582e-03 6.457750714616850019e-05 1.885079545900225639e-04 1.759970473358407617e-05 3.410984572838060558e-05 1.767565030604600906e-03
6.350000000000000000e+04 9.505208436166867614e-05 2.136812836397439241e-04 1.996155333472415805e-05 4.152778637944720685e-05 1.900938688777387142e-03 4.814500061911530793e-05 6.818109250161796808e-05 1.219339537783525884e-05 5.305564263835549355e-05 1.804605592042207718e-03
6.400000000000000000e+04 8.610193617641925812e-05 1.976966159418225288e-04 1.933369821927044541e-05 3.403631126275286078e-05 1.845924765802919865e-03 4.129787703277543187e-05 6.255643529584631324e-05 1.520459227322135121e-05 4.639160761144012213e-05 1.747933914884924889e-03
6.450000000000000000e+04 8.076288941083475947e-05 2.496010565664619207e-04 1.667643118707928807e-05 2.414007940387818962e-05 2.316528931260108948e-03 3.938219015253707767e-05 5.086793316877447069e-05 1.993692239921074361e-05 3.000147080456372350e-05 1.668457756750285625e-03
6.500000000000000000e+04 7.669756450923159719e-05 2.356491895625367761e-04 1.918464840855449438e-05 2.069409310934133828e-05 2.256486332044005394e-03 3.653844032669439912e-05 4.460882701096124947e-05 2.278554529766552150e-05 2.994364331243559718e-05 1.611539861187338829e-03
6.550000000000000000e+04 6.276299245655536652e-05 1.595156936673447490e-04 2.627484536787960678e-05 1.978752334252931178e-05 1.972292084246873856e-03 3.195649696863256395e-05 3.024259240191895515e-05 3.390187339391559362e-05 2.090654015773907304e-05 1.637906068935990334e-03
6.600000000000000000e+04 5.991695434204302728e-05 1.518738426966592669e-04 2.712170316954143345e-05 1.450353011023253202e-05 1.921831048093736172e-03 2.939405749202705920e-05 2.962140388262923807e-05 3.916563218808732927e-05 1.995724051084835082e-05 1.586757949553430080e-03
6.650000000000000000e+04 5.826925553265027702e-05 1.759324513841420412e-04 2.837817919498775154e-05 1.925304786709602922e-05 1.872011343948543072e-03 2.637295801832806319e-05 2.900754225265700370e-05 3.880270378431305289e-05 2.329372546228114516e-05 1.506655942648649216e-03
6.700000000000000000e+04 5.564961611526086926e-05 1.695560495136305690e-04 2.868984120141249150e-05 1.718926250759977847e-05 1.820893143303692341e-03 2.432697147014550865e-05 2.774750828393734992e-05 3.796210512518882751e-05 2.088928704324644059e-05 1.454473240301012993e-03
6.750000000000000000e+04 6.674135511275380850e-05 1.835087168728932738e-04 1.877045542642008513e-05 8.537522262486163527e-06 2.245682757347822189e-03 2.546263567637652159e-05 5.262460399535484612e-05 2.587489689176436514e-05 2.637287980178371072e-05 1.394471153616905212e-03
6.800000000000000000e+04 6.593862053705379367e-05 1.770290982676669955e-04 1.482751849835040048e-05 7.544145319116069004e-06 2.188879996538162231e-03 2.486344783392269164e-05 4.902571890852414072e-05 2.100187703035771847e-05 2.982430123665835708e-05 1.342192059382796288e-03
6.850000000000000000e+04 8.562091534258797765e-05 1.771397801348939538e-04 3.445334004936739802e-05 1.166535912489052862e-05 1.708605326712131500e-03 2.807014789141248912e-05 5.639247683575376868e-05 3.933139669243246317e-05 1.599382267158944160e-05 1.211111317388713360e-03
6.900000000000000000e+04 8.605097536928951740e-05 1.750158990034833550e-04 3.156542516080662608e-05 9.791300726647023112e-06 1.680045970715582371e-03 2.846950883395038545e-05 5.381924711400642991e-05 3.845355604426003993e-05 1.367256118101067841e-05 1.181362662464380264e-03
6.950000000000000000e+04 5.859285738551989198e-05 1.496688491897657514e-04 1.699357380857691169e-05 8.197825081879273057e-06 1.887404825538396835e-03 2.384641629760153592e-05 2.778234375000465661e-05 2.883502747863531113e-05 3.336908412165939808e-05 1.272490946575999260e-03
7.000000000000000000e+04 5.685299765900708735e-05 1.428657415090128779e-04 1.619505928829312325e-05 7.989601726876571774e-06 1.852317131124436855e-03 2.256799780298024416e-05 2.547808799135964364e-05 2.743432378338184208e-05 3.401829962967894971e-05 1.237988471984863281e-03
7.050000000000000000e+04 7.648076280020177364e-05 1.611563347978517413e-04 2.020039573835674673e-05 1.121526020142482594e-05 1.885423320345580578e-03 2.490467340976465493e-05 3.068218211410567164e-05 2.019417479459661990e-05 1.274126316275214776e-05 1.156867481768131256e-03
7.100000000000000000e+04 7.597159856231883168e-05 1.564202975714579225e-04 2.194024818891193718e-05 1.179839819087646902e-05 1.848165062256157398e-03 2.395713636360596865e-05 3.024077705049421638e-05 2.185901030316017568e-05 1.334443550149444491e-05 1.124312169849872589e-03
7.150000000000000000e+04 5.278939715935848653e-05 9.918960859067738056e-05 1.820408942876383662e-05 6.293457317951833829e-06 1.213020645081996918e-03 2.066750857920851558e-05 3.868870044243521988e-05 3.240524893044494092e-05 7.530896709795342758e-06 1.137749524787068367e-03
7.200000000000000000e+04 5.022063123760744929e-05 9.509910159977152944e-05 1.703960333543363959e-05 6.720593319187173620e-06 1.193545758724212646e-03 1.919739224831573665e-05 3.764227221836335957e-05 3.263216422055847943e-05 7.212867785710841417e-06 1.116726547479629517e-03
7.250000000000000000e+04 8.433734910795465112e-05 1.529383880551904440e-04 1.229323061124887317e-05 7.718554115854203701e-06 1.571695320308208466e-03 2.368157038290519267e-05 5.938750109635293484e-05 4.086243279743939638e-05 1.507193064753664657e-05 9.924081386998295784e-04
7.300000000000000000e+04 8.493168570566922426e-05 1.492583251092582941e-04 1.376745603920426220e-05 8.429880836047232151e-06 1.539147342555224895e-03 2.393038994341623038e-05 5.715700535802170634e-05 4.645552326110191643e-05 1.782384970283601433e-05 9.657961782068014145e-04
7.350000000000000000e+04 5.816017801407724619e-05 1.289331848965957761e-04 3.876684058923274279e-05 1.371483813272789121e-05 1.680885208770632744e-03 2.046297413471620530e-05 2.194670923927333206e-05 4.095374970347620547e-05 1.567497201904188842e-05 1.034098095260560513e-03
7.400000000000000000e+04 5.666533616022206843e-05 1.242412545252591372e-04 3.688321157824248075e-05 1.467905349272768945e-05 1.663808245211839676e-03 1.967341995623428375e-05 2.001957909669727087e-05 4.076853292644955218e-05 1.811012407415546477e-05 1.018170849420130253e-03
7.450000000000000000e+04 6.439680146286264062e-05 1.101907037082128227e-04 3.691641177283599973e-05 1.150314074038760737e-05 1.279251184314489365e-03 1.884216180769726634e-05 3.211803777958266437e-05 3.827842738246545196e-05 1.411476387147558853e-05 9.442451409995555878e-04
7.500000000000000000e+04 6.457587733166292310e-05 1.087585696950554848e-04 3.317828668514266610e-05 1.201472241518786177e-05 1.262334641069173813e-03 1.897003130579832941e-05 3.027632556040771306e-05 3.492921314318664372e-05 1.513729330326896161e-05 9.299147059209644794e-04
7.550000000000000000e+04 4.533848550636321306e-05 8.234969573095440865e-05 3.691036545205861330e-05 1.660095222177915275e-05 1.169962226413190365e-03 1.745981717249378562e-05 1.241291010956047103e-05 4.754667679662816226e-05 2.940349804703146219e-05 1.008780556730926037e-03
7.600000000000000000e+04 4.254181840224191546e-05 7.921204087324440479e-05 3.506814755382947624e-05 1.639932816033251584e-05 1.159659354016184807e-03 1.606469231774099171e-05 1.148443516285624355e-05 4.655363591155037284e-05 3.243716855649836361e-05 9.983662748709321022e-04
7.650000000000000000e+04 6.439667049562558532e-05 1.157420119852758944e-04 3.597115210141055286e-05 1.910635546664707363e-05 1.448370283469557762e-03 1.792322473193053156e-05 2.950756061181891710e-05 3.835929237538948655e-05 3.333697895868681371e-05 9.167595417238771915e-04
7.700000000000000000e+04 6.425761966966092587e-05 1.147597431554459035e-04 3.339492832310497761e-05 1.913332562253344804e-05 1.430499600246548653e-03 1.820983015932142735e-05 2.847140603989828378e-05 3.452964665484614670e-05 3.380313864909112453e-05 9.006250766105949879e-04
7.750000000000000000e+04 5.923198841628618538e-05 1.088993958546780050e-04 3.394337181816808879e-05 2.455672074574977160e-05 1.332070329226553440e-03 1.807738226489163935e-05 1.787081964721437544e-05 4.312421515351161361e-05 2.586994378361850977e-05 8.886996656656265259e-04
7.800000000000000000e+04 5.894614878343418241e-05 1.060185386450029910e-04 3.194226883351802826e-05 2.487336678314022720e-05 1.311913132667541504e-03 1.762962710927240551e-05 1.754617733240593225e-05 4.134950359002687037e-05 2.743728873610962182e-05 8.720527985133230686e-04
7.850000000000000000e+04 5.850185334566049278e-05 8.845084084896370769e-05 2.724756632233038545e-05 1.817354495869949460e-05 1.436449354514479637e-03 1.562129182275384665e-05 1.223319668497424573e-05 2.929229049186687917e-05 1.822848935262300074e-05 8.903694106265902519e-04
7.900000000000000000e+04 5.799804421258158982e-05 8.677560981595888734e-05 2.456759648339357227e-05 1.899184644571505487e-05 1.421164721250534058e-03 1.524325944046722725e-05 1.192724357679253444e-05 2.971528738271445036e-05 1.792863804439548403e-05 8.750199340283870697e-04
7.950000000000000000e+04 3.945218850276432931e-05 9.516355203231796622e-05 3.312011904199607670e-05 2.500604932720307261e-05 1.254526199772953987e-03 1.382259688398335129e-05 1.122260073316283524e-05 3.232610470149666071e-05 2.654347917996346951e-05 8.878601947799324989e-04
8.000000000000000000e+04 3.612490399973466992e-05 9.121902985498309135e-05 2.811567537719383836e-05 2.412702997389715165e-05 1.239579753018915653e-03 1.246482588612707332e-05 1.004143814498092979e-05 2.759835479082539678e-05 2.882599073927849531e-05 8.749365224502980709e-04
8.050000000000000000e+04 4.312138844397850335e-05 8.952963253250345588e-05 1.367633103654952720e-05 1.951817648659925908e-05 1.227821223437786102e-03 1.502056784374872223e-05 1.269183485419489443e-05 2.720046359172556549e-05 3.352103158249519765e-05 8.272859849967062473e-04
8.100000000000000000e+04 4.311146039981395006e-05 8.792099106358364224e-05 1.237625019712140784e-05 1.815507675928529352e-05 1.211020979098975658e-03 1.506888565927511081e-05 1.133958539867307991e-05 2.900332219724077731e-05 3.499707599985413253e-05 8.115876116789877415e-04
8.150000000000000000e+04 3.555680086719803512e-05 7.526599074481055140e-05 2.010421303566545248e-05 1.687087751633953303e-05 1.035818248055875301e-03 1.146145950770005584e-05 1.332560077571542934e-05 2.869099989766255021e-05 3.836613905150443316e-05 8.213028777390718460e-04
8.200000000000000000e+04 3.359824404469691217e-05 7.279139390448108315e-05 1.449358296667924151e-05 1.597128357389010489e-05 1.021243864670395851e-03 1.055458596965763718e-05 1.323981177847599611e-05 2.601604501251131296e-05 3.684582770802080631e-05 8.077829261310398579e-04
8.250000000000000000e+04 2.434251291560940444e-05 5.203823820920661092e-05 9.283874533139169216e-06 1.882081778603605926e-05 8.947500027716159821e-04 8.444048035016749054e-06 6.736549039487726986e-06 3.425145041546784341e-05 3.598603871068917215e-05 8.340502390637993813e-04
8.300000000000000000e+04 2.181888157792855054e-05 4.840499605052173138e-05 9.381727068102918565e-06 1.751148010953329504e-05 8.826231933198869228e-04 7.472647666872944683e-06 4.820771209779195487e-06 3.175590609316714108e-05 4.130721208639442921e-05 8.216017158702015877e-04
8.350000000000000000e+04 3.160244523314759135e-05 6.934996781637892127e-05 1.358619556413032115e-05 1.757692007231526077e-05 1.116737141273915768e-03 7.829230526112951338e-06 1.574452835484407842e-05 1.266070012206910178e-05 3.523720806697383523e-05 7.658386020921170712e-04
8.400000000000000000e+04 3.102820846834219992e-05 6.830548954894766212e-05 1.167802292911801487e-05 1.488329780841013417e-05 1.097133383154869080e-03 7.554791409347672015e-06 1.520895602880045772e-05 9.997153938456904143e-06 2.915653021773323417e-05 7.503425586037337780e-04
8.450000000000000000e+04 2.551369107095524669e-05 7.015616574790328741e-05 9.005499123304616660e-06 9.292868526245001704e-06 1.180583029054105282e-03 7.235006250994047150e-06 8.416453965764958411e-06 1.272183362743817270e-05 3.152690624119713902e-05 7.543709361925721169e-04
8.500000000000000000e+04 2.470446816005278379e-05 6.794936052756384015e-05 7.932922017062082887e-06 7.924676538095809519e-06 1.165428897365927696e-03 7.300081051653251052e-06 7.571070455014705658e-06 1.225621690537082031e-05 3.886966806021519005e-05 7.398872985504567623e-04
8.550000000000000000e+04 1.760100894898641855e-05 4.083244130015373230e-05 3.666370048449607566e-06 8.473036359646357596e-06 8.665015920996665955e-04 5.438424977910472080e-06 7.158888820413267240e-06 1.356525172013789415e-05 2.942213541246019304e-05 7.439760956913232803e-04
8.600000000000000000e+04 1.714316931611392647e-05 4.011264536529779434e-05 3.015624997715349309e-06 7.831933544366620481e-06 8.530477061867713928e-04 5.175568730919621885e-06 7.531510163971688598e-06 1.272657846129732206e-05 2.681849764485377818e-05 7.293947855941951275e-04
8.650000000000000000e+04 2.643527295731473714e-05 7.569055742351338267e-05 2.982883415825199336e-06 6.289224529609782621e-06 1.262436271645128727e-03 5.920810053794411942e-06 4.787731086253188550e-06 3.992383426520973444e-06 2.025207868427969515e-05 6.907311617396771908e-04
8.700000000000000000e+04 2.588815550552681088e-05 7.379221642622724175e-05 2.701319999687257223e-06 6.195645710249664262e-06 1.243882346898317337e-03 5.911896550969686359e-06 4.347342382970964536e-06 5.772431904915720224e-06 2.066289016511291265e-05 6.740937824361026287e-04
8.750000000000000000e+04 2.860247514036018401e-05 5.879201125935651362e-05 6.619075520575279370e-06 1.821548175939824432e-05 9.614698356017470360e-04 6.342066171782789752e-06 7.690037818974815309e-06 1.034059550875099376e-05 2.760139796009752899e-05 6.673929165117442608e-04
8.800000000000000000e+04 2.773228516161907464e-05 5.969484845991246402e-05 5.054585471953032538e-06 1.315105419052997604e-05 9.544948115944862366e-04 5.900642463529948145e-06 8.132219591061584651e-06 5.648244041367433965e-06 1.999314736167434603e-05 6.601487984880805016e-04
8.850000000000000000e+04 3.106456279056146741e-05 5.270356268738396466e-05 3.660513357317540795e-06 4.545176125247962773e-06 8.473257767036557198e-04 5.890284228371456265e-06 4.571560566546395421e-06 1.419311593053862453e-05 7.396371074719354510e-06 6.334088393487036228e-04
8.900000000000000000e+04 3.075253334827721119e-05 5.183968096389435232e-05 2.844650452971109189e-06 4.884109785052714869e-06 8.362613152712583542e-04 5.834994226461276412e-06 3.907923201040830463e-06 1.507368779130047187e-05 8.028996489883866161e-06 6.223760428838431835e-04
8.950000000000000000e+04 3.298923911643214524e-05 7.741290028207004070e-05 5.933425654802704230e-06 8.269586942333262414e-06 1.128569478169083595e-03 6.414069503080099821e-06 7.581278168800054118e-06 4.380850441521033645e-06 2.580475484137423337e-05 6.097350269556045532e-04
9.000000000000000000e+04 3.301056131022050977e-05 7.737451960565522313e-05 4.755791906063677743e-06 6.068272341508418322e-06 1.114931772463023663e-03 6.587716598005499691e-06 8.574023922847118229e-06 3.301018523416132666e-06 1.998357947741169482e-05 5.979112465865910053e-04
9.050000000000000000e+04 2.493795909686014056e-05 4.783593612955883145e-05 4.699244072980945930e-06 3.329606897750636563e-06 8.730178815312683582e-04 5.799650352855678648e-06 6.404888154065702111e-06 3.120614110230235383e-06 3.977411779487738386e-06 6.073815748095512390e-04
9.100000000000000000e+04 2.467958438501227647e-05 4.626205191016197205e-05 4.875219474342884496e-06 2.987774678331334144e-06 8.625955670140683651e-04 5.708331173082115129e-06 5.586961378867272288e-06 3.129413244096213020e-06 3.740348574865492992e-06 5.977893015369772911e-04
9.150000000000000000e+04 2.416552888462319970e-05 9.040629811352118850e-05 6.559224857483059168e-06 8.037721272557973862e-06 1.271502347663044930e-03 6.197335096658207476e-06 7.502352673327550292e-06 9.799008694244548678e-06 9.210825737682171166e-06 5.862579564563930035e-04
9.200000000000000000e+04 2.350597424083389342e-05 8.886418800102546811e-05 5.695600520994048566e-06 6.692123406537575647e-06 1.258289674296975136e-03 5.760964995715767145e-06 6.991397185629466549e-06 8.710638212505728006e-06 8.517920832673553377e-06 5.755829624831676483e-04
9.250000000000000000e+04 2.676117583177983761e-05 6.150651461211964488e-05 2.590398025859030895e-06 3.644311391326482408e-06 1.130897551774978638e-03 5.875869646843057126e-06 6.799039056204492226e-06 2.970655941680888645e-06 3.837256826955126598e-06 5.680996691808104515e-04
9.300000000000000000e+04 2.698667594813741744e-05 6.050588126527145505e-05 2.524519914004486054e-06 3.473478727755718865e-06 1.117356005124747753e-03 6.248197223612805828e-06 6.138299340818775818e-06 3.522626911944826134e-06 3.496552153592347167e-06 5.557892727665603161e-04
9.350000000000000000e+04 1.633201281947549433e-05 4.523644020082429051e-05 3.919323717127554119e-06 6.071339612390147522e-06 8.691737311892211437e-04 4.362726031104102731e-06 5.142883765074657276e-06 4.767496648128144443e-06 7.955669389048125595e-06 5.714499857276678085e-04
9.400000000000000000e+04 1.554403934278525412e-05 4.379189340397715569e-05 3.486873083602404222e-06 5.371904535422800109e-06 8.599205757491290569e-04 4.047949460073141381e-06 4.403561433719005436e-06 3.957934040954569355e-06 8.215264642785768956e-06 5.638600559905171394e-04
9.450000000000000000e+04 2.493054671504069120e-05 5.358906491892412305e-05 3.502019126244704239e-06 5.197204245632747188e-06 8.314943988807499409e-04 5.065754976385505870e-06 5.051330845162738115e-06 3.219633072149008512e-06 4.797289420821471140e-06 5.256357835605740547e-04
9.500000000000000000e+04 2.502727511455304921e-05 5.346009857021272182e-05 3.528189381540869363e-06 4.350328708824235946e-06 8.204227779060602188e-04 5.069835424365010113e-06 5.373224212235072628e-06 3.618530399762676097e-06 3.999756700068246573e-06 5.153130041435360909e-04
9.550000000000000000e+04 1.739575418469030410e-05 3.979577741120010614e-05 5.812932613480370492e-06 2.418192480035941117e-06 8.722645579837262630e-04 4.493455435294890776e-06 4.837861524720210582e-06 7.248240308399545029e-06 6.674026735709048808e-06 5.346745019778609276e-04
9.600000000000000000e+04 1.700373650237452239e-05 3.884428224409930408e-05 5.475330453919013962e-06 2.507373210391961038e-06 8.651663665659725666e-04 4.493424512475030497e-06 4.174843979853903875e-06 8.306601557706017047e-06 8.128075023705605417e-06 5.272973212413489819e-04
9.650000000000000000e+04 2.431935354252345860e-05 6.234737520571798086e-05 9.281425263907294720e-06 3.854143415082944557e-06 1.001100987195968628e-03 6.288211807259358466e-06 4.950099082634551451e-06 6.464475154643878341e-05 3.592308075894834474e-06 4.969534929841756821e-04
9.700000000000000000e+04 2.463093733240384609e-05 6.238889181986451149e-05 8.500172043568454683e-06 3.430396191106410697e-06 9.932285174727439880e-04 6.515294899145374075e-06 5.283940481604076922e-06 5.860505916643887758e-05 3.019149744432070293e-06 4.904367960989475250e-04
9.750000000000000000e+04 2.414955270069185644e-05 6.229976133909076452e-05 1.051517210726160556e-05 4.635702225641580299e-06 1.073974533937871456e-03 5.587034593190765008e-06 4.527150849753525108e-06 5.851111836818745360e-06 1.891497231554239988e-05 5.016474169678986073e-04
9.800000000000000000e+04 2.359688551223371178e-05 6.065130583010613918e-05 9.201596185448579490e-06 4.971833277522819117e-06 1.064217416569590569e-03 5.621339823846938089e-06 4.179430106887593865e-06 5.794035132566932589e-06 2.438030969642568380e-05 4.945827531628310680e-04
9.850000000000000000e+04 2.115983079420402646e-05 5.265287836664356291e-05 6.502903943328419700e-06 3.451076963756349869e-06 9.217798360623419285e-04 5.825604148412821814e-06 6.394393949449295178e-06 8.302771675516851246e-06 2.151418630091939121e-05 4.680957354139536619e-04
9.900000000000000000e+04 2.209266494901385158e-05 5.319562114891596138e-05 6.439928711188258603e-06 3.409422788536176085e-06 9.101884206756949425e-04 5.682980372512247413e-06 6.360004590533208102e-06 1.007907667371910065e-05 2.138598392775747925e-05 4.595419450197368860e-04
9.950000000000000000e+04 2.154475805582478642e-05 3.908676808350719512e-05 6.869788649055408314e-06 1.518578983450424857e-06 7.530103321187198162e-04 5.397871063905768096e-06 7.115825610526371747e-06 6.707194188493303955e-06 5.365766810427885503e-06 4.564862465485930443e-04
1.000000000000000000e+05 2.184543336625210941e-05 3.874343747156672180e-05 6.091311661293730140e-06 1.551266223032143898e-06 7.470758282579481602e-04 5.511828021553810686e-06 6.555547315656440333e-06 7.332801487791584805e-06 5.048917046224232763e-06 4.509705468080937862e-04
1.005000000000000000e+05 2.291768578288611025e-05 4.724298196379095316e-05 1.188025635201483965e-05 4.960248134011635557e-06 8.350816206075251102e-04 6.244835276447702199e-06 1.346037515759235248e-05 1.183760195999639109e-05 9.502019565843511373e-06 4.595124046318233013e-04
1.010000000000000000e+05 2.218990630353800952e-05 4.670389535021968186e-05 9.429218152945395559e-06 4.846896445087622851e-06 8.315221057273447514e-04 6.465456408477621153e-06 1.260642511624610052e-05 1.175689703813986853e-05 9.410086022398900241e-06 4.555820487439632416e-04
1.015000000000000000e+05 3.070756429224275053e-05 4.067180634592659771e-05 4.979817276762332767e-06 3.101019046880537644e-06 7.383201736956834793e-04 6.567061973328236490e-06 8.548361620341893286e-06 5.451850938698044047e-06 1.293291097681503743e-05 4.358727601356804371e-04
1.020000000000000000e+05 3.096107320743612945e-05 4.041071588289923966e-05 4.799466751137515530e-06 3.317529717605793849e-06 7.299544522538781166e-04 6.159217264212202281e-06 1.044238706526812166e-05 7.989382538653444499e-06 1.599370079929940403e-05 4.293600213713943958e-04
1.025000000000000000e+05 3.184567685821093619e-05 7.086331606842577457e-05 4.381363851280184463e-06 3.330237177578965202e-06 1.022196840494871140e-03 6.757406481483485550e-06 8.688724847161211073e-06 1.014977715385612100e-05 1.685122333583422005e-05 4.106446867808699608e-04
1.030000000000000000e+05 3.223848398192785680e-05 7.036622992018237710e-05 5.173538283997913823e-06 3.403752089070621878e-06 1.012513879686594009e-03 6.746292456227820367e-06 8.430581146967597306e-06 8.737828466109931469e-06 1.802081533242017031e-05 4.028949188068509102e-04
1.035000000000000000e+05 2.013229277508798987e-05 5.170622534933499992e-05 3.322920065329526551e-06 4.261712092556990683e-06 7.743719615973532200e-04 4.785961664310889319e-06 5.124181825522100553e-06 6.308353931672172621e-06 8.878702828951645643e-06 4.139119992032647133e-04
1.040000000000000000e+05 1.996980608964804560e-05 5.093772051623091102e-05 3.530311005306430161e-06 4.463368441065540537e-06 7.660824339836835861e-04 5.027583938499446958e-06 4.681317932409001514e-06 4.981453912478173152e-06 9.278875040763523430e-06 4.081320948898792267e-04
1.045000000000000000e+05 1.950756995938718319e-05 4.088038622285239398e-05 1.061029706761473790e-05 7.255174296005861834e-06 7.083606324158608913e-04 5.021253400627756491e-06 4.312983492127386853e-06 7.782761713315267116e-06 1.830811379477381706e-05 4.183450655546039343e-04
1.050000000000000000e+05 1.898045957204885781e-05 4.042008004034869373e-05 8.127630280796438456e-06 6.995201601966982707e-06 7.066260441206395626e-04 5.026217877457384020e-06 3.953922714572399855e-06 8.553371117159258574e-06 2.549904456827789545e-05 4.163234843872487545e-04
1.055000000000000000e+05 2.260789551655761898e-05 5.591243825620040298e-05 3.025428441105759703e-06 4.738546977023361251e-06 9.533325792290270329e-04 3.979992470704019070e-06 7.625787930010119453e-06 6.677033070445759222e-06 1.356274606223450974e-05 4.090660950168967247e-04
1.060000000000000000e+05 2.192798820033203810e-05 5.447493458632379770e-05 3.537333896019845270e-06 4.500388058659154922e-06 9.450348443351686001e-04 3.758460479730274528e-06 7.225291483337059617e-06 6.523318006657063961e-06 1.916707333293743432e-05 4.023769579362124205e-04
1.065000000000000000e+05 3.259072036598809063e-05 5.170769145479425788e-05 3.183355602232040837e-06 8.799202078080270439e-06 7.105090771801769733e-04 6.349368049995973706e-06 1.499036079621873796e-05 8.639098268758971244e-06 1.063673335011117160e-05 3.658715286292135715e-04
1.070000000000000000e+05 3.381019268999807537e-05 5.228045120020397007e-05 3.858346190099837258e-06 8.579327186453156173e-06 7.010003901086747646e-04 6.816088443883927539e-06 1.501250062574399635e-05 8.509602594131138176e-06 1.071891347237396985e-05 3.601387143135070801e-04
1.075000000000000000e+05 2.089998633891809732e-05 4.023903602501377463e-05 3.547098458511754870e-06 5.602496912615606561e-06 6.924197077751159668e-04 4.459615865926025435e-06 5.994772436679340899e-06 4.073046056873863563e-06 2.164767829526681453e-05 3.853967355098575354e-04
1.080000000000000000e+05 1.995314414671156555e-05 3.853383896057493985e-05 3.328968659843667410e-06 5.663973752234596759e-06 6.893717218190431595e-04 4.168485702393809333e-06 5.010636414226610214e-06 3.874617050314554945e-06 2.336301440664101392e-05 3.823315200861543417e-04
1.085000000000000000e+05 2.087080792989581823e-05 5.314180452842265368e-05 1.959149449248798192e-05 6.352732725645182654e-06 7.983074756339192390e-04 5.877493549633072689e-06 4.133672064199345186e-06 8.325776434503495693e-06 1.925982178363483399e-05 3.706471179611980915e-04
1.090000000000000000e+05 2.116272844432387501e-05 5.403348404797725379e-05 1.416776012774789706e-05 5.155618964636232704e-06 7.950176950544118881e-04 5.674369731423212215e-06 3.616847152443369851e-06 1.055299708241363987e-05 1.962303758773487061e-05 3.695875348057597876e-04
1.095000000000000000e+05 1.806224099709652364e-05 4.961798185831867158e-05 6.818453130108537152e-06 8.040242391871288419e-06 7.828817469999194145e-04 4.784608336194651201e-06 1.193507705465890467e-05 1.914224048960022628e-05 2.065360604319721460e-05 3.914677654393017292e-04
1.100000000000000000e+05 1.741748928907327354e-05 4.896761674899607897e-05 6.590662906091893092e-06 7.697594810451846570e-06 7.801888859830796719e-04 4.600387910613790154e-06 1.132708257500780746e-05 1.740023435559123755e-05 1.976055136765353382e-05 3.897170827258378267e-04
1.105000000000000000e+05 2.642455183377023786e-05 4.364092092146165669e-05 9.170315934170503169e-06 5.895574759051669389e-06 8.039152598939836025e-04 5.265330401016399264e-06 4.049026756547391415e-06 4.815350257558748126e-05 1.888457700260914862e-05 3.679414512589573860e-04
1.110000000000000000e+05 2.697399213502649218e-05 4.341905878391116858e-05 8.130219612212385982e-06 5.689160389010794461e-06 7.993576582521200180e-04 5.203688942856388167e-06 4.783799795404775068e-06 4.397807060740888119e-05 1.907432852021884173e-05 3.652581071946769953e-04
1.115000000000000000e+05 1.872093889687675983e-05 4.579385131364688277e-05 8.720931873540394008e-06 7.178702162491390482e-06 8.339076302945613861e-04 4.867222742177546024e-06 4.657638783100992441e-06 1.546433304611127824e-05 2.424826016067527235e-05 3.763013810385018587e-04
1.120000000000000000e+05 1.873474502644967288e-05 4.533892570179887116e-05 7.559629921161103994e-06 6.801175914006307721e-06 8.299708133563399315e-04 5.075580702396109700e-06 4.708370852313237265e-06 1.523826995253330097e-05 2.501980816305149347e-05 3.735297359526157379e-04
1.125000000000000000e+05 1.514838095317827538e-05 2.799831963784527034e-05 1.081382652046158910e-05 9.270782356907147914e-06 5.953593063168227673e-04 4.240310772729571909e-06 6.241376013349508867e-06 8.028435331652872264e-06 2.202906580350827426e-05 3.857536357827484608e-04
1.130000000000000000e+05 1.435911508451681584e-05 2.726200000324752182e-05 8.401894774578977376e-06 9.052142559085041285e-06 5.936439847573637962e-04 4.095598342246375978e-06 5.664387572323903441e-06 8.967946996563114226e-06 2.147648774553090334e-05 3.844586317427456379e-04
1.135000000000000000e+05 1.645766678848303854e-05 4.025425732834264636e-05 5.049155788583448157e-06 7.464827831427101046e-06 7.904393132776021957e-04 3.464822611931595020e-06 5.567383595916908234e-06 1.807028093026019633e-05 3.530052708811126649e-05 3.739650128409266472e-04
1.140000000000000000e+05 1.600218638486694545e-05 3.951455801143310964e-05 5.859636985405813903e-06 7.334270776482298970e-06 7.836471777409315109e-04 3.359578840900212526e-06 5.444852376967901364e-06 2.211454193457029760e-05 4.073472155141644180e-05 3.690714947879314423e-04
1.145000000000000000e+05 1.746759880916215479e-05 3.446125992923043668e-05 2.081390675812144764e-06 9.917086572386324406e-06 5.124288145452737808e-04 4.828653345612110570e-06 8.535861525160726160e-06 6.830906841059913859e-06 2.449912608426529914e-05 3.425276954658329487e-04
1.150000000000000000e+05 1.780645834514871240e-05 3.474096956779249012e-05 1.879294245554774534e-06 9.158280590781942010e-06 5.066390149295330048e-04 4.872780209552729502e-06 8.681647159392014146e-06 6.877493888168828562e-06 2.324163688172120601e-05 3.383704461157321930e-04
1.155000000000000000e+05 1.476523175369948149e-05 5.060895637143403292e-05 8.794439054327085614e-06 7.928220838948618621e-06 8.438504883088171482e-04 3.685807769215898588e-06 5.397258973971474916e-06 9.153342034551315010e-06 7.728478522039949894e-06 3.549653338268399239e-04
1.160000000000000000e+05 1.458688711863942444e-05 4.955990152666345239e-05 7.683985131734516472e-06 7.842781997169367969e-06 8.412086754105985165e-04 3.683132945297984406e-06 4.818985416932264343e-06 9.909734217217192054e-06 7.543014817201765254e-06 3.531029797159135342e-04
1.165000000000000000e+05 2.158329152734950185e-05 4.539911606116220355e-05 8.753453585086390376e-06 6.593261332454858348e-06 7.357716676779091358e-04 5.531781880563357845e-06 7.186963102867593989e-06 1.290263480768771842e-05 1.609960054338444024e-05 3.454087127465754747e-04
1.170000000000000000e+05 2.234802923339884728e-05 4.525817348621785641e-05 7.661441486561670899e-06 6.714404207741608843e-06 7.266466272994875908e-04 5.182217137189581990e-06 1.190670627693179995e-05 1.401569898007437587e-05 1.547510692034848034e-05 3.415277169551700354e-04
1.175000000000000000e+05 1.316729503741953522e-05 3.658127388916909695e-05 7.002509391895728186e-06 7.513208402087911963e-06 7.256820099428296089e-04 4.010465090686921030e-06 4.873742454947205260e-06 2.080030208162497729e-05 2.618483085825573653e-05 3.487419453449547291e-04
1.180000000000000000e+05 1.307953243667725474e-05 3.629376442404463887e-05 6.630440566368633881e-06 7.066283615131396800e-06 7.222944404929876328e-04 4.096094926353543997e-06 3.797358658630400896e-06 3.268429281888529658e-05 2.749439045146573335e-05 3.458045539446175098e-04
1.185000000000000000e+05 2.231628059234935790e-05 4.806889046449214220e-05 1.506818898633355275e-05 7.782154170854482800e-06 7.508554845117032528e-04 4.363811058283317834e-06 6.362964086292777210e-06 1.123091260524233803e-05 2.067191599053330719e-05 3.292985493317246437e-04
1.190000000000000000e+05 2.284137917740736157e-05 4.840330802835524082e-05 1.349035665043629706e-05 7.643468961759936064e-06 7.466937531717121601e-04 4.237660050421254709e-06 6.186469363456126302e-06 1.396478364767972380e-05 1.846961458795703948e-05 3.270027518738061190e-04
1.195000000000000000e+05 2.062120074697304517e-05 3.474083860055543482e-05 1.168255948869045824e-05 9.417542059964034706e-06 7.454485166817903519e-04 3.457338152657030150e-06 4.960077149007702246e-06 2.440634671074803919e-05 1.399262055201688781e-05 3.436359402257949114e-04
1.200000000000000000e+05 2.038275124505162239e-05 3.445012407610192895e-05 1.027864891511853784e-05 8.884473572834394872e-06 7.419702596962451935e-04 3.511394425004255027e-06 4.884893769485643134e-06 2.739706360443960875e-05 1.378817432851064950e-05 3.414756502024829388e-04
1.205000000000000000e+05 1.423171033820835873e-05 3.773815842578187585e-05 7.509372153435833752e-06 9.781310836842749268e-06 6.524128839373588562e-04 3.988538992416579276e-06 7.926586476969532669e-06 2.051698902505449951e-05 2.804271571221761405e-05 3.397610853426158428e-04
1.210000000000000000e+05 1.386925396218430251e-05 3.689627192215994000e-05 6.963647138036321849e-06 8.856319254846312106e-06 6.499896990135312080e-04 4.139159045735141262e-06 7.274431027326500043e-06 2.111167304974514991e-05 3.532160553731955588e-05 3.373897925484925508e-04
1.215000000000000000e+05 1.210751270264154300e-05 2.938936086138710380e-05 6.578585725947050378e-06 8.168454769474919885e-06 6.202283548191189766e-04 3.606838617997709662e-06 5.360431259759934619e-06 4.889463889412581921e-05 1.741631785989739001e-05 3.418291744310408831e-04
1.220000000000000000e+05 1.179024638986447826e-05 2.858518928405828774e-05 6.700739959342172369e-06 7.624881618539802730e-06 6.171309505589306355e-04 3.538841383488033898e-06 4.764543518831487745e-06 5.074770524515770376e-05 1.685426832409575582e-05 3.391523205209523439e-04
1.225000000000000000e+05 1.662073373154271394e-05 3.280396049376577139e-05 8.994963536679279059e-06 8.396345037908758968e-06 5.901685799472033978e-04 4.137757514399709180e-06 3.405387360544409603e-06 3.503865082166157663e-05 7.789485607645474374e-06 3.216148179490119219e-04
1.230000000000000000e+05 1.688310840108897537e-05 3.315995854791253805e-05 9.061292985279578716e-06 8.078512109932489693e-06 5.845637060701847076e-04 3.807931989285862073e-06 4.715028353530215099e-06 3.303877383586950600e-05 6.958409812796162441e-06 3.183953813277184963e-04
1.235000000000000000e+05 2.174907240259926766e-05 2.497622335795313120e-05 8.319206244777888060e-06 1.414247162756510079e-05 6.058092112652957439e-04 3.774830474867485464e-06 3.547829464878304861e-06 6.695133924949914217e-05 3.680687996165943332e-06 3.240814257878810167e-04
1.240000000000000000e+05 2.167293496313504875e-05 2.497879177099093795e-05 7.012663900241022930e-06 1.222579248860711232e-05 6.035922560840845108e-04 3.829845354630379006e-06 3.715367938639246859e-06 8.026872092159464955e-05 3.153235184072400443e-06 3.226399130653589964e-04
1.245000000000000000e+05 1.710742617433425039e-05 4.552014070213772357e-05 6.394361207640031353e-06 1.023427921609254554e-05 8.613863610662519932e-04 3.433595566093572415e-06 5.700650035578291863e-06 4.268327393219806254e-05 1.190884722745977342e-05 3.235653566662222147e-04
1.250000000000000000e+05 1.669325320108328015e-05 4.519286085269413888e-05 5.597660219791578129e-06 9.716469321574550122e-06 8.571562357246875763e-04 3.333605491206981242e-06 5.712005531677277759e-06 4.500325667322613299e-05 1.248805256182095036e-05 3.203399246558547020e-04
