# step, loss_train, loss_test, metrics_test
0.000000000000000000e+00 7.843446917831897736e-03 6.627636402845382690e-02 1.001448463648557663e-02 7.295204792171716690e-03 5.146937444806098938e-03 7.861817255616188049e-03 6.806871294975280762e-02 8.484257385134696960e-03 3.732026088982820511e-03 6.033664569258689880e-03
5.000000000000000000e+02 2.079756598050153116e-07 9.814995574951171875e+01 4.339048587098659482e-08 9.818859325605444610e-08 9.436042785644531250e+01 1.776919589246972464e-07 9.835636901855468750e+01 1.512990288610183143e-09 2.736568838201947074e-08 9.440142059326171875e+01
1.000000000000000000e+03 2.079756598050153116e-07 9.814995574951171875e+01 4.339048587098659482e-08 9.818859325605444610e-08 9.436042785644531250e+01 1.776919589246972464e-07 9.835636901855468750e+01 1.512990288610183143e-09 2.736568838201947074e-08 9.440142059326171875e+01
1.500000000000000000e+03 2.106899898990377551e-07 9.857057952880859375e+01 5.358912602559939842e-08 1.324098661825701129e-07 9.436042785644531250e+01 1.776919589246972464e-07 9.835636901855468750e+01 1.512990288610183143e-09 2.736568838201947074e-08 9.440142059326171875e+01
2.000000000000000000e+03 2.106899898990377551e-07 9.857057952880859375e+01 5.358912602559939842e-08 1.324098661825701129e-07 9.436042785644531250e+01 1.776919589246972464e-07 9.835636901855468750e+01 1.512990288610183143e-09 2.736568838201947074e-08 9.440142059326171875e+01
2.500000000000000000e+03 2.091044990493173827e-07 9.870378112792968750e+01 4.602993897151463898e-08 9.808517376086456352e-08 9.436042785644531250e+01 1.776919589246972464e-07 9.835636901855468750e+01 1.512990288610183143e-09 2.736568838201947074e-08 9.440142059326171875e+01
3.000000000000000000e+03 2.091044990493173827e-07 9.870378112792968750e+01 4.602993897151463898e-08 9.808517376086456352e-08 9.436042785644531250e+01 1.776919589246972464e-07 9.835636901855468750e+01 1.512990288610183143e-09 2.736568838201947074e-08 9.440142059326171875e+01
3.500000000000000000e+03 2.193852139953378355e-07 9.827875518798828125e+01 4.838168976561973977e-08 9.927403965548364795e-08 9.436045074462890625e+01 1.776919589246972464e-07 9.835636901855468750e+01 1.512990288610183143e-09 2.736568838201947074e-08 9.440142059326171875e+01
4.000000000000000000e+03 2.193852139953378355e-07 9.827875518798828125e+01 4.838168976561973977e-08 9.927403965548364795e-08 9.436045074462890625e+01 1.776919589246972464e-07 9.835636901855468750e+01 1.512990288610183143e-09 2.736568838201947074e-08 9.440142059326171875e+01
4.500000000000000000e+03 2.128149816371660563e-07 9.765470886230468750e+01 5.055557750210937229e-08 1.227776209589137579e-07 9.436042022705078125e+01 1.776919589246972464e-07 9.835636901855468750e+01 1.512990288610183143e-09 2.736568838201947074e-08 9.440142059326171875e+01
5.000000000000000000e+03 2.128149816371660563e-07 9.765470886230468750e+01 5.055557750210937229e-08 1.227776209589137579e-07 9.436042022705078125e+01 1.776919589246972464e-07 9.835636901855468750e+01 1.512990288610183143e-09 2.736568838201947074e-08 9.440142059326171875e+01
5.500000000000000000e+03 2.109757701873604674e-07 9.776404571533203125e+01 4.269130116085761983e-08 1.230769584026347729e-07 9.436045074462890625e+01 1.776919589246972464e-07 9.835636901855468750e+01 1.512990288610183143e-09 2.736568838201947074e-08 9.440142059326171875e+01
6.000000000000000000e+03 2.109757701873604674e-07 9.776404571533203125e+01 4.269130116085761983e-08 1.230769584026347729e-07 9.436045074462890625e+01 1.776919589246972464e-07 9.835636901855468750e+01 1.512990288610183143e-09 2.736568838201947074e-08 9.440142059326171875e+01
6.500000000000000000e+03 2.313828275646301336e-07 9.794897460937500000e+01 4.240901319008116843e-08 1.091293810873139591e-07 9.436042785644531250e+01 1.776919589246972464e-07 9.835636901855468750e+01 1.512990288610183143e-09 2.736568838201947074e-08 9.440142059326171875e+01
7.000000000000000000e+03 2.313828275646301336e-07 9.794897460937500000e+01 4.240901319008116843e-08 1.091293810873139591e-07 9.436042785644531250e+01 1.776919589246972464e-07 9.835636901855468750e+01 1.512990288610183143e-09 2.736568838201947074e-08 9.440142059326171875e+01
7.500000000000000000e+03 2.139079811058763880e-07 9.843573760986328125e+01 5.468422870080758003e-08 1.254728658750536852e-07 9.436042785644531250e+01 1.776919589246972464e-07 9.835636901855468750e+01 1.512990288610183143e-09 2.736568838201947074e-08 9.440142059326171875e+01
8.000000000000000000e+03 2.139079811058763880e-07 9.843573760986328125e+01 5.468422870080758003e-08 1.254728658750536852e-07 9.436042785644531250e+01 1.776919589246972464e-07 9.835636901855468750e+01 1.512990288610183143e-09 2.736568838201947074e-08 9.440142059326171875e+01
8.500000000000000000e+03 2.175632545231565018e-07 9.780188751220703125e+01 4.924847019083244959e-08 1.095927402161578357e-07 9.436042785644531250e+01 1.776919589246972464e-07 9.835636901855468750e+01 1.512990288610183143e-09 2.736568838201947074e-08 9.440142059326171875e+01
9.000000000000000000e+03 2.175632545231565018e-07 9.780188751220703125e+01 4.924847019083244959e-08 1.095927402161578357e-07 9.436042785644531250e+01 1.776919589246972464e-07 9.835636901855468750e+01 1.512990288610183143e-09 2.736568838201947074e-08 9.440142059326171875e+01
9.500000000000000000e+03 2.148103277477275697e-07 9.788172912597656250e+01 5.335462205380281375e-08 1.003815199851487705e-07 9.436042022705078125e+01 1.776919589246972464e-07 9.835636901855468750e+01 1.512990288610183143e-09 2.736568838201947074e-08 9.440142059326171875e+01
1.000000000000000000e+04 2.148103561694370001e-07 9.788172912597656250e+01 5.335462205380281375e-08 1.003815199851487705e-07 9.436042022705078125e+01 1.776919589246972464e-07 9.835636901855468750e+01 1.512990288610183143e-09 2.736568838201947074e-08 9.440142059326171875e+01
