# step, loss_train, loss_test, metrics_test
0.000000000000000000e+00 2.796334773302078247e-02 6.628221273422241211e-02 2.043694257736206055e-03 3.194043645635247231e-03 9.908072650432586670e-02 2.845586836338043213e-02 6.400004774332046509e-02 6.071839015930891037e-03 4.663084633648395538e-03 9.853903949260711670e-02
5.000000000000000000e+02 3.740157699212431908e-04 5.672305449843406677e-02 3.875224138027988374e-05 3.597748946049250662e-05 6.242768140509724617e-04 1.910614519147202373e-04 6.459560990333557129e-02 5.033850175095722079e-05 2.666135515028145164e-06 1.247141975909471512e-03
1.000000000000000000e+03 2.755428140517324209e-04 5.271551385521888733e-02 5.995605606585741043e-04 7.596665527671575546e-04 3.800853446591645479e-04 4.759923467645421624e-05 6.240418925881385803e-02 1.109168806578963995e-04 1.570714957779273391e-04 9.946878999471664429e-04
1.500000000000000000e+03 7.747444760752841830e-05 3.941821632906794548e-04 1.757368772814515978e-05 2.134711394319310784e-05 1.189178554341197014e-03 1.373285158479120582e-06 6.333672790788114071e-04 1.249168326467042789e-05 7.373576863756170496e-06 6.802852149121463299e-04
2.000000000000000000e+03 1.295483980356948450e-05 6.226680125109851360e-05 2.981312491101562046e-06 3.239252009734627791e-06 4.780915041919797659e-04 3.575522455889768025e-08 7.459914195351302624e-05 3.300283196949749254e-06 1.893734179247985594e-06 1.289251667913049459e-04
2.500000000000000000e+03 2.788862911984324455e-05 1.229847432114183903e-03 1.723058812785893679e-05 1.091397462005261332e-05 5.246773362159729004e-04 1.613980415982041450e-08 2.029904630035161972e-03 1.203595161314297002e-06 4.888097919319989160e-06 1.233981893165037036e-04
3.000000000000000000e+03 1.350753336737398058e-05 1.826997868192847818e-05 4.396362101033446379e-07 1.300234998780069873e-06 2.121805591741576791e-04 2.388540387698867562e-08 1.766689820215106010e-05 5.146896455698879436e-07 3.182438490512140561e-07 2.146616452591842972e-06
3.500000000000000000e+03 3.920681774616241455e-05 3.053406908293254673e-05 8.858735327521571890e-07 9.663265245762886479e-07 3.169350093230605125e-04 1.587199349728507514e-08 2.167762613680679351e-05 3.587107642033515731e-07 2.694117142709728796e-07 8.098585567495319992e-06
4.000000000000000000e+03 3.544736318872310221e-05 1.781424725777469575e-05 6.363834472722373903e-07 7.051930310808529612e-07 2.158209390472620726e-04 2.020066425245659048e-08 2.643290099513251334e-05 1.859937697190616746e-07 1.031467036227695644e-07 1.864551904873223975e-06
4.500000000000000000e+03 2.512705032131634653e-05 1.219729674630798399e-04 8.408090934608480893e-07 5.761031047768483404e-07 2.006194554269313812e-04 7.836712612174778769e-09 2.773883170448243618e-04 1.988837254884856520e-07 9.962765545878937701e-08 9.970666724257171154e-06
5.000000000000000000e+03 1.917730514833237976e-05 5.180175416171550751e-03 6.586801077901327517e-07 1.732381775809699320e-07 1.764667831594124436e-04 4.665044794904815717e-09 5.622715223580598831e-03 2.266409779849709594e-07 1.524242350114946021e-07 2.312542492290958762e-04
5.500000000000000000e+03 1.277593764825724065e-05 1.174828968942165375e-03 7.208078613984980620e-07 1.566357177296140435e-08 3.893488901667296886e-04 1.310903385842721036e-09 9.760172106325626373e-04 3.597629643081745598e-07 1.450489506282792718e-08 2.289035910507664084e-04
6.000000000000000000e+03 9.578092431183904409e-06 1.389743192703463137e-05 6.419318197004031390e-07 2.524202784570661606e-07 1.599488168722018600e-04 2.933049358944117557e-09 2.987088191730435938e-05 3.817078209067403805e-07 6.016379217044232064e-08 1.112194013330736198e-06
6.500000000000000000e+03 2.057843994407448918e-05 1.940185757121071219e-05 3.891490223395521753e-07 3.382658775308300392e-08 3.364930307725444436e-05 4.492988203708137007e-09 3.662353265099227428e-05 3.083754052113363286e-07 3.199211562332493486e-08 8.412455827055964619e-06
7.000000000000000000e+03 1.451725802326109260e-05 1.308153241552645341e-05 2.150236753095668973e-07 5.428996630030269444e-08 1.102501391869736835e-05 1.026634155465444564e-08 1.500705820944858715e-05 1.847056125825474737e-07 9.539305523276198073e-08 2.107928048644680530e-05
7.500000000000000000e+03 9.103407137445174158e-06 3.335108704050071537e-05 2.060496342437545536e-07 8.985906418956801645e-08 1.989110387512482703e-05 9.287705715621541458e-09 8.286187221528962255e-05 9.451066063093094272e-08 5.278376846717947046e-08 1.024057291942881420e-05
8.000000000000000000e+03 5.884875008632661775e-06 1.703386442386545241e-05 7.279494980139133986e-07 1.135304614763299469e-06 6.050354568287730217e-05 9.342147055946270484e-10 6.137974560260772705e-05 1.984482764783024322e-07 1.231070996254857164e-07 1.835438524722121656e-06
8.500000000000000000e+03 2.300981941516511142e-05 1.283766414417186752e-05 2.957417848392651649e-07 4.805868911716970615e-07 1.086147458408959210e-04 2.143843547131041305e-09 1.013004366541281343e-04 1.415018147099544876e-07 1.516506245025084354e-07 1.585588961461326107e-06
9.000000000000000000e+03 5.838563538418384269e-06 2.562376903370022774e-05 1.673807474844579701e-07 4.821598054149944801e-08 4.324960900703445077e-05 1.058589549352006998e-09 1.052377410815097392e-04 1.269293790073788841e-07 4.599750980105454801e-08 9.913085705193225294e-06
9.500000000000000000e+03 8.282194357889238745e-06 1.053119285643333569e-05 2.078134571092959959e-07 1.697798666100425180e-07 8.844736294122412801e-05 4.715536849886348136e-10 3.955102874897420406e-05 1.549774992781749461e-07 7.858175443686832295e-09 1.246591295966936741e-06
1.000000000000000000e+04 5.031558885093545541e-06 8.168063686753157526e-06 3.033379769590283104e-08 7.757198439151125058e-09 6.496965215774253011e-05 8.532956286000370483e-11 1.947400414792355150e-05 4.250842788877662315e-09 4.190707336704235786e-09 1.983020865736762062e-06
1.050000000000000000e+04 7.521609404648188502e-06 5.750364653067663312e-05 8.868583734056301182e-08 1.432749030527702416e-07 2.235987085441593081e-05 1.719849540560147716e-10 4.822931441594846547e-05 4.655814933585133986e-08 7.575906835199930356e-08 5.636374044115655124e-05
1.100000000000000000e+04 3.993843620264669880e-06 9.587185923010110855e-05 9.908899301080964506e-08 6.983884048850086401e-08 2.244658389827236533e-05 1.993048642789929659e-10 8.199707372114062309e-05 8.946184948399604764e-08 1.859937626136343169e-08 1.940831280080601573e-04
1.150000000000000000e+04 1.415954898220661562e-06 2.973524533445015550e-05 4.336656900250090985e-08 4.134091291518871003e-09 1.061859347828431055e-05 1.330041771163692488e-10 5.834422699990682304e-05 8.609812418569617876e-09 4.970607037080299051e-09 1.223288563778623939e-04
1.200000000000000000e+04 4.464167204787372611e-07 6.633211796724935994e-06 1.564344564997099951e-08 6.631085902597533277e-09 1.083838583326723892e-06 1.370957458668442541e-09 1.157210590463364497e-05 6.119611839494609740e-08 2.846024083069664812e-09 8.758714102441444993e-05
1.250000000000000000e+04 9.246825811715098098e-07 2.693439091672189534e-05 1.103653257672476684e-08 3.888060007284366293e-08 2.786616050798329525e-06 2.130787546406054389e-09 5.088070247438736260e-05 2.674948440528623905e-08 2.649503016982635017e-08 2.312848810106515884e-04
1.300000000000000000e+04 1.897889887914061546e-05 1.286305341636762023e-04 8.356836360690067522e-07 6.614403105231758673e-07 5.230098613537847996e-04 1.363064114912049263e-07 2.078186807921156287e-04 1.438170443179842550e-06 2.928133540081034880e-07 1.016514579532667994e-04
1.350000000000000000e+04 1.025249821395846084e-05 5.490322109835688025e-06 9.362007347135659074e-08 3.909812207325558120e-08 8.099264232441782951e-05 4.493506899905241880e-09 1.376131604047259316e-05 1.457664211557130329e-07 2.422823719427924516e-08 6.923700084371375851e-07
1.400000000000000000e+04 8.060393156483769417e-06 3.953738087147939950e-06 3.429399342280703422e-08 1.150985795561609848e-08 5.306985622155480087e-05 1.304654856371101346e-10 9.297375072492286563e-06 1.678428240836637997e-08 4.124379948677869834e-09 2.368080487258339417e-07
1.450000000000000000e+04 1.418635292793624103e-05 3.927415309590287507e-05 1.962876794436851924e-08 1.057638101542579534e-07 9.002278238767758012e-05 5.840924965916372003e-10 5.995495666866190732e-05 1.535051197265602241e-08 2.531974629960132006e-08 1.471906671213218942e-05
1.500000000000000000e+04 3.548000222508562729e-06 6.524218770209699869e-05 4.106220785615732893e-08 2.598415171917167754e-08 4.177564187557436526e-05 3.936377890312314776e-10 9.321554534835740924e-05 3.040060647663267446e-08 1.032141394574637161e-08 1.630255428608506918e-04
1.550000000000000000e+04 2.684992750801029615e-06 3.322335032862611115e-06 5.280335724222595672e-09 2.412003574647769710e-08 3.319618372188415378e-06 7.845065708167453522e-10 3.300639582448638976e-05 3.408274329430582839e-09 1.411686767482933647e-08 1.493431336712092161e-04
1.600000000000000000e+04 2.696631099752266891e-06 4.481290488911326975e-06 1.835549170436934219e-07 2.195532715631998144e-07 2.831338633768609725e-06 2.082400779590543038e-10 2.620238046802114695e-05 6.345997860535135260e-08 6.702459387497583521e-08 2.128823398379608989e-04
1.650000000000000000e+04 1.347430384157632943e-06 3.339785052958177403e-06 2.115327468743544159e-08 3.128750236669475271e-08 1.620776060917705763e-06 7.232328957940126202e-09 3.113923230557702482e-05 1.431405216578696127e-08 4.931326902379851163e-09 1.357660312351072207e-05
1.700000000000000000e+04 1.640295522520318627e-06 2.560225038905628026e-05 3.609773457924347895e-08 4.537437803264765535e-08 1.089348643290577456e-05 2.269083143602301789e-09 4.488469858188182116e-05 1.794864346038593794e-08 4.672427333929363158e-09 2.700472941796761006e-05
1.750000000000000000e+04 1.182733394671231508e-04 6.403407314792275429e-04 1.719150895951315761e-05 3.192143412888981402e-05 2.653413394000381231e-04 6.371616564138093963e-06 1.425895839929580688e-03 1.057333247445058078e-05 3.775319783017039299e-05 3.131092671537771821e-05
1.800000000000000000e+04 5.934369983151555061e-05 7.331668748520314693e-04 1.265843911824049428e-05 1.768762558640446514e-05 2.887214359361678362e-04 3.374644165887730196e-06 1.124686095863580704e-03 7.047031431284267455e-06 1.746222187648527324e-05 1.267978859686991200e-05
1.850000000000000000e+04 5.509348193299956620e-05 2.526367316022515297e-04 1.680778586887754500e-05 2.926429442595690489e-05 3.611142456065863371e-04 1.554124196445627604e-06 7.690778002142906189e-04 6.159993972687516361e-06 1.188401256513316184e-06 1.774367046891711652e-05
1.900000000000000000e+04 4.017797982669435441e-05 1.590599858900532126e-04 1.032484851748449728e-05 1.832354428188409656e-05 4.175196809228509665e-04 5.361684429772139993e-07 5.787314148619771004e-04 3.550867631929577328e-06 8.112626233014452737e-07 1.273082853003870696e-05
1.950000000000000000e+04 2.818387656589038670e-05 1.089290162781253457e-04 4.899579835182521492e-06 7.978254870977252722e-06 8.172864181688055396e-05 5.512953862307767849e-07 3.367801837157458067e-04 4.225752491038292646e-06 3.288359664566087304e-07 6.674752057733712718e-06
2.000000000000000000e+04 3.020501935679931194e-05 1.277965609915554523e-03 1.319522652920568362e-06 3.994186954514589161e-06 2.117386029567569494e-04 2.219109518364348332e-07 1.392190461046993732e-03 1.735883870424004272e-06 7.431960398207593244e-07 1.458999176975339651e-04
2.050000000000000000e+04 4.120006997254677117e-05 6.326710717985406518e-05 2.471800826242542826e-06 1.118180648518318776e-06 1.594346977071836591e-04 4.241191220444306964e-07 1.403774222126230597e-04 3.933487732865614817e-06 8.008192935449187644e-07 7.418543191306525841e-06
2.100000000000000000e+04 2.466426667524501681e-05 7.987721619429066777e-05 5.316766873875167221e-06 3.521284668295265874e-07 3.239675133954733610e-04 1.541166909646562999e-07 1.434916775906458497e-04 1.352301478618755937e-05 7.952250484777323436e-07 1.834282375057227910e-05
2.150000000000000000e+04 1.762382453307509422e-05 3.499205558910034597e-05 2.408233967798878439e-06 4.457484124031907413e-07 3.186627873219549656e-04 1.108014586748140573e-07 5.413175313151441514e-05 3.323259988974314183e-06 8.588471587245294359e-07 4.016540515294764191e-06
2.200000000000000000e+04 1.685078859736677259e-05 2.130888424289878458e-05 1.719462034088792279e-06 3.229419576200598385e-07 3.010013315360993147e-04 9.868639949672797229e-08 3.054671833524480462e-05 2.319407940376549959e-06 5.604688340099528432e-07 2.823978775268187746e-06
2.250000000000000000e+04 5.503447755472734571e-05 6.325927563011646271e-03 2.115369397870381363e-06 3.477191967249382287e-06 5.705099320039153099e-04 2.107547629748296458e-07 6.046085152775049210e-03 1.552544858895998914e-06 3.039071145849447930e-07 3.519804740790277719e-04
2.300000000000000000e+04 4.028126204502768815e-05 1.468246045988053083e-05 8.300708032038528472e-07 1.334990656687295996e-06 1.535226620035246015e-04 1.442654991024028277e-07 2.029656388913281262e-05 7.050325052659900393e-07 2.377904877448600018e-07 2.044063649009331129e-06
2.350000000000000000e+04 2.871186734410002828e-05 1.711227741907350719e-05 4.863916842623439152e-07 8.551979817639221437e-07 1.031673527904786170e-04 3.593000386103994970e-08 9.656105248723179102e-06 4.874473802374268416e-07 2.364938893606449710e-07 1.251545540981169324e-06
2.400000000000000000e+04 2.019138992181979120e-05 5.337483889888972044e-05 8.332392553711542860e-07 4.931470698466000613e-07 2.291290438733994961e-04 1.368999278383853380e-07 3.925278724636882544e-05 4.745651494886260480e-06 1.024939209059994027e-07 3.130888899249839596e-06
2.450000000000000000e+04 1.592463559063617140e-05 2.208432488259859383e-05 1.210073492075025570e-06 1.546532189422578085e-06 9.394322842126712203e-05 5.658229795812985685e-08 4.800904935109429061e-05 1.370697873426252045e-06 1.045451085701643024e-07 3.553757096597109921e-06
2.500000000000000000e+04 1.233173497894313186e-05 3.614121669670566916e-05 7.879138479438552167e-07 1.680017930993926711e-06 9.276698256144300103e-05 7.227061615822094609e-08 3.487248977762646973e-05 6.347121370708919130e-07 1.756544776299051591e-07 1.244318173121428117e-05
2.550000000000000000e+04 3.568200554582290351e-05 5.048815160989761353e-03 2.129290237462555524e-07 8.054943805291259196e-07 3.252673486713320017e-04 4.196143521539852372e-08 4.090731032192707062e-03 2.183019489621074172e-07 4.941035172123520169e-07 2.584106987342238426e-04
2.600000000000000000e+04 2.072587994916830212e-05 3.081815520999953151e-05 2.391550879110582173e-06 7.997734314812987577e-07 3.888818318955600262e-04 5.285682291855664516e-08 3.272209869464859366e-05 3.191229041021870216e-07 2.632936286772746826e-07 1.502486338722519577e-05
2.650000000000000000e+04 1.299760788242565468e-05 2.420847704343032092e-05 6.674542873952304944e-07 1.109234659679714241e-07 2.319555642316117883e-04 2.172554580681662628e-08 2.434292946418281645e-05 3.360300127042137319e-08 5.773700095801359566e-08 4.409197117638541386e-06
