# step, loss_train, loss_test, metrics_test
0.000000000000000000e+00 4.938180791214108467e-04 6.482551246881484985e-02 7.276993244886398315e-02 5.486463382840156555e-02 1.142961233854293823e-01 4.936639452353119850e-04 6.663625687360763550e-02 7.032148540019989014e-02 5.032479017972946167e-02 1.124913543462753296e-01
5.000000000000000000e+02 9.400462150573730469e+00 1.254467105865478516e+01 7.508718490600585938e+00 3.613360166549682617e+00 4.904585361480712891e+00 9.434397697448730469e+00 2.149061584472656250e+01 5.357038021087646484e+00 2.063209533691406250e+00 4.864015102386474609e+00
1.000000000000000000e+03 9.399044036865234375e+00 1.253699398040771484e+01 7.503912925720214844e+00 3.612112998962402344e+00 4.899952888488769531e+00 9.432974815368652344e+00 2.148001480102539062e+01 5.353822231292724609e+00 2.062651872634887695e+00 4.859420776367187500e+00
1.500000000000000000e+03 9.466822624206542969e+00 1.223279380798339844e+01 7.836911201477050781e+00 3.729065418243408203e+00 4.835093498229980469e+00 9.430600166320800781e+00 2.146367645263671875e+01 5.348940372467041016e+00 2.061831474304199219e+00 4.852471351623535156e+00
2.000000000000000000e+03 9.463446617126464844e+00 1.221693515777587891e+01 7.826188087463378906e+00 3.726377964019775391e+00 4.825448989868164062e+00 9.427289009094238281e+00 2.144095802307128906e+01 5.342191696166992188e+00 2.060737133026123047e+00 4.842805385589599609e+00
2.500000000000000000e+03 9.516797065734863281e+00 1.272171497344970703e+01 7.506157875061035156e+00 3.530357360839843750e+00 4.790975570678710938e+00 9.422786712646484375e+00 2.141048431396484375e+01 5.333280086517333984e+00 2.059365034103393555e+00 4.829916477203369141e+00
3.000000000000000000e+03 9.510506629943847656e+00 1.269279575347900391e+01 7.488365650177001953e+00 3.526306867599487305e+00 4.774098873138427734e+00 9.416701316833496094e+00 2.137006187438964844e+01 5.321548938751220703e+00 2.057652711868286133e+00 4.812946319580078125e+00
3.500000000000000000e+03 9.441400527954101562e+00 1.326951026916503906e+01 7.674489021301269531e+00 3.540222167968750000e+00 4.801783084869384766e+00 9.408464431762695312e+00 2.131594657897949219e+01 5.305703639984130859e+00 2.055462598800659180e+00 4.790381431579589844e+00
4.000000000000000000e+03 9.430206298828125000e+00 1.321707630157470703e+01 7.642564773559570312e+00 3.533624887466430664e+00 4.772716045379638672e+00 9.397466659545898438e+00 2.124573898315429688e+01 5.285181999206542969e+00 2.052891731262207031e+00 4.761370182037353516e+00
4.500000000000000000e+03 9.377712249755859375e+00 1.354618644714355469e+01 7.745895862579345703e+00 3.497073650360107422e+00 4.775142669677734375e+00 9.382677078247070312e+00 2.115405845642089844e+01 5.258636951446533203e+00 2.050099134445190430e+00 4.723827838897705078e+00
5.000000000000000000e+03 9.358010292053222656e+00 1.345827293395996094e+01 7.692008018493652344e+00 3.488122224807739258e+00 4.727212905883789062e+00 9.363126754760742188e+00 2.103665733337402344e+01 5.224735736846923828e+00 2.047374725341796875e+00 4.676404476165771484e+00
5.500000000000000000e+03 9.349102973937988281e+00 1.270535564422607422e+01 7.499283790588378906e+00 3.903775930404663086e+00 4.665196895599365234e+00 9.337731361389160156e+00 2.089046096801757812e+01 5.181681156158447266e+00 2.045055389404296875e+00 4.618546485900878906e+00
6.000000000000000000e+03 9.316033363342285156e+00 1.257487201690673828e+01 7.415431499481201172e+00 3.890765190124511719e+00 4.593265056610107422e+00 9.304949760437011719e+00 2.070714950561523438e+01 5.127729415893554688e+00 2.044337034225463867e+00 4.547255992889404297e+00
6.500000000000000000e+03 9.365660667419433594e+00 1.228100776672363281e+01 7.156232357025146484e+00 3.886887550354003906e+00 4.451890945434570312e+00 9.261379241943359375e+00 2.048049736022949219e+01 5.064023494720458984e+00 2.047555446624755859e+00 4.462477684020996094e+00
7.000000000000000000e+03 9.310412406921386719e+00 1.209205818176269531e+01 7.036300182342529297e+00 3.878190994262695312e+00 4.351592540740966797e+00 9.207744598388671875e+00 2.020617294311523438e+01 4.987024784088134766e+00 2.055855274200439453e+00 4.362038135528564453e+00
7.500000000000000000e+03 9.164347648620605469e+00 1.149991798400878906e+01 6.939772605895996094e+00 3.696554660797119141e+00 4.297901630401611328e+00 9.150271415710449219e+00 1.988937950134277344e+01 4.892277717590332031e+00 2.069318056106567383e+00 4.243890285491943359e+00
8.000000000000000000e+03 9.097697257995605469e+00 1.125099182128906250e+01 6.757457256317138672e+00 3.697157621383666992e+00 4.163077831268310547e+00 9.084494590759277344e+00 1.952527618408203125e+01 4.781090259552001953e+00 2.089345455169677734e+00 4.110439777374267578e+00
8.500000000000000000e+03 9.023065567016601562e+00 1.088076686859130859e+01 6.563245296478271484e+00 3.615590333938598633e+00 4.031860351562500000e+00 9.013144493103027344e+00 1.912010192871093750e+01 4.647825241088867188e+00 2.113196372985839844e+00 3.963705539703369141e+00
9.000000000000000000e+03 8.940423965454101562e+00 1.057271766662597656e+01 6.288483142852783203e+00 3.619025230407714844e+00 3.868690490722656250e+00 8.931995391845703125e+00 1.866921806335449219e+01 4.485992908477783203e+00 2.138299703598022461e+00 3.803004264831542969e+00
9.500000000000000000e+03 8.822521209716796875e+00 1.165391540527343750e+01 6.102896213531494141e+00 3.417424917221069336e+00 3.617611169815063477e+00 8.823638916015625000e+00 1.813111495971679688e+01 4.285980224609375000e+00 2.166387081146240234e+00 3.619464874267578125e+00
1.000000000000000000e+04 8.684256553649902344e+00 1.120466136932373047e+01 5.628038883209228516e+00 3.414980649948120117e+00 3.416800260543823242e+00 8.687681198120117188e+00 1.752518081665039062e+01 4.019450187683105469e+00 2.189120292663574219e+00 3.418928146362304688e+00
