# step, loss_train, loss_test, metrics_test
0.000000000000000000e+00 1.625899970531463623e-02 1.466092765331268311e-01 1.189007312059402466e-01 5.808747932314872742e-02 1.601210236549377441e-02 1.635779812932014465e-02 1.254192292690277100e-01 1.111040934920310974e-01 6.546473503112792969e-02 1.815007999539375305e-02
5.000000000000000000e+02 3.355289518367499113e-04 5.643003061413764954e-02 1.068625861080363393e-04 1.236413809238001704e-04 9.933180408552289009e-04 2.087034517899155617e-04 6.430758535861968994e-02 1.136973878601565957e-04 1.811236870707944036e-05 1.592502463608980179e-03
1.000000000000000000e+03 8.306858944706618786e-05 6.348546594381332397e-04 2.961796417366713285e-05 3.146236485918052495e-05 9.986168006435036659e-04 2.411705645499750972e-05 5.698862951248884201e-04 2.675203541002701968e-05 5.059585600974969566e-05 7.844828069210052490e-04
1.500000000000000000e+03 2.554783714003860950e-05 3.933569241780787706e-04 1.458011047361651435e-05 1.481657000113045797e-05 5.546554457396268845e-04 4.778637503477511927e-06 3.399832057766616344e-04 1.415138831362128258e-05 1.473006705055013299e-05 2.039785031229257584e-04
2.000000000000000000e+03 1.460237126593710855e-05 2.366480417549610138e-03 1.035319564834935591e-05 1.921891234815120697e-04 4.367155779618769884e-04 2.530960273361415602e-06 4.840003792196512222e-03 1.313025040872162208e-05 2.984129823744297028e-04 1.995100174099206924e-04
2.500000000000000000e+03 9.937345566868316382e-06 5.665834032697603106e-05 3.240962996642338112e-06 2.311731577719911002e-06 2.988990163430571556e-04 1.436809270671801642e-06 8.958972466643899679e-05 3.021075372089399025e-06 1.737895036058034748e-05 4.008880932815372944e-05
3.000000000000000000e+03 8.225447345466818660e-06 3.032840322703123093e-05 2.061775148831657134e-06 2.864090220100479200e-06 2.752974978648126125e-04 1.008373146760277450e-06 5.036568109062500298e-05 2.773969072222826071e-06 1.534280090709216893e-05 2.618979488033801317e-05
3.500000000000000000e+03 1.264296224690042436e-05 2.259524262626655400e-05 3.820908602847339353e-07 5.765876380792178679e-07 2.592325326986610889e-04 7.555156571470433846e-07 2.258782842545770109e-05 7.575030849693575874e-06 1.333283535132068209e-06 1.349055310129188001e-05
4.000000000000000000e+03 2.436635077174287289e-05 2.308733201061841100e-05 6.849257374597073067e-07 6.003238013363443315e-07 2.278421598020941019e-04 5.574584633905033115e-07 3.947527875425294042e-05 1.461169085814617574e-05 1.547784108879568521e-06 1.184419670607894659e-05
4.500000000000000000e+03 2.421716089884284884e-05 2.216648317698854953e-05 9.875267323877778836e-07 1.032807404044433497e-06 2.948521869257092476e-04 3.252413023346889531e-07 5.804505417472682893e-05 4.736183996101317462e-07 8.751212590141221881e-07 1.344165139016695321e-05
5.000000000000000000e+03 2.621843850647564977e-05 2.154777212126646191e-05 8.485815214953618124e-07 6.440358788495359477e-07 2.541970170568674803e-04 2.732062966970261186e-07 7.035175804048776627e-05 2.400749735897989012e-06 7.409260547319718171e-07 8.743075341044459492e-06
5.500000000000000000e+03 1.157590486400295049e-05 1.161971886176615953e-05 4.070871852945856517e-07 3.718854202361399075e-07 1.293380337301641703e-04 2.077113094856031239e-07 3.540582110872492194e-05 2.151076614609337412e-06 7.532215136052400339e-07 5.653513198922155425e-06
6.000000000000000000e+03 1.156862617790466174e-05 3.162864959449507296e-05 9.035373409460589755e-07 3.531662855493777897e-07 1.285873004235327244e-04 1.835678347106295405e-07 2.484767537680454552e-05 4.659525075112469494e-06 8.810684448690153658e-07 3.880422809743322432e-06
6.500000000000000000e+03 1.930092366819735616e-05 1.162089120043674484e-05 7.919087465779739432e-07 1.350231570995674701e-07 1.073509702109731734e-04 1.158879641138810257e-07 1.435313424735795707e-05 1.177927629214536864e-06 5.232552666711853817e-07 4.207086476526455954e-06
7.000000000000000000e+03 2.465700526954606175e-05 3.301077958894893527e-05 3.256300487919361331e-06 1.147746729657228570e-06 1.036105750245042145e-04 1.602535064648691332e-07 8.251725375885143876e-05 4.782983978657284752e-06 1.101914563150785398e-06 5.064286142442142591e-06
7.500000000000000000e+03 4.931049261358566582e-05 1.572721521370112896e-04 1.654006155149545521e-05 7.933328561193775386e-06 1.137591170845553279e-04 1.152812501459266059e-06 2.703884965740144253e-04 8.138703378790523857e-06 3.029645768037880771e-06 1.961328598554246128e-05
8.000000000000000000e+03 1.648332727199885994e-05 2.283724825247190893e-05 1.171215444628614932e-05 1.603050804988015443e-06 7.689730409765616059e-05 1.878212572137272218e-07 3.390293932170607150e-05 5.765032256022095680e-06 1.429903704774915241e-06 7.920019015728030354e-06
8.500000000000000000e+03 2.478568421793170273e-05 2.036779624177142978e-04 1.882118567664292641e-06 1.782588441301413695e-07 1.345340861007571220e-04 9.960970004385671928e-08 2.711847773753106594e-04 2.272496431032777764e-06 2.610259457469510380e-07 6.881465651531470940e-06
9.000000000000000000e+03 2.092525573971215636e-05 2.350393333472311497e-05 1.476956981605326291e-06 2.004372845476609655e-06 2.124354650732129812e-04 7.193812052719295025e-07 6.071742973290383816e-05 3.538842292982735671e-06 4.086666933744709240e-07 5.133090780873317271e-06
9.500000000000000000e+03 1.131357294070767239e-05 8.653481017972808331e-06 9.009091428424653714e-08 1.220577985350246308e-07 8.087632886599749327e-05 3.579823726340691792e-08 1.507440629211487249e-05 3.179259806529444177e-07 5.751230247597050038e-08 1.907460045913467184e-06
1.000000000000000000e+04 1.127417635871097445e-05 2.554742241045460105e-05 1.953642822627443820e-06 6.451548415498109534e-07 8.093537326203659177e-05 3.763686251545550476e-08 5.435976709122769535e-05 3.372173523530364037e-06 8.043358548093237914e-07 2.490131464583100751e-06
1.050000000000000000e+04 2.043554377451073378e-05 2.011033575399778783e-05 5.983541200293984730e-07 1.432197450412786566e-06 1.188054884551092982e-04 2.783139763096187380e-08 2.638697878865059465e-05 4.376290689833695069e-07 1.620460778894994291e-07 1.649345108489796985e-06
1.100000000000000000e+04 1.804127350624185055e-05 3.201920117135159671e-05 2.169863506651381613e-07 8.290504069918824825e-07 1.093500250135548413e-04 1.901140045390548039e-08 3.278688382124528289e-05 1.333937831304865540e-07 4.362672711977211293e-07 3.490349854473606683e-06
1.150000000000000000e+04 1.798683115339372307e-05 1.350983711745357141e-05 9.040876989274693187e-07 3.113465822934813332e-07 4.730162254418246448e-05 9.052260274700074660e-09 1.010873711493331939e-05 7.768890100123826414e-07 7.890294000389985740e-07 1.271781729883514345e-05
1.200000000000000000e+04 9.934818990586791188e-06 5.823798801429802552e-06 4.171517531403878820e-08 1.780828000619294471e-07 3.212260708096437156e-05 7.098022614115961915e-09 1.018832790578017011e-05 2.415938915589777025e-08 1.847593154025162221e-07 1.036853404912108090e-06
1.250000000000000000e+04 1.575134592712856829e-05 8.916387741919606924e-06 8.980661192481420585e-08 8.403458195971325040e-08 9.519616287434473634e-05 1.146285466546714815e-08 1.928071105794515461e-05 1.139927618964975409e-07 1.109980871660809498e-07 2.682668309716973454e-06
1.300000000000000000e+04 1.709955540718510747e-05 7.117098448361502960e-06 5.915977041581754747e-08 1.142060312986359349e-07 8.557343971915543079e-05 1.640682611991906015e-08 1.468229311285540462e-05 1.361775474606474745e-07 6.865703028324787738e-08 3.004080326718394645e-06
1.350000000000000000e+04 5.864646936970530078e-06 5.290636636345880106e-06 5.917900836038825219e-08 3.188677766274850001e-08 1.928172059706412256e-05 9.944526091487659869e-09 6.812764695496298373e-06 9.293616471950372215e-07 6.653903028563945554e-08 5.422076583272428252e-07
1.400000000000000000e+04 4.710783741757040843e-06 4.070356681040721014e-06 6.457461410036557936e-08 1.673731375717579795e-08 1.712331504677422345e-05 7.181071737250022124e-09 6.965281954762758687e-06 2.309364845132222399e-06 2.919568586889909056e-08 4.989067861060902942e-07
1.450000000000000000e+04 2.700699769775383174e-05 2.806157317536417395e-05 9.575509238857193850e-07 1.916605924634495750e-06 1.263329031644389033e-04 1.675552141477965051e-08 4.203417120152153075e-05 4.585635622333938954e-07 6.121076125964464154e-07 3.561372068361379206e-06
1.500000000000000000e+04 3.937561632483266294e-05 1.387739466736093163e-04 1.899348490042029880e-06 2.617049688069528202e-07 1.151049218606203794e-04 1.423507089981512763e-08 1.435332815162837505e-04 3.764380949178303126e-07 4.403890585535918945e-08 4.351365078036906198e-06
1.550000000000000000e+04 4.513975909503642470e-06 5.200045507081085816e-06 4.579936785376048647e-08 3.020018013444314420e-08 4.064328459207899868e-05 4.265577224771277542e-09 1.373994200548622757e-05 7.442234846166684292e-07 3.860398223309857713e-08 1.551176410430343822e-06
1.600000000000000000e+04 3.068286559937405400e-06 4.821942638955079019e-06 4.448904533660424931e-08 4.276780174450323102e-08 3.831756839645095170e-05 1.020458029188375804e-08 2.526254320400767028e-05 2.990708765082672471e-07 4.553182009203737834e-08 1.660811221881886013e-06
1.650000000000000000e+04 9.460165529162622988e-06 9.798182873055338860e-06 9.430323189008049667e-08 8.551180030735849869e-08 2.078409306704998016e-05 1.211723432703593062e-08 2.000302447413560003e-05 8.528998307610891061e-08 1.830445910400158027e-07 7.523697149736108258e-07
1.700000000000000000e+04 7.385960088868159801e-06 9.445346222491934896e-05 2.073663125656821649e-07 1.070917434731200046e-07 1.193946627608966082e-05 1.032131091704968640e-08 6.474766996689140797e-05 5.254726787029539992e-08 2.527898743664991343e-07 1.472863687013159506e-06
1.750000000000000000e+04 3.651414772321004421e-06 4.243902003508992493e-05 5.555727256023601512e-08 7.204750573919227463e-08 3.081073373323306441e-05 5.634362754136645890e-09 2.914810465881600976e-05 9.387796353621524759e-07 5.139719760904881696e-08 4.364182132121641189e-06
1.800000000000000000e+04 3.128600837953854352e-06 2.307695103809237480e-05 8.318504569615470245e-07 1.505310081029165303e-07 2.411374771327245981e-05 5.833813876421345412e-09 1.908326703414786607e-05 2.889002814754348947e-07 1.169080121599108679e-07 3.636952897068113089e-06
1.850000000000000000e+04 3.403843265914474614e-06 2.034561475738883018e-05 2.983554736601945478e-07 7.447732031096165883e-08 3.711946555995382369e-05 9.537896694666869735e-09 5.757022336183581501e-06 2.768994420421222458e-07 6.630918480965419803e-09 3.341191359140793793e-06
1.900000000000000000e+04 2.908981969085289165e-06 1.120976412494201213e-05 2.066457938099119929e-07 4.534129516287066508e-07 3.171523712808266282e-05 1.142200733994513939e-08 6.474231668107677251e-06 4.857839996930124471e-08 8.449919874919942231e-09 1.073422208719421178e-05
1.950000000000000000e+04 2.685015033421223052e-06 1.410089566888927948e-06 3.532384340587668703e-08 4.133620734592113877e-08 9.976962246582843363e-06 8.615510971310413879e-09 4.092012204637285322e-06 1.187681917258487374e-07 2.126889242504148569e-08 1.180126716349150229e-07
2.000000000000000000e+04 2.516638005545246415e-06 8.903182606445625424e-05 1.826215793698793277e-06 2.508598981876275502e-07 4.506821278482675552e-05 4.847423795695249282e-09 8.880933455657213926e-05 1.928247996829668409e-07 1.940755396390159149e-07 4.001337583758868277e-05
2.050000000000000000e+04 6.290937108133221045e-06 3.692801328725181520e-06 2.509111851622947142e-08 1.221924179617417394e-07 3.942916737287305295e-05 1.236824243022738301e-08 7.993068720679730177e-06 1.658816586314060260e-07 8.014485786134173395e-08 1.327674226558883674e-06
2.100000000000000000e+04 4.902924047200940549e-06 2.230017889814916998e-05 1.541345717726017028e-08 3.935650738640106283e-08 2.749208579189144075e-05 1.389058912337759466e-08 5.268305176286958158e-05 4.413742615838600614e-08 2.782766905795597268e-08 1.586995381330780219e-06
2.150000000000000000e+04 6.196773028932511806e-06 6.365052104229107499e-05 5.693469162793007854e-08 1.019736615148758574e-07 1.048204358085058630e-04 1.778157354692666559e-08 6.413323717424646020e-05 1.146245054428618459e-07 3.208936050214106217e-08 1.839893775468226522e-05
2.200000000000000000e+04 3.696860630952869542e-06 3.081747490796260536e-05 8.823177211070287740e-08 2.066301618697252707e-08 7.955119508551433682e-05 1.123475001918450289e-08 2.954602132376749068e-05 4.635225252513919258e-07 3.193327202666296216e-08 1.223832987307105213e-05
2.250000000000000000e+04 9.174603292194660753e-06 1.134183366957586259e-05 1.002081830847600941e-07 1.146850650002306793e-07 6.785596633562818170e-05 9.591174432443949627e-08 2.011110518651548773e-05 4.383771852189966012e-07 4.244167826072953176e-07 2.619766519273980521e-06
2.300000000000000000e+04 6.567867330886656418e-06 7.340150204981910065e-06 3.357396849423821550e-08 2.363444053798957611e-07 4.833181810681708157e-05 4.500158823361743998e-08 8.082373824436217546e-06 3.062090669914141472e-08 5.696425731116505631e-08 6.696242053294554353e-06
2.350000000000000000e+04 5.852455615240614861e-06 2.593638491816818714e-04 6.126045946075464599e-07 7.439842164558285731e-08 4.752462700707837939e-05 1.015575179508232395e-08 2.500995469745248556e-04 1.316827933806052897e-06 2.423177818400290562e-07 4.412395719555206597e-05
2.400000000000000000e+04 3.217504399799508974e-06 9.149795914709102362e-06 4.649940876788605237e-08 3.628190015092513931e-08 5.526720087800640613e-06 4.110011442293171058e-09 1.582533877808600664e-05 3.014006608736963244e-07 8.796629913376818877e-08 2.600761490612057969e-06
2.450000000000000000e+04 2.287472170792170800e-06 5.722780770156532526e-06 2.956942246612470626e-08 2.170017765479315131e-08 9.721468813950195909e-06 2.110488672713017877e-09 6.625965397688560188e-06 1.897333277156576514e-07 9.612161733230095706e-08 1.170235236713779159e-06
2.500000000000000000e+04 1.689541022642515600e-06 4.232206265442073345e-06 3.515448909752194595e-08 2.512670249643633724e-08 8.150097528414335102e-06 2.772759133407021181e-09 6.701631718897260725e-06 2.403207872703205794e-07 5.663581603698730760e-08 1.849130740083637647e-06
2.550000000000000000e+04 6.567969649040605873e-06 5.442527253762818873e-06 1.970328185052494518e-07 7.885505226568056969e-08 2.858317566278856248e-05 4.261300645680421439e-08 1.124499340221518651e-05 9.025483649338639225e-08 5.467226316113737994e-08 2.055714048765366897e-06
2.600000000000000000e+04 4.815919510292587802e-06 9.213217708747833967e-05 9.678246470912199584e-08 1.566846350442574476e-07 2.232342012575827539e-05 1.424846551856262522e-08 1.064243260771036148e-04 3.402582393619013601e-08 4.788140728351208963e-08 1.504559168097330257e-05
2.650000000000000000e+04 3.262490054112276994e-06 1.783477091521490365e-05 4.106144899651553715e-07 3.418709866309654899e-07 2.844992923201061785e-05 8.743247903453266190e-09 1.707134651951491833e-05 1.538863330097228754e-07 1.334496033678078675e-07 1.003965098789194599e-05
2.700000000000000000e+04 2.100360916301724501e-06 3.135708175250329077e-05 1.489070200477726758e-08 4.301723066646445659e-08 1.059889109455980361e-05 1.448925956992752617e-08 3.735057543963193893e-05 3.461263986537232995e-08 4.705833234197598358e-08 2.839000990206841379e-05
2.750000000000000000e+04 1.979430408027837984e-06 1.825572894631477538e-06 5.436696781657701649e-08 4.614776472067205759e-08 2.929396259787608869e-06 4.378790663395193405e-09 4.253031420375918970e-06 7.154544334753154544e-08 5.090888599568188511e-09 5.635939714920823462e-07
2.800000000000000000e+04 1.302510440837068018e-06 2.335831140953814611e-06 2.971038348675847374e-08 1.151176753921845375e-08 1.574961629557947163e-06 2.573096624658433029e-09 3.465856707407510839e-06 8.988053679104268667e-08 7.122563516759328195e-08 1.020166109810816124e-06
2.850000000000000000e+04 8.445675121038220823e-06 1.165747471532085910e-05 1.998551084625432850e-07 1.082140883568172285e-07 1.505185791756957769e-04 1.037241403878397250e-08 5.422452886705286801e-06 7.350850950160747743e-08 8.435947762563955621e-08 1.884031462395796552e-06
2.900000000000000000e+04 1.039044673234457150e-05 2.484869764884933829e-05 5.133616198804702435e-08 7.940783319781985483e-08 1.070756043191067874e-04 3.233839152017026208e-08 1.714261088636703789e-05 4.627474581297974510e-08 7.385798994619108271e-08 5.529559075512224808e-06
2.950000000000000000e+04 6.263366230996325612e-06 3.892288532370002940e-06 6.490810733339458238e-08 1.688091657570112147e-07 3.187672336935065687e-05 1.503152446957756183e-08 3.514851414365693927e-06 2.754572792085241417e-09 6.531282679134164937e-07 1.008410890790401027e-06
3.000000000000000000e+04 2.553010972405900247e-06 1.377499575028195977e-05 4.093866934340439911e-08 2.159945324820000678e-07 2.210746060882229358e-05 1.017951944959349930e-08 1.511682421551086009e-05 7.703401649905572413e-08 3.870473506140115205e-07 2.875610334740485996e-06
3.050000000000000000e+04 3.999700311396736652e-06 1.111043548007728532e-05 1.562750284733738226e-08 1.736166055366084038e-08 1.504881583969108760e-05 1.216861900132926166e-08 1.065436117642093450e-05 1.593074046013498446e-07 1.240710556515978169e-08 1.143436657002894208e-05
3.100000000000000000e+04 2.135351905963034369e-06 5.411523943621432409e-06 4.625547944669960998e-08 2.910383223309054301e-08 8.095047633105423301e-06 1.156718010264512486e-08 7.374969754891935736e-06 2.246256514126798720e-07 1.867193617499651737e-07 1.992201760003808886e-05
3.150000000000000000e+04 9.415584827365819365e-07 2.593391172922565602e-06 2.146818367521063919e-08 2.523074371652000991e-08 3.882991677528480068e-06 6.468852120633528102e-09 1.136623995989793912e-05 8.925720607066978118e-08 6.003917008001735667e-08 9.562719787936657667e-05
3.200000000000000000e+04 5.174699140297889244e-07 1.665224090174888261e-06 1.442311248212035935e-08 6.135711050347936180e-09 1.945811163750477135e-06 4.010883181138069631e-09 1.054480708262417465e-05 7.619105701905937167e-08 7.650370115186433395e-09 1.425168156856670976e-04
3.250000000000000000e+04 2.014988467635703273e-06 4.800143869942985475e-06 5.388599433331364708e-08 4.951137100306368666e-08 4.609997631632722914e-05 6.084400094863440245e-09 6.181282060424564406e-06 3.877072174418572104e-07 4.442177115038248303e-08 1.663858256506500766e-06
3.300000000000000000e+04 5.327953658706974238e-06 8.550496204406954348e-06 2.120857658383101807e-07 4.712219237035242259e-08 3.790342816500924528e-05 3.353378907888782123e-09 7.708085831836797297e-06 9.484922429692232981e-07 2.759898798387894203e-08 5.370476628741016611e-06
3.350000000000000000e+04 3.607921144066494890e-06 5.674000931321643293e-06 2.440215318699756608e-08 1.233235735753623885e-07 9.859315468929708004e-06 3.204861709349415833e-09 1.160173815151210874e-05 1.586576203749245906e-08 4.011691601135680685e-08 5.846071508130989969e-05
3.400000000000000000e+04 3.111906153208110482e-06 1.937038541655056179e-05 1.063444159399296041e-07 2.674689483228576137e-07 4.657485533243743703e-06 4.869693537301600372e-09 1.847973726398777217e-05 2.210580518635651970e-08 9.509750498182256706e-08 7.277790427906438708e-05
3.450000000000000000e+04 1.975282430066727102e-06 1.825711933634011075e-06 2.720461367289317423e-08 2.035504422792655532e-07 2.434352154523367062e-06 3.287664362972009258e-09 1.454688936064485461e-05 8.714743593429830071e-09 5.203419206623038917e-08 7.137104694265872240e-05
3.500000000000000000e+04 8.728632110432954505e-07 4.265997176844393834e-06 1.943288197026049602e-08 2.447728419951999967e-08 1.713318965812504757e-06 2.064239223997788031e-09 1.608079583093058318e-05 3.068652887350253877e-08 1.700064800047584868e-08 1.074765023076906800e-04
3.550000000000000000e+04 2.454307377774966881e-06 2.008028604905121028e-05 2.152438440816695220e-07 6.283126907646874315e-08 1.210518985317321494e-05 2.768917317652608290e-09 2.573935489635914564e-05 3.956055394382929080e-08 7.762727705085126217e-08 7.001250924076884985e-05
3.600000000000000000e+04 1.190005491480405908e-06 4.174113564658910036e-05 1.012928905197441054e-07 1.284062989270751132e-07 1.263047306565567851e-05 1.521471171272992251e-09 5.957897155894897878e-05 2.474170202049208456e-08 3.068685145990457386e-07 6.357768143061548471e-05
3.650000000000000000e+04 2.670329195098020136e-06 2.184097183999256231e-06 4.646368267913203454e-08 2.566781986956812034e-08 2.315990286660962738e-06 5.307180916958031958e-09 4.468875431484775618e-06 1.145021002457724535e-07 2.334769355627486220e-08 3.935724380426108837e-04
3.700000000000000000e+04 1.163947104032558855e-06 1.138716129389649723e-06 1.764101220658176317e-08 9.894789876341292256e-09 1.241441736965498421e-06 4.493651228898443151e-09 2.011307287830277346e-06 1.449971023248508573e-07 1.455155196339319446e-08 4.602932895068079233e-04
3.750000000000000000e+04 3.741450882444041781e-06 3.650692633527796715e-06 1.354869638703348755e-08 3.418391969489675830e-08 4.513741805567406118e-05 1.744839650541507581e-08 7.299586286535486579e-06 5.128070057480726973e-08 1.484211509250599192e-08 3.930270395358093083e-06
3.800000000000000000e+04 2.837334022842696868e-06 2.484516699041705579e-06 1.245911107616848312e-08 2.298024881497440219e-08 3.662380913738161325e-05 6.162659271780057679e-09 4.030047421110793948e-06 9.580570115019781952e-09 1.684938268908808823e-07 6.351495358103420585e-06
3.850000000000000000e+04 1.331679982286004815e-06 2.024921968768467195e-06 1.061485566111741718e-08 1.149695805224837386e-08 4.258789886080194265e-06 5.678256975727435929e-09 4.881311269855359569e-06 3.572343487689977337e-08 2.716683766834648850e-08 2.062099520117044449e-05
3.900000000000000000e+04 1.834062345551501494e-06 1.973947837541345507e-05 4.280343190998792124e-09 4.890329474704913082e-09 6.131370355433318764e-06 4.557275001815241922e-09 1.170631458080606535e-05 5.108061884584458312e-08 1.891053180713697657e-08 2.370172114751767367e-05
3.950000000000000000e+04 1.688208726591255981e-06 1.165141802630387247e-04 3.974405871076669428e-08 5.390625119616743177e-07 3.679912697407416999e-05 4.379750784266889241e-09 1.209034817293286324e-04 4.451683466299982683e-09 3.612034049638168653e-08 7.694122177781537175e-05
4.000000000000000000e+04 7.628210596521967091e-07 3.876221228438225808e-07 7.178520444739433515e-09 9.152015145730274526e-09 4.722620019492751453e-07 2.570097246135105706e-09 6.825977720836817753e-07 5.458288487858453664e-09 1.221758196834343835e-07 2.594886791484896094e-05
4.050000000000000000e+04 1.551474269945174456e-06 1.676748433965258300e-05 3.514603008625272196e-08 6.686593678750796244e-08 1.025827896228292957e-05 4.855257085267794537e-09 7.153321803343715146e-06 1.706519014987861738e-08 1.825075344186188886e-07 3.186714602634310722e-04
4.100000000000000000e+04 1.044375494529958814e-06 1.524441449873847887e-05 1.225896006928905990e-08 1.168418535257842450e-07 1.114313818106893450e-05 1.378019587328083162e-09 6.777529051760211587e-06 7.853047101491483772e-09 9.658189803474215296e-09 3.618125338107347488e-04
4.150000000000000000e+04 7.490684197364316788e-07 1.356253051199018955e-05 1.883657496648538654e-08 1.524089299209663295e-07 5.819764737680088729e-06 1.719815401202140492e-09 1.126043844124069437e-05 1.082448619627029984e-08 1.516852421445946675e-07 6.338325911201536655e-04
4.200000000000000000e+04 5.561936404774314724e-07 5.369491304918483365e-07 1.597125431906931681e-09 3.275072213426710732e-09 1.065171204572834540e-06 2.759958261933093127e-09 5.294150469126179814e-07 3.348660682078730133e-09 1.012660675314691616e-07 6.452004890888929367e-04
4.250000000000000000e+04 2.242402160845813341e-06 6.370251503540202975e-05 4.847272094821164501e-08 5.179427020607363374e-08 4.012144927401095629e-05 6.329891277800925309e-09 5.466883158078417182e-05 1.089899726025578275e-08 7.572757709795041592e-08 1.990483724512159824e-05
4.300000000000000000e+04 1.219570890498289373e-06 2.624824446684215218e-05 2.818505606683174847e-08 2.617782079994412925e-08 1.569248161104042083e-05 1.531916371533270649e-09 1.756174606271088123e-05 5.386508572513548643e-09 3.472685818906029454e-07 1.073876119335182011e-04
4.350000000000000000e+04 9.060073352884501219e-06 1.065515880327438936e-05 9.386508281750138849e-07 2.501653852959861979e-07 1.186717054224573076e-04 1.109479939032098628e-07 1.391453679389087483e-05 2.396678553395759081e-07 7.635993597432388924e-07 1.458657493458304089e-06
4.400000000000000000e+04 4.777524281962541863e-06 5.507934019988169894e-06 3.667633166060113581e-07 1.640726168261608109e-07 1.012362627079710364e-04 2.834415901986631070e-08 7.128402558009838685e-06 2.693873568659910234e-07 4.630209389233641559e-07 1.843984023253142368e-06
4.450000000000000000e+04 7.173890480771660805e-06 2.764346427284181118e-04 1.963409431482432410e-06 3.264188137563905912e-07 1.294668036280199885e-04 2.912786278841394960e-08 3.155498998239636421e-04 3.962912558108655503e-07 3.263524774865800282e-07 7.190517499111592770e-05
4.500000000000000000e+04 3.583155375963542610e-06 4.798419013241073117e-06 1.135967409027216490e-07 1.303280043885024497e-07 3.177016333211213350e-05 2.901901652307969925e-08 4.022597295261221007e-06 4.733897185360547155e-07 5.994343155180104077e-08 3.971572823502356187e-06
4.550000000000000000e+04 3.631921345004229806e-06 1.048654212354449555e-05 4.888980953410282382e-08 2.172714630432892591e-08 5.245161082712002099e-05 3.682866456244937581e-09 2.421220870019169524e-06 1.910749233502428979e-06 1.325336711488489527e-07 9.769967618922237307e-06
4.600000000000000000e+04 3.087179493377334438e-06 1.832985071814619005e-05 3.501818923723476473e-08 3.033150619558000471e-08 3.140053377137519419e-05 1.047522957264845900e-08 5.435192178993020207e-06 8.361458867511828430e-07 1.018343169789659441e-07 4.669886766350828111e-05
4.650000000000000000e+04 1.240114215761423111e-06 2.280475200677756220e-06 1.977034180811187980e-08 3.314832142109480628e-08 4.738787538371980190e-06 1.013449413278522115e-08 1.936541821123682894e-06 2.430390999563769583e-08 2.273761445792388258e-08 2.188488360843621194e-05
4.700000000000000000e+04 1.134880790232273284e-06 1.489732539994292893e-06 5.880569364791199405e-09 2.280895650130787544e-08 3.447330300332396291e-06 9.113866994425734447e-09 1.452707351745630149e-06 8.036640686270857259e-09 7.689929581999876973e-09 2.786086042760871351e-05
4.750000000000000000e+04 1.034106844599591568e-06 7.009820137682254426e-07 2.543907662300171069e-08 9.510287668490491342e-09 6.329195230136974715e-07 1.021731055317331993e-08 9.379580774293572176e-07 8.673098683686930599e-09 3.583235468340717489e-07 5.080443656879651826e-07
4.800000000000000000e+04 7.717148946539964527e-07 6.124212177383014932e-07 1.232009427809543922e-08 5.190032847934844540e-09 5.640638391923857853e-07 5.217731136042402795e-09 6.304073281171440613e-07 6.535926910800071710e-09 2.227768334250868065e-07 5.260299644760380033e-07
4.850000000000000000e+04 8.782747045188443735e-07 9.157538443105295300e-07 6.874918412336228357e-09 4.683577525810278530e-09 1.575842361489776522e-06 6.047555789479019950e-09 3.638948101070127450e-06 2.714361180267133022e-08 7.585446937241613341e-09 4.118962806387571618e-06
4.900000000000000000e+04 6.396330149982532021e-07 1.555607809677894693e-06 2.564533119198131317e-08 4.029661493376579529e-09 1.411471203027758747e-06 5.010285963891192296e-09 2.830903895301162265e-06 5.610256081922671001e-08 8.035131671135786746e-09 4.481164523895131424e-06
4.950000000000000000e+04 1.038923983287531883e-06 8.240448892138374504e-07 3.134512382985121803e-08 3.485494559640756052e-08 1.643132236495148391e-06 6.148265896399607300e-09 8.794182804194861092e-07 1.855581643894765875e-08 4.191718971924274229e-08 3.195679528289474547e-05
5.000000000000000000e+04 6.643549568252637982e-07 4.710308019184594741e-07 1.840142793696486478e-08 1.719588738069433020e-08 8.479777875436411705e-07 5.159948468502761898e-09 6.650586215073417407e-07 4.512581242011037830e-08 1.427599816139490940e-08 5.776872058049775660e-05
