# step, loss_train, loss_test, metrics_test
0.000000000000000000e+00 1.569232530891895294e-02 9.450804442167282104e-02 2.577275410294532776e-02 1.650419458746910095e-02 1.813443377614021301e-02 1.577614806592464447e-02 8.351829648017883301e-02 1.815141551196575165e-02 1.529615465551614761e-02 1.953385397791862488e-02
5.000000000000000000e+02 5.617167917080223560e-04 5.779644846916198730e-02 3.225229738745838404e-05 5.388129284256137908e-05 3.836146555840969086e-03 5.647627986036241055e-04 6.568226218223571777e-02 3.796015153056941926e-05 6.735174338245997205e-06 4.504246171563863754e-03
1.000000000000000000e+03 8.895365754142403603e-04 5.726141482591629028e-02 6.280918023549020290e-05 1.025847304845228791e-04 2.878204686567187309e-03 8.243244956247508526e-04 6.512350589036941528e-02 2.481602678017225116e-05 4.876585444435477257e-05 3.546726657077670097e-03
1.500000000000000000e+03 3.893980756402015686e-04 6.755179166793823242e-02 1.173005439341068268e-04 1.209428664878942072e-04 3.493294585496187210e-03 3.505692584440112114e-04 6.471104919910430908e-02 1.206415181513875723e-04 1.357239125354681164e-05 3.992364741861820221e-03
2.000000000000000000e+03 3.392882645130157471e-04 6.655503809452056885e-02 1.905251992866396904e-04 1.467321417294442654e-04 2.879950217902660370e-03 2.867217990569770336e-04 6.446811556816101074e-02 2.586693153716623783e-04 5.178782430448336527e-06 3.361343406140804291e-03
2.500000000000000000e+03 2.327756810700520873e-04 7.893059402704238892e-02 3.136625164188444614e-04 3.480454033706337214e-04 2.593777142465114594e-03 1.817878801375627518e-04 6.361553072929382324e-02 1.434033474652096629e-04 9.113783744396641850e-05 2.964884974062442780e-03
3.000000000000000000e+03 2.221692266175523400e-04 7.459511607885360718e-02 5.448846495710313320e-04 1.325456309132277966e-03 2.292147139087319374e-03 1.216333403135649860e-04 6.060014292597770691e-02 1.356418215436860919e-04 9.619277552701532841e-04 2.640153979882597923e-03
3.500000000000000000e+03 3.459243744146078825e-04 1.687648473307490349e-03 2.171577361878007650e-04 2.773529849946498871e-04 5.052820313721895218e-03 2.509473706595599651e-04 1.857010647654533386e-03 5.327094695530831814e-04 2.209626836702227592e-04 4.660095553845167160e-03
4.000000000000000000e+03 2.076419041259214282e-04 6.103231571614742279e-04 6.113960262155160308e-05 9.919970761984586716e-05 3.274940885603427887e-03 1.445108646294102073e-04 5.593925016000866890e-04 1.028503320412710309e-04 1.071717706508934498e-04 2.890971023589372635e-03
4.500000000000000000e+03 1.044349992298521101e-04 4.308674542699009180e-04 1.113521284423768520e-05 8.486157457809895277e-05 2.251931931823492050e-03 3.933867992600426078e-05 2.877607475966215134e-04 4.934951357427053154e-05 2.062245475826784968e-04 1.591513864696025848e-03
5.000000000000000000e+03 6.573738937731832266e-05 3.314450732432305813e-04 7.579122666356852278e-06 4.539899600786156952e-05 1.619866816326975822e-03 1.093244281946681440e-05 2.476404770277440548e-04 2.571459663158748299e-05 1.071263468475081027e-04 9.497887804172933102e-04
5.500000000000000000e+03 3.407018812140449882e-05 2.771528670564293861e-04 1.242662619915790856e-05 2.644135565788019449e-05 9.706541895866394043e-04 5.301356395648326725e-06 2.232543338323011994e-04 4.754948531626723707e-05 6.442628364311531186e-05 5.935709341429173946e-04
6.000000000000000000e+03 2.323699118278454989e-05 2.453014603815972805e-04 7.655128683836665004e-06 1.896251887956168503e-05 6.822468712925910950e-04 3.756420937861548737e-06 2.066877787001430988e-04 4.806460856343619525e-05 3.425849354243837297e-05 3.322230186313390732e-04
6.500000000000000000e+03 2.363357634749263525e-05 2.059656399069353938e-04 8.063670065894257277e-06 9.737818800203967839e-06 5.900501855649054050e-04 2.830116500263102353e-06 1.885880337795242667e-04 4.247553806635551155e-05 1.580284333613235503e-05 1.971107121789827943e-04
7.000000000000000000e+03 2.166074773413129151e-05 1.798730081645771861e-04 8.564335075789131224e-06 8.763418009039014578e-06 4.872081917710602283e-04 2.354130629100836813e-06 1.778885780368000269e-04 1.904393866425380111e-05 9.677544767328072339e-06 1.154851779574528337e-04
7.500000000000000000e+03 9.518674232822377235e-06 1.592943008290603757e-04 7.328643278015078977e-06 9.523410881229210645e-06 3.143674985039979219e-04 1.915418124553980306e-06 2.216439024778082967e-04 6.333305464067962021e-06 2.733867177084903233e-06 7.793540862621739507e-05
8.000000000000000000e+03 8.571599209972191602e-06 1.325593766523525119e-04 6.847768418083433062e-06 9.228798262483906001e-06 2.637094876263290644e-04 1.603084115231467877e-06 1.811821421142667532e-04 1.978092996068880893e-06 3.193744987584068440e-06 4.804550553672015667e-05
8.500000000000000000e+03 1.191874252981506288e-05 1.025667588692158461e-04 3.161602990076062270e-06 7.733398888376541436e-06 3.345031291246414185e-04 1.514791506451729219e-06 1.878247276181355119e-04 2.090215275529772043e-05 5.568642791331512854e-06 3.570792250684462488e-05
9.000000000000000000e+03 1.094598519557621330e-05 8.276422158814966679e-05 3.660696847873623483e-06 6.629779363720444962e-06 3.158508043270558119e-04 1.367882418890076224e-06 1.599213719600811601e-04 4.812084443983621895e-05 3.614023626141715795e-06 2.526450407458469272e-05
9.500000000000000000e+03 1.215068004967179149e-05 6.714030314469709992e-05 3.915428351319860667e-06 8.231399988289922476e-06 2.166065387427806854e-04 1.177218109660316259e-06 8.477995288558304310e-05 1.214358344441279769e-04 2.705531414903816767e-06 1.768132642609998584e-05
1.000000000000000000e+04 1.498123947385465726e-05 5.148484706296585500e-05 3.839107193925883621e-06 5.989583769405726343e-06 1.941184309544041753e-04 1.091078161152836401e-06 6.554129504365846515e-05 1.167002919828519225e-04 1.872204620667616837e-06 1.564909507578704506e-05
1.050000000000000000e+04 2.268550269945990294e-05 5.681041875504888594e-05 2.881178261304739863e-06 3.384095407454879023e-06 3.049549995921552181e-04 9.852655011854949407e-07 6.011849109199829400e-05 6.054616733308648691e-06 2.478013811924029142e-06 1.545769373478833586e-05
1.100000000000000000e+04 2.905377368733752519e-05 4.253982115187682211e-05 3.266549356339965016e-06 3.221304041289840825e-06 2.809576399158686399e-04 8.792229095888615120e-07 4.808223820873536170e-05 3.100917410847614519e-06 2.246909389214124531e-06 1.534768853161949664e-05
1.150000000000000000e+04 2.155306174245197326e-05 1.917932604555971920e-05 7.905005645625351463e-07 1.057220515576773323e-06 8.998950215755030513e-05 8.573649665777338669e-07 2.120231147273443639e-05 2.806652446452062577e-06 1.548194973111094441e-06 1.193700063595315441e-05
1.200000000000000000e+04 2.029097595368511975e-05 1.424857055098982528e-05 6.577477620339777786e-07 6.021746230544522405e-07 8.931695629144087434e-05 8.585838031649473123e-07 1.705417162156663835e-05 2.148714884242508560e-06 9.320838785242813174e-07 1.025393612508196384e-05
1.250000000000000000e+04 2.317195685463957489e-05 1.520113892183871940e-05 1.828855374697013758e-06 2.025956746365409344e-06 1.831814734032377601e-04 7.421768941640038975e-07 1.715554026304744184e-05 1.009622565106838010e-06 1.121923332902952097e-06 1.233394596056314185e-05
1.300000000000000000e+04 2.617207974253688008e-05 1.376897307636681944e-05 1.435208332623005845e-06 1.569721916894195601e-06 1.686610194155946374e-04 7.439515457008383237e-07 1.746751877362839878e-05 9.085290457733208314e-07 1.299132350141007919e-06 1.188613077829359099e-05
1.350000000000000000e+04 2.417126779619138688e-05 1.091080866899574175e-05 1.100729718928050715e-06 4.406909397403069306e-07 7.221567648230120540e-05 9.420562037121271715e-07 2.008544106502085924e-05 2.150343971152324229e-05 7.629367928529973142e-07 6.640241281274938956e-06
1.400000000000000000e+04 2.267409763589967042e-05 9.706111995910760015e-06 7.951282441354123875e-07 3.009402007592143491e-07 7.181784167187288404e-05 8.282177645924093667e-07 1.908631929836701602e-05 1.746974521665833890e-05 4.547015066691528773e-07 5.616581802314613014e-06
1.450000000000000000e+04 3.987023956142365932e-05 1.872197208285797387e-05 6.501736038444505539e-07 2.244205688839429058e-06 2.398502983851358294e-04 8.548335017621866427e-07 2.970537570945452899e-05 8.490210348099935800e-07 1.334542162112484220e-06 7.165253009588923305e-06
1.500000000000000000e+04 4.139361044508405030e-05 1.686859650362748653e-05 4.756335556521662511e-07 1.845048700488405302e-06 2.312202559551224113e-04 9.322034770775644574e-07 2.747490543697495013e-05 4.314952548156725243e-06 1.152495997303049080e-06 7.451980309269856662e-06
1.550000000000000000e+04 2.455527464917395264e-05 1.483012601966038346e-05 5.007424078939948231e-06 1.180716822091198992e-06 1.150906609836965799e-04 7.516427444897999521e-07 5.874367343494668603e-05 3.729294348886469379e-06 1.403970941282750573e-06 6.264713192649651319e-06
1.600000000000000000e+04 2.410107663308735937e-05 8.153482667694333941e-06 2.643368816279689781e-06 1.074493638952844776e-06 1.106427444028668106e-04 6.742353662048117258e-07 2.699560900509823114e-05 7.306549036911746953e-07 1.154386382040684111e-06 6.109213245508726686e-06
1.650000000000000000e+04 3.451162046985700727e-05 1.254189828614471480e-05 1.164300897471548524e-06 2.128329015249619260e-06 1.740890438668429852e-04 5.131847160555480514e-07 1.168534072348847985e-05 2.648695044626947492e-06 2.207085799454944208e-06 6.641855179623235017e-06
1.700000000000000000e+04 3.831345020444132388e-05 1.263597641809610650e-05 7.959261552059615497e-07 1.831763256632257253e-06 1.620215916773304343e-04 4.396496819936146494e-07 1.206084925797767937e-05 4.397216798679437488e-06 1.809603645597235300e-06 6.088569080020533875e-06
1.750000000000000000e+04 3.584181467886082828e-05 1.078441891877446324e-05 1.295765741815557703e-06 3.072187269026471768e-07 1.504730607848614454e-04 5.271185159472224768e-07 3.460532752797007561e-05 3.688349352160003036e-06 4.354250791038793977e-07 4.315304977353662252e-06
1.800000000000000000e+04 3.357549940119497478e-05 1.019008959701750427e-05 7.811724458406388294e-07 2.602431550258188508e-07 1.490911818109452724e-04 5.424761297945224214e-07 3.812177965301088989e-05 1.886266909423284233e-05 4.015822128167201299e-07 4.200458533887285739e-06
1.850000000000000000e+04 4.885123416897840798e-05 1.732608870952390134e-05 1.423724029336881358e-06 1.403645342179515865e-06 2.644460473675280809e-04 4.659730734601907898e-07 3.916081186616793275e-05 4.195054316369351000e-06 7.694052897022629622e-07 6.538131401612190530e-06
1.900000000000000000e+04 4.650147093343548477e-05 1.926098957483191043e-05 1.269085146304860245e-06 1.418301167177560274e-06 2.575294638518244028e-04 4.630744001588027459e-07 3.699913577293045819e-05 5.379715275921626016e-06 6.866786748105369043e-07 7.128528977773385122e-06
1.950000000000000000e+04 3.487314461381174624e-05 1.260215231013717130e-05 1.946373686223523691e-06 1.087258397092227824e-06 5.739070547861047089e-05 6.715171707583067473e-07 2.920290717156603932e-05 1.592632906977087259e-05 8.558806143810215872e-07 4.372149305709172040e-06
2.000000000000000000e+04 3.137718522339127958e-05 1.041822815750492737e-05 1.727870539980358444e-06 9.658959925218368880e-07 5.961698116152547300e-05 5.585306439570558723e-07 3.242848106310702860e-05 1.862811222963500768e-05 1.146141244134923909e-06 4.270826593710808083e-06
2.050000000000000000e+04 3.187905895174480975e-05 9.021313417179044336e-06 1.157649762717483100e-06 6.004865440445428248e-07 1.147439397755078971e-04 4.044237584821530618e-07 4.246356184012256563e-05 3.303162657175562344e-06 3.249352289458329324e-07 5.566896561504108831e-06
2.100000000000000000e+04 3.234295218135230243e-05 9.442989721719641238e-06 7.775652761665696744e-07 6.185431971061916556e-07 1.065388205461204052e-04 4.450299684322089888e-07 4.268331394996494055e-05 4.881761469732737169e-06 2.785660626614117064e-07 5.602175406238529831e-06
2.150000000000000000e+04 2.321022293472196907e-05 1.303707904298789799e-05 2.087970415232121013e-06 5.213668714532104786e-07 1.954807958099991083e-04 3.878904237808455946e-07 2.704212784010451287e-05 1.624539800104685128e-05 5.742052735513425432e-07 4.946132321492768824e-06
2.200000000000000000e+04 2.297835999343078583e-05 1.210444315802305937e-05 1.873675728347734548e-06 4.224100962346710730e-07 1.916704641189426184e-04 3.394049485905270558e-07 3.037364876945503056e-05 1.622371019038837403e-05 6.414031759049976245e-07 4.269928922440158203e-06
2.250000000000000000e+04 2.704631333472207189e-05 8.837825589580461383e-06 6.307582793851906899e-07 7.329529125854605809e-07 1.051144354278221726e-04 4.911227620141289663e-07 2.216916982433758676e-05 2.168674473068676889e-05 1.302749410569958854e-07 3.720350150615558960e-06
2.300000000000000000e+04 2.421794306428637356e-05 8.861774404067546129e-06 3.788442199947894551e-07 6.339560059132054448e-07 1.056605688063427806e-04 4.986375756743655074e-07 1.963143586181104183e-05 2.411865170870441943e-05 1.233959920909910579e-07 3.922704763681394979e-06
2.350000000000000000e+04 3.575728987925685942e-05 8.809662176645360887e-06 3.333616405143402517e-07 6.673758434772025794e-07 8.136859833030030131e-05 4.048989126204105560e-07 1.958583561645355076e-05 1.142946057370863855e-04 6.254905997593596112e-07 5.659086582454619929e-06
2.400000000000000000e+04 3.386156095075421035e-05 8.533912478014826775e-06 3.439807017002749490e-07 6.876774705233401619e-07 7.714825187576934695e-05 4.202622392313060118e-07 2.077246790577191859e-05 7.059024210320785642e-05 2.329403656631257036e-07 5.992095339024672285e-06
2.450000000000000000e+04 2.155284346372354776e-05 1.099231121770571917e-05 3.893584903380542528e-07 1.007411356113152578e-06 8.093679934972897172e-05 4.100753301372606074e-07 3.110048419330269098e-05 8.840949885779991746e-05 2.649359657880268060e-06 4.412726866576122120e-06
2.500000000000000000e+04 2.174356995965354145e-05 1.058532961906166747e-05 4.022601558517635567e-07 4.878884283243678510e-07 7.871827983763068914e-05 3.753205817247362575e-07 3.447379640419967473e-05 8.928669558372348547e-05 2.929296670117764734e-06 4.262439688318409026e-06
2.550000000000000000e+04 3.005735743499826640e-05 9.590927220415323973e-06 1.104813009078497998e-06 9.576494903740240261e-07 7.287036714842543006e-05 3.878599272866267711e-07 5.249905734672211111e-05 1.581565265951212496e-05 1.025329311232781038e-06 3.889527761202771217e-06
2.600000000000000000e+04 2.890597897931002080e-05 8.352481927431654185e-06 6.918130566191393882e-07 7.903718710622342769e-07 7.134864426916465163e-05 3.920251288036524784e-07 5.161011722520925105e-05 1.108922424464253709e-05 8.594824407737178262e-07 3.794648137045442127e-06
2.650000000000000000e+04 2.676374242582824081e-05 1.023797995003405958e-05 3.929510512534761801e-07 2.538556316267204238e-07 1.186506415251642466e-04 3.342645413795253262e-07 1.358380632154876366e-05 9.929762200044933707e-06 6.524002742480661254e-07 5.174042144062696025e-06
2.700000000000000000e+04 2.762907024589367211e-05 1.040471943269949406e-05 3.526069178860780085e-07 1.921580974340031389e-07 1.135369675466790795e-04 3.039450575670343824e-07 1.279596926906378940e-05 1.103666272683767602e-05 4.487627620619605295e-07 4.748975243273889646e-06
2.750000000000000000e+04 2.546409450587816536e-05 8.497770977555774152e-06 4.352575615484965965e-07 3.928386149709695019e-07 7.421121699735522270e-05 2.971524111217149766e-07 2.236503860331140459e-05 2.644975211296696216e-05 2.738830744419828989e-07 3.417923835513647646e-06
2.800000000000000000e+04 2.410802335361950099e-05 8.670087481732480228e-06 2.860375900581857422e-07 3.796733096805837704e-07 7.116702909115701914e-05 2.881993452774622710e-07 2.591000520624220371e-05 4.553053076961077750e-05 3.883636736645712517e-07 3.489586561045143753e-06
2.850000000000000000e+04 2.838078580680303276e-05 1.194171090901363641e-05 2.401901610937784426e-07 1.832594762163353153e-06 1.719908032100647688e-04 3.243699779886810575e-07 2.602648055471945554e-05 1.927347284436109476e-06 5.394576874095946550e-07 3.373286062924307771e-06
2.900000000000000000e+04 2.782224146358203143e-05 1.155219797510653734e-05 1.771504116732103284e-07 1.207707555295201018e-06 1.704658352537080646e-04 3.218209769784152741e-07 2.500645859981887043e-05 1.346510202893114183e-06 4.727077680399816018e-07 3.256224317738087848e-06
2.950000000000000000e+04 1.880340096249710768e-05 9.705479897093027830e-06 1.447511976948590018e-07 5.090552690489857923e-07 6.029951691743917763e-05 2.730930361849459587e-07 2.918027348641771823e-05 1.368646189803257585e-05 2.177033593397936784e-07 2.437728198856348172e-06
3.000000000000000000e+04 1.805141437216661870e-05 9.242307896784041077e-06 1.635675914712919621e-07 3.069671947741881013e-07 5.895494177821092308e-05 2.374625012180331396e-07 3.103366907453164458e-05 8.769199666858185083e-06 3.616677872742002364e-07 2.316701056770398282e-06
3.050000000000000000e+04 2.615537596284411848e-05 8.924405847210437059e-06 2.805129497573943809e-07 1.015689576888689771e-06 1.082731541828252375e-04 2.741269895523146261e-07 2.051108458545058966e-05 3.382876457180827856e-05 2.385498873991309665e-07 3.461844471530639566e-06
3.100000000000000000e+04 2.460677205817773938e-05 7.252604063978651538e-06 2.731609640704846242e-07 9.155994007414847147e-07 1.070579310180619359e-04 2.627283777201228077e-07 2.156509799533523619e-05 3.561036646715365350e-05 1.820045696376837441e-07 3.592039774957811460e-06
3.150000000000000000e+04 1.679683919064700603e-05 6.740977823938010260e-06 2.830783216722920770e-07 2.711069555516587570e-07 7.884610386099666357e-05 2.242151708742312621e-07 1.135994170908816159e-05 5.206426794757135212e-05 1.747088163028820418e-07 3.170162926835473627e-06
3.200000000000000000e+04 1.554001937620341778e-05 5.582313860941212624e-06 1.600156167569366517e-07 2.331943704803052242e-07 7.918875053292140365e-05 2.021399865270723240e-07 1.188112128147622570e-05 5.640144445351324975e-05 1.444832093966397224e-07 2.949291001641540788e-06
3.250000000000000000e+04 1.528364919067826122e-05 6.741548077116021886e-06 9.551604307489469647e-07 1.287599502575176302e-07 6.057795326341874897e-05 1.441909205368574476e-07 1.594356945133768022e-05 1.636295223761408124e-06 1.073008917273909901e-07 2.876220378311700188e-06
3.300000000000000000e+04 1.427813549526035786e-05 6.296359970292542130e-06 7.113458195817656815e-07 1.237823852306974004e-07 6.057340215193107724e-05 1.218569849470441113e-07 1.736815283948089927e-05 1.639406605136173312e-06 1.115268730700336164e-07 2.744833409451530315e-06
3.350000000000000000e+04 2.138549461960792542e-05 6.930784365977160633e-06 1.847943309485344798e-07 1.285792166072496912e-07 8.397854253416880965e-05 1.844454402544215554e-07 1.417586099705658853e-05 4.162487812209292315e-07 1.462846483946123044e-07 3.112344302280689590e-06
3.400000000000000000e+04 2.019717248913366348e-05 6.858526376163354144e-06 1.646546365918766242e-07 1.074824353963776957e-07 8.128083572955802083e-05 1.822913304749818053e-07 1.403141232003690675e-05 3.664957830551429652e-07 1.770870596828899579e-07 3.098655270150629804e-06
3.450000000000000000e+04 2.125289393006823957e-05 7.426779120578430593e-06 2.862018106952746166e-07 4.627701741810597014e-07 6.851282523712143302e-05 1.313976838446251350e-07 1.784920095815323293e-05 1.339124537480529398e-05 1.518198189387476305e-07 3.617439688241574913e-06
3.500000000000000000e+04 2.018402483372483402e-05 8.771070497459731996e-06 2.024497831598637276e-07 4.746806041566742351e-07 6.691407907055690885e-05 1.251099206456274260e-07 1.883612458186689764e-05 1.716235783533193171e-05 1.195542580489927786e-07 4.133543370699044317e-06
3.550000000000000000e+04 2.037264493992552161e-05 6.260743703023763373e-06 2.171379378523852210e-07 1.829183418067259481e-07 7.853846909711137414e-05 1.541861536225042073e-07 2.235079045931342989e-05 1.624710967007558793e-05 2.766740294646297116e-07 4.994999471819028258e-06
3.600000000000000000e+04 2.021146974584553391e-05 6.276954536588164046e-06 1.736288481879455503e-07 1.814325685245421482e-07 7.489843846997246146e-05 1.558453419647776172e-07 1.969800905499141663e-05 1.379462446493562311e-05 2.613183767152804649e-07 5.115508429298643023e-06
3.650000000000000000e+04 2.348206180613487959e-05 8.098323633021209389e-06 1.111801424258374027e-07 9.208237372604344273e-08 1.062065857695415616e-04 1.457859468700917205e-07 1.212999814015347511e-05 5.381478331401012838e-06 6.591609036377121811e-08 5.099719601275864989e-06
3.700000000000000000e+04 2.338730701012536883e-05 8.537368557881563902e-06 9.628352160007125349e-08 8.593096367803809699e-08 1.036735411616973579e-04 1.446804418492320110e-07 1.210649134009145200e-05 4.882326720689889044e-06 6.370220262397197075e-08 5.163210516911931336e-06
3.750000000000000000e+04 2.573624442447908223e-05 9.417822184332180768e-06 3.035161739717295859e-07 1.505770654830485000e-07 1.138585430453531444e-04 1.172434735963179264e-07 2.319525628990959376e-05 1.326605115536949597e-06 3.327207878101035021e-07 2.717398729146225378e-06
3.800000000000000000e+04 2.501794187992345542e-05 8.631388482172042131e-06 2.351373495912412181e-07 1.427637954520832864e-07 1.108578217099420726e-04 1.260850410744751571e-07 2.416782444925047457e-05 6.691291787319642026e-07 2.975598363263998181e-07 2.465206534907338209e-06
3.850000000000000000e+04 1.679333581705577672e-05 7.251037914102198556e-06 2.129784490989550250e-07 5.623002152788103558e-08 8.003795664990320802e-05 1.293715428118957789e-07 1.710190736048389226e-05 1.231532496603904292e-05 1.370994624494414893e-07 2.704975486267358065e-06
3.900000000000000000e+04 1.638922549318522215e-05 7.142341019061859697e-06 1.739168880021679797e-07 7.037067462078994140e-08 7.746926712570711970e-05 1.157335560719729983e-07 1.734792385832406580e-05 1.648114084673579782e-05 1.200595676209559315e-07 2.391499037912581116e-06
3.950000000000000000e+04 1.752429670887067914e-05 6.202748409123159945e-06 1.334819472731396672e-07 9.561497336108004674e-07 6.515147833852097392e-05 1.107040077386045596e-07 1.542086647532414645e-05 7.288689971574058291e-07 8.602339107710577082e-08 2.611253421491710469e-06
4.000000000000000000e+04 1.634454747545532882e-05 5.604486432275734842e-06 9.823279611964608193e-08 7.172052960413566325e-07 6.330637552309781313e-05 1.275020764524015249e-07 1.579808122187387198e-05 1.065238279807090294e-06 2.190353569631042774e-07 2.553036665631225333e-06
4.050000000000000000e+04 2.145173675671685487e-05 1.032069576467620209e-05 1.432663196965222596e-07 3.451030181622627424e-07 1.634372019907459617e-04 1.358880155066799489e-07 1.567499202792532742e-05 9.576687034495989792e-07 3.369852663581696106e-07 3.461928827164229006e-06
4.100000000000000000e+04 1.952694583451375365e-05 1.025413530442165211e-05 1.120033275014975516e-07 2.313123985686615924e-07 1.617570087546482682e-04 1.327285445995585178e-07 1.511860864411573857e-05 1.459148961657774635e-06 4.815320835405145772e-07 3.826367446890799329e-06
4.150000000000000000e+04 7.617250957991927862e-06 9.483397661824710667e-06 8.940386919675802346e-08 4.561298538874325459e-08 1.016371752484701574e-04 1.173649764041329036e-07 9.484645488555543125e-06 6.922333000147773419e-07 7.169078486413127393e-08 3.005301323355524801e-06
4.200000000000000000e+04 7.683985131734516472e-06 7.468054263881640509e-06 6.783102435292676091e-08 3.037431284269587195e-08 1.009485786198638380e-04 1.107074325545909232e-07 9.835466698859818280e-06 8.171085141839284915e-07 6.449020872878463706e-08 2.364990677961031906e-06
4.250000000000000000e+04 1.353125662717502564e-05 3.570572516764514148e-06 1.878678261846289388e-07 1.812964356417978706e-08 7.174427446443587542e-05 1.185895399657965754e-07 1.293795958190457895e-05 4.767340669786790386e-06 1.082768008586754149e-07 1.596053380126249976e-06
4.300000000000000000e+04 1.349007106909994036e-05 3.391211521375225857e-06 1.191579031001310796e-07 2.344005878285315703e-08 6.865072646178305149e-05 1.151452551084730658e-07 1.352084109385032207e-05 3.156153752570389770e-06 1.944730882996736909e-07 1.397678488501696847e-06
