# step, loss_train, loss_test, metrics_test
0.000000000000000000e+00 4.966339096426963806e-02 2.076407372951507568e-01 1.933138072490692139e-02 4.281427711248397827e-03 7.602670695632696152e-03 5.010656267404556274e-02 3.015256822109222412e-01 1.828743517398834229e-02 3.242968115955591202e-03 8.868552744388580322e-03
5.000000000000000000e+02 2.105057064909487963e-04 7.452385127544403076e-02 6.484022596850991249e-04 9.429509373148903251e-05 1.186604145914316177e-03 1.927461562445387244e-04 8.364091068506240845e-02 1.143866538768634200e-04 1.879808114608749747e-04 2.060176106169819832e-03
1.000000000000000000e+03 2.564378781244158745e-03 6.431141495704650879e-02 8.956642122939229012e-04 1.613940403331071138e-04 1.651879632845520973e-03 2.553183585405349731e-03 7.044648379087448120e-02 1.881264906842261553e-04 3.912147076334804296e-04 2.462399192154407501e-03
1.500000000000000000e+03 1.649921294301748276e-03 7.491674274206161499e-02 9.431481012143194675e-04 1.264394086319953203e-04 2.695316681638360023e-03 1.614482956938445568e-03 6.842425465583801270e-02 1.320594456046819687e-04 3.819327394012361765e-04 3.390752244740724564e-03
2.000000000000000000e+03 9.538699523545801640e-04 7.202853262424468994e-02 5.983242881484329700e-04 1.431791170034557581e-04 3.815951757133007050e-03 9.215328609570860863e-04 6.727878749370574951e-02 2.813276114466134459e-05 4.494360473472625017e-04 4.442524164915084839e-03
2.500000000000000000e+03 7.500023930333554745e-04 8.338803052902221680e-02 3.525478823576122522e-04 1.817501324694603682e-04 5.094083026051521301e-03 7.194378995336592197e-04 6.612058728933334351e-02 5.255587893771007657e-06 4.850631521549075842e-04 5.571794696152210236e-03
3.000000000000000000e+03 4.966736887581646442e-04 8.241128921508789062e-02 2.169090730603784323e-04 1.820134348236024380e-04 5.867596715688705444e-03 4.707690968643873930e-04 6.579722464084625244e-02 1.319883176620351151e-05 4.271582874935120344e-04 6.301398854702711105e-03
3.500000000000000000e+03 1.179019920527935028e-03 6.668482720851898193e-02 6.932225369382649660e-05 2.100445271935313940e-04 4.626137204468250275e-03 1.151133212260901928e-03 6.575764715671539307e-02 6.327168375719338655e-05 4.617078811861574650e-04 5.196574144065380096e-03
4.000000000000000000e+03 1.256348565220832825e-03 6.656453758478164673e-02 6.338029197650030255e-05 1.538213546155020595e-04 4.267773590981960297e-03 1.223571947775781155e-03 6.561429798603057861e-02 3.952285987907089293e-05 3.355327062308788300e-04 4.852611571550369263e-03
4.500000000000000000e+03 1.479709026170894504e-04 5.400086939334869385e-02 4.310052463551983237e-05 7.056415779516100883e-05 3.542562015354633331e-03 1.315121335210278630e-04 6.836102902889251709e-02 4.984334736946038902e-05 1.245813764398917556e-04 4.173868335783481598e-03
5.000000000000000000e+03 1.573513000039383769e-04 5.403100326657295227e-02 4.462520882952958345e-05 7.076453766785562038e-05 3.425533184781670570e-03 1.403087953804060817e-04 6.832695007324218750e-02 3.230419679312035441e-05 9.393892105435952544e-05 4.060209263116121292e-03
5.500000000000000000e+03 2.409422158962115645e-04 5.889501795172691345e-02 6.794227374484762549e-05 5.269561006571166217e-05 3.505197353661060333e-03 2.194946428062394261e-04 6.748420745134353638e-02 1.059676378645235673e-05 6.028844290995039046e-05 4.076624289155006409e-03
6.000000000000000000e+03 2.644078922457993031e-04 5.886603891849517822e-02 6.607503019040450454e-05 5.444201451609842479e-05 3.389540594071149826e-03 2.375009935349225998e-04 6.727272272109985352e-02 1.040917413774877787e-05 4.061956860823556781e-05 3.962685354053974152e-03
6.500000000000000000e+03 2.289282128913328052e-04 6.040971726179122925e-02 1.006901147775352001e-04 5.277943637338466942e-05 3.734066616743803024e-03 1.925797841977328062e-04 6.670703738927841187e-02 1.377300759486388415e-05 1.888203769340179861e-05 4.346375353634357452e-03
7.000000000000000000e+03 2.552979858592152596e-04 6.033879518508911133e-02 1.001097043626941741e-04 5.646337740472517908e-05 3.546422347426414490e-03 2.158693096134811640e-04 6.663887947797775269e-02 1.322844036621972919e-05 1.131677345256321132e-05 4.156632348895072937e-03
7.500000000000000000e+03 4.948718124069273472e-04 7.373955845832824707e-02 9.914967813529074192e-05 1.161617474281229079e-04 4.063595551997423172e-03 4.332489334046840668e-04 6.499558687210083008e-02 2.696700175874866545e-05 2.539386514399666339e-05 4.622203763574361801e-03
8.000000000000000000e+03 5.328622064553201199e-04 7.354570180177688599e-02 9.517165744910016656e-05 1.300459553021937609e-04 3.608825849369168282e-03 4.688235349021852016e-04 6.487040966749191284e-02 4.353619442554190755e-05 2.386099731666035950e-05 4.157515708357095718e-03
8.500000000000000000e+03 2.651657268870621920e-04 5.680521577596664429e-02 6.270012818276882172e-05 1.005145750241354108e-04 2.414954826235771179e-03 2.372930030105635524e-04 6.655601412057876587e-02 4.382754559628665447e-05 1.190010516438633204e-05 3.049399703741073608e-03
9.000000000000000000e+03 2.106437605107203126e-04 5.663200840353965759e-02 6.671669689239934087e-05 9.472956298850476742e-05 2.293332945555448532e-03 1.902297517517581582e-04 6.651496887207031250e-02 5.535623495234176517e-05 1.032153522828593850e-05 2.914962591603398323e-03
9.500000000000000000e+03 3.442617598921060562e-04 5.391660332679748535e-02 5.389700527302920818e-05 1.360320748062804341e-04 2.072515198960900307e-03 3.176269528921693563e-04 6.551708281040191650e-02 7.926525722723454237e-05 3.333242420922033489e-05 2.707773819565773010e-03
1.000000000000000000e+04 2.849128795787692070e-04 5.372723191976547241e-02 6.535037391586229205e-05 1.590301108080893755e-04 1.969516742974519730e-03 2.604563196655362844e-04 6.522121280431747437e-02 1.482072548242285848e-04 5.114650411996990442e-05 2.599636092782020569e-03
1.050000000000000000e+04 2.701806370168924332e-04 5.537576228380203247e-02 1.907712430693209171e-04 1.692969381110742688e-04 1.919731264933943748e-03 2.329199342057108879e-04 6.487542390823364258e-02 1.763987529557198286e-04 3.446307891863398254e-05 2.443066798150539398e-03
1.100000000000000000e+04 2.665500796865671873e-04 5.500933155417442322e-02 2.597268030513077974e-04 2.407528954790905118e-04 1.722335116937756538e-03 2.095154777634888887e-04 6.443336606025695801e-02 2.378016215516254306e-04 6.510244566015899181e-05 2.249152399599552155e-03
1.150000000000000000e+04 6.177530158311128616e-04 6.527718156576156616e-02 3.328163584228605032e-04 3.927402140107005835e-04 1.599780167452991009e-03 4.700959252659231424e-04 6.245680153369903564e-02 7.032193825580179691e-04 3.672646707855165005e-04 2.170592313632369041e-03
1.200000000000000000e+04 6.371705676428973675e-04 6.425184011459350586e-02 5.086552118882536888e-04 5.761642241850495338e-04 1.361206523142755032e-03 4.381261242087930441e-04 6.141136959195137024e-02 8.819076465442776680e-04 6.730874883942306042e-04 1.936017069965600967e-03
1.250000000000000000e+04 4.571415483951568604e-04 6.559026241302490234e-02 6.034076213836669922e-04 8.972826180979609489e-04 1.534009585157036781e-03 2.997571427840739489e-04 5.995069444179534912e-02 7.211432093754410744e-04 5.767980474047362804e-04 2.070875838398933411e-03
1.300000000000000000e+04 7.187069859355688095e-04 6.242907047271728516e-02 8.783829980529844761e-04 1.097807660698890686e-03 1.400560024194419384e-03 4.917940823361277580e-04 5.615258216857910156e-02 9.432337246835231781e-04 1.013184199109673500e-03 1.916510867886245251e-03
1.350000000000000000e+04 6.714225746691226959e-04 5.603430792689323425e-02 8.530689519830048084e-04 1.052335603162646294e-03 1.109878416173160076e-03 4.773964756168425083e-04 5.186546593904495239e-02 4.726010665763169527e-04 1.951419515535235405e-03 1.648816862143576145e-03
1.400000000000000000e+04 7.840328034944832325e-04 4.890516400337219238e-02 8.426929125562310219e-04 1.529850880615413189e-03 1.140467356890439987e-03 5.815587355755269527e-04 4.331501573324203491e-02 3.825820167548954487e-04 3.530688816681504250e-03 1.601579017005860806e-03
1.450000000000000000e+04 5.480972467921674252e-04 4.125596582889556885e-02 5.588058265857398510e-04 1.909850165247917175e-03 1.753170858137309551e-03 3.860890283249318600e-04 3.813039883971214294e-02 4.107214335817843676e-04 2.394473413005471230e-03 1.937225344590842724e-03
1.500000000000000000e+04 4.348565125837922096e-04 3.703639283776283264e-02 3.412306832615286112e-04 1.869720523245632648e-03 2.077129203826189041e-03 2.958269324153661728e-04 3.333159908652305603e-02 5.532610812224447727e-04 2.895442303270101547e-03 2.198891714215278625e-03
1.550000000000000000e+04 3.339881659485399723e-04 2.976876311004161835e-02 2.912348718382418156e-04 1.229815999977290630e-03 1.446341746486723423e-03 2.288434043293818831e-04 3.174751996994018555e-02 5.400275113061070442e-04 1.790671725757420063e-03 1.768557005561888218e-03
1.600000000000000000e+04 3.125570947304368019e-04 2.814359776675701141e-02 2.634408301673829556e-04 1.183806220069527626e-03 1.477307989262044430e-03 2.056140074273571372e-04 2.939381264150142670e-02 4.931229632347822189e-04 1.857700874097645283e-03 1.771574956364929676e-03
1.650000000000000000e+04 3.331903135403990746e-04 3.134416043758392334e-02 2.716568706091493368e-04 1.425137976184487343e-03 2.666087821125984192e-03 1.838178432080894709e-04 2.656836435198783875e-02 5.182979512028396130e-04 2.006272785365581512e-03 2.568814205005764961e-03
1.700000000000000000e+04 3.661850641947239637e-04 2.797059714794158936e-02 3.708028525579720736e-04 1.342104165814816952e-03 2.705845749005675316e-03 1.924354291986674070e-04 2.326766774058341980e-02 3.794464864768087864e-04 2.112045418471097946e-03 2.560449531301856041e-03
1.750000000000000000e+04 8.516644011251628399e-04 2.084419690072536469e-02 4.833959101233631372e-04 1.150101539678871632e-03 2.369360765442252159e-03 5.130023346282541752e-04 1.590880937874317169e-02 3.252840833738446236e-04 7.997726090252399445e-03 2.386073581874370575e-03
1.800000000000000000e+04 9.131862898357212543e-04 1.692938804626464844e-02 4.905234090983867645e-04 9.251307928934693336e-04 2.387725049629807472e-03 5.186981288716197014e-04 1.281941309571266174e-02 2.451869659125804901e-04 6.619154475629329681e-03 2.344404114410281181e-03
1.850000000000000000e+04 3.346614830661565065e-04 1.415785588324069977e-02 4.770827654283493757e-04 5.846581188961863518e-04 2.205476863309741020e-03 1.888202241389080882e-04 1.428990438580513000e-02 1.512013841420412064e-04 4.285445029381662607e-04 2.011399017646908760e-03
1.900000000000000000e+04 2.909367321990430355e-04 1.056171115487813950e-02 4.233214713167399168e-04 4.354708362370729446e-04 2.346092369407415390e-03 1.659348781686276197e-04 1.105337310582399368e-02 1.002694043563678861e-04 3.005770849995315075e-04 2.062288345769047737e-03
1.950000000000000000e+04 3.963671333622187376e-04 7.902733050286769867e-03 3.470793599262833595e-04 3.698147193063050508e-04 2.455066656693816185e-03 2.188066282542422414e-04 6.612872704863548279e-03 2.045635774265974760e-04 7.824386702850461006e-04 2.375402022153139114e-03
2.000000000000000000e+04 3.007003106176853180e-04 5.365591496229171753e-03 2.479603863321244717e-04 3.431622753851115704e-04 2.609306713566184044e-03 1.727143535390496254e-04 4.639827646315097809e-03 1.808661472750827670e-04 3.777325036935508251e-04 2.437161281704902649e-03
2.050000000000000000e+04 2.764803939498960972e-04 3.436180064454674721e-03 1.679091510595753789e-04 2.089494228130206466e-04 2.950623165816068649e-03 1.629340258659794927e-04 3.839216893538832664e-03 1.924808166222646832e-04 1.071724254870787263e-04 2.376859541982412338e-03
2.100000000000000000e+04 2.441519754938781261e-04 2.597553189843893051e-03 1.181727275252342224e-04 1.113319885917007923e-04 2.755497815087437630e-03 1.360760943498462439e-04 2.966520376503467560e-03 1.614686916582286358e-04 6.225128890946507454e-05 2.159612486138939857e-03
2.150000000000000000e+04 1.983175025088712573e-04 2.280499786138534546e-03 1.022052820189855993e-04 1.403923815814778209e-04 2.116308780387043953e-03 1.065332253347150981e-04 2.047677990049123764e-03 2.260048640891909599e-04 1.054756576195359230e-04 1.856571878306567669e-03
2.200000000000000000e+04 1.763408508850261569e-04 1.867874641902744770e-03 6.262007809709757566e-05 1.202668281621299684e-04 1.951271202415227890e-03 8.651464304421097040e-05 1.582666183821856976e-03 1.749520743032917380e-04 1.395356812281534076e-04 1.678532687947154045e-03
2.250000000000000000e+04 1.316241978202015162e-04 1.469723298214375973e-03 4.424585858942009509e-05 7.593239570269361138e-05 1.852364512160420418e-03 6.386698805727064610e-05 1.253078575246036053e-03 1.077604974852874875e-04 1.498729980085045099e-04 1.616419991478323936e-03
2.300000000000000000e+04 1.050319333444349468e-04 1.245623338036239147e-03 3.110876423306763172e-05 5.464376226882450283e-05 1.710444455966353416e-03 4.761196760227903724e-05 1.023751567117869854e-03 7.033728616079315543e-05 1.266809558728709817e-04 1.460472820326685905e-03
2.350000000000000000e+04 1.341632596449926496e-04 1.230330439284443855e-03 2.277547537232749164e-05 6.272851896937936544e-05 1.556204981170594692e-03 4.200036710244603455e-05 7.379978196695446968e-04 6.461654265876859426e-05 9.525140922050923109e-05 1.131800934672355652e-03
2.400000000000000000e+04 1.129584488808177412e-04 1.101421192288398743e-03 2.010604839597363025e-05 6.838703848188742995e-05 1.455912482924759388e-03 3.071386527153663337e-05 6.386031745932996273e-04 6.121581827756017447e-05 1.069108984665945172e-04 1.029254286549985409e-03
2.450000000000000000e+04 7.513581658713519573e-05 1.048813341185450554e-03 1.972325298993382603e-05 9.265024709748104215e-05 1.532572205178439617e-03 3.027857201232109219e-05 5.581153673119843006e-04 3.743932757060974836e-05 1.155658319476060569e-04 1.007885206490755081e-03
2.500000000000000000e+04 6.450653745559975505e-05 8.657642174512147903e-04 1.911510480567812920e-05 7.286089385161176324e-05 1.410284079611301422e-03 2.407760985079221427e-05 4.745041369460523129e-04 2.383464379818178713e-05 9.199924534186720848e-05 8.867247379384934902e-04
2.550000000000000000e+04 4.902678483631461859e-05 6.364595028571784496e-04 3.739617750397883356e-05 6.077880243537947536e-05 1.107296324335038662e-03 1.725770198390819132e-05 3.908549260813742876e-04 2.493333522579632699e-05 6.982320337556302547e-05 8.286708034574985504e-04
2.600000000000000000e+04 4.100574733456596732e-05 5.261989426799118519e-04 3.107345764874480665e-05 4.585522765410132706e-05 1.015168381854891777e-03 1.338085348834283650e-05 3.357017412781715393e-04 1.768443689798004925e-05 5.970792335574515164e-05 7.214227225631475449e-04
2.650000000000000000e+04 4.445661761565133929e-05 4.406683437991887331e-04 7.287798780453158543e-06 2.548120392020791769e-05 1.100162160582840443e-03 9.939444680640008301e-06 3.011047956533730030e-04 3.869947249768301845e-06 3.610071871662512422e-05 5.609555519185960293e-04
2.700000000000000000e+04 3.692697646329179406e-05 3.776300873141735792e-04 6.451285116781946272e-06 1.558942130941431969e-05 1.013978500850498676e-03 8.057229933911003172e-06 2.616703859530389309e-04 3.987110176240094006e-06 2.383600804023444653e-05 4.676444514188915491e-04
2.750000000000000000e+04 2.308014700247440487e-05 3.030035586562007666e-04 1.399269149260362610e-05 1.285894904867745936e-05 6.562176276929676533e-04 6.891558768984396011e-06 2.478049427736550570e-04 7.882936188252642751e-06 1.626348966965451837e-05 4.102716338820755482e-04
2.800000000000000000e+04 1.830134169722441584e-05 2.506698365323245525e-04 1.117329611588502303e-05 1.149762192653724924e-05 6.001190631650388241e-04 5.483560926222708076e-06 2.163236640626564622e-04 1.001195505523355678e-05 1.431505188520532101e-05 3.490871458780020475e-04
2.850000000000000000e+04 1.806739055609796196e-05 2.090720372507348657e-04 1.321941635978873819e-05 1.280052310903556645e-05 7.388088852167129517e-04 3.926482349925208837e-06 1.778492296580225229e-04 8.433103175775613636e-06 8.036108738451730460e-06 3.037081041838973761e-04
2.900000000000000000e+04 1.494277330493787304e-05 1.686360628809779882e-04 9.781289008969906718e-06 9.984351891034748405e-06 6.839670822955667973e-04 3.155863169013173319e-06 1.471088617108762264e-04 1.084301675291499123e-05 7.572515642095822841e-06 2.516841341275721788e-04
2.950000000000000000e+04 1.168217386293690652e-05 1.336804853053763509e-04 9.479456821281928569e-06 6.189168743730988353e-06 5.742395878769457340e-04 2.895222223742166534e-06 1.203578722197562456e-04 1.847270868893247098e-05 1.615258588572032750e-05 2.013572084251791239e-04
3.000000000000000000e+04 1.103891099774045870e-05 1.099157452699728310e-04 7.050779004202922806e-06 5.050599156675161794e-06 5.181644228287041187e-04 2.582053411970264278e-06 1.039458147715777159e-04 1.467574202251853421e-05 1.879695082607213408e-05 1.602192205609753728e-04
3.050000000000000000e+04 9.425204552826471627e-06 8.637937571620568633e-05 6.219252554728882387e-06 4.902155978925293311e-06 4.368240479379892349e-04 2.384321078352513723e-06 1.027780817821621895e-04 7.816081051714718342e-06 5.710101959266467020e-06 1.456811005482450128e-04
3.100000000000000000e+04 7.489059498766437173e-06 7.217375241452828050e-05 6.182590823300415650e-06 3.623924840212566778e-06 4.138239892199635506e-04 1.847622456807584967e-06 9.197433973895385861e-05 7.987467142811510712e-06 3.843281319859670475e-06 1.263095327885821462e-04
3.150000000000000000e+04 5.394050731410970911e-06 5.053220957051962614e-05 1.790100213838741183e-06 2.228185167041374370e-06 3.398212720640003681e-04 1.369627284475427587e-06 6.375811062753200531e-05 2.858198513422394171e-06 1.284167956328019500e-05 1.090979349100962281e-04
3.200000000000000000e+04 4.884408554062247276e-06 3.699162334669381380e-05 1.410997469974972773e-06 1.778506771188403945e-06 3.140188637189567089e-04 1.048905460265814327e-06 5.443481495603919029e-05 3.884458692482439801e-06 1.410832010151352733e-05 9.084855264518409967e-05
3.250000000000000000e+04 7.166243449319154024e-06 4.198166061541996896e-05 4.804521267942618579e-06 1.989296833926346153e-06 2.686121442820876837e-04 9.866258778856717981e-07 6.968116213101893663e-05 5.468158633448183537e-06 3.889774234266951680e-06 7.630746404174715281e-05
3.300000000000000000e+04 6.832517101429402828e-06 3.789030233747325838e-05 4.493240339797921479e-06 1.759524707267701160e-06 2.508920733816921711e-04 8.448425887763733044e-07 6.504267366835847497e-05 3.834866674878867343e-06 3.274899427196942270e-06 6.525268690893426538e-05
3.350000000000000000e+04 6.385175765899475664e-06 4.838210224988870323e-05 3.027481852768687531e-06 2.614466666273074225e-06 3.503868356347084045e-04 6.474551810242701322e-07 4.616950900526717305e-05 5.427261839940911159e-06 3.891408596246037632e-06 5.081751442048698664e-05
3.400000000000000000e+04 6.314520305750193074e-06 4.183201599516905844e-05 2.779193664537160657e-06 2.319196937605738640e-06 3.245391417294740677e-04 5.963912030892970506e-07 3.903756805812008679e-05 5.728993528464343399e-06 4.959150373906595632e-06 4.162285767961293459e-05
3.450000000000000000e+04 6.112109076639171690e-06 3.518454104778356850e-05 1.906773263726790901e-06 2.084064362861681730e-06 3.096065483987331390e-04 6.079679906179080717e-07 8.012184116523712873e-05 1.362047987640835345e-05 3.974244464188814163e-06 3.659027424873784184e-05
3.500000000000000000e+04 6.471560027421219274e-06 3.097689477726817131e-05 1.321025592915248126e-06 1.636043407415854745e-06 2.917711390182375908e-04 5.424486175797937904e-07 8.680640894453972578e-05 1.463196076656458899e-05 3.082151351918582805e-06 3.192733493051491678e-05
3.550000000000000000e+04 5.468392373586539179e-06 3.466357156867161393e-05 3.192146095898351632e-06 1.230725047207670286e-06 3.079430898651480675e-04 4.603763557042839238e-07 5.881547986064106226e-05 1.771583265508525074e-05 2.480993771314388141e-06 2.832747486536391079e-05
3.600000000000000000e+04 5.871656867384444922e-06 3.175142410327680409e-05 2.537231011956464499e-06 1.066878667188575491e-06 2.888107264880090952e-04 4.308880932057945756e-07 5.602342935162596405e-05 1.285865982936229557e-05 2.406103931207326241e-06 2.516869426472112536e-05
3.650000000000000000e+04 6.827960078226169571e-06 3.752414704649709165e-05 1.111593292080215178e-06 1.765714614521129988e-06 3.304879937786608934e-04 4.511219913183595054e-07 2.635313649079762399e-05 1.039763174048857763e-05 1.570965082464681473e-06 2.328462869627401233e-05
3.700000000000000000e+04 7.197822469606762752e-06 3.523919076542370021e-05 1.002486101242539007e-06 1.508188120169506874e-06 3.177075705025345087e-04 4.183705186733277515e-07 2.430790118523873389e-05 1.278850322705693543e-05 1.225283313033287413e-06 2.180844239774160087e-05
3.750000000000000000e+04 1.113404414354590699e-05 2.671444781299214810e-05 1.269739527742785867e-06 1.688419843048905022e-06 3.320231626275926828e-04 4.027276645501842722e-07 5.461251566885039210e-05 3.045746325369691476e-06 3.490046537990565412e-06 2.315004167030565441e-05
3.800000000000000000e+04 1.205766238854266703e-05 2.539559500291943550e-05 7.758897027088096365e-07 1.568540142216079403e-06 3.164171939715743065e-04 3.513655144615768222e-07 5.403130853665061295e-05 5.393256742536323145e-06 2.372121116422931664e-06 2.119687451340723783e-05
3.850000000000000000e+04 1.131531826104037464e-05 2.059849612123798579e-05 1.500749476690543815e-06 8.583357953284576070e-07 2.489438629709184170e-04 3.704085997924266849e-07 5.426205825642682612e-05 5.673123268934432417e-06 6.067527010600315407e-06 2.125692117260769010e-05
3.900000000000000000e+04 1.225241157953860238e-05 1.876467649708501995e-05 1.120387082664819900e-06 6.631873930018628016e-07 2.384998078923672438e-04 4.251602945259946864e-07 5.088809848530218005e-05 7.428162462019827217e-06 7.148850272642448545e-06 2.053017487924080342e-05
3.950000000000000000e+04 1.248243734153220430e-05 2.032413249253295362e-05 1.450390413992863614e-06 1.318587237619794905e-06 2.006596187129616737e-04 5.343461566553742159e-07 4.105652624275535345e-05 8.315423656313214451e-06 4.199151590000838041e-06 1.787341534509323537e-05
4.000000000000000000e+04 1.357753808406414464e-05 1.953461105586029589e-05 1.252435254173178691e-06 8.577939070164575242e-07 1.935233594849705696e-04 5.755559868703130633e-07 4.233593426761217415e-05 5.791413059341721237e-06 7.612777608301257715e-06 1.724387766444124281e-05
4.050000000000000000e+04 1.653505751164630055e-05 2.136288821930065751e-05 1.341661004516936373e-06 1.801619646357721649e-06 2.916590892709791660e-04 4.617375282123248326e-07 2.684756873350124806e-05 1.243513793269812595e-06 1.477690943829657044e-06 1.295169658988015726e-05
4.100000000000000000e+04 1.717405757517553866e-05 1.975932354980614036e-05 8.686106980348995421e-07 1.496254753874382004e-06 2.862088149413466454e-04 4.623178142537653912e-07 2.469221180945169181e-05 1.227941424986056518e-06 8.257600256911246106e-07 1.263345802726689726e-05
4.150000000000000000e+04 1.107811658584978431e-05 1.487883127992972732e-05 8.335164807249384467e-07 1.164928562502609566e-06 1.617320667719468474e-04 6.488429562523378991e-07 1.794269155652727932e-05 1.005895001071621664e-06 3.374198058736510575e-06 9.734583727549761534e-06
4.200000000000000000e+04 1.078120749298250303e-05 1.398515269102063030e-05 6.695478873552929144e-07 1.012744746731186751e-06 1.604722638148814440e-04 6.064932449589832686e-07 1.679563320067245513e-05 1.114925225920160301e-06 2.966371312140836380e-06 8.509304279868956655e-06
4.250000000000000000e+04 1.803798295441083610e-05 1.474358214181847870e-05 4.898067231806635391e-07 3.504976007207005750e-07 1.885211968328803778e-04 6.351979777718952391e-07 3.428397758398205042e-05 1.535651972517371178e-05 1.198440168082015589e-05 1.022170181386172771e-05
4.300000000000000000e+04 1.910872197186108679e-05 1.382706705044256523e-05 4.188273692307120655e-07 3.093834095579950372e-07 1.837232994148507714e-04 7.058987421260098927e-07 3.195065437466837466e-05 2.337366822757758200e-05 1.656922177062369883e-05 1.059842998074600473e-05
4.350000000000000000e+04 1.536055970063898712e-05 1.535052069812081754e-05 1.316332372880424373e-06 2.523834609746700153e-06 1.569029118400067091e-04 6.347721637212089263e-07 1.908955346152652055e-05 6.185541110426129308e-07 6.385956794474623166e-07 7.519346127082826570e-06
4.400000000000000000e+04 1.502239319961518049e-05 1.359514226351166144e-05 1.067140829036361538e-06 2.140102651537745260e-06 1.566713035572320223e-04 6.699207233396009542e-07 1.697101288300473243e-05 9.036519372784823645e-07 7.012358196334389504e-07 6.835176009190035984e-06
4.450000000000000000e+04 1.889567101898137480e-05 1.468767641199519858e-05 6.344922098833194468e-07 1.694754814707266632e-06 2.148682979168370366e-04 7.338256864386494271e-07 1.566002356412354857e-05 1.498691858614620287e-06 1.006177512863359880e-06 1.070701910066418350e-05
4.500000000000000000e+04 2.081867387460079044e-05 1.514362884336151183e-05 5.452434379549231380e-07 1.382353616463660728e-06 2.053865755442529917e-04 7.303956977011694107e-07 1.792900184227619320e-05 1.969832510440028273e-06 1.474120836064685136e-06 1.092513593903277069e-05
4.550000000000000000e+04 2.776482506305910647e-05 1.751754643919412047e-05 7.916846129774057772e-07 4.141306533256283728e-07 2.803720999509096146e-04 6.904122074047336355e-07 1.673450060479808599e-05 2.009292074944823980e-06 8.155532214004779235e-07 1.120022625400451943e-05
4.600000000000000000e+04 2.891315671149641275e-05 1.687975236563943326e-05 8.587485353928059340e-07 3.084650188611703925e-07 2.702118945308029652e-04 8.109714713100402150e-07 1.710060860204976052e-05 3.743823526747291908e-06 1.159186240329290740e-06 1.112062454922124743e-05
4.650000000000000000e+04 2.346602923353202641e-05 1.382333994115469977e-05 8.132381026371149346e-07 4.322347706420259783e-07 1.183581553050316870e-04 9.087562489185074810e-07 1.413265727023826912e-05 1.309260255766275804e-06 1.984933078347239643e-06 7.304114205908263102e-06
4.700000000000000000e+04 2.143337223969865590e-05 1.221670117956819013e-05 6.379810884027392603e-07 3.393040515220491216e-07 1.194299984490498900e-04 9.186424563267792109e-07 1.405122020514681935e-05 9.927191513270372525e-07 3.372409082658123225e-06 6.416544692910974845e-06
4.750000000000000000e+04 1.759772021614480764e-05 8.694481948623433709e-06 4.386081400298280641e-07 3.632966354416566901e-07 6.909300282131880522e-05 9.699272141006076708e-07 2.345359098399057984e-05 1.666377670517249499e-06 3.323243163322331384e-06 8.363258530152961612e-06
4.800000000000000000e+04 1.810964386095292866e-05 8.037233783397823572e-06 4.656693022297986317e-07 3.130242873794486513e-07 6.653238961007446051e-05 8.514102205481322017e-07 2.331110954401083291e-05 2.516159611332113855e-06 2.647147312018205412e-06 8.359599632967729121e-06
4.850000000000000000e+04 1.967077696463093162e-05 8.152082045853603631e-06 7.390994483102986123e-07 1.790829060155374464e-06 8.858482033247128129e-05 6.558105383192014415e-07 1.339131813438143581e-05 2.343344476685160771e-06 1.339437289971101563e-06 8.777060429565608501e-06
4.900000000000000000e+04 2.011037759075406939e-05 7.486989488825201988e-06 6.261857379286084324e-07 1.615491555639891885e-06 8.468826854368671775e-05 5.984589392937778030e-07 1.311306732532102615e-05 2.081956836263998412e-06 1.969227014342322946e-06 8.567408258386421949e-06
4.950000000000000000e+04 2.149156534869689494e-05 1.040101051330566406e-05 7.092758664839493576e-07 2.459506049490300938e-06 1.095775951398536563e-04 6.335625357678509317e-07 1.266759591089794412e-05 1.837590616560191847e-06 1.232531644745904487e-06 7.995725354703608900e-06
5.000000000000000000e+04 2.105501152982469648e-05 1.056910605257144198e-05 6.001683914291788824e-07 2.301721224284847267e-06 1.076999615179374814e-04 6.208637159943464212e-07 1.195473760162713006e-05 2.143558504030806944e-06 1.507561137259472162e-06 7.778603503538761288e-06
5.050000000000000000e+04 2.845771996362600476e-05 1.516132124379510060e-05 5.075567628409771714e-07 1.798323978619009722e-06 2.138081617886200547e-04 4.867524694418534636e-07 1.647830868023447692e-05 2.814801291606272571e-06 2.535088469812762924e-06 9.322476216766517609e-06
5.100000000000000000e+04 2.803363531711511314e-05 1.576528484292794019e-05 4.945409273204859346e-07 1.576595877850195393e-06 2.090010821120813489e-04 4.620737286131770816e-07 1.994219383050221950e-05 3.594857162170228548e-06 2.322848104086006060e-06 9.344425052404403687e-06
5.150000000000000000e+04 2.484439937688875943e-05 1.137568960984935984e-05 5.641937264044827316e-07 1.092129878088599071e-06 1.420698681613430381e-04 5.551709705287066754e-07 1.912314110086299479e-05 2.125600985891651362e-06 3.135783572361106053e-06 7.764147994748782367e-06
5.200000000000000000e+04 2.457368645991664380e-05 1.056853670888813213e-05 5.097486450722499285e-07 8.750124038670037407e-07 1.398430904373526573e-04 5.099092277305317111e-07 1.634209002077113837e-05 2.005848955377587117e-06 6.272528480621986091e-06 7.570637990284012631e-06
5.250000000000000000e+04 2.338201193197164685e-05 9.716713975649327040e-06 3.148215341752802487e-07 2.231077758096944308e-07 1.344068150501698256e-04 5.020852427151112352e-07 1.599560710019432008e-05 5.877221155969891697e-06 3.675871630548499525e-05 7.936472684377804399e-06
5.300000000000000000e+04 2.368741297686938196e-05 9.512532415101304650e-06 3.292971939572453266e-07 2.167518715623373282e-07 1.313993270741775632e-04 4.612992938746174332e-07 1.551458262838423252e-05 7.779704901622608304e-06 4.282208101358264685e-05 7.892675967013929039e-06
5.350000000000000000e+04 2.192264400946442038e-05 8.469914064335171133e-06 3.674245192542002769e-07 8.731367984182725195e-07 1.281719305552542210e-04 4.432609159721323522e-07 1.916593464557081461e-05 3.557798891051788814e-06 1.315071585850091651e-05 6.770584150217473507e-06
5.400000000000000000e+04 2.169724029954522848e-05 8.782466466072946787e-06 3.121701297459367197e-07 6.252975595089083072e-07 1.260139833902940154e-04 3.779938140269223368e-07 2.214172127423807979e-05 1.402339876221958548e-06 1.353357765765395015e-05 6.471553206210955977e-06
5.450000000000000000e+04 3.140797343803569674e-05 1.279957723454572260e-05 7.663206247343623545e-07 7.667640034014766570e-07 1.471669529564678669e-04 3.369764840499556158e-07 1.787609835446346551e-05 6.912392109370557591e-06 9.589259207132272422e-06 6.282636149990139529e-06
5.500000000000000000e+04 2.971675894514191896e-05 1.278180752706248313e-05 6.521395334857515991e-07 5.785050234408117831e-07 1.464220840716734529e-04 3.292763608442328405e-07 1.906516627059318125e-05 6.337555987556697801e-06 9.342501471110153943e-06 6.286237749009160325e-06
5.550000000000000000e+04 2.495839362381957471e-05 1.059422902471851557e-05 5.131552143211592920e-07 7.618747304150019772e-07 1.103136237361468375e-04 3.914776414148946060e-07 1.564154990774113685e-05 9.881556252366863191e-06 4.064884706167504191e-06 4.949747562932316214e-06
5.600000000000000000e+04 2.296996535733342171e-05 1.029958457365864888e-05 4.153728241362841800e-07 6.465646720243967138e-07 1.104678667616099119e-04 3.817321783117222367e-07 1.518660246802028269e-05 9.176244930131360888e-06 2.099028051816276275e-06 4.814650765183614567e-06
5.650000000000000000e+04 1.554557820782065392e-05 8.933988283388316631e-06 1.728814424950542161e-07 8.762240213400218636e-07 3.790944901993498206e-05 3.305614768578379881e-07 1.929986501636449248e-05 6.587997177120996639e-06 1.604510885044874158e-06 3.828528861049562693e-06
5.700000000000000000e+04 1.484257154515944421e-05 7.787547474435996264e-06 1.513597425173429656e-07 8.024596809264039621e-07 3.820583151536993682e-05 3.089323286076250952e-07 1.745767622196581215e-05 6.751959062967216596e-06 1.524927029095124453e-06 3.656696435427875258e-06
5.750000000000000000e+04 1.431726559530943632e-05 5.577557203650940210e-06 4.104061019916116493e-07 3.860600372718181461e-07 6.914644472999498248e-05 3.175718745751510141e-07 2.963014776469208300e-05 7.844414540159050375e-07 9.124408279603812844e-06 3.529526793499826454e-06
5.800000000000000000e+04 1.403028909408021718e-05 5.318432158674113452e-06 2.636441536196798552e-07 3.402161894427990774e-07 6.868543277960270643e-05 3.282376610513892956e-07 2.745283381955232471e-05 5.275452394926105626e-07 1.070304733730154112e-05 3.449619043749407865e-06
5.850000000000000000e+04 1.470863389840815216e-05 7.471698154404293746e-06 3.251273881232918939e-07 5.253527888271491975e-07 1.480683858972042799e-04 3.152142653561895713e-07 1.738162245601415634e-05 7.252443083416437730e-06 3.733146149897947907e-05 4.457368959265295416e-06
5.900000000000000000e+04 1.499344216426834464e-05 7.353216460614930838e-06 2.768899491911724908e-07 3.683516638375294860e-07 1.460882776882499456e-04 2.853658145340887131e-07 1.759374754328746349e-05 7.312159141292795539e-06 4.822781920665875077e-05 4.512402483669575304e-06
5.950000000000000000e+04 1.494193838880164549e-05 8.015418643481098115e-06 2.597414265892439289e-07 8.605121024629625026e-07 1.061387956724502146e-04 3.037006592876423383e-07 1.339766822638921440e-05 3.625881163316080347e-06 2.000571294047404081e-05 3.960533831559587270e-06
6.000000000000000000e+04 1.425796199328033254e-05 7.457302217517280951e-06 2.302387116515092202e-07 8.005138738553796429e-07 1.059226051438599825e-04 2.830199719028314576e-07 1.321824311162345111e-05 3.274669552411069162e-06 1.803990016924217343e-05 3.943965566577389836e-06
6.050000000000000000e+04 1.864495607151184231e-05 7.229291441035456955e-06 2.869439867936307564e-07 3.323289092804770917e-07 1.279230491491034627e-04 2.885112735384609550e-07 1.288072598981671035e-05 4.516969056567177176e-06 1.036194589687511325e-05 4.204628567094914615e-06
6.100000000000000000e+04 1.843678364821244031e-05 6.706784006382804364e-06 2.603527775590919191e-07 2.985496792007324984e-07 1.272868830710649490e-04 2.690777876068750629e-07 1.209511719935107976e-05 4.651536528399446979e-06 9.001146281661931425e-06 4.348063612269470468e-06
6.150000000000000000e+04 1.766754030541051179e-05 6.612135166506050155e-06 2.260280780319590122e-07 4.018901051949796965e-07 9.547814261168241501e-05 2.295200260959973093e-07 1.516721658845199272e-05 2.691271447474719025e-06 3.686664967972319573e-06 5.210748440731549636e-06
6.200000000000000000e+04 1.737560342007782310e-05 7.031807854218641296e-06 2.155957474769820692e-07 3.301632318652991671e-07 9.298859367845579982e-05 2.035235695529991062e-07 1.735808473313227296e-05 2.711778279262944125e-06 2.818682332872413099e-06 5.143614998814882711e-06
6.250000000000000000e+04 2.241617949039209634e-05 5.856865300302160904e-06 3.325488364680495579e-07 2.199175014538923278e-06 7.910004933364689350e-05 2.041037845401660888e-07 3.635371103882789612e-05 2.268690877826884389e-06 5.123245500726625323e-06 3.560606955943512730e-06
6.300000000000000000e+04 2.124776074197143316e-05 5.737485480494797230e-06 2.966930878756102175e-07 1.691732222752762027e-06 7.883423677412793040e-05 1.893322689738852205e-07 3.698287400766275823e-05 2.550847966631408781e-06 5.336672074918169528e-06 3.456756758168921806e-06
6.350000000000000000e+04 1.577889270265586674e-05 6.708240107400342822e-06 1.496890575936049572e-07 2.323343096577445976e-06 5.561620127991773188e-05 3.197276328137377277e-07 1.560541386425029486e-05 3.918525180779397488e-06 5.624707227980252355e-06 3.281115596109884791e-06
6.400000000000000000e+04 1.572055771248415112e-05 5.947160843788878992e-06 1.441925263634402654e-07 1.718008206808008254e-06 5.541260907193645835e-05 3.336991767355357297e-07 1.390035049553262070e-05 4.280740995454834774e-06 3.712919124154723249e-06 3.089961637670057826e-06
6.450000000000000000e+04 1.711189179331995547e-05 7.230994924611877650e-06 2.478487601820233976e-07 1.091679337150708307e-06 1.347932557109743357e-04 2.303456057006769697e-07 1.114279621106106788e-05 4.098449153389083222e-06 1.885980964289046824e-05 4.345785782788880169e-06
6.500000000000000000e+04 1.789821362763177603e-05 7.294051556527847424e-06 2.159945324820000678e-07 1.032843556458828971e-06 1.313902030233293772e-04 2.191762149550413596e-07 1.122396224673138931e-05 3.966248641518177465e-06 2.302927350683603436e-05 4.342193278716877103e-06
6.550000000000000000e+04 2.151004446204751730e-05 7.427962373185437173e-06 3.633485050613671774e-07 4.963932269674842246e-07 1.366095093544572592e-04 1.737582380201274646e-07 1.518141743872547522e-05 8.289300239994190633e-06 1.590008105267770588e-05 3.132816800643922761e-06
6.600000000000000000e+04 1.965809133253060281e-05 7.267371529451338574e-06 3.220602309284004150e-07 4.050230870689119911e-07 1.372657716274261475e-04 2.042329469986725599e-07 1.552995126985479146e-05 8.125001841108314693e-06 1.342929226666456088e-05 3.056180730709456839e-06
6.650000000000000000e+04 1.435471494914963841e-05 5.860730652784695849e-06 4.451341908406902803e-07 5.137121661391574889e-07 7.633081258973106742e-05 2.929149900410266127e-07 1.432358294550795108e-05 1.644030589886824600e-06 6.707584361720364541e-06 3.640825298134586774e-06
6.700000000000000000e+04 1.453585173294413835e-05 5.575130217039259151e-06 3.492079940770054236e-07 4.340032262462045765e-07 7.549944712081924081e-05 2.802705125759530347e-07 1.344590509688714519e-05 1.438381559637491591e-06 6.572886832145741209e-06 3.640194108811556362e-06
