# step, loss_train, loss_test, metrics_test
0.000000000000000000e+00 9.866842068731784821e-03 1.351101994514465332e-01 1.346808858215808868e-03 5.061021656729280949e-04 4.132941539864987135e-04 9.818111546337604523e-03 1.745194047689437866e-01 9.049022337421774864e-04 1.140955253504216671e-03 1.613383647054433823e-03
5.000000000000000000e+02 6.106198416091501713e-04 7.440517842769622803e-02 6.650991854257881641e-04 5.573954331339336932e-05 5.229779984802007675e-03 6.009718636050820351e-04 8.805458992719650269e-02 1.119672087952494621e-03 7.932308653835207224e-05 5.994024686515331268e-03
1.000000000000000000e+03 5.733225843869149685e-04 6.331538408994674683e-02 4.961042213835753500e-05 9.610693814465776086e-05 5.356851033866405487e-03 5.833582254126667976e-04 7.163372635841369629e-02 3.813730415913596516e-07 1.119767330237664282e-04 6.068855058401823044e-03
1.500000000000000000e+03 1.925581949763000011e-03 7.271678000688552856e-02 8.841395901981741190e-05 2.047558082267642021e-04 4.989662207663059235e-03 1.958842156454920769e-03 6.738852709531784058e-02 2.832973586919251829e-05 2.781621878966689110e-04 5.626408848911523819e-03
2.000000000000000000e+03 1.601255615241825581e-03 7.110872119665145874e-02 9.917112765833735466e-05 2.256683073937892914e-04 4.445896018296480179e-03 1.645258395001292229e-03 6.669948995113372803e-02 1.151226842921460047e-05 2.069026377284899354e-04 5.047061946243047714e-03
2.500000000000000000e+03 1.039393595419824123e-03 8.232640475034713745e-02 1.093917599064297974e-04 2.933219075202941895e-04 4.773419816046953201e-03 1.078223809599876404e-03 6.577266007661819458e-02 7.476923656213330105e-06 1.943377137649804354e-04 5.213571712374687195e-03
3.000000000000000000e+03 5.401323433034121990e-04 8.110807836055755615e-02 1.395633589709177613e-04 3.457347047515213490e-04 5.056444555521011353e-03 5.452958866953849792e-04 6.523664295673370361e-02 1.642078132135793567e-05 1.919912028824910522e-04 5.464010406285524368e-03
3.500000000000000000e+03 1.321692951023578644e-03 6.515764445066452026e-02 1.259092241525650024e-04 3.828556218650192022e-04 3.235050244256854057e-03 1.269392902031540871e-03 6.477259844541549683e-02 9.007825428852811456e-05 6.402439321391284466e-04 3.815009724348783493e-03
4.000000000000000000e+03 1.580065581947565079e-03 6.439219415187835693e-02 1.638774847378954291e-04 4.166107682976871729e-04 2.865299349650740623e-03 1.459796680137515068e-03 6.432969123125076294e-02 2.064092113869264722e-04 8.959204424172639847e-04 3.461540909484028816e-03
4.500000000000000000e+03 4.166239232290536165e-04 5.306568369269371033e-02 1.397594896843656898e-04 3.971598634961992502e-04 2.512822160497307777e-03 3.770047042053192854e-04 6.638339906930923462e-02 1.325036428170278668e-04 3.036854031961411238e-04 3.134859027341008186e-03
5.000000000000000000e+03 3.397896362002938986e-04 5.289684236049652100e-02 1.380303147016093135e-04 4.240402486175298691e-04 2.542406320571899414e-03 3.070183738600462675e-04 6.642587482929229736e-02 1.145971546065993607e-04 2.838019572664052248e-04 3.157250583171844482e-03
5.500000000000000000e+03 3.969996469095349312e-04 5.767639726400375366e-02 1.732887758407741785e-04 3.319532261230051517e-04 2.617005258798599243e-03 3.621589567046612501e-04 6.549634039402008057e-02 1.407550589647144079e-04 3.013392852153629065e-04 3.161922795698046684e-03
6.000000000000000000e+03 3.876845294144004583e-04 5.727881565690040588e-02 1.966426789294928312e-04 4.035308083985000849e-04 2.550777047872543335e-03 3.519201709423214197e-04 6.496402621269226074e-02 1.669538323767483234e-04 3.995361621491611004e-04 3.090117592364549637e-03
6.500000000000000000e+03 2.983108861371874809e-04 5.691174417734146118e-02 2.523212460801005363e-04 6.290592136792838573e-04 3.018345450982451439e-03 2.639630984049290419e-04 6.271217763423919678e-02 1.253137743333354592e-04 6.917020655237138271e-04 3.582203527912497520e-03
7.000000000000000000e+03 2.607674105092883110e-04 4.776486754417419434e-02 4.479325434658676386e-04 1.468615024350583553e-03 3.984006121754646301e-03 2.283032226841896772e-04 5.222608521580696106e-02 1.064111129380762577e-04 1.999870641157031059e-03 4.438046365976333618e-03
7.500000000000000000e+03 4.748888022731989622e-04 3.715718165040016174e-02 1.118630170822143555e-03 2.510836580768227577e-03 5.169715732336044312e-03 4.169349558651447296e-04 3.016450814902782440e-02 8.025682182051241398e-04 3.131987527012825012e-03 5.314390175044536591e-03
8.000000000000000000e+03 5.649792146869003773e-04 2.076509781181812286e-02 1.267066108994185925e-03 2.237533684819936752e-03 6.315714213997125626e-03 5.038296221755445004e-04 1.627354696393013000e-02 1.170871895737946033e-03 2.605778863653540611e-03 6.247783079743385315e-03
8.500000000000000000e+03 4.184785939287394285e-04 1.107349246740341187e-02 7.721059955656528473e-04 1.895123976282775402e-03 6.201028823852539062e-03 4.069247515872120857e-04 1.231404766440391541e-02 7.226777961477637291e-04 1.850312459282577038e-03 6.755394861102104187e-03
9.000000000000000000e+03 4.458949551917612553e-04 6.253775674849748611e-03 4.900566418655216694e-04 1.316323410719633102e-03 6.531781982630491257e-03 4.489810089580714703e-04 7.604933809489011765e-03 6.481590098701417446e-04 1.124371192418038845e-03 7.113805040717124939e-03
9.500000000000000000e+03 5.455166101455688477e-04 3.711475059390068054e-03 4.372082185000181198e-04 8.277547894977033138e-04 6.941421888768672943e-03 5.875878268852829933e-04 3.844861174002289772e-03 1.082292990759015083e-03 6.622146465815603733e-04 6.659034639596939087e-03
1.000000000000000000e+04 5.161080625839531422e-04 2.430857159197330475e-03 3.353154461365193129e-04 5.449507152661681175e-04 7.012733723968267441e-03 5.578860873356461525e-04 2.352835377678275108e-03 9.498164290562272072e-04 4.246702301315963268e-04 6.678556557744741440e-03
1.050000000000000000e+04 3.536134609021246433e-04 1.989306882023811340e-03 3.643870586529374123e-04 4.198527312837541103e-04 7.872212678194046021e-03 3.261186066083610058e-04 1.864173915237188339e-03 8.822620147839188576e-04 3.397653345018625259e-04 6.762989796698093414e-03
1.100000000000000000e+04 2.973101509269326925e-04 1.655200147069990635e-03 2.600296866148710251e-04 3.312950429972261190e-04 7.556600030511617661e-03 2.582375600468367338e-04 1.472750562243163586e-03 7.013851427473127842e-04 2.760553616099059582e-04 6.449864711612462997e-03
1.150000000000000000e+04 3.244240360800176859e-04 1.155700301751494408e-03 1.449580158805474639e-04 1.688051706878468394e-04 6.268809549510478973e-03 2.696858136914670467e-04 9.738922817632555962e-04 3.781550622079521418e-04 2.046506415354087949e-04 6.044322159141302109e-03
1.200000000000000000e+04 2.795171167235821486e-04 9.624180383980274200e-04 1.207860696013085544e-04 1.392050617141649127e-04 5.306441336870193481e-03 2.167499042116105556e-04 6.763521814718842506e-04 2.683071943465620279e-04 1.642564457142725587e-04 5.122682079672813416e-03
1.250000000000000000e+04 1.782853505574166775e-04 5.936314119026064873e-04 1.580455282237380743e-04 9.689138096291571856e-05 4.491991363465785980e-03 1.369958772556856275e-04 4.320783482398837805e-04 4.560073139145970345e-04 9.662118827691301703e-05 4.933273885399103165e-03
1.300000000000000000e+04 1.682586589595302939e-04 5.297473981045186520e-04 1.281857839785516262e-04 5.346844409359619021e-05 4.225320182740688324e-03 1.252775691682472825e-04 3.868664207402616739e-04 2.982575388159602880e-04 5.932641943218186498e-05 4.620768595486879349e-03
1.350000000000000000e+04 1.915985048981383443e-04 5.917530506849288940e-04 8.863361290423199534e-05 2.697230593184940517e-05 4.323404747992753983e-03 1.386763469781726599e-04 3.604425583034753799e-04 1.822407357394695282e-04 4.212319981888867915e-05 4.176911897957324982e-03
1.400000000000000000e+04 1.872298744274303317e-04 5.572586087509989738e-04 6.464466423494741321e-05 3.282143370597623289e-05 3.958303947001695633e-03 1.283793535549193621e-04 3.108872915618121624e-04 1.320720475632697344e-04 4.830679972656071186e-05 3.807984758168458939e-03
1.450000000000000000e+04 1.717077975627034903e-04 6.002825684845447540e-04 5.427106589195318520e-05 7.717176777077838778e-05 3.875759663060307503e-03 9.922419849317520857e-05 2.385339321335777640e-04 4.967057247995398939e-05 9.314735507359728217e-05 3.296379931271076202e-03
1.500000000000000000e+04 1.538324577268213034e-04 5.213437834754586220e-04 3.135076985927298665e-05 9.915396367432549596e-05 3.289842978119850159e-03 7.525191904278472066e-05 1.893189328256994486e-04 4.311211523599922657e-05 1.202814237331040204e-04 2.701051300391554832e-03
1.550000000000000000e+04 1.273226080229505897e-04 4.690847417805343866e-04 3.145595110254362226e-05 1.186315639642998576e-04 2.446075435727834702e-03 6.904840120114386082e-05 1.606818696018308401e-04 8.462989353574812412e-05 1.012684442684985697e-04 2.102447673678398132e-03
1.600000000000000000e+04 1.141465399996377528e-04 4.098918579984456301e-04 2.912560194090474397e-05 9.141016198555007577e-05 2.066804794594645500e-03 5.171845623408444226e-05 1.476411707699298859e-04 7.967481360537931323e-05 8.692991104908287525e-05 1.720238244161009789e-03
1.650000000000000000e+04 1.275053364224731922e-04 3.302962868474423885e-04 3.222539453417994082e-05 6.013139500282704830e-05 1.989669166505336761e-03 4.163626726949587464e-05 1.846248924266546965e-04 5.570880603045225143e-05 7.710287900408729911e-05 1.483965665102005005e-03
1.700000000000000000e+04 1.106990603148005903e-04 3.020886506419628859e-04 3.454849866102449596e-05 4.927641566609963775e-05 1.702021807432174683e-03 2.910024159064050764e-05 1.893168373499065638e-04 6.103933992562815547e-05 6.917957216501235962e-05 1.191281247884035110e-03
1.750000000000000000e+04 8.693429845152422786e-05 2.666614018380641937e-04 2.762597978289704770e-05 3.069849481107667089e-05 1.308463281020522118e-03 2.118710654031019658e-05 2.552791556809097528e-04 4.719929711427539587e-05 7.110594742698594928e-05 9.714604238979518414e-04
1.800000000000000000e+04 7.391050894511863589e-05 2.555228420533239841e-04 1.666860225668642670e-05 3.440081854932941496e-05 1.131805707700550556e-03 1.530892950540874153e-05 2.861098328139632940e-04 3.641701914602890611e-05 6.025167022016830742e-05 7.853723946027457714e-04
1.850000000000000000e+04 5.778574632131494582e-05 2.551225770730525255e-04 1.305583555222256109e-05 5.327132748789153993e-05 1.244353712536394596e-03 1.300946951232617721e-05 2.438765077386051416e-04 3.339729300932958722e-05 3.470340016065165401e-05 5.949849728494882584e-04
1.900000000000000000e+04 5.202683314564637840e-05 2.380170335527509451e-04 1.233554485224885866e-05 4.039068517158739269e-05 1.075703068636357784e-03 1.172632983070798218e-05 2.654804557096213102e-04 4.873510624747723341e-05 2.219800626335199922e-05 4.588017181959003210e-04
1.950000000000000000e+04 4.916423495160415769e-05 1.733378012431785464e-04 7.705072675889823586e-06 3.172164724674075842e-05 6.033332902006804943e-04 8.612028068455401808e-06 2.459572860971093178e-04 3.373105573700740933e-05 1.461180181649979204e-05 3.870372311212122440e-04
2.000000000000000000e+04 3.951191320084035397e-05 1.610756444279104471e-04 4.752540007757488638e-06 2.374230825807899237e-05 5.350749706849455833e-04 6.851543275843141600e-06 2.312215074198320508e-04 3.555669900379143655e-05 7.863439350330736488e-06 3.156028105877339840e-04
2.050000000000000000e+04 4.571186582325026393e-05 1.937503257067874074e-04 5.919933755649253726e-06 1.864333717094268650e-05 6.665195687673985958e-04 6.539125934068579227e-06 1.969424483831971884e-04 2.579351712483912706e-05 4.171243745076935738e-06 2.183254109695553780e-04
2.100000000000000000e+04 3.937325163860805333e-05 1.554704504087567329e-04 6.061470230633858591e-06 1.497946868767030537e-05 5.763460067100822926e-04 5.375964974518865347e-06 1.605928264325484633e-04 2.511756247258745134e-05 2.450046622470836155e-06 1.554572663735598326e-04
2.150000000000000000e+04 2.708598003664519638e-05 1.771850220393389463e-04 7.823339728929568082e-06 1.718729981803335249e-05 4.773554101120680571e-04 5.110056463308865204e-06 1.504093379480764270e-04 1.328211328655015677e-05 3.193893917341483757e-06 1.297315029660239816e-04
2.200000000000000000e+04 2.545186180213931948e-05 1.490837748860940337e-04 5.346057605493115261e-06 1.563621663080994040e-05 4.417884338181465864e-04 3.962056325690355152e-06 1.224487059516832232e-04 1.072178292815806344e-05 4.081301540281856433e-06 1.021657735691405833e-04
2.250000000000000000e+04 2.691160989343188703e-05 9.965163917513564229e-05 3.771298224819474854e-06 8.881656867743004113e-06 3.160297928843647242e-04 2.677321390365250409e-06 9.860873979050666094e-05 8.487417289870791137e-06 1.171964049717644230e-05 8.740806515561416745e-05
2.300000000000000000e+04 2.384613617323338985e-05 8.371919830096885562e-05 4.203469870844855905e-06 8.281820555566810071e-06 2.959023986477404833e-04 2.059187636405113153e-06 8.682250336278229952e-05 1.212988354382105172e-05 1.138589141191914678e-05 7.002921483945101500e-05
2.350000000000000000e+04 1.777540819603018463e-05 9.270940063288435340e-05 4.654978965845657513e-06 1.001824603008572012e-05 3.710482560563832521e-04 1.638069647924567107e-06 7.399413152597844601e-05 3.348878453834913671e-05 6.711400601489003748e-06 4.229059049976058304e-05
2.400000000000000000e+04 1.830587643780745566e-05 7.545809057774022222e-05 3.882513738062698394e-06 1.134233116317773238e-05 3.265215200372040272e-04 1.304814077229821123e-06 5.430763849290087819e-05 1.023705954139586538e-05 6.353711341944290325e-06 2.827923162840306759e-05
2.450000000000000000e+04 2.335161116207018495e-05 6.338835373753681779e-05 6.561704594787443057e-06 8.627334864286240190e-06 2.798151981551200151e-04 1.371963321616931353e-06 6.118722376413643360e-05 1.428047380613861606e-05 5.836654054292012006e-06 2.211118044215254486e-05
2.500000000000000000e+04 2.161103839171119034e-05 4.677225297200493515e-05 6.864208899060031399e-06 6.676018529105931520e-06 2.560092252679169178e-04 1.078532022802392021e-06 4.137612995691597462e-05 1.499885911471210420e-05 5.282608526613330469e-06 1.590869214851409197e-05
2.550000000000000000e+04 2.735476846282836050e-05 3.859207572531886399e-05 6.325741651380667463e-06 7.954153261380270123e-06 2.147554187104105949e-04 7.424859518323501106e-07 4.199975228402763605e-05 1.709367825242225081e-05 4.175634330749744549e-06 1.192649233416887000e-05
2.600000000000000000e+04 2.869134004868101329e-05 3.207230838597752154e-05 6.049442617950262502e-06 6.530383416247786954e-06 1.987607392948120832e-04 6.221561648089846130e-07 6.105342617956921458e-05 1.859816620708443224e-05 3.811552687693620101e-06 1.011573021969525144e-05
2.650000000000000000e+04 2.389412293268833309e-05 3.575174923753365874e-05 6.809754722780780867e-06 5.816640623379498720e-06 2.513736835680902004e-04 3.579347094273543917e-07 1.627141136850696057e-05 2.209355989180039614e-05 4.957224973622942343e-06 9.323399353888817132e-06
2.700000000000000000e+04 2.716537528613116592e-05 3.474394907243549824e-05 5.258756118564633653e-06 5.113896349939750507e-06 2.317010657861828804e-04 3.430633910284086596e-07 1.330698432866483927e-05 1.990734381251968443e-05 4.434025868249591440e-06 9.495505764789413661e-06
2.750000000000000000e+04 2.414600203337613493e-05 2.607811620691791177e-05 6.361359737638849765e-06 5.499120561580639333e-06 1.756281271809712052e-04 5.338047799341438804e-07 1.896571302495431155e-05 7.851785085222218186e-06 3.493516942398855463e-06 7.565211490145884454e-06
2.800000000000000000e+04 2.311778371222317219e-05 2.338638842047657818e-05 4.333776814746670425e-06 4.002227342425612733e-06 1.703281450318172574e-04 5.968456662230892107e-07 2.441433025524020195e-05 6.402364761015633121e-06 3.025189243999193422e-06 7.368158549070358276e-06
2.850000000000000000e+04 2.951849637611303478e-05 2.589480209280736744e-05 3.140163698844844475e-06 3.789589982261531986e-06 2.492288185749202967e-04 4.727091322820342612e-07 2.870416756195481867e-05 1.575056376168504357e-05 2.062208750430727378e-06 8.081921805569436401e-06
2.900000000000000000e+04 3.003825986525043845e-05 2.456073525536339730e-05 2.383216042289859615e-06 2.963711722259176895e-06 2.447148726787418127e-04 4.485266060783033026e-07 2.860657332348637283e-05 1.361224440188379958e-05 1.653573576732014772e-06 7.916246431705076247e-06
2.950000000000000000e+04 2.285167283844202757e-05 2.226032665930688381e-05 1.663630882831057534e-06 2.821610223691095598e-06 1.333407126367092133e-04 4.592698417127394350e-07 5.300929115037433803e-05 7.496957550756633282e-06 2.379206534897093661e-06 8.618926585768349469e-06
3.000000000000000000e+04 2.522027898521628231e-05 2.133837915607728064e-05 1.458933297726616729e-06 2.325956756976665929e-06 1.252370857400819659e-04 4.563758011499885470e-07 6.638725608354434371e-05 6.449865395552478731e-06 2.195924480474786833e-06 8.154938768711872399e-06
3.050000000000000000e+04 3.852484951494261622e-05 2.043590029643382877e-05 1.203123929371940903e-06 1.529064661554002669e-06 1.781560422386974096e-04 4.654172585105698090e-07 3.552697307895869017e-05 4.768960025103297085e-06 1.922662249853601679e-06 5.931484793109120801e-06
3.100000000000000000e+04 3.486444256850518286e-05 1.955374500539619476e-05 9.288530691264895722e-07 1.215278643940109760e-06 1.783635671017691493e-04 4.620425499979319284e-07 3.199376442353241146e-05 4.164534857409307733e-06 1.711653112579369918e-06 5.787125246570212767e-06
3.150000000000000000e+04 1.944144969456829131e-05 1.540246375952847302e-05 8.708757945896650199e-07 1.302558075622073375e-06 1.191274423035793006e-04 3.944950606182828778e-07 3.736172584467567503e-05 2.024651621468365192e-06 1.796854917301971000e-06 5.025748578191269189e-06
3.200000000000000000e+04 1.947966302395798266e-05 1.450123090762645006e-05 6.453952892115921713e-07 1.249578872375423089e-06 1.176684600068256259e-04 3.345959100897744065e-07 3.576716699171811342e-05 1.379015657221316360e-06 1.916318069561384618e-06 4.572968009597389027e-06
3.250000000000000000e+04 2.617366408230736852e-05 1.302833061345154420e-05 1.880253876151982695e-06 1.101628754440753255e-06 9.219873754773288965e-05 4.099843806670833146e-07 6.406140892067924142e-05 1.108371861846535467e-06 2.288621772095211782e-06 4.950019501848146319e-06
3.300000000000000000e+04 2.541363028285559267e-05 1.286040514969499782e-05 1.444242343495716341e-06 9.331632782050292008e-07 9.118875459535047412e-05 3.519816118568996899e-07 7.023831130936741829e-05 9.752607184054795653e-07 1.949480974872130901e-06 4.858546617469983175e-06
3.350000000000000000e+04 3.522719634929671884e-05 1.685173629084601998e-05 6.735670012858463451e-07 8.508086466463282704e-07 1.363781339023262262e-04 2.747469238784105983e-07 2.864049019990488887e-05 1.027355779115168843e-06 9.051634037859912496e-07 6.988506811467232183e-06
3.400000000000000000e+04 3.373454819666221738e-05 1.856801645772065967e-05 5.537924607779132202e-07 8.630340175841411110e-07 1.331595121882855892e-04 2.786597690374037484e-07 2.002955261559691280e-05 9.205074320561834611e-07 9.178182835967163555e-07 7.353739874815801159e-06
3.450000000000000000e+04 3.722271867445670068e-05 1.862495992099866271e-05 2.718297196224739309e-07 1.068362962541868910e-06 1.278611453017219901e-04 3.286219509845977882e-07 6.522181502077728510e-05 7.094330385370994918e-07 1.189006297863670625e-06 8.193776011466979980e-06
3.500000000000000000e+04 3.748766539501957595e-05 1.771226743585430086e-05 2.122732780662772711e-07 1.032572981785051525e-06 1.254354865523055196e-04 3.625862063927343115e-07 8.848713332554325461e-05 6.579617206625698600e-07 1.325273615293554030e-06 7.815864591975696385e-06
3.550000000000000000e+04 3.371678758412599564e-05 1.923187119245994836e-05 3.303889855033048661e-07 8.568473504055873491e-07 1.339423033641651273e-04 3.187946902016847162e-07 5.845863779541105032e-05 3.857147419239481678e-07 1.273070438401191495e-06 1.039788003254216164e-05
3.600000000000000000e+04 3.464344990788958967e-05 1.987505493161734194e-05 3.257130174461053684e-07 7.714303364991792478e-07 1.299762079725041986e-04 2.941193031347211218e-07 4.707605330622754991e-05 3.063853171170194400e-07 1.259549662790959701e-06 1.076969056157395244e-05
3.650000000000000000e+04 4.348381116869859397e-05 1.865317608462646604e-05 1.681891461657869513e-07 9.567912684360635467e-07 1.718246348900720477e-04 3.517498328164947452e-07 2.769584352790843695e-05 6.136877459539391566e-07 1.351936020910216030e-06 1.171106396213872358e-05
3.700000000000000000e+04 4.248021650710143149e-05 1.982728826988022774e-05 1.697580955806188285e-07 1.037821675708983094e-06 1.688552001724019647e-04 3.531462482442293549e-07 2.286259405082091689e-05 6.325797130557475612e-07 1.337412641078117304e-06 1.231568330695154145e-05
3.750000000000000000e+04 4.853672362514771521e-05 3.340098919579759240e-05 2.482399281689140480e-07 8.505464847985422239e-07 1.965904084499925375e-04 3.741939735846244730e-07 2.585508991614915431e-05 7.221935334200679790e-07 1.719197712191089522e-06 7.547677341790404171e-06
3.800000000000000000e+04 4.845057992497459054e-05 2.886617767217103392e-05 2.262691793930571293e-07 8.744434012442070525e-07 1.941042137332260609e-04 4.175934122940816451e-07 4.434328366187401116e-05 2.043606173174339347e-06 2.083027084154309705e-06 7.398497018584748730e-06
3.850000000000000000e+04 3.797182944254018366e-05 1.973852886294480413e-05 2.615249172777112108e-07 5.970728125248569995e-07 1.558494113851338625e-04 3.758692344035807764e-07 4.109247674932703376e-05 2.784746016004646663e-07 7.099640129126782995e-07 6.265868705668253824e-06
3.900000000000000000e+04 3.747906885109841824e-05 1.933097155415453017e-05 2.832077257153287064e-07 4.999442353437189013e-07 1.541009842185303569e-04 3.847490006592124701e-07 3.846299296128563583e-05 2.907712826072383905e-07 6.114001394053047989e-07 6.025476977811194956e-06
3.950000000000000000e+04 3.509780071908608079e-05 2.107469663314986974e-05 2.971101764615013963e-07 1.402383645654481370e-06 1.349933882011100650e-04 3.673578135021671187e-07 8.777458424447104335e-05 2.505384770756791113e-07 1.148980231846508104e-06 5.371096449380274862e-06
4.000000000000000000e+04 3.425808608881197870e-05 1.923955642268992960e-05 2.510792000975925475e-07 1.026018253469374031e-06 1.345116615993902087e-04 3.423292298521118937e-07 1.068666970240883529e-04 3.125256853309110738e-07 8.521978998032864183e-07 5.192813659959938377e-06
4.050000000000000000e+04 3.451197699178010225e-05 1.928871461132075638e-05 2.588260201719094766e-07 9.251574510926729999e-07 2.307704417034983635e-04 3.433805488839425379e-07 3.247263521188870072e-05 6.498809170807362534e-07 8.243152365139394533e-07 4.166983217146480456e-06
4.100000000000000000e+04 3.519073652569204569e-05 1.966697709576692432e-05 2.601518929168378236e-07 6.896643753862008452e-07 2.275438455399125814e-04 3.316565937439008849e-07 3.045226912945508957e-05 8.135238545037282165e-07 8.548518621864786837e-07 4.213261490804143250e-06
4.150000000000000000e+04 2.277436033182311803e-05 1.714155587251298130e-05 4.029307376640645089e-07 6.781351089557574596e-07 1.325081684626638889e-04 3.691101255753892474e-07 4.168232408119365573e-05 1.288796852350060362e-06 9.079631695385614876e-07 3.608163069657166488e-06
4.200000000000000000e+04 2.118128577421884984e-05 1.635777516639791429e-05 3.923312590359273599e-07 5.920770718148560263e-07 1.337085268460214138e-04 3.407022575174778467e-07 3.907224891008809209e-05 1.333223963229102083e-06 8.309799000016937498e-07 3.533835524649475701e-06
4.250000000000000000e+04 3.012041815964039415e-05 2.062784915324300528e-05 1.936110294309401070e-07 2.522410227356886026e-07 1.324060867773368955e-04 2.778076861886802362e-07 5.713282007491216063e-05 1.191795263366657309e-06 4.456946669506578473e-07 4.691698450187686831e-06
4.300000000000000000e+04 3.160226697218604386e-05 2.013536868616938591e-05 1.580374515697258175e-07 2.559587528594420291e-07 1.294857356697320938e-04 2.731456731908110669e-07 6.399176345439627767e-05 1.095920652005588636e-06 5.516723149412428029e-07 4.607539267453830689e-06
