# step, loss_train, loss_test, metrics_test
0.000000000000000000e+00 2.560038864612579346e-02 6.973275542259216309e-02 1.992202252149581909e-01 2.676156163215637207e-02 2.316214889287948608e-02 2.637367136776447296e-02 7.456532120704650879e-02 1.726065278053283691e-01 2.322834543883800507e-02 2.398842759430408478e-02
5.000000000000000000e+02 6.414795643649995327e-05 2.977820404339581728e-04 8.183013051166199148e-06 9.053692338056862354e-06 9.036710835061967373e-04 7.764097063045483083e-06 2.522146096453070641e-04 3.332320829940726981e-06 5.807151410408550873e-06 7.034172303974628448e-04
1.000000000000000000e+03 3.115813888143748045e-05 5.352329753804951906e-05 2.997568572027375922e-06 3.557458967407001182e-06 4.146412829868495464e-04 1.619816998754686210e-06 3.256816489738412201e-05 4.255063686287030578e-06 2.553677404648624361e-06 1.625817822059616446e-04
1.500000000000000000e+03 8.715927106095477939e-05 1.507586915977299213e-03 1.878349576145410538e-05 1.312007680098759010e-05 5.777454935014247894e-04 1.030025373438547831e-06 1.559366588480770588e-03 1.073645307769766077e-05 1.741935534482763615e-06 1.233566144946962595e-04
2.000000000000000000e+03 2.388098982919473201e-05 3.503727202769368887e-05 1.669380026214639656e-06 5.397923359851120040e-06 1.947116397786885500e-04 2.523196087622636696e-07 6.607788964174687862e-05 1.925607875818968751e-06 5.007303116144612432e-06 1.013743440125836059e-05
2.500000000000000000e+03 3.491945972200483084e-05 5.830270310980267823e-05 1.254561425412248354e-06 2.894366161854122765e-06 2.546093601267784834e-04 4.531809452146262629e-07 8.651026291772723198e-05 2.255946583318291232e-06 3.744640707736834884e-06 2.427013532724231482e-05
3.000000000000000000e+03 4.006965900771319866e-05 2.804695686791092157e-04 9.305703315476421267e-06 2.407018837402574718e-05 2.236488362541422248e-04 6.484675623141811229e-07 2.858235675375908613e-04 4.073763648193562403e-06 2.345650136703625321e-05 1.591857653693296015e-05
3.500000000000000000e+03 4.264148083166219294e-05 1.476736360928043723e-04 2.267728177685057744e-06 2.878327336475194898e-07 2.092263748636469245e-04 2.027272216764686164e-07 1.633617794141173363e-04 1.654479660828656051e-06 6.910699426043720450e-07 8.830304068396799266e-06
4.000000000000000000e+03 3.112366903224028647e-05 2.593911813164595515e-05 6.525811500068812165e-07 6.281957212195266038e-07 1.375261781504377723e-04 1.901793496017489815e-07 2.899771789088845253e-05 7.408311262224742677e-07 7.940618473867289140e-08 5.452960976981557906e-06
4.500000000000000000e+03 4.922907100990414619e-05 5.171432718634605408e-02 3.258859214838594198e-04 4.720918368548154831e-04 8.988499175757169724e-04 1.106618015001004096e-06 6.555886566638946533e-02 1.936911212396807969e-05 9.294750634580850601e-05 1.298261224292218685e-03
5.000000000000000000e+03 7.845096661185380071e-08 5.983578041195869446e-02 2.324559545741067268e-06 2.214959948787509347e-07 6.528505124151706696e-03 4.237859840827695734e-08 7.875405997037887573e-02 6.062698503228602931e-07 6.791380258164281258e-08 7.254777941852807999e-03
5.500000000000000000e+03 9.566863809595815837e-06 2.157761249691247940e-03 1.193772163787798490e-06 8.992240623229008634e-07 4.891043063253164291e-04 5.974730044044918031e-09 2.548381686210632324e-03 9.163269965029030573e-07 4.223498137889691861e-07 2.792019513435661793e-04
6.000000000000000000e+03 8.427929969911929220e-06 2.871978358598425984e-05 5.176588047106633894e-07 1.235971922142198309e-06 2.941499697044491768e-04 2.788709929646415731e-09 2.362951272516511381e-05 4.127676618281839183e-07 5.777878868684638292e-07 2.506665987311862409e-05
6.500000000000000000e+03 3.566680243238806725e-05 3.508337249513715506e-04 5.948136845290719066e-07 3.846920435535139404e-07 4.734292742796242237e-04 9.572583836714443351e-10 6.192979635670781136e-04 5.822948878630995750e-07 1.295969838110977435e-07 5.943179712630808353e-05
7.000000000000000000e+03 2.515820415283087641e-05 1.497574412496760488e-04 1.785348786143003963e-06 1.902826625155285001e-07 3.732186160050332546e-04 4.502912764881017438e-10 3.099735185969620943e-04 6.438111768147791736e-07 6.146884601321289665e-08 5.298166070133447647e-05
7.500000000000000000e+03 1.905797034851275384e-05 4.104260005988180637e-04 4.347607784893625649e-07 4.311152110858529340e-07 2.091967326123267412e-04 1.052736578466273443e-10 4.714359238278120756e-04 3.054497597076988313e-07 5.190896956719370792e-08 3.129823380731977522e-05
8.000000000000000000e+03 3.071020182687789202e-05 1.251134526683017612e-04 6.874305995552276727e-07 2.210126268664680538e-07 2.399644581601023674e-04 6.064924951143524368e-11 1.343301846645772457e-04 3.471573108981829137e-07 1.802350091395510390e-08 1.250969216926023364e-05
8.500000000000000000e+03 2.687127380340825766e-05 3.659589274320751429e-04 3.828961041563161416e-07 7.395066603521627258e-08 4.254381346981972456e-04 1.830802350000215739e-11 3.904629556927829981e-04 2.040671915892744437e-07 6.806874619513791913e-09 4.209582984913140535e-04
9.000000000000000000e+03 1.513587267254479229e-05 5.728548858314752579e-04 3.635267660229146713e-07 6.779055983230364291e-09 3.779372782446444035e-04 1.926296362003698803e-12 8.862917311489582062e-04 2.465044701693841489e-07 1.860873677372865131e-09 5.398485809564590454e-04
9.500000000000000000e+03 1.859801886894274503e-05 8.005154995771590620e-06 3.970314566004162771e-08 2.736347326504073862e-08 1.767852809280157089e-04 1.712911930351612710e-11 1.779244485078379512e-05 8.400645157280450803e-08 3.513717539149752156e-09 1.615399469301337376e-06
1.000000000000000000e+04 2.027858135988935828e-05 2.294032601639628410e-04 3.312763965368503705e-07 7.661861900487565435e-08 3.604028606787323952e-04 1.620419835639264061e-12 2.764067030511796474e-04 4.400647668489909847e-08 1.205051947117397049e-09 9.740796667756512761e-05
1.050000000000000000e+04 1.134749709308380261e-05 3.510017995722591877e-05 2.371567546788355685e-07 1.854844185800175183e-06 4.773861146531999111e-04 1.125541992941236913e-09 8.017665095394477248e-05 2.299259094229455513e-08 4.035627387821705270e-09 4.757961141876876354e-05
1.100000000000000000e+04 1.536282616143580526e-05 3.387175092939287424e-05 4.844700924877543002e-07 7.755037358947447501e-07 2.933730720542371273e-04 3.146396032605025539e-09 5.466658694786019623e-05 1.821522914724482689e-07 6.630032522991768928e-09 4.531469585344893858e-06
1.150000000000000000e+04 1.207371860800776631e-05 7.825902866898104548e-05 1.702038758821800002e-07 3.024549499741624459e-09 8.328941476065665483e-05 2.311342228722423897e-09 9.629525447962805629e-05 2.876436724363884423e-07 4.986862034428440893e-09 5.837168373545864597e-06
1.200000000000000000e+04 1.232344220625236630e-05 1.421092474629404023e-05 1.486639575887238607e-07 2.158951906139350285e-09 8.359236380783841014e-05 2.660055731240618115e-09 2.531582322262693197e-05 2.428744210192235187e-07 3.946360127571324483e-09 2.499769152564113028e-06
1.250000000000000000e+04 1.618014721316285431e-05 2.842675166903063655e-05 2.179696565463018487e-07 3.319430064152584237e-08 1.430750562576577067e-04 2.761050055255509506e-09 2.255848994536790997e-05 2.438405886096006725e-07 1.236282010097511375e-08 3.703812126332195476e-06
1.300000000000000000e+04 1.243228780367644504e-05 2.454736386425793171e-05 2.426709215797018260e-07 1.309669244164979318e-07 1.003963843686506152e-04 4.703630374081058108e-09 2.983127342304214835e-05 2.746926668351079570e-07 6.025716459134855540e-08 1.606479054316878319e-05
1.350000000000000000e+04 1.362014609185280278e-05 3.081591785303317010e-05 8.579599608538046596e-08 7.762795917187759187e-08 5.714450526284053922e-05 1.799724924644863222e-09 3.705323615577071905e-05 1.366919804013377870e-07 5.285318138703587465e-08 4.978804213351395447e-07
1.400000000000000000e+04 6.527900495711946860e-06 7.083785931172315031e-06 2.228141369187142118e-07 1.617145528598484816e-07 3.432200173847377300e-05 2.489300099384195164e-09 1.450800482416525483e-05 4.043968147016130388e-07 1.345345026493305340e-07 1.035806008076178841e-06
1.450000000000000000e+04 1.081518075807252899e-05 3.509223824949003756e-05 6.544017594478646060e-08 3.691381209591781953e-07 1.473904558224603534e-04 8.476140900270934253e-10 3.805269443546421826e-05 7.947048175083182286e-08 1.833479501556212199e-07 6.187621693243272603e-06
1.500000000000000000e+04 2.516366112104151398e-05 2.742008837230969220e-05 4.660403192247031257e-07 3.410224564959207783e-07 1.810744433896616101e-04 3.310244967025255391e-09 1.960003646672703326e-05 1.320634055446134880e-07 1.077007212302305561e-07 8.028479896893259138e-06
1.550000000000000000e+04 1.039619382936507463e-05 1.919545502460096031e-05 1.339339128492156306e-08 5.869764549970568623e-07 6.318098894553259015e-05 1.173187241798601121e-10 6.128811219241470098e-05 8.466376932858565851e-09 1.282358397247662651e-08 1.402930229232879356e-05
1.600000000000000000e+04 8.259758942585904151e-06 7.669864571653306484e-04 1.493751078385230358e-08 6.125747376017898205e-08 8.588290802435949445e-05 6.442647804139056689e-11 5.930900806561112404e-04 4.314175683362009295e-09 3.938100068268113318e-09 1.000179690890945494e-04
1.650000000000000000e+04 9.266247070627287030e-05 6.634925957769155502e-04 1.035301556839840487e-05 1.335590877715731040e-05 6.085119675844907761e-04 5.304244155013293494e-07 4.988895379938185215e-04 2.475225119269452989e-05 1.023566619551274925e-05 1.814173447201028466e-04
1.700000000000000000e+04 6.561238114954903722e-05 3.166911774314939976e-04 1.220551780534151476e-06 9.690221531855058856e-07 2.294611476827412844e-04 2.084902028798296669e-08 4.414705617818981409e-04 3.678895609482424334e-06 5.585877715930109844e-07 3.166757232975214720e-05
1.750000000000000000e+04 1.586320286151021719e-05 2.699094693525694311e-05 1.004450155051017646e-06 8.114567435768549331e-07 1.052354782586917281e-04 2.006653510022715636e-08 4.593676203512586653e-05 1.971670144484960474e-06 3.579597489533625776e-07 3.644470552899292670e-06
1.800000000000000000e+04 1.881439493445213884e-05 3.332673441036604345e-05 6.110782919677149039e-07 1.665235799919173587e-06 1.650431659072637558e-04 2.668411447359630984e-08 1.654042280279099941e-04 3.798368197749368846e-06 2.492066414561122656e-06 1.185519408863910940e-06
1.850000000000000000e+04 2.263302849314641207e-05 4.758488212246447802e-04 4.413289502736006398e-07 6.476774387920158915e-07 4.640994302462786436e-05 3.470157938778584139e-09 2.074927615467458963e-04 1.835668854255345650e-06 6.304356929831556045e-07 7.815499702701345086e-05
1.900000000000000000e+04 6.978220881137531251e-06 3.524564453982748091e-05 4.230865044974052580e-07 5.558728730647999328e-07 3.951036705984733999e-05 3.444556995191305759e-08 1.512964227003976703e-04 1.022973719955189154e-06 3.857075228097528452e-07 6.070553354220464826e-05
1.950000000000000000e+04 1.316466568823670968e-05 5.994439561618492007e-06 1.721394369269546587e-07 1.500564650314117898e-07 1.367917684547137469e-05 7.260623213767303241e-09 3.918237780453637242e-05 1.617435145817580633e-07 4.485590034164488316e-05 6.424033472285373136e-06
2.000000000000000000e+04 1.260875160369323567e-05 3.125910589005798101e-04 9.206296169850247679e-08 9.406532086586594232e-08 1.079636786016635597e-04 5.320334395264580962e-09 2.361814840696752071e-04 1.706587084981947555e-07 3.688706419779919088e-05 8.819813228910788894e-05
2.050000000000000000e+04 2.239999048470053822e-05 1.487218742113327608e-05 3.435542623719811672e-07 1.169017807001182518e-07 1.276525144930928946e-04 1.390240722543012453e-08 3.644621028797701001e-05 6.873613074276363477e-07 1.226551376021234319e-07 1.951930244104005396e-06
2.100000000000000000e+04 4.164587880950421095e-05 1.614892789802979678e-05 1.399187539163904148e-07 4.610986081843293505e-07 1.797147997422143817e-04 4.490871230444781759e-09 8.220192103181034327e-05 5.032429157836304512e-07 5.009853154547272425e-08 3.870107150305557298e-07
2.150000000000000000e+04 6.742305231455247849e-06 4.224443182465620339e-05 8.742851775878079934e-08 5.033708916357682028e-08 1.543927937746047974e-04 1.667579629938131802e-09 1.302419404964894056e-04 6.142778374851332046e-07 2.033532986445152346e-08 1.156921098299790174e-05
2.200000000000000000e+04 1.636270899325609207e-04 1.570210792124271393e-03 7.294995157280936837e-05 1.170293762697838247e-04 1.403098693117499352e-03 2.593331487332761753e-07 3.060964401811361313e-03 8.328825788339599967e-05 4.420732147991657257e-05 9.379549883306026459e-04
2.250000000000000000e+04 2.728085019043646753e-05 1.942559028975665569e-04 2.590113808764726855e-06 1.980137994905817322e-06 2.904449356719851494e-04 7.806928437048554770e-10 2.025761059485375881e-04 1.237081164617848117e-06 1.588077793712727726e-06 3.606608515838161111e-05
2.300000000000000000e+04 2.193223735957872123e-05 3.290024324087426066e-05 1.221285543806516216e-07 2.392574174336914439e-07 1.607776066521182656e-04 4.679712173327743585e-11 4.422106576384976506e-05 1.690756334937759675e-07 3.475747689662966877e-07 5.058079750597244129e-06
2.350000000000000000e+04 9.961252544599119574e-06 2.831454003171529621e-05 1.254619803603418404e-07 1.347247859939670889e-07 4.295212784199975431e-05 2.411755170572682516e-11 4.343113687355071306e-05 2.794976410314120585e-07 7.186461203900762484e-08 2.687503865672624670e-06
2.400000000000000000e+04 4.835928393731592223e-06 4.499425995163619518e-05 1.147352648445121304e-07 6.725219492409451050e-08 3.441460648900829256e-05 3.236735532374801494e-11 2.529105040594004095e-05 2.787605524190439610e-07 5.097238542361992586e-08 9.544630302116274834e-06
2.450000000000000000e+04 7.664760232728440315e-06 6.475390546256676316e-05 1.308452901582768391e-08 6.534792618140272680e-08 5.458529631141573191e-05 3.771594495050045737e-11 6.056399070075713098e-05 1.590838794029991732e-09 3.372417722857790068e-08 2.940725244116038084e-05
2.500000000000000000e+04 5.666796823788899928e-06 2.849396878445986658e-05 7.009301139504486855e-09 2.614219418717311783e-08 4.540867303148843348e-05 1.649357039834598027e-11 4.892796641797758639e-05 1.362934987092501160e-09 9.125527888897977391e-09 1.081151458492968231e-05
2.550000000000000000e+04 2.838926229742355645e-05 7.401900948025286198e-04 9.410108248175674817e-10 1.777953571036050562e-07 8.203359902836382389e-05 1.002301019958906636e-09 7.105783442966639996e-04 4.464648928337311418e-10 1.548024926023572334e-07 3.733873381861485541e-05
2.600000000000000000e+04 1.190423427033238113e-05 1.361045178782660514e-05 3.258038505649096805e-09 4.744993731264912640e-08 4.846228330279700458e-05 8.066892293046024065e-11 1.535929477540776134e-04 5.680073633662630073e-10 4.423026567224042083e-08 8.688814887136686593e-06
2.650000000000000000e+04 4.264944072929210961e-05 1.637774403207004070e-04 9.921027555037653656e-08 1.913991098945189151e-07 2.566130133345723152e-04 5.078626963417320894e-10 1.245380844920873642e-04 1.405733911497009103e-07 1.468873023213745910e-07 7.784142508171498775e-05
2.700000000000000000e+04 1.037599122355459258e-05 1.277873525395989418e-04 1.553534856313376622e-09 1.115114844907338920e-08 3.532496339175850153e-05 1.976453202490180416e-11 2.700440199987497181e-05 1.503701274607749383e-09 1.059555287952207436e-08 8.246160723501816392e-05
2.750000000000000000e+04 4.511761289904825389e-06 8.692413757671602070e-06 1.422067263945336890e-08 1.135760818726794241e-08 1.972979043785016984e-05 3.377592650011251862e-11 1.852964305726345628e-05 7.382892630580784044e-10 1.038545160980675064e-08 6.882087745907483622e-06
2.800000000000000000e+04 2.700596041904645972e-06 1.319971306656952947e-05 4.588085467105429416e-09 1.727781828719798796e-08 9.915094778989441693e-06 4.496752276095250522e-11 2.787137236737180501e-05 1.841510624545072972e-11 1.783141279076971841e-08 8.475104550598189235e-06
2.850000000000000000e+04 1.578023875481449068e-05 4.437691677594557405e-05 2.527204934210658394e-08 8.713668897541992919e-09 7.428385288221761584e-05 1.157667850471000293e-10 1.548640429973602295e-04 3.969742579101875890e-08 3.089622557794768909e-09 9.773388592293485999e-05
2.900000000000000000e+04 6.067612412152811885e-05 2.406363782938569784e-04 1.527007725599105470e-06 1.483352374265223261e-08 5.161775043234229088e-04 7.651518529883105657e-09 2.797202905640006065e-04 4.317940692999400198e-06 3.032371154176871642e-08 6.535949796671047807e-05
2.950000000000000000e+04 9.150067853624932468e-06 8.690163667779415846e-05 1.607863708841250627e-08 4.629798766586645797e-09 7.132365135475993156e-05 2.608409044313475533e-10 6.751287583028897643e-05 2.480490657319478487e-08 4.920153617860023587e-09 4.045515197503846139e-06
3.000000000000000000e+04 7.025339073152281344e-06 8.178020834748167545e-06 1.413079075973655563e-08 2.778034913220039925e-09 3.766746885958127677e-05 3.364186151877390785e-10 4.945962427882477641e-05 4.908475403908596491e-08 4.626808713936725326e-09 2.875547352232388221e-06
3.050000000000000000e+04 9.179406333714723587e-06 7.038276817183941603e-05 1.395722915020769506e-08 5.043156114936664380e-09 5.945979501120746136e-05 1.605317656583338248e-09 6.967938679736107588e-05 1.023168749725300586e-07 4.581669710290725561e-09 9.014293937070760876e-06
3.100000000000000000e+04 1.144284469773992896e-04 2.336847595870494843e-03 6.105424432689687819e-08 7.050102723837881058e-09 8.185125770978629589e-04 4.999823222107124820e-09 1.838830416090786457e-03 1.675047656135575380e-07 5.089718424500233596e-09 6.238601054064929485e-04
3.150000000000000000e+04 1.118720592785393819e-05 4.865295341005548835e-05 2.606833682250453421e-08 5.920388623792405269e-09 1.950671867234632373e-05 2.763816953077480321e-09 7.857059244997799397e-05 4.947776233166223392e-08 7.685192926487616205e-09 8.382499800063669682e-05
3.200000000000000000e+04 3.269597527832956985e-06 3.584518935895175673e-06 8.107679860813732375e-09 1.131690563482834477e-08 3.991861831309506670e-06 1.772584523607179108e-09 1.633071042306255549e-05 2.477071170403633005e-08 1.095219914759582025e-08 8.007926953723654151e-05
3.250000000000000000e+04 1.476345732953632250e-05 1.155669451691210270e-05 3.498974621152228792e-08 2.521151287737666280e-08 7.532762538176029921e-05 1.052690573599690538e-10 7.656594243599101901e-05 6.774250493890576763e-08 3.343362697805218886e-09 2.445701056785765104e-06
3.300000000000000000e+04 3.667169949039816856e-05 2.225105126854032278e-04 1.797386630641994998e-07 5.986307627381393104e-08 1.844262442318722606e-04 2.732850612474635454e-10 2.246956428280100226e-04 2.978200441816625244e-08 3.525572722651304503e-08 7.307571650017052889e-05
3.350000000000000000e+04 1.742750646371860057e-05 2.681026235222816467e-04 1.714387209972301207e-08 1.170286267893061449e-07 1.927114935824647546e-04 2.198853460422256489e-10 4.157077928539365530e-04 9.704111789687885903e-07 8.575675991551179322e-08 9.010644134832546115e-05
3.400000000000000000e+04 3.575126902433112264e-05 2.068861213047057390e-04 2.163909407215669489e-08 6.285948472850577673e-08 2.276672894367948174e-04 1.103775848498855794e-09 2.029176685027778149e-04 3.995784823018766474e-07 6.165733168472797843e-08 8.096634701360017061e-05
3.450000000000000000e+04 4.022891971544595435e-06 6.714163191645639017e-06 3.047793484256544616e-08 2.245284846935646783e-08 5.623302058666013181e-05 4.872878101025435171e-09 2.129630956915207207e-05 1.927575112858903594e-07 7.184872252707918960e-09 7.998952241905499250e-06
3.500000000000000000e+04 6.364736236719181761e-06 1.329606020590290427e-04 1.169529451061634973e-08 2.318431846504154237e-08 7.364030170720070601e-05 2.480352589984136102e-09 1.581660180818289518e-04 3.949495308575023955e-08 6.816262665410022237e-09 2.997087176481727511e-05
3.550000000000000000e+04 1.076854005077620968e-05 1.086427892005303875e-05 6.590844758846969853e-09 8.384138716621691856e-09 4.970617737853899598e-05 3.406735310518271831e-11 3.855797331198118627e-05 6.807229624428146053e-08 5.850948614494200228e-10 1.059396709024440497e-05
3.600000000000000000e+04 2.691908321139635518e-06 1.397091909893788397e-05 1.092949375447460625e-08 2.409338328845933574e-08 6.894031230331165716e-06 6.255057583004486332e-10 7.280021964106708765e-05 1.184718172453358420e-07 7.316841577065247293e-10 5.538967525353655219e-05
3.650000000000000000e+04 1.514006817160407081e-05 1.279464049730449915e-04 3.019522054614753870e-08 2.726159777921566274e-07 9.414622763870283961e-05 1.682951666914789257e-09 1.515024487162008882e-04 1.565370979506042204e-07 3.987783969705560594e-08 5.738497566198930144e-05
3.700000000000000000e+04 2.396702257101424038e-05 2.229784877272322774e-05 3.216426236463121313e-08 1.094130084311473183e-07 7.615566573804244399e-05 4.616189375195034472e-11 2.887561640818603337e-05 5.832243914483115077e-07 1.767882840120194032e-09 7.755751721560955048e-05
3.750000000000000000e+04 1.332285864918958396e-05 1.908938065753318369e-05 1.597781817963550566e-08 2.459076853256192408e-08 1.221509737661108375e-04 2.003703869490891520e-09 6.551694241352379322e-05 1.570091967550979462e-08 1.487868228622346578e-08 3.745938101928913966e-06
3.800000000000000000e+04 8.675629942445084453e-06 3.384223964530974627e-05 5.056557839111519570e-09 6.992993739629582706e-09 8.364990208065137267e-05 7.848368482887835285e-11 1.020941781462170184e-04 1.415636177171109011e-07 8.140794149902319532e-10 4.459340289031388238e-06
3.850000000000000000e+04 5.556148153118556365e-06 2.241420588688924909e-05 6.035025812423100433e-09 3.909943036006779948e-09 7.246607128763571382e-05 3.244136626001647983e-10 1.748724753269925714e-05 4.215975479837652529e-07 2.123282882848798181e-09 6.953628599148942158e-06
3.900000000000000000e+04 4.223790256219217554e-06 8.112285286188125610e-06 4.153624555414126007e-09 3.396823489154598974e-09 6.835495878476649523e-05 8.740735357726236998e-10 1.533438262413255870e-05 1.273210273211589083e-06 5.445881967602872464e-09 2.549415512476116419e-06
3.950000000000000000e+04 1.972460813703946769e-05 2.077105891657993197e-04 1.488574241648166208e-08 1.511926761565973720e-08 2.163278986699879169e-04 4.211219706284907716e-10 2.565837639849632978e-04 5.823468640642204264e-08 4.501507433474216668e-08 7.332544191740453243e-05
4.000000000000000000e+04 1.613785934750922024e-05 2.855864295270293951e-04 1.221764200920461008e-08 4.435111389256007897e-09 8.192498353309929371e-05 1.674611838087258775e-10 2.586502814665436745e-04 1.162168530299823033e-07 1.857166687102562719e-08 5.449442323879338801e-05
4.050000000000000000e+04 1.179082573798950762e-05 2.136365947080776095e-05 1.004015359740151325e-08 4.730043912104520132e-09 2.928579924628138542e-04 1.968104429428407798e-10 7.512558659072965384e-05 1.309825048423363114e-08 3.643848556222906154e-10 2.821729685820173472e-05
4.100000000000000000e+04 2.114730705216061324e-05 9.860901627689599991e-05 9.880261941930257308e-09 2.102119189828499657e-08 2.304014487890526652e-04 6.078870740111597115e-10 1.408768148394301534e-04 1.204164856716261056e-08 1.011342343204546523e-09 3.062217001570388675e-05
4.150000000000000000e+04 4.211166469758609310e-06 1.527607855678070337e-05 1.231101620646768424e-08 5.262768887348556746e-09 1.199404287035576999e-04 2.851659575142662106e-09 7.701767754042521119e-05 4.489375093896796898e-09 5.094152211171376621e-09 2.612750722619239241e-05
4.200000000000000000e+04 7.411658316414104775e-06 1.424660149496048689e-04 1.252653536454317873e-08 8.310404808753446559e-09 1.379267196170985699e-04 2.881540339672028495e-09 9.931505337590351701e-05 8.576554577643946686e-09 7.465528639727381233e-09 7.301679579541087151e-05
