# step, loss_train, loss_test, metrics_test
0.000000000000000000e+00 1.581848226487636566e-02 9.234444797039031982e-02 2.091103047132492065e-02 1.845259778201580048e-02 4.537829197943210602e-03 1.604883559048175812e-02 8.242782950401306152e-02 1.096185855567455292e-02 1.631497405469417572e-02 6.106372456997632980e-03
5.000000000000000000e+02 1.107397605665028095e-03 5.847612395882606506e-02 2.910644798248540610e-05 1.602767442818731070e-04 3.978999797254800797e-03 1.069100457243621349e-03 6.661269068717956543e-02 6.010409924783743918e-05 4.952325834892690182e-04 4.687195643782615662e-03
1.000000000000000000e+03 9.468375355936586857e-04 5.776092782616615295e-02 4.678333061747252941e-05 1.297328708460554481e-04 3.699711291119456291e-03 8.927658782340586185e-04 6.557381898164749146e-02 1.163677588920108974e-04 2.387776767136529088e-04 4.403612110763788223e-03
1.500000000000000000e+03 5.729274707846343517e-04 6.781087070703506470e-02 7.413764978991821408e-05 7.218241808004677296e-05 3.999373875558376312e-03 4.808752564713358879e-04 6.501324474811553955e-02 9.384601435158401728e-05 1.396968291373923421e-04 4.538082052022218704e-03
2.000000000000000000e+03 4.954125033691525459e-04 6.657486408948898315e-02 1.787484216038137674e-04 6.315835344139486551e-05 2.429995220154523849e-03 4.215713706798851490e-04 6.472526490688323975e-02 1.466537360101938248e-04 3.375926462467759848e-05 2.903996501117944717e-03
2.500000000000000000e+03 2.641930768731981516e-04 7.939288765192031860e-02 1.806399086490273476e-04 2.142688899766653776e-04 1.838899799622595310e-03 2.255200670333579183e-04 6.417871266603469849e-02 1.158009181381203234e-04 2.661622784216888249e-05 2.211536047980189323e-03
3.000000000000000000e+03 1.589748426340520382e-04 7.836054265499114990e-02 3.176728496327996254e-04 4.283110320102423429e-04 1.450221752747893333e-03 1.065634351107291877e-04 6.345982849597930908e-02 1.512860035290941596e-04 8.224206248996779323e-05 1.818922348320484161e-03
3.500000000000000000e+03 1.184475608170032501e-03 5.140976607799530029e-02 1.195544959045946598e-03 1.742526888847351074e-03 3.684351686388254166e-04 3.261552192270755768e-04 5.233487486839294434e-02 2.372296061366796494e-03 5.552820395678281784e-03 9.564299252815544605e-04
4.000000000000000000e+03 9.695029584690928459e-04 6.427842192351818085e-03 1.424949296051636338e-04 8.136206306517124176e-04 1.388075994327664375e-03 4.326004127506166697e-04 3.949051257222890854e-03 2.999257703777402639e-04 3.390562254935503006e-03 1.300238422118127346e-03
4.500000000000000000e+03 1.650224294280633330e-04 6.376755773089826107e-04 1.759623555699363351e-04 3.941381510230712593e-05 1.730426447466015816e-03 5.520114063983783126e-05 5.976313259452581406e-04 3.341714909765869379e-04 9.710132871987298131e-05 1.197913428768515587e-03
5.000000000000000000e+03 1.185665241791866720e-04 4.480319039430469275e-04 1.179067403427325189e-04 3.110848774667829275e-05 1.465762150473892689e-03 3.476439451333135366e-05 4.406679363455623388e-04 2.100014826282858849e-04 3.067205034312792122e-05 9.154669241979718208e-04
5.500000000000000000e+03 7.477199687855318189e-05 3.240994119551032782e-04 5.088796024210751057e-05 1.469731432734988630e-05 9.825315792113542557e-04 1.854584297689143568e-05 2.424132690066471696e-04 7.578692020615562797e-05 7.319180440390482545e-06 6.491084932349622250e-04
6.000000000000000000e+03 4.793136758962646127e-05 2.563667076174169779e-04 1.639680704101920128e-05 4.752379027195274830e-06 7.535229669883847237e-04 1.178862476081121713e-05 2.197913563577458262e-04 3.646222830866463482e-05 1.944346513482742012e-05 4.343650070950388908e-04
6.500000000000000000e+03 3.902169191860593855e-05 2.401593665126711130e-04 9.792733180802315474e-06 5.249480636848602444e-06 7.443872164003551006e-04 7.759093023196328431e-06 2.409092412563040853e-04 1.536758645670488477e-05 2.494369982741773129e-05 2.750417042989283800e-04
7.000000000000000000e+03 2.923771171481348574e-05 2.097818942274898291e-04 1.638553294469602406e-05 3.951458438677946106e-06 6.161984056234359741e-04 5.288524789648363367e-06 2.202751493314281106e-04 1.451373373129172251e-05 3.031519008800387383e-05 1.715667312964797020e-04
7.500000000000000000e+03 1.012805296340957284e-05 1.539081713417544961e-04 1.728774805087596178e-05 4.608391009242041036e-06 3.827686305157840252e-04 3.908728558599250391e-06 2.104486775351688266e-04 9.408568985236342996e-06 9.912246241583488882e-06 1.139748637797310948e-04
8.000000000000000000e+03 7.007134627201594412e-06 1.325269549852237105e-04 1.076145417755469680e-05 3.401833282623556443e-06 3.116391308140009642e-04 2.796719854814000428e-06 1.820487523218616843e-04 4.945915861753746867e-06 8.046578841458540410e-06 6.668298738077282906e-05
8.500000000000000000e+03 7.356415608228417113e-06 1.214042858919128776e-04 7.067896149237640202e-06 3.209319174857228063e-06 3.628035774454474449e-04 1.993044634218676947e-06 1.586013386258855462e-04 5.946091278019594029e-06 1.527902168163564056e-05 3.873442983604036272e-05
9.000000000000000000e+03 6.937500074855051935e-06 1.005776721285656095e-04 5.352940661396132782e-06 3.019943733306718059e-06 3.247788117732852697e-04 1.615197788851219229e-06 1.447203103452920914e-04 5.034191417507827282e-06 1.334896569460397586e-05 1.972457721421960741e-05
9.500000000000000000e+03 6.111916718509746715e-06 8.009545854292809963e-05 5.567186690313974395e-06 3.273500624345615506e-06 2.073001523967832327e-04 9.584650797478388995e-07 1.263221347471699119e-04 2.996802550114807673e-06 3.967948941863141954e-06 1.082288599718594924e-05
1.000000000000000000e+04 8.263913514383602887e-06 6.306311843218281865e-05 5.274239811114966869e-06 2.997084266098681837e-06 1.812460541259497404e-04 7.662360985705163330e-07 1.055740503943525255e-04 1.850558646765421145e-06 3.334822849865304306e-06 6.481423952209297568e-06
1.050000000000000000e+04 1.769110531313344836e-05 6.251128797885030508e-05 3.168913963236263953e-06 2.575600319687509909e-06 2.967585751321166754e-04 7.675017741348710842e-07 8.578794950153678656e-05 1.807568764888856094e-06 1.498964252277801279e-06 6.291087174759013578e-06
1.100000000000000000e+04 2.417082214378751814e-05 4.782344694831408560e-05 3.115059826086508110e-06 1.887630787678062916e-06 2.646964567247778177e-04 6.107283638812077697e-07 7.202518463600426912e-05 2.639691047079395503e-06 8.658920478410436772e-07 5.706328465748811141e-06
1.150000000000000000e+04 1.941678783623501658e-05 2.481855699443258345e-05 8.534029234397166874e-07 1.607649892321205698e-06 9.643255179980769753e-05 5.351804475139942952e-07 3.469685907475650311e-05 1.556908614475105423e-06 1.688321276560600381e-06 3.358117965035489760e-06
1.200000000000000000e+04 1.897811489470768720e-05 1.643482755753211677e-05 7.470087552974291611e-07 1.331466933152114507e-06 9.294306073570623994e-05 3.869779163778730435e-07 2.503735959180630744e-05 7.452493377968494315e-07 2.052341869784868322e-06 2.908398300860426389e-06
1.250000000000000000e+04 2.593469980638474226e-05 2.091299029416404665e-05 1.269900280931324232e-06 1.567852905282052234e-06 1.643465802771970630e-04 3.640687111783336150e-07 3.102308255620300770e-05 4.105431514744850574e-07 2.520243924664100632e-06 3.804923153438721783e-06
1.300000000000000000e+04 2.870343269023578614e-05 1.722684646665584296e-05 1.005851913760125171e-06 1.226405288434762042e-06 1.545070408610627055e-04 3.032404833902546670e-07 2.761109681159723550e-05 5.604524631053209305e-07 1.496493723607272841e-06 3.737495262612355873e-06
1.350000000000000000e+04 2.243829840153921396e-05 1.126821462094085291e-05 6.767201057300553657e-07 3.175430549617885845e-07 6.088051304686814547e-05 2.903590825553692412e-07 1.550281558593269438e-05 3.882564953983091982e-07 1.445062821403553244e-06 2.023848082899348810e-06
1.400000000000000000e+04 2.000467065954580903e-05 7.368877504632109776e-06 5.118536705595033709e-07 2.639053207076358376e-07 6.138540629763156176e-05 2.915570007644419093e-07 1.314902510785032064e-05 2.982377793614432449e-07 2.056170615105656907e-06 1.762975784913578536e-06
1.450000000000000000e+04 3.130981713184155524e-05 1.626504308660514653e-05 2.573505071268300526e-06 5.379525873649981804e-07 2.263084752485156059e-04 3.711738827405497432e-07 2.114908420480787754e-05 9.475409683545876760e-07 1.298834490626177285e-06 5.051574589742813259e-06
1.500000000000000000e+04 3.340878902235999703e-05 1.421118759026285261e-05 1.696672711659630295e-06 4.061783442921296228e-07 2.173256361857056618e-04 4.419059109750378411e-07 1.830742439778987318e-05 1.367142886010697111e-06 1.019218871078919619e-06 5.111545306135667488e-06
1.550000000000000000e+04 1.993001569644547999e-05 1.133631940319901332e-05 2.540989271437865682e-06 1.029860072776500601e-06 1.104585826396942139e-04 3.770526575408439385e-07 1.950853948073927313e-05 3.044520553885377012e-06 1.660836801420373376e-06 4.228082616464234889e-06
1.600000000000000000e+04 1.896445610327646136e-05 1.074219835572876036e-05 1.724225398902490269e-06 7.081468424985359889e-07 1.075908148777671158e-04 4.440573775355005637e-07 1.931439328473061323e-05 2.934205667770584114e-06 1.805372676244587637e-06 4.182043539913138375e-06
1.650000000000000000e+04 3.313946581329219043e-05 1.314135079155676067e-05 8.877190680323110428e-07 8.139201668200257700e-07 1.543784455861896276e-04 4.940786197948909830e-07 2.672485243238043040e-05 2.189685574194299988e-06 1.599365418769593816e-06 4.037911821797024459e-06
1.700000000000000000e+04 3.660579022835008800e-05 1.354875257675303146e-05 7.176592475843790453e-07 8.755063731769041624e-07 1.456133177271112800e-04 5.207850222177512478e-07 2.465411125740502030e-05 2.132267127308296040e-06 1.777640363798127510e-06 3.596752549128723331e-06
1.750000000000000000e+04 3.047138670808635652e-05 1.067224275175249204e-05 5.315570774655498099e-07 4.461954290491121355e-07 1.372338447254151106e-04 8.214975650844280608e-07 1.933420207933522761e-05 2.401561459919321351e-06 1.571869461258756928e-06 2.328912387383752503e-06
1.800000000000000000e+04 2.896710611821617931e-05 1.631748637009877712e-05 5.336802360034198500e-07 3.231995435726275900e-07 1.323741453234106302e-04 7.989019650267437100e-07 2.352675255679059774e-05 1.437799369341519196e-06 1.934922920554527082e-06 2.542369657021481544e-06
1.850000000000000000e+04 3.417161860852502286e-05 2.429124106129165739e-05 3.009980900969821960e-06 1.237287619915150572e-06 2.372284798184409738e-04 4.308503491756709991e-07 6.394540832843631506e-05 4.885289854428265244e-06 1.032033992487413343e-06 5.037900336901657283e-06
1.900000000000000000e+04 3.567233943613246083e-05 2.293541547260247171e-05 2.381988451816141605e-06 1.072007535185548477e-06 2.281436318298801780e-04 4.565397659916925477e-07 8.033891208469867706e-05 3.358878302606171928e-06 9.427034228792763315e-07 4.779356004291912541e-06
1.950000000000000000e+04 2.703253630897961557e-05 1.197337041958235204e-05 6.705557211716950405e-07 1.394571313539927360e-06 4.757261922350153327e-05 6.537498506986594293e-07 4.024977533845230937e-05 2.706414534259238280e-06 8.945448826125357300e-07 2.453022943882388063e-06
2.000000000000000000e+04 2.314983976248186082e-05 1.096705091185867786e-05 5.937436640124360565e-07 1.226904828399710823e-06 4.879201878793537617e-05 7.380500619547092356e-07 3.650465441751293838e-05 2.291757255079573952e-06 1.800010522856609896e-06 2.395667706878157333e-06
2.050000000000000000e+04 2.365007821936160326e-05 1.005082594929262996e-05 1.668478972760567558e-07 8.685323678037093487e-07 8.972522482508793473e-05 6.628808932873653248e-07 2.961391692224424332e-05 6.511230594696826302e-07 1.038344862536177970e-06 3.673305172924301587e-06
2.100000000000000000e+04 2.352961564611177891e-05 1.056120709108654410e-05 1.154934636815596605e-07 5.731631063099484891e-07 8.557918772567063570e-05 6.530146379191137385e-07 2.998909258167259395e-05 4.153705219778203173e-07 1.127857899518858176e-06 3.362874622325762175e-06
2.150000000000000000e+04 2.476876761647872627e-05 1.460392104490892962e-05 2.781883097213722067e-07 1.728183519844606053e-06 1.864393852883949876e-04 5.559382429964898620e-07 2.705274710024241358e-05 9.033423680193664040e-07 5.344780220184475183e-06 3.889145318680675700e-06
2.200000000000000000e+04 2.372759809077251703e-05 1.439405696146422997e-05 2.587867413694766583e-07 1.065625156115856953e-06 1.829784450819715858e-04 4.746235333641379839e-07 2.665568536031059921e-05 8.075572281995846424e-07 5.906069873162778094e-06 4.026262558909365907e-06
2.250000000000000000e+04 2.454123205097857863e-05 1.358681220153812319e-05 9.123122026721830480e-07 8.659338845973252319e-07 1.005215890472754836e-04 5.045134230385883711e-07 3.039636612811591476e-05 6.054693244550435338e-07 1.323670221609063447e-05 2.391116368016810156e-06
2.300000000000000000e+04 2.120357385138049722e-05 1.239665107277687639e-05 7.036395572868059389e-07 6.881251124468690250e-07 1.019787741824984550e-04 5.562623641708341893e-07 2.788817255350295454e-05 5.710610935238946695e-07 1.978137697733473033e-05 2.482811851223232225e-06
2.350000000000000000e+04 2.556337494752369821e-05 9.626241080695763230e-06 6.884141612317762338e-07 3.372173580373782897e-07 6.616349128307774663e-05 5.066835342404374387e-07 2.345768734812736511e-05 3.538114015100290999e-06 4.977021603735920507e-07 4.869137683272128925e-06
2.400000000000000000e+04 2.641615174070466310e-05 9.480698281549848616e-06 5.076428806205512956e-07 2.141908055364183383e-07 6.265824049478396773e-05 4.590166611251333961e-07 2.313792174390982836e-05 3.464351948423427530e-06 7.602746450174890924e-07 4.845666353503474966e-06
2.450000000000000000e+04 1.576713293616194278e-05 1.107250864151865244e-05 2.222519924544030800e-06 2.751521890331787290e-07 7.603540871059522033e-05 3.857447552491066745e-07 3.997417297796346247e-05 1.019336878016474657e-06 1.270207917514198925e-06 3.656284434327972122e-06
2.500000000000000000e+04 1.552992762299254537e-05 1.102256464946549386e-05 1.636983824937487952e-06 2.984777722758735763e-07 7.525691034970805049e-05 3.528542720232508145e-07 4.355523560661822557e-05 7.562915129710745532e-07 1.791796194083872251e-06 3.283609430582146160e-06
2.550000000000000000e+04 2.747217877185903490e-05 1.035641616908833385e-05 5.351060963221243583e-07 6.862572377031028736e-07 6.604071677429601550e-05 3.682492035750328796e-07 3.985593866673298180e-05 5.856408051840844564e-07 1.622884497010090854e-06 3.669527814054163173e-06
2.600000000000000000e+04 2.446702092129271477e-05 1.034545675793197006e-05 4.207381323340086965e-07 4.702164915215689689e-07 6.568145909113809466e-05 3.955699128255218966e-07 3.846877370961010456e-05 7.886962407610553782e-07 1.803482518880628049e-06 3.963445578847313300e-06
2.650000000000000000e+04 2.264235081383958459e-05 1.563751902722287923e-05 5.434704348772356752e-07 7.283212255515536526e-08 1.191324699902907014e-04 3.190431527855253080e-07 2.033679447777103633e-05 4.199171144136926159e-07 1.794806962607253809e-06 5.250079993857070804e-06
2.700000000000000000e+04 2.348098678339738399e-05 1.520379919384140521e-05 3.503923267089703586e-07 5.970981931113783503e-08 1.143105255323462188e-04 2.674431698324042372e-07 1.987457835639361292e-05 3.026265744665579405e-07 1.793859837562195025e-06 5.098213478049729019e-06
2.750000000000000000e+04 2.070319715130608529e-05 1.069746940629556775e-05 4.075121466939890524e-07 1.923027213024397497e-07 7.247195026138797402e-05 2.403956216312508332e-07 2.816703636199235916e-05 6.674031851616746280e-07 6.817025678174104542e-06 3.791428525801165961e-06
2.800000000000000000e+04 2.087827124341856688e-05 1.027640064421575516e-05 2.735592943281517364e-07 1.169688346180919325e-07 7.073250162648037076e-05 2.413359538877557497e-07 2.810328078339807689e-05 6.538500088026921730e-07 8.807300218904856592e-06 3.848318101518088952e-06
2.850000000000000000e+04 2.019812563958112150e-05 1.228395922225899994e-05 4.414862075918790651e-07 6.195999446845235070e-08 1.690695644356310368e-04 2.552535534050548449e-07 1.888225051516201347e-05 8.871356271811237093e-07 9.277946446673013270e-06 3.594254167182953097e-06
2.900000000000000000e+04 2.048125497822184116e-05 2.396501076873391867e-05 2.954788556053244974e-07 7.197542117864941247e-08 1.626817829674109817e-04 2.582677325335680507e-07 1.877815520856529474e-05 1.116899056796682999e-06 8.779232302913442254e-06 4.250466190569568425e-06
2.950000000000000000e+04 1.711573531792964786e-05 1.044781038217479363e-05 2.465679358465422411e-07 2.457745722495019436e-07 5.826953565701842308e-05 2.399241054718004307e-07 2.418118674540892243e-05 1.178720026473456528e-06 9.163228241959586740e-06 2.131605469912756234e-06
3.000000000000000000e+04 1.592339867784176022e-05 1.000004249362973496e-05 1.550762789293003152e-07 9.679891377345484216e-08 5.719942419091239572e-05 2.534870873205363750e-07 2.432412293273955584e-05 9.570235306455288082e-07 8.244882337749004364e-06 2.125871105818077922e-06
3.050000000000000000e+04 1.916852852446027100e-05 9.398910151503514498e-06 2.066529702915431699e-07 3.238691306250984780e-07 1.010638588923029602e-04 3.152265719563729363e-07 2.213189145550131798e-05 9.765067261469084769e-07 4.807976893062004820e-06 3.319085863040527329e-06
3.100000000000000000e+04 1.856141898315399885e-05 9.647332262829877436e-06 1.669845204332887079e-07 2.537965713145240443e-07 9.906629566103219986e-05 3.053876582725933986e-07 2.289891017426270992e-05 1.014495410345261917e-06 4.354332759248791263e-06 3.610427711464581080e-06
3.150000000000000000e+04 1.314170094701694325e-05 6.396589469659375027e-06 1.021053250838122040e-07 1.353742646870159660e-07 7.450785051332786679e-05 2.527619358261290472e-07 1.891495412564836442e-05 6.112603045949072111e-07 1.160027386504225433e-05 3.227964953111950308e-06
3.200000000000000000e+04 1.264816364709986374e-05 6.457703420892357826e-06 8.971554876779919141e-08 1.163968335049503366e-07 7.336792623391374946e-05 2.500894424883881584e-07 1.792737930372823030e-05 8.006591087905690074e-07 1.210330447065643966e-05 3.162522489219554700e-06
3.250000000000000000e+04 1.302046530327061191e-05 9.243142812920268625e-06 4.668995075007842388e-07 2.267492078544819378e-07 5.921482807025313377e-05 2.698923822208598722e-07 1.649644764256663620e-05 4.564895164094195934e-07 1.195215304505836684e-06 2.342626203244435601e-06
3.300000000000000000e+04 1.136554692493518814e-05 8.338784027728252113e-06 3.430198489695612807e-07 1.543561154448980233e-07 5.922492709942162037e-05 2.599039419237669790e-07 1.533900285721756518e-05 3.886560477894818177e-07 8.187421940419881139e-07 2.658668336152913980e-06
3.350000000000000000e+04 1.451899424864677712e-05 7.641016054549254477e-06 8.605564971730927937e-08 5.949556225459673442e-07 7.576462667202576995e-05 1.923171168982662493e-07 1.268525647901697084e-05 8.657654859689500881e-08 2.173451036924234359e-07 3.856432158499956131e-06
3.400000000000000000e+04 1.354908363282447681e-05 7.787641152390278876e-06 8.567298692696567741e-08 2.480635998836078215e-07 7.325206388486549258e-05 1.788132237834361149e-07 1.376576437905896455e-05 7.380306499271682696e-08 2.782853130156581756e-07 3.777829761020257138e-06
3.450000000000000000e+04 1.147594866779400036e-05 8.681235158292111009e-06 7.286433145736737060e-08 1.840600845071094227e-07 6.085687709855847061e-05 1.928721502508778940e-07 2.503372161299921572e-05 1.075458513355442847e-07 9.080458767130039632e-07 3.611161673688911833e-06
3.500000000000000000e+04 1.069028621714096516e-05 8.162251106114126742e-06 5.880943731995103008e-08 1.488865422061280697e-07 5.986289761494845152e-05 1.881638809209107421e-07 2.467637932568322867e-05 7.559176395943723037e-08 8.977950187727401499e-07 3.647341145551763475e-06
3.550000000000000000e+04 1.445143607270438224e-05 6.601632776437327266e-06 3.004187760780041572e-07 1.580729644956591073e-07 6.747092265868559480e-05 2.319061991329363082e-07 1.572211840539239347e-05 5.015667738916818053e-07 9.361227739645983092e-07 5.163235982763580978e-06
3.600000000000000000e+04 1.461390002077678218e-05 6.852076239738380536e-06 2.040277280457303277e-07 1.095933299666285166e-07 6.267147546168416739e-05 2.047463851795328083e-07 1.532158421468921006e-05 2.479162048985017464e-07 2.574940253907698207e-06 5.400986083259340376e-06
3.650000000000000000e+04 2.004657289944589138e-05 9.772586054168641567e-06 7.692460002317602630e-08 2.009887793974485248e-07 9.447682532481849194e-05 1.842527694861928467e-07 1.063591935235308483e-05 5.957528514954901766e-07 1.791647576965260669e-07 6.046680937288329005e-06
3.700000000000000000e+04 1.897646325232926756e-05 9.688013960840180516e-06 7.841179439083134639e-08 1.332265071596339112e-07 9.300789679400622845e-05 1.831046745337516768e-07 1.055709708452923223e-05 5.113388397148810327e-07 1.908780546955313184e-07 6.202714303071843460e-06
3.750000000000000000e+04 1.264852107851766050e-05 1.048248941515339538e-05 1.075613269563291396e-07 5.108215646032476798e-07 1.031542706186883152e-04 1.665173243736717268e-07 1.232118120242375880e-05 7.006785551766370190e-08 5.161017725185956806e-06 2.329695234948303550e-06
3.800000000000000000e+04 1.325098946836078539e-05 1.020869967760518193e-05 8.083409142045638873e-08 4.293247286568657728e-07 9.901921293931081891e-05 1.919706988928737701e-07 1.098269513022387400e-05 9.547729717951369821e-08 4.667925168178044260e-06 2.024742570938542485e-06
3.850000000000000000e+04 1.012110442388802767e-05 8.398543286602944136e-06 1.900583157521396060e-07 3.562448682714602910e-07 7.392133557004854083e-05 1.777236633415668621e-07 1.358130612061358988e-05 1.399244951016953564e-07 3.215695642211358063e-06 2.047777115876669995e-06
3.900000000000000000e+04 9.677980415290221572e-06 8.251470717368647456e-06 1.322937777104016277e-07 1.758128860274155159e-07 7.114832988008856773e-05 1.585128330816587550e-07 1.483807136537507176e-05 2.073871314678399358e-07 4.797743258677655831e-06 1.876212422757816967e-06
3.950000000000000000e+04 1.656750282563734800e-05 8.378761776839382946e-06 1.299096652473963331e-07 3.197806961452442920e-07 5.578180935117416084e-05 2.084281760517114890e-07 1.351309856545412913e-05 2.413027004877221771e-07 4.582633664540480822e-06 1.812834284464770462e-06
4.000000000000000000e+04 1.572926703374832869e-05 7.376629127975320444e-06 1.431864546930228244e-07 1.562682285793925985e-07 5.441024404717609286e-05 2.042360591758551891e-07 1.361716658720979467e-05 3.587207402233616449e-07 3.801239017775515094e-06 1.728135771372762974e-06
4.050000000000000000e+04 1.454688117519253865e-05 1.209441961691481993e-05 2.072797258279024391e-07 3.199587581548257731e-07 1.510398433310911059e-04 2.621497685595386429e-07 1.028617407428100705e-05 3.032607764907879755e-07 1.128990220422565471e-06 3.454115812928648666e-06
4.100000000000000000e+04 1.265494302060687914e-05 1.172369411506224424e-05 2.347891552290093387e-07 1.982926534083162551e-07 1.482330553699284792e-04 2.285254652178991819e-07 1.019797309709247202e-05 3.148762459659337765e-07 3.168733258007705444e-07 3.770426019400474615e-06
4.150000000000000000e+04 6.200855295901419595e-06 7.880026714701671153e-06 2.313920504093402997e-07 6.742928349012800027e-08 9.928794315783306956e-05 1.823659090405271854e-07 6.690834652545163408e-06 1.301588810065368307e-07 5.891890850762138143e-07 2.105030944221653044e-06
4.200000000000000000e+04 6.229810423974413425e-06 7.853349416109267622e-06 1.668099400831124512e-07 4.722013358104959480e-08 9.788729221327230334e-05 1.758672993901200243e-07 7.001947778917383403e-06 1.686256041466549505e-07 4.530795649770880118e-07 1.999927008000668138e-06
4.250000000000000000e+04 9.062799108505714685e-06 4.655749307858059183e-06 5.166668302081234287e-07 5.848345097092533251e-08 6.479304283857345581e-05 1.703543546227592742e-07 1.166384936368558556e-05 2.874268716368533205e-07 9.907488447424839251e-07 1.987816176551859826e-06
4.300000000000000000e+04 9.501685781287960708e-06 4.781922598340315744e-06 4.009191627574182348e-07 3.929229208665674378e-08 6.152454443508759141e-05 1.672278671094318270e-07 1.204337240778841078e-05 2.778436396511096973e-07 3.307664826479594922e-07 2.008798674069112167e-06
4.350000000000000000e+04 1.147071361629059538e-05 7.160662335081724450e-06 1.280731112274224870e-06 2.321933152416022494e-07 8.974038792075589299e-05 1.560146500878545339e-07 1.045997942128451541e-05 2.305845185901489458e-07 3.905853645846946165e-06 1.190128159578307532e-06
4.400000000000000000e+04 1.053259256877936423e-05 6.242753897822694853e-06 9.138878453995857853e-07 1.673048046768599306e-07 8.938607061281800270e-05 1.373314262309577316e-07 8.131342838169075549e-06 1.880659539210682851e-07 1.432291014680231456e-06 1.103030058402509894e-06
4.450000000000000000e+04 1.319970670010661706e-05 7.228788490465376526e-06 2.095547415592591278e-07 3.303780715668835910e-07 6.200288771651685238e-05 1.538635387987596914e-07 1.019821957015665248e-05 3.230985043956025038e-07 2.886541778934770264e-07 1.465393438593309838e-06
4.500000000000000000e+04 1.242376765731023625e-05 6.802911684644641355e-06 2.023560767838716856e-07 2.986106721891701454e-07 5.831621092511340976e-05 1.731593641807194217e-07 9.599955774319823831e-06 5.226053190199309029e-07 6.287770020207972266e-07 1.415005840499361511e-06
4.550000000000000000e+04 1.975691338884644210e-05 1.002770204650005326e-05 3.885108412760018837e-07 3.302818925021711038e-07 1.060579452314414084e-04 1.798007076558860717e-07 1.828057065722532570e-05 3.762155529329902492e-07 3.688758170028449968e-06 2.446352709739585407e-06
4.600000000000000000e+04 1.808671368053182960e-05 9.791790944291278720e-06 3.352207613716018386e-07 2.889982226861320669e-07 1.044941964210011065e-04 1.565932166158745531e-07 1.617142515897285193e-05 2.291604204174291226e-07 6.046036105544771999e-06 2.523526745790150017e-06
4.650000000000000000e+04 9.402549039805307984e-06 4.802167495654430240e-06 1.756300065380855813e-07 1.973219383444302366e-07 4.994541450287215412e-05 1.967856917417520890e-07 7.265619387908373028e-06 2.292847938178965705e-07 4.493116193771129474e-06 1.570100607750646304e-06
4.700000000000000000e+04 9.143946954282000661e-06 4.729296506411628798e-06 1.842339258928404888e-07 2.123314857271907385e-07 4.657127283280715346e-05 1.742027109230548376e-07 7.543292213085805997e-06 2.073260816359834280e-07 6.086066605348605663e-06 1.467472884542075917e-06
4.750000000000000000e+04 9.046936611412093043e-06 2.603212124085985124e-06 1.433094212188734673e-07 2.002211090257333126e-07 1.040110146277584136e-05 1.298044622899396927e-07 4.534289473667740822e-06 4.431169884355767863e-07 4.247957622283138335e-05 2.720994189076009206e-06
4.800000000000000000e+04 7.430016466969391331e-06 2.182875505241099745e-06 1.025388627340362291e-07 5.997907237542676739e-08 1.025179153657518327e-05 1.088232011170475744e-07 6.069905339245451614e-06 3.707321525325824041e-07 4.394899588078260422e-05 2.875563041015993804e-06
4.850000000000000000e+04 4.219745733280433342e-06 2.674689994819345884e-06 2.969989054690813646e-07 8.943803919692072668e-08 1.095464540412649512e-05 1.244306275793860550e-07 9.895139555737841874e-06 2.048754623729109881e-07 2.559622998887789436e-06 2.228084440503153019e-06
4.900000000000000000e+04 4.064696895511588082e-06 2.565146360211656429e-06 2.156991314450351638e-07 5.343112619016210374e-08 9.761661203810945153e-06 1.323300296007801080e-07 1.014122790365945548e-05 1.977108325945664546e-07 1.808973479455744382e-06 2.239338982690242119e-06
4.950000000000000000e+04 1.069690642907517031e-05 4.971197540726279840e-06 3.921299480680318084e-07 2.592561259007197805e-07 3.010882755916099995e-05 1.113808494324075582e-07 4.340625764598371461e-06 2.189482444237000891e-07 1.731350920408658567e-07 8.037818588491063565e-06
5.000000000000000000e+04 9.716954082250595093e-06 5.221108040132094175e-06 4.154007342549448367e-07 2.520622501833713613e-07 2.810309888445772231e-05 1.240914144773341832e-07 3.487459935058723204e-06 2.370085496750107268e-07 9.945737247107899748e-07 1.017390604829415679e-05
5.050000000000000000e+04 1.974859515030402690e-05 1.328999860561452806e-05 1.617090248373642680e-07 1.464324128619409748e-07 1.112643294618465006e-04 1.102610625025590707e-07 1.240457186213461682e-05 1.826820010819574236e-07 1.638947287574410439e-05 3.198446165697532706e-06
5.100000000000000000e+04 1.698706546449102461e-05 1.193592652271036059e-05 1.507844729076168733e-07 9.536332612469777814e-08 1.099260698538273573e-04 9.423553848364463192e-08 1.186435383715434000e-05 1.200410792989714537e-07 2.363191015319898725e-05 3.500972525216639042e-06
5.150000000000000000e+04 1.058218458638293669e-05 4.716904186352621764e-06 1.943114540381429833e-07 5.221752630291121022e-08 4.566240386338904500e-05 1.309125821080669994e-07 6.306209343165392056e-06 3.203331573331524851e-07 3.722142992046428844e-06 3.210128397768130526e-06
5.200000000000000000e+04 1.038416030496591702e-05 4.612477368937106803e-06 1.651843888339499244e-07 7.015901815066172276e-08 4.041976353619247675e-05 1.417304389406126575e-07 8.334718586411327124e-06 5.869162578164832667e-07 9.115149623539764434e-06 3.158665776936686598e-06
5.250000000000000000e+04 8.640663509140722454e-06 1.231683017977047712e-05 1.675096257258701371e-07 4.821997023896074097e-08 3.561850098776631057e-05 1.528241284631803865e-07 8.563825758756138384e-06 6.770412142032000702e-07 9.678747119323816150e-06 7.878288101892394479e-07
5.300000000000000000e+04 8.475775757688097656e-06 4.226397777529200539e-06 1.408469785246779793e-07 2.158213696645816526e-08 3.029961408174131066e-05 1.614702540564394440e-07 9.605679224478080869e-06 6.504402563223266043e-07 2.000311542360577732e-05 1.327023596786602866e-06
5.350000000000000000e+04 8.933883691497612745e-06 5.240302016318310052e-06 1.058798844155717234e-07 1.264735487893631216e-06 5.073288775747641921e-05 1.345590590062784031e-07 1.452698779758065939e-05 2.495831097348855110e-07 8.553500265406910330e-06 1.680578520790732000e-06
5.400000000000000000e+04 7.633244422322604805e-06 4.610415544448187575e-06 5.473197361993697996e-08 4.335679193445685087e-07 5.005233106203377247e-05 1.335478287955993437e-07 1.127984887716593221e-05 5.161538183529046364e-07 5.094806056149536744e-06 1.759831775416387245e-06
5.450000000000000000e+04 1.070090183930005878e-05 7.677623216295614839e-06 7.401009156637883279e-07 9.632082509369865875e-08 5.954277366981841624e-05 1.382450562914527836e-07 1.017600243358174339e-05 1.030512521538184956e-06 7.896053830336313695e-06 5.262779723125277087e-06
5.500000000000000000e+04 1.056125620380043983e-05 8.277997039840556681e-06 3.915396860065811779e-07 9.948320922603670624e-08 5.542268991121090949e-05 1.229232111654710025e-07 1.007156788546126336e-05 1.727865765133174136e-06 1.231555143021978438e-05 7.066937541821971536e-06
5.550000000000000000e+04 8.204903679143171757e-06 4.892787274002330378e-06 1.620070833041609148e-07 3.755721706966141937e-07 3.847065818263217807e-05 1.385512149454370956e-07 8.144410458044148982e-06 3.068490286750602536e-06 3.629362936408142559e-06 3.418478854655404575e-06
5.600000000000000000e+04 7.594547241751570255e-06 7.668778380320873111e-06 1.443300021719551296e-07 2.604697613151074620e-07 3.427560659474693239e-05 1.162791605224811065e-07 9.057147508428897709e-06 2.841307832568418235e-06 7.002194251981563866e-06 4.130953129788395017e-06
5.650000000000000000e+04 4.625876499630976468e-06 2.450744887028122321e-06 1.114888306119610206e-07 9.826843694327180856e-08 6.687989298370666802e-06 1.116827306191225944e-07 3.577725237846607342e-06 1.153288621935644187e-06 7.387546361314889509e-07 1.287660211346519645e-06
5.700000000000000000e+04 4.166738108324352652e-06 2.001652546823606826e-06 1.027943596909608459e-07 3.902440326442047080e-08 6.721663339703809470e-06 9.933811639939449378e-08 3.571847173589048907e-06 1.141621510214463342e-06 4.426967734616482630e-07 9.593527465767692775e-07
5.750000000000000000e+04 8.531479579687584192e-06 4.002110472356434911e-06 1.592764675706348498e-07 2.292453018526430242e-07 3.281023964518681169e-05 1.054824352308969537e-07 1.028903170663397759e-05 7.748997887802033802e-08 1.819700082705821842e-05 7.747090080556517933e-07
5.800000000000000000e+04 6.968698471609968692e-06 3.642587444119271822e-06 1.188023617260114406e-07 2.109262027261138428e-07 3.139485852443613112e-05 1.079041780371881032e-07 1.533215981908142567e-05 6.004968611250660615e-08 1.624628748686518520e-05 6.876816200929170009e-07
5.850000000000000000e+04 6.218776434252504259e-06 4.615067155100405216e-06 1.706751788788096746e-07 5.713652129202273500e-08 6.215729808900505304e-05 1.352628089534846367e-07 7.102961717464495450e-06 5.244878025223442819e-07 5.129383680468890816e-06 1.475604108236439060e-06
5.900000000000000000e+04 6.792953172407578677e-06 6.181646767799975350e-06 8.418756891614975757e-08 3.588442609725461807e-08 5.446080103865824640e-05 1.581231856562226312e-07 8.575170795666053891e-06 6.002812256156175863e-07 7.156359970394987613e-06 1.309672370553016663e-06
5.950000000000000000e+04 8.526177225576248020e-06 3.335990868436056189e-06 9.193485084324493073e-08 5.005666707802447490e-07 5.953661457169800997e-05 1.228835202482514433e-07 8.776067261351272464e-06 3.244818458369991276e-07 1.062429237208561972e-05 4.962304274158668704e-07
6.000000000000000000e+04 7.300749075511703268e-06 3.048995495191775262e-06 7.589656547679624055e-08 4.187717479453567648e-07 5.931462510488927364e-05 1.055583069842214172e-07 8.201047421607654542e-06 2.097578573057035101e-07 1.455814071960048750e-05 5.253340873423439916e-07
6.050000000000000000e+04 9.149206562142353505e-06 4.930924205837072805e-06 1.430702667448713328e-07 3.396453251980346977e-08 5.118738408782519400e-05 1.038289312305096246e-07 1.034951674228068441e-05 7.529598633482237346e-07 1.560418786539230496e-05 3.565265842553344555e-06
6.100000000000000000e+04 8.478592462779488415e-06 5.498423888639081270e-06 1.091786430151842069e-07 3.571972229110542685e-08 4.641859777620993555e-05 1.115968188969418406e-07 1.052966399583965540e-05 8.530184913979610428e-07 1.377044281980488449e-05 5.096616405353415757e-06
6.150000000000000000e+04 4.924917902826564386e-06 4.202595846436452121e-06 2.020174179051537067e-07 1.033838898933936434e-07 1.846597842813935131e-05 1.124219863868347602e-07 6.873000074847368523e-06 1.072848121452807391e-07 6.745175596734043211e-06 7.465633302672358695e-07
6.200000000000000000e+04 4.201640422252239659e-06 4.097439614270115271e-06 1.207901192401550361e-07 6.376465933044528356e-08 1.767638968885876238e-05 9.239261800075837527e-08 5.828401754115475342e-06 1.494836538995514275e-07 5.434107606561155990e-06 9.123894528784148861e-07
6.250000000000000000e+04 7.313734386116266251e-06 2.324381739526870660e-06 3.009315889812569367e-07 2.015561477719529648e-07 2.167793718399479985e-05 9.622189622859878000e-08 1.997493200178723782e-05 3.997205908490286674e-07 4.152136170887388289e-06 1.010464416140166577e-06
6.300000000000000000e+04 6.229680366232059896e-06 2.326342382730217651e-06 1.683190049561744672e-07 9.038232917646382703e-08 1.992105717363301665e-05 8.045229549225041410e-08 2.277308522025123239e-05 3.857202841572870966e-07 2.780943077596020885e-06 1.398180756950750947e-06
6.350000000000000000e+04 4.762853222928242758e-06 1.698901314739487134e-06 4.857779600797584862e-08 1.514912213451680145e-07 6.150122771941823885e-06 7.461320450374842039e-08 6.920496161910705268e-06 2.037903925611317391e-07 6.946734742996341083e-08 4.766375525377952727e-07
6.400000000000000000e+04 4.392614300741115585e-06 1.616885128896683455e-06 4.753992399741946429e-08 9.928895394750725245e-08 5.774542842118535191e-06 6.933223062333127018e-08 5.624387540592579171e-06 3.505441554807475768e-07 4.130474451358168153e-08 4.414425234244845342e-07
6.450000000000000000e+04 5.357902409741654992e-06 4.092433300684206188e-06 3.386544733530172380e-08 2.111658545800310094e-07 4.171209366177208722e-05 8.324634137579778326e-08 6.453676178352907300e-06 2.092993327096337453e-06 1.700559892015007790e-06 9.925781796482624486e-07
6.500000000000000000e+04 4.901810825685970485e-06 3.949051915697054937e-06 2.272991572738192190e-08 1.273722745054328698e-07 3.954422572860494256e-05 9.026584990579067380e-08 6.159834356367355213e-06 2.353350510020391084e-06 7.146353482312406413e-07 1.070803023139887955e-06
6.550000000000000000e+04 1.119938679039478302e-05 8.270529178844299167e-06 9.140083534475706983e-08 2.929241382787495240e-08 6.755236245226114988e-05 7.034361004798483918e-08 9.615803719498217106e-06 4.330072442826349288e-07 5.740576398238772526e-06 2.681457772268913686e-06
6.600000000000000000e+04 6.903008852532366291e-06 7.672078027098905295e-06 6.661915108452376444e-08 2.029926449154118018e-08 6.680805381620302796e-05 7.293376569350584759e-08 8.207773134927265346e-06 4.615525313056423329e-07 7.539942089351825416e-06 2.617035306684556417e-06
6.650000000000000000e+04 5.889736257813638076e-06 4.140842975175473839e-06 2.240573451217642287e-07 2.093877071729366435e-07 2.498891262803226709e-05 8.708268239843164338e-08 2.815021844071452506e-06 7.663098244847788010e-08 5.519505521078826860e-06 1.575659098307369277e-06
6.700000000000000000e+04 4.945219643559539691e-06 3.739548674275283702e-06 1.548941952478344319e-07 1.851057334079087013e-07 2.386361120443325490e-05 8.547051066898347926e-08 2.675484211067669094e-06 7.687911107723266468e-08 4.083854491909733042e-06 1.797607069420337211e-06
6.750000000000000000e+04 1.476805937272729352e-05 5.572119334829039872e-06 9.732836048215176561e-08 3.665145413833670318e-07 8.613186219008639455e-05 8.014742292061782791e-08 1.033028365782229230e-05 7.038959637384323287e-08 6.291455179052718449e-07 2.104051645801519044e-06
6.800000000000000000e+04 1.297511607845081016e-05 5.929630333412205800e-06 7.722021422296165838e-08 2.476540714724251302e-07 8.146272011799737811e-05 6.704436117388468119e-08 1.413156041962793097e-05 4.172253653678126284e-08 3.515632158723747125e-07 2.953808689198922366e-06
6.850000000000000000e+04 5.641210009343922138e-06 4.572269517666427419e-06 1.170104795278348320e-07 1.271096152777317911e-07 3.375203232280910015e-05 7.021446890576044098e-08 1.156174857896985486e-05 9.639091302915403503e-08 2.607287399314373033e-07 8.643622095405589789e-06
6.900000000000000000e+04 5.857470569026190788e-06 4.138623808103147894e-06 9.620561058909515850e-08 7.444054261895871605e-08 3.057286448893137276e-05 7.435984628045844147e-08 9.170188604912254959e-06 1.497090948987533920e-07 3.341469607676117448e-07 1.047842670232057571e-05
6.950000000000000000e+04 6.600919732591137290e-06 8.833555511955637485e-06 1.654538692719143000e-07 6.392332920768240001e-07 1.186799345305189490e-04 8.650825833456110558e-08 1.267911102331709117e-05 4.877881565334973857e-07 2.757704805844696239e-06 1.469031872147752438e-06
7.000000000000000000e+04 6.611135177081450820e-06 8.812439773464575410e-06 1.320689761996618472e-07 4.090540244305884698e-07 1.124022674048319459e-04 8.785983851566925296e-08 1.304158922721398994e-05 5.509539846570987720e-07 2.729145990087999962e-06 1.470654638069390785e-06
7.050000000000000000e+04 1.965958472283091396e-05 1.243726273969514295e-05 2.866046600047411630e-07 1.000542397378012538e-06 8.041014370974153280e-05 1.127959095015285129e-07 1.754787990648765117e-05 7.653635520910029300e-07 2.929416723418398760e-06 2.133777798007940874e-06
7.100000000000000000e+04 1.537286698294337839e-05 1.008944309432990849e-05 3.350486963427101728e-07 5.210894755691697355e-07 7.686260505579411983e-05 9.234303632865703548e-08 1.961120506166480482e-05 1.484202130086487159e-06 2.597142611193703488e-06 1.381824745294579770e-06
7.150000000000000000e+04 9.882493941404391080e-06 7.825596185284666717e-06 2.592133228063175920e-07 9.723609650791331660e-08 8.129317575367167592e-05 7.446808325539677753e-08 2.103893166349735111e-05 1.169668848888250068e-06 2.174818519051768817e-06 2.052539684882503934e-06
7.200000000000000000e+04 8.733299182495102286e-06 6.636476882704300806e-06 2.409877026821050094e-07 9.053137262071686564e-08 7.341456512222066522e-05 6.889462866865869728e-08 2.063920146611053497e-05 2.078538727801060304e-06 1.569327082506788429e-06 2.729316747718257830e-06
7.250000000000000000e+04 6.977723387535661459e-06 8.131248250720091164e-06 6.250040485156205250e-08 6.555194431712152436e-08 2.107345062540844083e-05 4.894643979014290380e-08 2.554730781412217766e-05 1.154965866589918733e-05 6.698087418044451624e-06 9.786733244254719466e-06
7.300000000000000000e+04 4.967766926711192355e-06 6.726149422320304438e-06 5.888309217993992206e-08 4.085845262125076260e-08 2.057026722468435764e-05 4.290693667030609504e-08 3.116319930995814502e-05 2.245289806523942389e-06 9.837845936999656260e-06 7.223296961456071585e-06
7.350000000000000000e+04 6.084530014049960300e-06 4.887008344667265192e-06 3.885426451688545058e-07 2.706518102968402673e-07 4.354498378233984113e-05 3.583796726047694392e-08 1.947878263308666646e-05 3.167601789755281061e-07 1.975991352765049669e-07 6.372083589667454362e-07
7.400000000000000000e+04 6.101298822613898665e-06 4.490043920668540522e-06 3.188093842254602350e-07 1.408278933467954630e-07 4.071563671459443867e-05 3.878040644167413120e-08 1.254824201168958098e-05 4.083886437911132816e-07 2.971366086512716720e-07 6.155887604109011590e-07
