# step, loss_train, loss_test, metrics_test
0.000000000000000000e+00 5.004905536770820618e-02 6.930244714021682739e-02 5.123112350702285767e-03 1.021716091781854630e-02 6.461879820562899113e-04 5.068851634860038757e-02 7.011274248361587524e-02 5.552832502871751785e-03 2.488337457180023193e-02 1.826392835937440395e-03
5.000000000000000000e+02 4.063989908900111914e-04 3.334909304976463318e-02 8.509824692737311125e-05 4.288889467716217041e-03 1.820718054659664631e-03 2.237768203485757113e-04 3.233848512172698975e-02 1.005063604679889977e-04 6.064131855964660645e-03 2.241288544610142708e-03
1.000000000000000000e+03 3.387796459719538689e-05 1.854937145253643394e-04 9.691852028481662273e-06 1.480502487538615242e-05 5.132579244673252106e-04 3.371815182617865503e-06 2.791030856315046549e-04 9.507760296401102096e-06 1.503087150922510773e-05 2.776465262286365032e-04
1.500000000000000000e+03 2.040485196630470455e-05 1.372012338833883405e-04 1.843578502302989364e-06 9.235275797436770517e-07 2.869752061087638140e-04 1.571053530824428890e-06 1.564919075462967157e-04 1.169122242572484538e-06 1.568094035064859781e-06 4.998105214326642454e-05
2.000000000000000000e+03 5.146974581293761730e-05 4.283690068405121565e-04 5.198926373850554228e-06 6.301171197264920920e-06 7.649811450392007828e-04 2.139746584362001158e-07 7.189602474682033062e-04 4.167562565271509811e-06 7.517723588534863666e-06 3.771417250391095877e-04
2.500000000000000000e+03 1.415108090441208333e-05 1.314859982812777162e-04 9.351215908282028977e-07 1.388801251778204460e-06 5.333098233677446842e-04 5.362339550174510805e-08 1.664584415266290307e-04 5.561334432968578767e-07 4.540475515568687115e-07 1.904269738588482141e-04
3.000000000000000000e+03 1.125482958741486073e-05 1.609870523680001497e-04 1.047489604388829321e-06 1.917681174745666794e-06 4.389275563880801201e-04 5.768016109186646645e-08 2.170273801311850548e-04 8.314150363730732352e-07 5.130465297042974271e-07 1.113274265662766993e-04
3.500000000000000000e+03 1.478874582971911877e-05 7.299911521840840578e-05 7.027981041574093979e-07 1.006675915959931444e-06 4.051713913213461637e-04 7.605973451063618995e-08 5.079746551928110421e-05 4.064790175561938668e-07 9.355370025332376827e-07 6.636543548665940762e-05
4.000000000000000000e+03 1.355607764708111063e-05 4.678598634200170636e-05 3.277548046298761619e-07 7.439221576532872859e-07 3.156685561407357454e-04 8.471156576206340105e-08 2.863254485419020057e-05 6.511348829008056782e-07 1.190975353893009014e-06 3.009149259014520794e-05
4.500000000000000000e+03 1.470262122893473133e-05 4.083054227521643043e-05 4.593513551753858337e-07 4.202665309094300028e-07 4.563229449559003115e-04 1.316984832300249764e-08 5.738486288464628160e-05 5.674396064136999485e-08 1.405891936201442149e-07 1.587693623150698841e-05
5.000000000000000000e+03 1.323077049164567143e-05 2.957182732643559575e-05 1.067080432903821929e-07 3.472549963134952122e-07 3.551912086550146341e-04 7.612534602685627760e-09 6.068898437661118805e-05 5.689431148425683205e-08 7.705354931886176928e-08 5.223891548666870221e-06
5.500000000000000000e+03 5.456707185658160597e-06 1.835543116612825543e-05 5.009431447433598805e-08 1.274163849984688568e-07 1.849947730079293251e-04 3.267825343655772485e-09 3.928584192181006074e-05 2.644706142973518581e-08 6.476326319670988596e-08 3.436215820329380222e-06
6.000000000000000000e+03 6.480122465291060507e-06 6.886940100230276585e-04 3.904509867425076663e-06 1.901285941130481660e-06 3.836716350633651018e-04 4.070924486399007947e-09 1.184662687592208385e-03 1.093870167778732139e-07 1.289355395783786662e-07 1.835749862948432565e-04
6.500000000000000000e+03 1.397697360516758636e-05 3.143185749650001526e-04 1.910815171868307516e-06 1.541474858868241427e-07 3.269227745477110147e-04 4.461324920601583699e-10 5.105257150717079639e-04 1.509099334384700342e-08 1.807990201996290125e-07 8.121356950141489506e-05
7.000000000000000000e+03 1.130466625909321010e-05 9.090246021514758468e-05 5.151533173375355545e-07 9.916266918708060984e-08 1.450589625164866447e-04 1.365757507088005696e-09 8.782673830864951015e-05 2.765227868906094955e-08 1.381988710136283771e-07 1.291383705392945558e-05
7.500000000000000000e+03 9.413475709152407944e-06 1.893443550216034055e-05 1.356580412448238349e-07 1.516177405846974580e-07 6.341892003547400236e-05 6.713591349516434548e-10 3.990964614786207676e-05 2.550849274030042579e-07 4.243944218274009472e-08 1.269593212782638147e-06
8.000000000000000000e+03 8.883788723323959857e-06 2.731027961999643594e-05 2.546330506447702646e-06 1.033160515362396836e-06 8.025612623896449804e-05 3.673821913352526281e-09 5.218248406890779734e-05 1.387772385896823835e-06 5.513579139915236738e-07 5.449453510664170608e-06
8.500000000000000000e+03 2.201208553742617369e-05 9.692840649222489446e-06 1.637241950902534882e-07 1.538491858354973374e-07 1.591322070453315973e-04 8.686091845788723731e-09 4.242029172019101679e-05 2.075981342386512551e-07 6.044744793598511023e-08 7.675351412217423785e-07
9.000000000000000000e+03 2.079434671031776816e-05 8.808907296042889357e-06 1.118320227533331490e-07 1.226940895548978006e-07 1.279102289117872715e-04 9.013230162224772357e-09 3.610893691075034440e-05 1.738361419256762019e-07 5.961833693390872213e-08 1.351750370304216631e-06
9.500000000000000000e+03 9.380554729432333261e-06 8.085165973170660436e-06 7.212093322550572339e-08 1.456762959151092218e-07 7.667743921047076583e-05 5.588388862776128008e-09 1.881197749753482640e-05 1.186868274771768483e-07 1.575174763956965762e-07 1.054803874467324931e-06
1.000000000000000000e+04 7.482481578335864469e-06 9.074035915546119213e-06 2.881770377882730827e-08 1.289440518803530722e-07 6.870029028505086899e-05 4.771754991139687263e-09 1.778623663994949311e-05 1.219208911606983747e-07 1.726727560935614747e-07 1.632430439713061787e-06
1.050000000000000000e+04 6.140286859590560198e-05 1.266095088794827461e-03 1.774934571585617959e-05 1.192611962324008346e-04 1.207645167596638203e-03 4.129475200898014009e-06 5.578208947554230690e-04 1.402467091793369036e-06 9.969236270990222692e-05 6.529818056151270866e-04
1.100000000000000000e+04 1.344336487818509340e-05 9.804836736293509603e-05 8.111399438348598778e-06 1.008690014714375138e-05 6.919936276972293854e-04 1.061981222960639570e-07 1.187723901239223778e-04 3.989796368841780350e-06 2.677493284863885492e-06 1.697545521892607212e-04
1.150000000000000000e+04 6.250225851545110345e-06 5.169600626686587930e-05 4.920687842968618497e-06 2.413682295809849165e-06 3.061797178816050291e-04 6.811464459133276250e-08 7.519438804592937231e-05 3.208857378922402859e-06 2.214199639638536610e-06 1.016087990137748420e-04
1.200000000000000000e+04 1.029411396302748471e-05 7.619552314281463623e-03 1.249485194421140477e-05 1.890648604785383213e-06 6.170717533677816391e-04 4.177716661502017814e-08 9.046630002558231354e-03 1.401272584189428017e-06 1.462399609408748802e-06 3.174853918608278036e-04
1.250000000000000000e+04 4.234829702909337357e-06 6.007358897477388382e-03 9.534295713820029050e-06 2.759356448223115876e-06 2.548322663642466068e-04 2.222971318133204477e-08 5.856338888406753540e-03 6.997468972258502617e-06 2.181601530537591316e-06 1.731335651129484177e-04
1.300000000000000000e+04 7.784137778799049556e-06 5.188694922253489494e-05 4.025524049211526290e-06 2.424854756100103259e-06 3.119033935945481062e-04 1.398551763287514405e-08 5.048544335295446217e-05 3.187236643498181365e-06 1.779044055183476303e-06 2.061238046735525131e-05
1.350000000000000000e+04 4.605479261954315007e-06 4.798177906195633113e-05 1.832280645430728327e-06 1.432741896678635385e-06 1.657775865169242024e-04 1.681970474010086036e-08 4.540593727142550051e-05 1.450899389965343289e-06 1.571236111885809805e-06 2.446706275804899633e-05
1.400000000000000000e+04 5.307990704750409350e-06 3.061650568270124495e-05 2.117048552463529631e-06 1.390541683576884679e-06 1.583445409778505564e-04 2.283588251827950444e-08 3.486974310362711549e-05 1.598739572727936320e-06 1.718314024401479401e-06 1.837129821069538593e-05
1.450000000000000000e+04 1.067976882040966302e-05 3.459336949163116515e-05 2.293460056534968317e-06 3.710787723321118392e-06 3.868956409860402346e-04 1.520134773613790458e-08 3.408941120142117143e-05 1.854691163316601887e-06 1.089335114556888584e-06 7.182375156844500452e-06
1.500000000000000000e+04 1.953616447281092405e-05 1.474653690820559859e-04 1.755793527991045266e-05 5.131494162924354896e-06 6.663806852884590626e-04 3.530093692916125292e-07 3.065980563405901194e-04 8.656023055664263666e-06 1.301650740970217157e-06 9.103054617298766971e-05
1.550000000000000000e+04 8.636017810204066336e-06 2.008208139159251004e-05 4.493589358389726840e-07 2.868317778847995214e-06 1.918738125823438168e-04 3.233422063431135030e-08 1.740886000334285200e-05 2.920899646596808452e-07 2.590824976778094424e-07 3.695398618219769560e-06
1.600000000000000000e+04 1.134700596594484523e-05 2.632760697451885790e-05 4.494562745094299316e-06 1.340396352134121116e-06 2.529788762331008911e-04 8.894991054830825306e-08 4.382451879791915417e-05 2.003582721954444423e-06 5.149570938556280453e-07 8.934876859711948782e-06
1.650000000000000000e+04 1.277320916415192187e-05 1.866253478510770947e-05 6.339346327877137810e-07 4.950878178533457685e-07 3.939471789635717869e-04 8.214212421364663896e-09 2.837133615685161203e-05 1.941177316666653496e-07 2.564360990220393433e-08 4.919131242786534131e-06
1.700000000000000000e+04 1.506172702647745609e-05 5.137608968652784824e-05 3.474976892903214321e-06 6.840797937002207618e-07 3.861702862195670605e-04 6.826682152905050316e-08 1.208721805596724153e-04 2.389165956628858112e-06 2.337717290856744512e-07 5.160420641914242879e-06
1.750000000000000000e+04 1.824639548431150615e-05 1.492897990829078481e-05 2.670565493190224515e-07 2.326751769032853190e-07 1.936221087817102671e-04 3.763461542405366345e-09 1.087401960830902681e-05 1.018317377088351350e-07 2.208862071029216168e-07 1.190901116387976799e-06
1.800000000000000000e+04 1.851359411375597119e-05 1.401798454025993124e-05 2.716734002206067089e-07 2.294976155781114358e-07 1.755691191647201777e-04 3.282922822478440139e-09 1.098918983188923448e-05 1.075341629075410310e-07 2.493382851298520109e-07 1.122168896472430788e-06
1.850000000000000000e+04 1.547683314129244536e-05 3.046616802748758346e-05 5.326323275767208543e-07 4.627348744179471396e-07 3.563929931260645390e-04 5.114358714308764320e-09 6.337257218547165394e-05 9.602340611536419601e-08 2.838379131731016969e-08 3.228865580240380950e-06
1.900000000000000000e+04 2.659407255123369396e-05 2.669265268195886165e-05 2.397865728198667057e-07 8.913477813621284440e-07 2.376432239543646574e-04 2.900270246186664735e-09 6.034837133483961225e-05 1.206407915788076934e-07 5.351432719180593267e-08 2.955790705527761020e-06
1.950000000000000000e+04 1.225829055329086259e-05 2.915848381235264242e-05 4.076338200320606120e-07 3.421907024403481046e-07 7.799245940987020731e-05 5.389293011859308535e-09 6.341226253425702453e-05 4.747548132399970200e-07 1.732512266983121663e-08 1.723433570077759214e-06
2.000000000000000000e+04 1.853986941569019109e-05 4.088283458258956671e-05 5.331659167495672591e-07 4.796258394890173804e-07 1.110418525058776140e-04 2.646490582236538103e-09 5.937752939644269645e-05 1.173981786450895015e-06 3.959337391279404983e-08 7.017158623057184741e-06
