# step, loss_train, loss_test, metrics_test
0.000000000000000000e+00 5.453111603856086731e-02 5.975892767310142517e-02 2.530758734792470932e-03 1.193266245536506176e-03 8.824435062706470490e-04 5.492216721177101135e-02 6.539706140756607056e-02 2.274231985211372375e-03 1.801812439225614071e-03 1.848395331762731075e-03
5.000000000000000000e+02 3.205216198693960905e-04 7.061262731440365314e-04 2.462108095642179251e-04 7.931546133477240801e-05 2.079112920910120010e-03 2.259631000924855471e-04 6.253321771509945393e-04 1.483672240283340216e-04 7.787449430907145143e-05 2.001738874241709709e-03
1.000000000000000000e+03 3.742666012840345502e-05 2.021044638240709901e-04 4.347362846601754427e-06 6.215752819116460159e-06 5.331604625098407269e-04 7.434727194777224213e-06 2.115513634635135531e-04 3.974687388108577579e-06 5.173844328965060413e-06 3.006191400345414877e-04
1.500000000000000000e+03 9.122681149165146053e-06 9.339097596239298582e-05 4.792404979525599629e-06 3.462135282461531460e-06 3.966469957958906889e-04 4.750820153276436031e-06 9.116992441704496741e-05 1.649747900955844671e-06 2.558456799306441098e-06 8.868902659742161632e-05
2.000000000000000000e+03 5.765201876783976331e-06 4.614290446625091136e-05 3.794938720602658577e-06 2.834453880495857447e-06 2.895238867495208979e-04 2.112476977345068008e-06 4.016916500404477119e-05 2.007514694923884235e-06 4.575241291604470462e-06 2.741018761298619211e-05
2.500000000000000000e+03 8.885645911504980177e-06 3.150014890707097948e-05 2.445737891321186908e-06 2.337416162845329382e-06 2.437992661725729704e-04 9.201398825098294765e-07 3.365428347024135292e-05 2.339330194445210509e-06 3.028956143680261448e-06 1.210154277941910550e-05
3.000000000000000000e+03 1.216469809151021764e-05 2.166917511203791946e-05 2.043290578512824140e-06 1.714211407488619443e-06 2.241039474029093981e-04 6.334913678074372001e-07 2.187660538766067475e-05 1.046429133566562086e-06 3.465308736849692650e-06 7.982366696523968130e-06
3.500000000000000000e+03 2.008269257203210145e-05 5.238528319750912488e-05 5.186570888326968998e-06 9.574433533998671919e-06 2.200889866799116135e-04 1.037857828123378567e-06 3.712609395734034479e-05 2.400287303316872567e-05 1.003623856377089396e-05 1.524320941825862974e-05
4.000000000000000000e+03 2.558064443292096257e-05 9.267705172533169389e-05 3.195486669937963597e-06 2.820108420564793050e-06 1.783130283001810312e-04 9.769361213329830207e-07 1.224481093231588602e-04 1.301658630836755037e-04 3.652248096841503866e-06 9.125985343416687101e-06
4.500000000000000000e+03 3.640800059656612575e-05 2.828677679644897580e-05 2.210514139733277261e-06 7.551438443442748394e-07 2.548998745623975992e-04 5.119368893247155938e-07 4.022710709250532091e-05 8.193564099201466888e-06 1.344671773040317930e-06 5.749852789449505508e-06
5.000000000000000000e+03 3.429925709497183561e-05 2.507213866920210421e-05 1.985332801268668845e-06 4.792469781023100950e-07 2.222898765467107296e-04 6.663781277893576771e-07 8.575297397328540683e-05 1.412346955476095900e-05 5.720528406527591869e-07 4.664470907300710678e-06
5.500000000000000000e+03 1.505750697106122971e-05 1.752395655785221606e-05 4.353003646428987850e-07 6.456652954511810094e-07 1.185404325951822102e-04 4.390915933072392363e-07 4.837907181354239583e-05 5.968160621705465019e-06 1.426270500815007836e-06 3.577222287276526913e-06
6.000000000000000000e+03 1.390034594805911183e-05 2.326597459614276886e-04 4.179245934210484847e-06 1.503544808656442910e-06 9.787506860448047519e-05 2.731277390921604820e-07 1.977879583137109876e-04 2.209262447649962269e-06 7.690069878663052805e-07 1.958900429599452764e-05
6.500000000000000000e+03 1.981659261218737811e-05 2.127700281562283635e-05 1.289411443394783419e-06 2.976977384605561383e-06 1.111958263209089637e-04 2.781456487355171703e-07 5.328031329554505646e-05 6.985333129705395550e-06 1.354250002805201802e-06 1.768744004948530346e-05
7.000000000000000000e+03 1.852615241659805179e-05 1.698708547337446362e-05 6.513438393085380085e-07 1.957209718739250093e-07 8.341256761923432350e-05 2.092817936727442429e-07 2.631084134918637574e-05 9.661124749982263893e-06 1.655743517403607257e-06 5.257440989225869998e-06
7.500000000000000000e+03 9.494819096289575100e-06 2.328416849195491523e-05 3.139996351819718257e-07 1.090046680474188179e-06 4.125011037103831768e-05 1.869630210649120272e-07 3.317812661407515407e-05 3.106392796325962991e-06 6.030522854416631162e-07 3.988428943557664752e-06
8.000000000000000000e+03 1.148870069300755858e-05 3.115574654657393694e-04 3.793175551436434034e-07 1.531297129986342043e-06 4.875473314314149320e-05 1.769178510357960477e-07 2.315993042429909110e-04 2.720065594985499047e-06 3.670036676339805126e-06 5.926096491748467088e-06
8.500000000000000000e+03 2.531432073737960309e-05 1.634448926779441535e-05 1.034148112921684515e-06 5.139546033205988351e-07 1.569589367136359215e-04 7.540293722740898374e-08 5.433012483990751207e-05 3.087439154114690609e-06 5.639859068651276175e-07 1.228841824740811717e-06
9.000000000000000000e+03 4.155991700827144086e-05 2.011727046919986606e-04 2.362658960919361562e-05 4.673050352721475065e-05 1.718170678941532969e-04 7.383476230415908503e-08 8.846027049003168941e-05 1.054547647072467953e-05 5.454188794828951359e-05 2.842351386789232492e-05
9.500000000000000000e+03 1.026362406264524907e-05 9.040614713740069419e-06 1.710141219746219576e-07 1.933135820308962138e-07 7.677469693589955568e-05 5.262311475462411181e-08 1.456824611523188651e-05 5.862067609996302053e-06 1.903195112618050189e-07 2.065324224531650543e-06
1.000000000000000000e+04 9.656596375862136483e-06 1.068998153641587123e-05 1.398798161744707613e-07 1.425921141162689310e-07 7.661907875444740057e-05 6.063887525442623883e-08 1.467484162276377901e-05 4.535336302069481462e-06 6.282161280068976339e-07 4.193439053779002279e-06
1.050000000000000000e+04 1.724511275824625045e-05 1.419904128852067515e-05 6.977029443078208715e-07 1.203080500999931246e-06 9.819363185670226812e-05 6.458518697627368965e-08 1.983089714485686272e-05 4.017656465293839574e-07 1.156478717234676878e-07 3.489322807581629604e-06
1.100000000000000000e+04 1.540638550068251789e-05 1.563101250212639570e-05 1.190561079056351446e-06 1.758849748512147926e-06 9.491591481491923332e-05 6.696694043739626068e-08 2.239185960206668824e-05 4.604037826538842637e-07 1.135346337832743302e-06 2.303957671756506898e-06
1.150000000000000000e+04 1.041133054968668148e-05 1.036943740473361686e-05 8.077991253685468109e-08 2.027140624250023393e-07 2.705386759771499783e-05 6.803933416676954948e-08 1.417045041307574138e-05 1.919731573707395000e-07 4.373825106540607521e-07 1.727127823869523127e-06
1.200000000000000000e+04 9.749338460096623749e-06 1.065672768163494766e-05 2.958626623694726732e-07 8.539573315147208632e-08 2.387568747508339584e-05 5.226759114407286688e-08 1.219549631059635431e-05 9.036655228555900976e-07 5.128242719365516677e-07 8.030685307858220767e-07
1.250000000000000000e+04 1.271272321901051328e-05 6.487067003035917878e-05 1.302031250816071406e-06 1.632010025787167251e-06 8.040502143558114767e-05 5.306145922645555402e-08 7.753983663860708475e-05 9.432447996005066670e-07 3.429537116517167306e-07 9.288423825637437403e-06
1.300000000000000000e+04 9.894742106553167105e-06 8.742714271647855639e-06 6.952770092993887374e-08 3.275732467500347411e-07 6.284882692852988839e-05 6.842137878493304015e-08 1.963923932635225356e-05 7.969585169576021144e-08 2.960188396627927432e-07 9.666217010817490518e-06
1.350000000000000000e+04 5.871063876838888973e-06 3.369571004441240802e-06 2.359329265289034083e-08 5.321825824466941413e-08 2.062463317997753620e-05 6.528404128403053619e-08 4.568007625493919477e-06 4.971417766341801325e-08 3.808260089499526657e-07 4.759364173878566362e-07
1.400000000000000000e+04 1.420263743057148531e-05 2.397990647295955569e-05 9.387752015754813328e-07 1.249394927071989514e-06 2.392865826550405473e-05 5.876864506149104272e-08 2.521273017919156700e-05 3.164110751185944537e-07 1.040651795847225003e-06 2.313395953024155460e-06
1.450000000000000000e+04 1.160956162493675947e-05 1.052519110089633614e-05 1.010476751162059372e-07 6.301874577729904559e-08 8.452668407699093223e-05 8.916241966971938382e-08 1.050661012413911521e-05 7.537901325349594117e-08 1.378100478177657351e-07 1.126692154684860725e-06
1.500000000000000000e+04 1.011689346341881901e-05 7.912047294666990638e-06 4.274665741377248196e-07 4.305723280140227871e-07 7.501189247705042362e-05 5.992384899400349241e-08 1.027343114401446655e-05 1.655428292224314646e-07 4.062878247168555390e-07 1.274781993743090425e-06
1.550000000000000000e+04 8.827977580949664116e-06 6.022911748004844412e-06 1.363718808988778619e-07 2.679873603028681828e-07 4.034041194245219231e-05 5.040441308779008978e-08 1.407530362484976649e-05 1.044145463424683840e-07 9.129653335548937321e-07 5.848181103829119820e-07
1.600000000000000000e+04 2.769004822766873986e-06 1.371500402456149459e-04 2.777663894448778592e-07 2.418890403532714117e-07 1.623463504074607044e-05 2.882876870557993243e-08 5.309595508151687682e-05 4.612848769625088607e-08 3.175869665028585587e-07 1.930840153363533318e-05
1.650000000000000000e+04 1.451696789445122704e-05 7.821098733984399587e-06 2.764525959264574340e-07 3.347149686305783689e-07 2.583614150353241712e-05 2.457983505621541553e-08 2.037200647464487702e-05 1.008627066312328679e-07 5.968406640022294596e-07 7.746423875687469263e-07
1.700000000000000000e+04 7.409450972772901878e-06 3.777707024710252881e-05 3.866196891522122314e-07 3.163609392231592210e-07 7.433146492985542864e-06 5.749335940663513611e-08 4.248720142641104758e-05 5.113476930773686036e-08 3.857690558106696699e-07 1.568291622788819950e-06
1.750000000000000000e+04 5.459596195578342304e-06 1.405903749400749803e-04 1.782406116035417654e-06 1.061744683283905033e-06 2.284187212353572249e-05 3.391521374851436121e-08 5.713553764508105814e-05 5.371856559577281587e-08 1.953186483660829253e-06 6.362555268424330279e-06
1.800000000000000000e+04 4.147875188209582120e-06 3.357375362611492164e-06 7.209407471009399160e-08 1.233443498449560138e-07 2.210945058322977275e-05 2.089696948814889765e-08 2.564901478763204068e-05 9.256219613007488078e-08 9.970553804805604159e-08 7.627130571563611738e-07
1.850000000000000000e+04 4.206448011245811358e-06 8.553733096050564200e-06 1.101543460890752613e-07 2.478146825524163432e-07 2.913863863795995712e-05 2.254533981727036007e-08 9.726348253025207669e-06 6.354505188710390939e-08 8.973595200245654269e-09 3.061217739741550758e-06
1.900000000000000000e+04 3.258801143601885997e-06 8.069243449426721781e-06 8.451206667814403772e-08 2.681912576463219011e-07 2.250675242976285517e-05 2.157623413268083823e-08 7.696869943174533546e-06 2.839764334794381284e-08 6.187723045059101423e-08 3.513761157591943629e-06
1.950000000000000000e+04 2.821692987708956935e-06 2.414718210275168531e-06 3.670207959771687456e-08 4.654551233329584647e-08 7.745244147372432053e-06 3.533971337787988887e-08 1.182034429803024977e-05 1.834577112447277614e-08 1.661138782083071419e-08 3.070763341384008527e-07
2.000000000000000000e+04 1.953085302375257015e-06 7.351539807132212445e-06 2.117642061705282686e-08 2.759295547605233878e-08 6.780970579711720347e-06 2.955502154122768843e-08 2.743874028965365142e-05 1.221402090578749267e-08 2.488437189640535507e-08 4.963746960129356012e-07
2.050000000000000000e+04 1.963223667189595290e-06 2.133865564246661961e-06 3.410689686234036344e-08 4.285628207867375750e-08 5.808896730741253123e-06 3.591881991837908572e-08 5.289929049467900768e-06 2.442546254144417617e-08 7.474443464161595330e-08 3.235261942791112233e-07
2.100000000000000000e+04 1.703319981061213184e-06 1.686192945271614008e-06 2.067930005011930916e-08 2.607372273644159577e-08 4.338519374869065359e-06 1.948611938473732152e-08 4.329260718805016950e-06 2.077453409299323539e-08 3.089584055260274909e-08 2.721851330989011331e-07
2.150000000000000000e+04 5.485387646331219003e-06 1.023807544697774574e-05 4.992562807615286147e-08 6.797974805294870748e-08 1.102283567888662219e-04 1.292829221455349398e-08 3.284465037722839043e-06 3.852264285342243966e-08 8.418884078764676815e-08 5.484548182721482590e-06
2.200000000000000000e+04 3.985072453360771760e-06 1.251937737833941355e-05 3.209867927012055588e-08 1.043629609398522007e-07 9.403753938386216760e-05 4.337489301065033942e-08 1.309642902924679220e-05 8.447043953196953225e-09 1.238926870428258553e-06 9.709006917546503246e-06
2.250000000000000000e+04 6.016510724293766543e-06 7.185062258940888569e-06 7.138581992194303893e-08 1.401063656203405117e-07 1.792792681953869760e-05 9.238708464920364349e-09 7.736643965472467244e-06 7.208129648716976590e-09 4.189379296803963371e-07 1.095369316317373887e-05
2.300000000000000000e+04 3.018228881046525203e-06 5.054556368122575805e-06 7.539697755021279590e-09 2.462240722422848194e-08 8.899118256522342563e-06 9.763667208062543068e-09 8.898008672986179590e-06 2.074951943598080106e-08 2.359514716943067469e-08 1.792080365703441203e-05
2.350000000000000000e+04 1.480672494835744146e-06 1.087086457118857652e-05 2.795518661002915906e-08 2.241070973241221509e-07 9.759525028130155988e-07 1.789292269904763089e-08 1.992308352782856673e-05 3.085117583623286919e-08 3.239573942437345977e-08 1.455246774639817886e-06
2.400000000000000000e+04 1.113197413360467181e-06 2.552224941609892994e-06 1.693542373004675028e-08 1.059276488746263567e-08 7.320199983951169997e-07 1.045501285545924475e-08 4.068941507284762338e-06 3.931822423197672833e-09 2.119166353509172041e-08 1.141495090450916905e-06
2.450000000000000000e+04 1.098972120416874532e-06 1.637496666262450162e-06 3.960185068763166782e-08 2.175426772055288893e-08 3.503551397443516180e-06 8.182129640488255973e-09 3.936659140890697017e-06 1.011973083109296567e-07 2.940669219242408872e-07 9.525215887151716743e-07
2.500000000000000000e+04 8.924508279051224235e-07 2.513790605007670820e-06 3.529375902644460439e-08 2.354120098857492849e-08 3.267353122282656841e-06 8.849696975232745899e-09 4.859990440309047699e-06 2.619733940889545920e-08 5.279161428006773349e-07 9.945842975866980851e-07
2.550000000000000000e+04 2.028371091000735760e-05 1.932108534674625844e-05 1.089375473384279758e-06 3.461361188783484977e-07 9.793841309146955609e-05 1.904032274069322739e-07 3.002108132932335138e-05 3.561511050520493882e-07 2.403123744443291798e-07 5.755701295129256323e-06
2.600000000000000000e+04 1.374621479044435546e-05 9.926628990797325969e-06 4.535641835445858305e-07 3.110251896032423247e-07 6.871133518870919943e-05 2.791416342518004967e-08 1.026401969284052029e-05 8.772227744202609756e-08 5.867081540600338485e-07 2.948422434201347642e-06
2.650000000000000000e+04 9.686329576652497053e-06 1.275876547879306599e-05 6.870362057043166715e-08 1.887567577796289697e-07 8.955110388342291117e-05 2.838176627051325340e-08 1.186688587040407583e-05 4.125181476410944015e-06 5.613036933027615305e-07 3.852773261314723641e-06
2.700000000000000000e+04 8.623371286375913769e-06 1.158919621957466006e-05 1.009057299938831420e-07 6.641652561256705667e-08 7.514508615713566542e-05 5.705262395849786117e-08 8.915916623664088547e-06 4.973660452378680930e-06 3.286658056822489016e-07 3.731682909347000532e-06
2.750000000000000000e+04 7.976761480676941574e-06 7.269763955264352262e-06 5.250496570852192235e-08 3.773409957830153871e-07 3.629417915362864733e-05 1.073956639174866723e-07 6.904489964654203504e-06 4.669305326387984678e-06 1.428287305316189304e-06 1.494151547376532108e-06
2.800000000000000000e+04 6.908920113346539438e-06 5.796057848783675581e-06 5.286405979632036178e-08 2.168998207707772963e-07 2.936965211119968444e-05 7.541304114511149237e-08 5.594104095507645980e-06 3.824236500804545358e-06 1.461843197603229783e-07 1.543746179777372163e-06
2.850000000000000000e+04 8.079327017185278237e-06 1.226224321726476774e-05 3.634266079188819276e-07 6.876481961626268458e-08 1.047048353939317167e-04 1.925665138458043657e-08 5.050268100603716448e-06 7.270409696502611041e-08 2.253301403243312961e-07 3.547390406311023980e-06
2.900000000000000000e+04 5.170340500626480207e-06 1.096696996683022007e-05 3.049760266549128573e-07 7.942860946741348016e-08 9.094543202081695199e-05 3.768931833292299416e-08 3.542081458363099955e-06 1.887410405743139563e-07 7.483776016670162790e-07 3.626945499490830116e-06
2.950000000000000000e+04 4.366924713394837454e-06 2.824522198352497071e-06 1.603014823103876552e-07 1.135988583200742141e-07 2.452400804031640291e-05 7.748318608946647146e-08 2.955384616143419407e-06 3.314525883979513310e-06 9.905115803121589124e-07 9.425546636521175969e-07
3.000000000000000000e+04 3.693931603265809827e-06 2.426295031909830868e-05 3.042378864392958349e-07 1.052797983902564738e-06 2.035900979535654187e-05 6.726903478693202487e-08 4.027588875032961369e-05 1.552027242723852396e-06 1.773531295157226850e-07 1.998682364501291886e-06
3.050000000000000000e+04 8.324607733811717480e-06 6.686775122943799943e-06 3.988610330907249590e-08 8.968138587306384579e-08 2.110464265570044518e-05 6.971168886593659408e-08 1.515212079539196566e-05 2.999933712999336421e-06 1.039393140445099561e-07 7.051554348436184227e-06
3.100000000000000000e+04 9.043609679793007672e-06 3.964411007473245263e-05 1.039936137203767430e-07 2.229088948979551787e-07 1.609519495104905218e-05 3.470784903925050457e-08 2.755117748165503144e-05 4.229904334351886064e-06 6.160477994399116142e-08 6.295460025285137817e-06
3.150000000000000000e+04 2.538377657401724719e-06 4.791751780430786312e-05 2.309920255072483997e-08 1.714473398806148907e-07 1.311751475441269577e-05 3.048933550076071697e-08 5.904837598791345954e-05 1.110146740757045336e-06 1.299715904679032974e-06 6.505138298962265253e-05
3.200000000000000000e+04 3.319710685900645331e-06 1.703484667814336717e-05 1.877177524534090480e-08 4.148775474277499598e-07 1.382772279612254351e-05 1.496055723748668242e-08 3.725778151419945061e-05 7.921667588561831508e-07 1.153646962848142721e-06 7.781331805745139718e-05
3.250000000000000000e+04 2.492033900125534274e-06 2.374245195824187249e-05 1.335550621206493815e-07 1.072003854574177240e-07 2.921171289926860482e-05 1.404338867416754510e-08 1.976086423383094370e-05 8.956112651503644884e-07 1.523450663398762117e-07 9.881844562187325209e-06
3.300000000000000000e+04 3.438987050685682334e-06 5.092761057312600315e-06 6.520686213207227411e-08 4.177094226065491966e-08 2.032430711551569402e-05 1.459409038062631225e-08 7.460967026418074965e-06 2.369354888287489302e-06 9.686878854608949041e-08 1.561567114549688995e-05
3.350000000000000000e+04 3.787230070884106681e-06 2.845779590643360280e-06 3.829164541002683109e-08 5.126184277060019667e-08 5.012913334212498739e-06 1.178139008572998137e-08 3.737795395863940939e-06 1.544750176663001184e-07 1.595758760686294409e-07 4.505783363129012287e-05
3.400000000000000000e+04 2.732929260673699901e-06 3.352504063514061272e-05 3.781868684882283560e-08 9.195175465492866351e-08 5.405657248047646135e-06 9.619313345865521114e-09 2.299382686032913625e-05 2.085549652974805213e-07 8.903848680574810714e-08 4.777423237101174891e-05
