# step, loss_train, loss_test, metrics_test
0.000000000000000000e+00 3.097921842709183693e-03 1.112972348928451538e-01 1.501048063801135868e-05 1.351768296444788575e-04 1.906456454889848828e-04 3.134842263534665108e-03 1.407157778739929199e-01 6.320734246401116252e-05 2.932168135885149240e-04 1.253706752322614193e-03
5.000000000000000000e+02 8.679203456267714500e-04 5.843018740415573120e-02 5.330819840310141444e-05 1.015330926747992635e-04 4.478186834603548050e-03 8.586026378907263279e-04 6.711667776107788086e-02 4.955014810548163950e-05 4.642007843358442187e-05 5.165621638298034668e-03
1.000000000000000000e+03 7.996301283128559589e-04 5.766744166612625122e-02 4.230547347106039524e-05 1.191810224554501474e-04 3.917959518730640411e-03 7.736530969850718975e-04 6.550174951553344727e-02 9.079079609364271164e-05 4.042279397253878415e-05 4.614752251654863358e-03
1.500000000000000000e+03 6.115750293247401714e-04 6.829541176557540894e-02 8.241429168265312910e-05 1.331415551248937845e-04 4.772014450281858444e-03 5.361748626455664635e-04 6.490629911422729492e-02 1.552980393171310425e-04 4.884064401267096400e-05 5.322857759892940521e-03
2.000000000000000000e+03 4.786200006492435932e-04 6.702006608247756958e-02 1.273436646442860365e-04 1.470644201617687941e-04 3.002699930220842361e-03 4.126228159293532372e-04 6.476171314716339111e-02 1.559747033752501011e-04 3.150541670038364828e-05 3.498249920085072517e-03
2.500000000000000000e+03 2.379926008870825171e-04 7.882781326770782471e-02 2.561787550803273916e-04 4.805091011803597212e-04 2.426314866170287132e-03 1.875236048363149166e-04 6.373271346092224121e-02 1.753385295160114765e-04 1.138646475737914443e-04 2.797485096380114555e-03
3.000000000000000000e+03 4.185530706308782101e-04 6.547049432992935181e-02 1.254567527212202549e-03 2.386774402111768723e-03 2.184046432375907898e-03 3.278908843640238047e-04 5.113602802157402039e-02 1.194212120026350021e-03 2.341188723221421242e-03 2.451147185638546944e-03
3.500000000000000000e+03 1.456483732908964157e-03 2.420907653868198395e-02 3.868908679578453302e-04 1.489504473283886909e-03 1.663834555074572563e-03 9.759576641954481602e-04 1.919734850525856018e-02 6.189887790242210031e-05 7.263665087521076202e-03 1.847233972512185574e-03
4.000000000000000000e+03 5.602143937721848488e-04 2.047170652076601982e-03 4.113756222068332136e-05 3.212211595382541418e-04 2.812977414578199387e-03 3.401980502530932426e-04 1.963642658665776253e-03 8.698990131961181760e-05 4.502601514104753733e-04 2.516735112294554710e-03
4.500000000000000000e+03 2.225941134383901954e-04 1.414873520843684673e-03 2.791369479382410645e-05 6.820342969149351120e-05 2.421716693788766861e-03 1.038673144648782909e-04 1.204494968988001347e-03 9.648010018281638622e-05 4.371997420093975961e-05 1.854012836702167988e-03
5.000000000000000000e+03 1.340680319117382169e-04 9.944547200575470924e-04 1.771343522705137730e-05 2.947142638731747866e-05 1.897716661915183067e-03 4.831797195947729051e-05 8.723748615011572838e-04 5.563597733271308243e-05 1.907434852910228074e-05 1.330996979959309101e-03
5.500000000000000000e+03 7.532120798714458942e-05 6.407463806681334972e-04 1.648167744860984385e-05 2.227762888651341200e-05 1.355000073090195656e-03 2.304128247487824410e-05 3.994892467744648457e-04 1.754031109157949686e-05 3.033354187209624797e-05 9.880363941192626953e-04
6.000000000000000000e+03 4.695087409345433116e-05 4.310050280764698982e-04 1.596442052687052637e-05 8.200638148991856724e-06 1.018802169710397720e-03 1.225473624799633399e-05 2.895950165111571550e-04 2.102882535837125033e-05 1.596531183167826384e-05 6.713595939800143242e-04
6.500000000000000000e+03 3.253368049627169967e-05 2.957125834655016661e-04 1.632029125175904483e-05 7.553884643130004406e-06 9.050757507793605328e-04 1.178656020783819258e-05 2.408386790193617344e-04 3.394884697627276182e-05 3.818357072304934263e-05 4.299821739550679922e-04
7.000000000000000000e+03 2.692806447157636285e-05 1.848549727583304048e-04 1.911281833599787205e-05 7.662981261091772467e-06 7.271999493241310120e-04 8.908245945349335670e-06 1.511036243755370378e-04 3.270217348472215235e-05 5.466421498567797244e-05 2.710231929086148739e-04
7.500000000000000000e+03 1.110207631427329034e-05 1.149049785453826189e-04 1.256889208889333531e-05 5.434810191218275577e-06 4.616553778760135174e-04 5.250570211501326412e-06 1.284749596379697323e-04 8.690556569490581751e-06 1.794518357201013714e-05 1.898699993034824729e-04
8.000000000000000000e+03 5.970549409539671615e-06 6.971886614337563515e-05 7.055110472720116377e-06 3.575442633518832736e-06 3.779826220124959946e-04 2.898500270021031611e-06 7.861798803787678480e-05 2.898719458244158886e-06 1.360737223876640201e-05 1.264216698473319411e-04
8.500000000000000000e+03 5.232972853264072910e-06 4.329474177211523056e-05 3.226880835427436978e-06 2.499265519873006269e-06 4.100348451174795628e-04 1.323016817877942231e-06 7.362808537436649203e-05 3.416500021558022127e-06 1.153401262854458764e-05 8.515860827174037695e-05
9.000000000000000000e+03 3.869141437462531030e-06 2.766546094790101051e-05 2.770193532342091203e-06 1.816278086153033655e-06 3.705270064529031515e-04 7.835167252778774127e-07 5.502682688529603183e-05 3.254623152315616608e-06 6.627817583648720756e-06 5.467103983392007649e-05
9.500000000000000000e+03 3.316984020784730092e-06 2.041797415586188436e-05 1.938592049555154517e-06 1.883654022094560787e-06 2.552793885115534067e-04 7.062442364258458838e-07 2.218802183051593602e-05 1.517247483207029290e-06 3.083576075368910097e-06 3.517632285365834832e-05
1.000000000000000000e+04 3.631393155956175178e-06 1.528597385913599283e-05 1.844536768658144865e-06 1.406449655405594967e-06 2.233162958873435855e-04 5.714532562706153840e-07 1.608242564543616027e-05 1.156063717644428834e-06 2.666613227120251395e-06 2.219238558609504253e-05
1.050000000000000000e+04 6.418666544050211087e-06 1.837838135543279350e-05 2.367082288401434198e-06 1.243410565621161368e-06 3.403565206099301577e-04 5.705132934963330626e-07 1.164029981737257913e-05 2.898525508499005809e-06 1.515252051831339486e-06 1.534102375444490463e-05
1.100000000000000000e+04 9.856167707766871899e-06 1.569461710460018367e-05 2.483437810951727442e-06 8.142096135088650044e-07 3.026347258128225803e-04 5.302288172970293090e-07 9.168271390080917627e-06 4.522725703282048926e-06 1.398793415319232736e-06 1.227042866958072409e-05
1.150000000000000000e+04 9.804436558624729514e-06 6.595075774384895340e-06 1.748517433952656575e-06 3.954611429435317405e-07 1.068660640157759190e-04 5.145074055690201931e-07 5.875142051081638783e-06 6.006915100442711264e-06 1.092131469704327174e-06 9.438361303182318807e-06
1.200000000000000000e+04 1.002795033855363727e-05 5.903580131416674703e-06 1.637911964280647226e-06 3.858540651435760083e-07 1.025433593895286322e-04 4.498849079936917406e-07 6.163533271319465712e-06 5.823806986882118508e-06 1.194354467770608608e-06 8.586778676544781774e-06
1.250000000000000000e+04 1.290125146624632180e-05 1.116139719670172781e-05 1.291111175305559300e-06 9.615322369427303784e-07 1.841717457864433527e-04 3.627561113717092667e-07 9.442946975468657911e-06 2.605346708151046187e-06 9.066424695447494742e-07 1.224087372975191101e-05
1.300000000000000000e+04 1.582085860718507320e-05 1.069175505108432844e-05 1.165372054856561590e-06 8.279552616841101553e-07 1.685560564510524273e-04 3.670735964078630786e-07 1.037136371451197192e-05 2.518998599043698050e-06 1.288398834731196985e-06 1.105079354601912200e-05
1.350000000000000000e+04 1.388987493555760011e-05 4.471211468626279384e-06 7.028698405520117376e-07 5.917334533478424419e-07 6.947740621399134398e-05 4.699643341155024245e-07 6.019701686454936862e-06 3.665620170067995787e-06 2.538648914196528494e-06 3.840885256067849696e-06
1.400000000000000000e+04 1.349339436274021864e-05 3.786856950682704337e-06 6.201213977874431293e-07 5.703064402950985823e-07 6.736384966643527150e-05 4.140961209486704320e-07 5.516839792107930407e-06 3.309833800813066773e-06 2.717066763580078259e-06 3.118452468697796576e-06
1.450000000000000000e+04 2.299653715454041958e-05 1.025996698444942012e-05 5.214610609982628375e-07 5.058216743236698676e-07 2.309875708306208253e-04 5.599046630777593236e-07 4.967208042216952890e-06 1.598313428985420614e-05 8.639421480438613798e-07 7.613918569404631853e-06
1.500000000000000000e+04 2.625605156936217099e-05 1.011935455608181655e-05 5.033852517044579145e-07 5.308120876179600600e-07 2.176025445805862546e-04 5.632411443912133109e-07 4.877079391008010134e-06 2.071476774290204048e-05 7.903670962150499690e-07 6.865847808512626216e-06
1.550000000000000000e+04 1.911000435939058661e-05 1.194683864014223218e-05 1.459141685700160451e-06 1.902416897792136297e-06 1.060394715750589967e-04 4.118251126783434302e-07 1.238747790921479464e-05 7.783559340168721974e-06 3.474224740784848109e-06 3.641969897216768004e-06
1.600000000000000000e+04 1.913124469865579158e-05 3.360382470418699086e-05 1.219885803038778249e-06 1.421411639057623688e-06 1.013662113109603524e-04 4.407696678754291497e-07 3.716993887792341411e-05 6.858958840894047171e-06 2.830171069945208728e-06 3.861653567582834512e-06
1.650000000000000000e+04 2.888314702431671321e-05 7.820015525794588029e-06 5.750534910475835204e-07 1.567419758430332877e-06 1.546548592159524560e-04 4.158154638389532920e-07 6.266037416935432702e-06 3.024388661287957802e-06 2.719561962294392288e-06 3.615032937887008302e-06
1.700000000000000000e+04 3.149962867610156536e-05 8.377251106139738113e-06 8.043059551710030064e-07 1.202519456455775071e-06 1.458660699427127838e-04 4.436838310084567638e-07 9.687322744866833091e-06 2.689879465833655559e-06 1.554876803311344702e-06 3.100981984971440397e-06
1.750000000000000000e+04 2.801387381623499095e-05 6.507827947643818334e-06 6.957662890272331424e-07 4.737335643767437432e-07 1.327531936112791300e-04 4.498374437389429659e-07 1.523125047242501751e-05 3.856996954709757119e-06 1.595542130417015869e-06 2.487453230060054921e-06
1.800000000000000000e+04 2.700335244298912585e-05 6.046121143299387768e-06 6.247834676287311595e-07 4.526499139956285944e-07 1.291087974095717072e-04 4.294671214211120969e-07 1.904186865431256592e-05 4.223549694870598614e-06 2.086358563246903941e-06 2.480597458998090588e-06
1.850000000000000000e+04 3.239495345042087138e-05 1.492264982516644523e-05 1.007789364848576952e-06 1.863768034127133433e-06 2.375656331423670053e-04 3.702629669533052947e-07 3.372909486643038690e-05 1.721326839287939947e-06 1.148906335401989054e-06 4.674921456171432510e-06
1.900000000000000000e+04 3.242467209929600358e-05 1.519881334388628602e-05 7.943897344375727698e-07 1.968094693438615650e-06 2.278271567774936557e-04 3.703740105720498832e-07 3.266640851506963372e-05 2.249634690087987110e-06 1.087589225789997727e-06 4.642426574719138443e-06
1.950000000000000000e+04 2.322728505532722920e-05 7.472281595255481079e-06 1.313357415710925125e-06 8.849254982123966329e-07 4.369393354863859713e-05 4.962146817888424266e-07 1.802901169867254794e-05 6.454119557020021603e-06 9.844503665590309538e-07 1.648742909310385585e-06
2.000000000000000000e+04 1.971327401406597346e-05 6.266454875003546476e-06 1.071247424988541752e-06 7.408821716126112733e-07 4.447279206942766905e-05 4.182826671694783727e-07 1.709545176709070802e-05 8.252803127106744796e-06 7.139461786209722050e-07 1.480373498452536296e-06
2.050000000000000000e+04 2.140921969839837402e-05 5.175179012439912185e-06 7.178736609603220131e-07 5.717670887861459050e-07 8.672638796269893646e-05 3.547271205661672866e-07 1.449709634471219033e-05 2.760071765806060284e-06 7.470416107935307082e-07 3.016584741999395192e-06
2.100000000000000000e+04 2.093890725518576801e-05 5.594126378127839416e-06 5.917811449762666598e-07 3.712362115493306192e-07 8.292587153846397996e-05 3.134650512492953567e-07 1.515126677986700088e-05 2.489768576197093353e-06 8.035407859097176697e-07 3.057011099372175522e-06
2.150000000000000000e+04 2.034337194345425814e-05 1.031476222124183550e-05 8.436961707047885284e-07 4.536777566954697249e-07 1.901885261759161949e-04 2.690736664590076543e-07 1.563094519951846451e-05 2.950611815322190523e-06 5.243347800387709867e-07 2.430164158795378171e-06
2.200000000000000000e+04 2.002506334974896163e-05 1.176880959974369034e-05 7.470983405255537946e-07 4.012104284356610151e-07 1.842258934630081058e-04 2.738624971243552864e-07 1.550330489408224821e-05 2.763743395917117596e-06 5.613623557110258844e-07 2.797669594656326808e-06
2.250000000000000000e+04 2.155475704057607800e-05 6.169113476062193513e-06 8.128835702336800750e-07 2.388243842688098084e-07 9.607864922145381570e-05 3.528508045747003052e-07 1.118763884733198211e-05 6.695673164358595386e-06 7.816779543645679951e-06 1.965647697943495587e-06
2.300000000000000000e+04 1.916744076879695058e-05 6.195231890160357580e-06 7.302871836145641282e-07 1.975448924440570408e-07 9.609658445697277784e-05 3.522551423884578981e-07 1.014809913613134995e-05 7.584661034343298525e-06 1.095860170607920736e-05 2.267465333716245368e-06
2.350000000000000000e+04 2.415820563328452408e-05 5.258496003079926595e-06 3.785158071423211368e-07 3.562583117400208721e-07 5.861123645445331931e-05 2.925643229900742881e-07 1.094707658921834081e-05 4.240418638801202178e-05 2.793779685816843994e-06 3.542016202118247747e-06
2.400000000000000000e+04 2.345034408790525049e-05 5.189482180867344141e-06 3.034585631667141570e-07 3.074267169722588733e-07 5.632244210573844612e-05 3.460924347109539667e-07 1.220432659465586767e-05 4.887603063252754509e-05 3.334728944537346251e-06 3.608782208175398409e-06
2.450000000000000000e+04 1.412004803569288924e-05 6.690363079542294145e-06 3.603702793952834327e-07 2.802126743972621625e-07 6.964246858842670918e-05 3.459636843672342366e-07 2.242852315248455852e-05 1.127841551351593807e-05 1.058599082170985639e-06 2.745596248132642359e-06
2.500000000000000000e+04 1.384699135087430477e-05 6.649669103353517130e-06 2.816042865561030339e-07 2.473917959378013620e-07 6.823291187174618244e-05 3.101047241216292605e-07 2.198003676312509924e-05 1.086722841137088835e-05 8.606510846220771782e-07 2.747532789726392366e-06
2.550000000000000000e+04 2.249585668323561549e-05 6.095590833865571767e-06 8.937598749980679713e-07 3.437890825352951651e-07 6.059922816348262131e-05 2.478707301634130999e-07 1.833467104006558657e-05 2.181417585234157741e-06 7.716078584962815512e-07 2.359238351345993578e-06
2.600000000000000000e+04 2.079472142213489860e-05 6.093969659559661523e-06 7.657927199034020305e-07 3.240795081183023285e-07 5.814434553030878305e-05 2.288000615635610302e-07 1.794958006939850748e-05 2.258431550217210315e-06 8.594162750341638457e-07 2.718405767154763453e-06
2.650000000000000000e+04 1.899557537399232388e-05 8.521417839801870286e-06 3.801636694333865307e-07 1.555645354756052257e-07 1.108599535655230284e-04 2.230234485978144221e-07 1.230774068972095847e-05 1.890326075226766989e-06 1.400266114615078550e-06 3.341713181725936010e-06
2.700000000000000000e+04 1.834362956287804991e-05 8.473701200273353606e-06 3.276391851159132784e-07 1.613683480172767304e-07 1.053245941875502467e-04 2.040335544961635605e-07 1.279206298931967467e-05 2.186557594541227445e-06 1.597493451299669687e-06 2.937270210168207996e-06
2.750000000000000000e+04 1.758192775014322251e-05 6.968928119022166356e-06 3.731132949269522214e-07 1.546846561950587784e-07 6.074668272049166262e-05 2.200922466499832808e-07 1.786400389391928911e-05 5.396780579758342355e-06 4.377812729217112064e-06 2.939748583230539225e-06
2.800000000000000000e+04 1.709733805910218507e-05 6.307197054411517456e-06 2.986976426200271817e-07 1.315788864530986757e-07 5.813913594465702772e-05 1.913181506552064093e-07 1.505833915871335194e-05 9.057180250238161534e-06 4.761078344017732888e-06 2.864037242034100927e-06
2.850000000000000000e+04 1.803350642148870975e-05 9.128379133471753448e-06 5.180052653486200143e-07 1.903258493030079990e-07 1.577838411321863532e-04 1.873931694262864767e-07 8.086612069746479392e-06 6.146597684164589737e-07 1.580165644554654136e-06 2.356655159019283019e-06
2.900000000000000000e+04 1.723647983453702182e-05 9.701272574602626264e-06 3.975590914251370123e-07 1.656338355360276182e-07 1.551931200083345175e-04 1.694768059223861201e-07 8.852016435412224382e-06 5.114724217492039315e-07 1.772272412381425966e-06 2.516271479180431925e-06
2.950000000000000000e+04 1.271016753889853135e-05 6.121314527263166383e-06 2.770001401586341672e-07 8.055124567363236565e-07 5.196651545702479780e-05 1.636529702864208957e-07 1.667229844315443188e-05 6.958340691198827699e-06 3.521908411130425520e-06 1.481750359744182788e-06
3.000000000000000000e+04 1.218276156578212976e-05 5.564791990764206275e-06 2.461227950334432535e-07 5.919779937357816380e-07 5.060834519099444151e-05 1.450291620130883530e-07 1.644091753405518830e-05 8.804504432191606611e-06 3.771207730096648447e-06 1.453487016078724992e-06
3.050000000000000000e+04 1.665826675889547914e-05 7.099398317222949117e-06 3.851417602618312230e-07 4.376574338493810501e-07 9.663811215432360768e-05 1.551076991290756268e-07 1.481062008679145947e-05 9.752527148521039635e-06 4.141000772506231442e-06 2.397563093836652115e-06
3.100000000000000000e+04 1.562528086651582271e-05 6.979284989938605577e-06 3.429791490816569421e-07 3.341743308737932239e-07 9.455600957153365016e-05 1.743793660580195137e-07 1.551672721689101309e-05 8.344869456777814776e-06 2.959773837574175559e-06 2.615549874462885782e-06
3.150000000000000000e+04 9.757986845215782523e-06 4.540718236967222765e-06 3.296000556929357117e-07 2.681205728549684864e-07 7.249558984767645597e-05 1.590901774761732668e-07 1.251385128853144124e-05 4.898265160591108724e-06 4.592032382788602263e-06 1.928993924593669362e-06
3.200000000000000000e+04 9.271891940443310887e-06 4.658098077925387770e-06 2.811374884004180785e-07 2.429175367524294415e-07 7.134678162401542068e-05 1.421836941517540254e-07 1.182541200250852853e-05 3.901827767549548298e-06 3.629386355896713212e-06 1.871679273790505249e-06
3.250000000000000000e+04 1.137770595960319042e-05 7.053459285089047626e-06 4.610106714153516805e-07 2.903493054873251822e-07 5.795354809379205108e-05 1.253252293054174515e-07 1.342582163488259539e-05 4.303907985558907967e-07 7.986494665601640008e-07 2.103239921780186705e-06
3.300000000000000000e+04 9.086424142878968269e-06 5.936383786320220679e-06 3.461977655661030440e-07 2.322239822660776554e-07 5.789998249383643270e-05 1.208521496209868928e-07 1.155227437266148627e-05 5.918094529988593422e-07 8.541350098312250338e-07 2.223353931185556576e-06
3.350000000000000000e+04 1.036028061207616702e-05 5.403315299190580845e-06 2.515271830816345755e-07 3.048331507216062164e-07 7.132686732802540064e-05 1.303837535715501872e-07 1.108257583837257698e-05 4.987124384570051916e-07 8.255198622464376967e-07 2.452746912240399979e-06
3.400000000000000000e+04 9.778386811376549304e-06 4.856879058934282511e-06 2.002453669547321624e-07 2.103233782690949738e-07 6.901851884322240949e-05 1.188003935226333851e-07 1.075304317055270076e-05 3.078069994444376789e-07 4.290005222173931543e-07 2.075827524095075205e-06
3.450000000000000000e+04 9.857210898189805448e-06 5.180689186090603471e-06 2.220417485432335525e-07 2.514193511160556227e-07 5.528564724954776466e-05 9.573569315080021624e-08 1.701896871963981539e-05 4.053187581121164840e-07 9.572155477144406177e-07 2.728341314650606364e-06
3.500000000000000000e+04 8.942961358116008341e-06 5.423893071565544233e-06 1.876529296396256541e-07 1.932111075575448922e-07 5.430149394669570029e-05 7.509250110615539597e-08 1.850685657700523734e-05 6.864790975669166073e-07 1.026412064675241709e-06 2.799702997435815632e-06
3.550000000000000000e+04 1.058401630871230736e-05 5.447947842185385525e-06 2.450314013913157396e-07 1.847429871304484550e-07 6.345727160805836320e-05 8.242005833380972035e-08 8.570857062295544893e-06 1.421145270796841942e-06 7.903113328211475164e-07 2.781970579235348850e-06
3.600000000000000000e+04 1.159864677902078256e-05 5.221835635893512517e-06 2.051995835472553154e-07 1.545069352459904621e-07 5.966256867395713925e-05 1.008063037488682312e-07 8.553282896173186600e-06 1.241071686308714561e-06 3.397516366021591239e-07 2.559434960858197883e-06
3.650000000000000000e+04 1.760722625476773828e-05 7.528149581048637629e-06 1.313599682362109888e-07 1.499036414998045075e-07 8.930901822168380022e-05 9.799359190765244421e-08 9.875884643406607211e-06 3.513626722906337818e-07 3.957729290959832724e-07 2.904672783188289031e-06
3.700000000000000000e+04 1.626330595172476023e-05 7.315078619285486639e-06 1.204584663128116517e-07 1.413135919392516371e-07 8.799269562587141991e-05 1.096810393619307433e-07 9.332189620181452483e-06 2.730038772824627813e-07 3.818880145445291419e-07 3.101808260908001103e-06
3.750000000000000000e+04 1.301040083490079269e-05 6.169035259517841041e-06 1.745814444120696862e-07 3.035538043150154408e-07 9.603768558008596301e-05 1.133279283749288879e-07 1.022944434225792065e-05 2.742783635767409578e-07 1.504919282524497248e-06 1.635712692404922564e-06
3.800000000000000000e+04 1.293837613047799096e-05 5.681682068825466558e-06 1.620641256749877357e-07 2.464522026457416359e-07 9.342121484223753214e-05 1.062993959521918441e-07 9.406184290128294379e-06 3.069054059778864030e-07 2.568264108049334027e-06 1.350749926132266410e-06
3.850000000000000000e+04 7.993657163751777261e-06 4.482056283450219780e-06 1.506917897131643258e-07 1.398010880393485422e-07 6.998491880949586630e-05 1.674180083455212298e-07 1.098253596865106374e-05 1.790130113477061968e-06 8.260381036961916834e-07 1.376099817207432352e-06
3.900000000000000000e+04 8.054969839577097446e-06 4.537705535767599940e-06 1.110504257439970388e-07 1.261651334516500356e-07 6.727485015289857984e-05 1.623009637796712923e-07 1.082260041584959254e-05 1.425199684490507934e-06 4.006678864243440330e-07 1.322054345109791029e-06
3.950000000000000000e+04 1.245077146450057626e-05 3.604759967856807634e-06 9.121821165081200888e-08 1.062203750734624919e-06 4.931926378048956394e-05 1.182681117484207789e-07 8.717057426110841334e-06 5.127471354171575513e-07 2.714585036756034242e-07 8.437337442046555225e-07
4.000000000000000000e+04 1.185621476906817406e-05 3.208753923900076188e-06 7.911951627193047898e-08 8.021490316423296463e-07 4.755473855766467750e-05 1.457977560903600533e-07 9.154965482593979686e-06 8.260809067905938718e-07 1.778438303290386102e-07 6.956096285648527555e-07
4.050000000000000000e+04 1.430697557225357741e-05 1.175420311483321711e-05 1.702823766436267761e-07 4.211683801713661524e-07 1.479513884987682104e-04 1.322027713968054741e-07 9.869501809589564800e-06 3.511869635985931382e-06 4.378616722533479333e-07 3.356715296831680462e-06
4.100000000000000000e+04 1.178525690193055198e-05 1.135539332608459517e-05 1.583743483024591114e-07 3.250657982789562084e-07 1.456799654988572001e-04 1.579158208642184036e-07 1.065336709871189669e-05 3.366150849615223706e-06 4.710347241143608699e-07 3.620574261731235310e-06
4.150000000000000000e+04 5.084873464511474594e-06 7.827841727703344077e-06 1.987324935726064723e-07 1.188642357874414301e-07 9.708009019959717989e-05 1.815156878137713647e-07 8.012065336515661329e-06 5.093697836855426431e-07 5.136013783157977741e-07 3.152007820972357877e-06
4.200000000000000000e+04 5.252979462966322899e-06 7.591951543872710317e-06 1.122704063050150580e-07 1.025983067393099191e-07 9.625951497582718730e-05 1.599238146354764467e-07 7.548183475591940805e-06 4.092271126410196302e-07 3.822472933734388789e-07 2.871465540010831319e-06
4.250000000000000000e+04 5.702107046090532094e-06 3.921441020793281496e-06 5.835981298218939628e-08 9.354390329008310800e-08 6.326906441245228052e-05 1.653189656281028874e-07 1.093331593438051641e-05 1.124935693042061757e-06 1.836807200561452191e-06 1.074300143955042586e-06
4.300000000000000000e+04 6.291658337431726977e-06 3.317235268696094863e-06 6.048614409337460529e-08 8.897897885162819875e-08 5.948933903709985316e-05 1.650182070989103522e-07 8.928903298510704190e-06 9.049575169228774030e-07 1.628149220778141171e-06 9.690297702036332339e-07
4.350000000000000000e+04 9.458798558625858277e-06 4.106514552404405549e-06 6.894993020978290588e-08 1.271586711482086685e-07 8.673315460328012705e-05 1.594322043274587486e-07 7.428482149407500401e-06 7.404972279800858814e-07 3.766038162211771123e-06 5.733604098168143537e-07
4.400000000000000000e+04 7.711258149356581271e-06 3.387693823242443614e-06 6.753984393981227186e-08 1.025202962523508177e-07 8.602836896898224950e-05 1.493698675858468050e-07 5.434721060737501830e-06 8.245627896030782722e-07 4.642801741283619776e-06 6.212666221472318284e-07
4.450000000000000000e+04 1.138038805947871879e-05 4.511850420385599136e-06 6.928509321824094513e-08 2.376654180125115090e-07 5.608962237602099776e-05 1.701497751582792262e-07 7.885525519668590277e-06 4.287693684545956785e-07 1.081936034097452648e-06 8.477360324832261540e-07
4.500000000000000000e+04 9.672880878497380763e-06 4.038287443108856678e-06 6.326569490511246840e-08 2.177858959839795716e-07 5.161982335266657174e-05 1.773707793972789659e-07 7.557137450930895284e-06 5.774056717200437561e-07 1.147384978139598388e-06 8.560805326851550490e-07
4.550000000000000000e+04 1.834246540965978056e-05 1.082504513760795817e-05 3.761323341677780263e-07 8.836960319058562163e-08 1.055347165674902499e-04 1.709814370087769930e-07 1.089332181436475366e-05 2.294997102580964565e-06 9.728020131660741754e-07 2.167924549212330021e-06
4.600000000000000000e+04 1.596569200046360493e-05 1.055269785865675658e-05 2.246028287800072576e-07 8.310611576689552749e-08 1.039373019011691213e-04 1.817782901980535826e-07 1.008351409836905077e-05 2.498294179531512782e-06 1.137936465056554880e-06 2.107014779539895244e-06
4.650000000000000000e+04 7.202585948107298464e-06 4.294883183320052922e-06 8.160827036363116349e-08 8.627244341141704354e-08 4.204493961879052222e-05 1.865883660912004416e-07 9.699790098238736391e-06 7.976486244842817541e-07 3.143567255392554216e-06 1.049956608767388389e-06
4.700000000000000000e+04 6.995977855694945902e-06 3.724313955899560824e-06 2.871723125963399070e-08 1.030055045703193173e-07 3.826856482191942632e-05 1.645851597231740016e-07 7.768147952447179705e-06 7.628176490470650606e-07 3.095156216659233905e-06 9.567356755724176764e-07
4.750000000000000000e+04 6.744835900462931022e-06 2.720497604968841188e-06 1.271714751283070655e-07 9.868393391343488474e-08 1.048760441335616633e-05 1.509815774625167251e-07 5.829332167195389047e-06 5.050021556485262408e-08 2.754176648522843607e-06 1.561658677928789984e-06
4.800000000000000000e+04 5.128847533342195675e-06 2.391710495430743322e-06 8.546527396902092732e-08 5.700621841242536902e-08 9.989100362872704864e-06 1.716580015909130452e-07 6.377923909894889221e-06 8.806360796143053449e-08 1.992500074265990406e-06 1.586317694091121666e-06
4.850000000000000000e+04 2.638199703142163344e-06 1.920088152473908849e-06 5.734707642091052548e-08 1.446348534273056430e-07 1.083510596799897030e-05 1.759439527404538239e-07 8.586629519413691014e-06 1.459494711752995499e-07 4.842112275582621805e-07 7.753056365800148342e-07
4.900000000000000000e+04 2.425776528980350122e-06 1.560612304274400230e-06 4.999944991368465708e-08 1.151567161628008762e-07 9.263556421501561999e-06 1.478007050081941998e-07 6.809399110352387652e-06 1.342624926792268525e-07 4.600224485784565331e-07 7.442730520779150538e-07
4.950000000000000000e+04 7.333321264013648033e-06 4.883118890575133264e-06 7.197326823416005936e-08 5.455662943631978123e-08 2.647322980919852853e-05 1.655828327784547582e-07 3.895484951499383897e-06 2.289324498860878521e-07 3.250739837312721647e-06 5.914788289373973384e-06
5.000000000000000000e+04 6.332245902740396559e-06 5.231791874393820763e-06 6.051850931498847785e-08 5.401823699457963812e-08 2.481141928001306951e-05 1.670339457859881804e-07 5.122200491314288229e-06 3.189020389982033521e-07 3.734141955646919087e-06 7.410236321447882801e-06
5.050000000000000000e+04 1.625128606974612921e-05 1.222958235302940011e-05 9.896073294157758937e-08 1.444417563334354782e-07 1.076360567822121084e-04 1.573496319906553254e-07 1.627538949833251536e-05 3.229219771583302645e-07 2.047344906941361842e-07 2.766318175417836756e-06
5.100000000000000000e+04 1.360369969916064292e-05 1.105722003558184952e-05 6.811379194004985038e-08 1.570460881339386106e-07 1.049502825480885804e-04 1.584502058449288597e-07 1.649325895414222032e-05 3.159652806061785668e-07 3.644587991402659100e-07 2.834283122865599580e-06
5.150000000000000000e+04 6.533229679916985333e-06 3.872187789966119453e-06 4.549929855102163856e-08 8.282449215357701178e-08 4.001988054369576275e-05 1.496603232453708188e-07 1.461177726014284417e-05 1.040764416870842979e-07 8.727512977202422917e-06 3.260376843172707595e-06
5.200000000000000000e+04 6.389251666405471042e-06 3.432290895943879150e-06 4.320572699612057477e-08 6.294504117931865039e-08 3.534030474838800728e-05 1.352891700889813364e-07 1.780093589331954718e-05 1.456939457966655027e-07 1.195986806123983115e-05 2.937837280114763416e-06
5.250000000000000000e+04 6.969314199523068964e-06 3.270831030022236519e-06 2.036547925854392815e-07 5.981743811389605980e-08 2.920808765338733792e-05 1.524158363963579177e-07 1.177087415271671489e-05 1.606975160939327907e-06 1.762517058523371816e-05 1.002125713966961484e-06
5.300000000000000000e+04 6.679640591755742207e-06 2.995259592353249900e-06 1.190627187952486565e-07 4.745091430891079654e-08 2.543145092204213142e-05 1.595087866235189722e-07 1.270522625418379903e-05 3.467956503300229087e-06 1.919798160088248551e-05 8.523946917193825357e-07
5.350000000000000000e+04 5.701907412003492936e-06 3.867534360324498266e-06 9.667282085956685478e-08 2.445495965730515309e-07 4.658396937884390354e-05 1.398646674033443560e-07 1.620684633962810040e-05 4.991736446413597150e-08 4.940770850225817412e-06 1.414596681570401415e-06
5.400000000000000000e+04 4.469362920644925907e-06 3.771784122363897040e-06 4.839647971266458626e-08 1.371111153503079549e-07 4.516489207162521780e-05 1.425829907475417713e-07 1.531181624159216881e-05 2.151315783294194262e-07 3.969869339925935492e-06 1.610113031347282231e-06
5.450000000000000000e+04 8.178714779205620289e-06 7.819163329259026796e-06 3.870703579877954326e-08 4.989981050584901823e-08 5.780719220638275146e-05 1.690219875172260799e-07 1.624388642085250467e-05 3.595906861164621660e-08 4.783850272360723466e-06 4.085334694536868483e-06
5.500000000000000000e+04 7.946543519210536033e-06 7.869151886552572250e-06 4.097795169855089625e-08 4.591388957919662062e-08 5.406656418927013874e-05 1.728404441792008583e-07 1.438529398001264781e-05 2.125010567510798865e-08 3.072641902690520510e-06 5.470609266922110692e-06
5.550000000000000000e+04 8.382909982174169272e-06 3.805158257819130085e-06 3.731086195557509200e-08 1.246199161641925457e-07 3.452779128565452993e-05 1.591653102650525398e-07 8.540822818758897483e-06 6.383408504007093143e-07 3.580850261641899124e-06 1.526887331237958279e-06
5.600000000000000000e+04 7.559282948932377622e-06 2.878581881304853596e-06 2.988684499882765522e-08 1.101086510857385292e-07 3.142080822726711631e-05 1.453021098996032379e-07 6.318674422800540924e-06 2.100118081216351129e-06 3.123970373053452931e-06 1.325206653746135999e-06
5.650000000000000000e+04 3.626080115282093175e-06 2.072755705739837140e-06 3.039821905304052052e-08 1.331891752442970756e-07 6.007638148730620742e-06 1.014305013313787640e-07 4.093620191270019859e-06 1.153323751168500166e-06 6.956924494261329528e-07 6.561512577718531247e-07
5.700000000000000000e+04 3.295764827271341346e-06 1.756218239279405680e-06 2.671502663531555299e-08 9.047473525924942805e-08 6.095478966017253697e-06 1.125099942100860062e-07 3.666426664494792931e-06 1.063328681993880309e-06 4.659906664983282099e-07 5.195569769966823515e-07
5.750000000000000000e+04 9.609120752429589629e-06 3.178028464390081353e-06 3.617518018472765107e-08 3.438736229099959019e-08 3.190662391716614366e-05 1.602945474132866366e-07 1.674028499110136181e-05 6.066579771868418902e-08 2.404163524261093698e-06 6.360806992233847268e-07
5.800000000000000000e+04 6.859350833110511303e-06 3.024826355613186024e-06 2.214043348658378818e-08 4.667187170070974389e-08 3.041647323698271066e-05 1.453626623515447136e-07 2.616046913317404687e-05 4.006720288884935144e-08 2.213212383139762096e-06 5.069907729193801060e-07
5.850000000000000000e+04 4.409808752825483680e-06 3.250574536650674418e-06 3.252697311495467147e-08 1.659026906963845249e-07 5.892079207114875317e-05 1.464598966549601755e-07 6.386038876371458173e-06 2.449986595820519142e-06 2.515925189072731882e-06 1.181577204079076182e-06
5.900000000000000000e+04 5.203749879001406953e-06 3.365185648362967186e-06 3.026642758641173714e-08 1.048877606990572531e-07 5.058799797552637756e-05 1.338151349727922934e-07 5.016992872697301209e-06 2.397001253484631889e-06 3.655413820524699986e-06 1.387435986544005573e-06
5.950000000000000000e+04 5.349418188416166231e-06 2.813395894918357953e-06 2.500190703358384781e-07 9.762992192463570973e-08 5.661399700329639018e-05 1.388698649407160701e-07 6.840189598733559251e-06 2.065233275061473250e-06 9.393010259373113513e-06 5.393665105657419190e-07
6.000000000000000000e+04 4.539147994364611804e-06 2.746130348896258511e-06 1.399545510594180087e-07 8.308203547358061769e-08 5.564065577345900238e-05 1.358847612209501676e-07 6.558823770319577307e-06 1.259424038835277315e-06 1.004440764518221840e-05 5.215360374677402433e-07
6.050000000000000000e+04 7.155575531214708462e-06 4.827027623832691461e-06 5.308232786660482816e-08 7.198904228289393359e-08 5.016163413529284298e-05 1.383365031415451085e-07 1.110555331251816824e-05 6.799585321459744591e-07 5.820349542773328722e-06 1.522234470030525699e-06
6.100000000000000000e+04 6.745961400156375021e-06 4.630477178579894826e-06 4.615746718172886176e-08 7.753352804229507456e-08 4.634226206690073013e-05 1.345179327927326085e-07 8.502651326125487685e-06 5.660942292706749868e-07 4.309592441131826490e-06 2.125281298503978178e-06
6.150000000000000000e+04 4.320392235968029127e-06 1.803277427825378254e-06 8.429725539826904424e-08 1.503952233861127752e-07 1.721408807497937232e-05 9.464217498589277966e-08 7.306104180315742269e-06 7.025604986665712204e-07 2.142875928257126361e-06 7.764072051941184327e-07
6.200000000000000000e+04 3.832783477264456451e-06 1.734890588522830512e-06 5.054264207160485967e-08 1.223421577378758229e-07 1.624488322704564780e-05 9.026620517715855385e-08 6.492426564363995567e-06 5.377775664783257525e-07 1.691329885034065228e-06 8.140759746311232448e-07
6.250000000000000000e+04 4.904480192635674030e-06 1.801660118871950544e-06 8.078973934289024328e-08 1.899942674299381906e-07 1.845061706262640655e-05 1.120531365472743346e-07 2.126508297806140035e-05 6.655257038801210001e-07 8.273199796349217650e-07 7.072842436173232272e-07
6.300000000000000000e+04 3.909291535819647834e-06 2.191089379266486503e-06 5.375770939508583979e-08 1.408489396226286772e-07 1.638432513573206961e-05 1.123059476526577782e-07 2.283977846673224121e-05 6.500146128018968739e-07 1.017023237182002049e-06 7.482111072931729723e-07
6.350000000000000000e+04 2.737705017352709547e-06 1.599453639755665790e-06 2.353215400319186301e-08 2.615573180264618713e-07 4.608867584465770051e-06 8.032514386968614417e-08 8.867923497746232897e-06 3.850786001180495077e-08 4.236993333961436292e-07 3.362946472407202236e-07
6.400000000000000000e+04 2.590421217973926105e-06 1.432230988029914442e-06 1.882816214049398695e-08 1.749385063476438518e-07 4.358693331596441567e-06 7.481968111733294791e-08 7.132796326914103702e-06 4.182417967513174517e-08 5.303970738168573007e-07 3.226290630209405208e-07
6.450000000000000000e+04 3.083365982092800550e-06 2.769168531813193113e-06 3.251297542306019750e-08 1.551942148125817766e-07 3.714656122610904276e-05 7.056635098479091539e-08 5.400662757892860100e-06 4.200116450192581397e-07 3.570400224361947039e-07 1.033508397085824981e-06
6.500000000000000000e+04 2.600986817924422212e-06 2.694467639230424538e-06 2.662785369977882510e-08 1.408752012821423705e-07 3.491039387881755829e-05 6.602891033935520682e-08 4.818053184862947091e-06 3.649544453310227254e-07 2.942765888747089775e-07 1.001992131932638586e-06
6.550000000000000000e+04 1.003073975880397484e-05 6.657845005975104868e-06 2.973745516499093355e-08 6.550177999997686129e-08 6.291138561209663749e-05 7.973013538276063628e-08 6.368372396536869928e-06 1.975669050580108888e-07 2.971598576095857425e-07 3.498159230730379932e-06
6.600000000000000000e+04 5.918644092162139714e-06 5.330507974576903507e-06 1.465560295343948383e-08 5.060211805130165885e-08 6.330901669571176171e-05 7.314655192658392480e-08 5.865084858669433743e-06 1.043877233541934402e-07 4.791793344338657334e-07 3.060847802771604620e-06
6.650000000000000000e+04 4.006169092463096604e-06 2.980453473355737515e-06 1.008216230502512190e-07 4.835543165881972527e-08 2.236001455457881093e-05 7.168987536942950101e-08 3.237588543925085105e-06 4.982705092970718397e-08 1.437566766071540769e-06 6.524113018713251222e-07
6.700000000000000000e+04 3.313138904559309594e-06 2.725874765019398183e-06 8.274077600844975677e-08 4.511296580744783569e-08 2.132476402039173990e-05 6.681941044917039108e-08 3.345947334310039878e-06 6.225020854344620602e-08 1.174218255073355976e-06 6.228704592103895266e-07
6.750000000000000000e+04 1.502259419794427231e-05 5.384890300774713978e-06 3.040187479541600624e-08 1.599589154466229957e-07 8.025838178582489491e-05 9.093611197386053391e-08 1.647284625505562872e-05 1.016675952314471942e-07 3.438088924667681567e-07 2.408310820101178251e-06
6.800000000000000000e+04 1.251752928510541096e-05 6.327538812911370769e-06 2.895815320869132847e-08 1.222618521978802164e-07 7.733875099802389741e-05 8.034707121851170086e-08 2.374721771047916263e-05 1.271855580853298306e-07 2.171948096929554595e-07 3.094177372986450791e-06
6.850000000000000000e+04 4.234307198203168809e-06 4.346464720583753660e-06 1.914236058553342446e-08 5.634755240180311375e-08 3.110483157797716558e-05 6.425776177820807789e-08 2.276818668178748339e-05 3.986040297832005308e-08 4.366195298644015566e-07 8.396232260565739125e-06
6.900000000000000000e+04 3.794849135374533944e-06 3.603606046453933232e-06 1.345222511162091905e-08 4.634561889815813629e-08 2.859551204892341048e-05 5.869943464631433017e-08 1.647589124331716448e-05 4.949228937789484917e-08 4.720929496215831023e-07 8.857899956637993455e-06
6.950000000000000000e+04 5.935331046202918515e-06 7.444918537657940760e-06 1.452213211905473145e-07 9.345328777499162243e-08 1.093285245588049293e-04 5.800422542279193294e-08 1.354130290565080941e-05 5.747683218260135618e-08 5.543326437873474788e-07 1.308369860453240108e-06
7.000000000000000000e+04 5.320535819919314235e-06 6.929031769686844200e-06 1.043830124558553507e-07 8.319587863070410094e-08 1.033466178341768682e-04 6.057744883491977816e-08 1.329848873865557835e-05 1.402949862949753879e-07 5.092973651699139737e-07 1.230508928529161494e-06
7.050000000000000000e+04 2.017476253968197852e-05 1.424439324182458222e-05 3.112370450253365561e-07 3.108994519607222173e-07 7.844152423785999417e-05 7.969976678623424959e-08 4.052776421303860843e-05 3.210637942174798809e-07 4.703852596321667079e-07 2.810084879456553608e-06
7.100000000000000000e+04 1.449131286790361628e-05 1.140958192991092801e-05 1.973529037968546618e-07 1.946604157865294837e-07 7.467796240234747529e-05 8.125915229584279587e-08 4.281475776224397123e-05 3.346440280438400805e-07 4.367032033769646659e-07 1.782803678906930145e-06
7.150000000000000000e+04 6.229680366232059896e-06 7.602607183798681945e-06 1.323038247846852755e-07 7.317623840208398178e-08 7.620500400662422180e-05 8.702272680238820612e-08 3.256127456552349031e-05 8.102710467028373387e-07 4.652200971122510964e-07 1.116149746849259827e-06
7.200000000000000000e+04 5.566237177845323458e-06 6.349675004457822070e-06 8.649008975680771982e-08 5.841552663810034574e-08 6.715154449921101332e-05 8.228246883845713455e-08 2.836281237250659615e-05 6.687191103083023336e-07 5.229480848356615752e-07 1.823783804866252467e-06
7.250000000000000000e+04 5.812971721752546728e-06 9.466111805522814393e-06 8.041333643404868781e-08 1.395941495729857706e-07 1.804256862669717520e-05 9.470622330809419509e-08 6.987860251683741808e-05 2.613570131870801561e-06 1.440584469492023345e-06 1.421423985448200256e-05
7.300000000000000000e+04 3.467336910034646280e-06 6.595695595024153590e-06 4.916520168762872345e-08 1.122050505841798440e-07 1.785206586646381766e-05 6.593494106255093357e-08 6.042515087756328285e-05 2.532945700295385905e-06 1.826412358241213951e-06 1.075320051313610747e-05
7.350000000000000000e+04 3.074567757721524686e-06 5.740456799685489386e-06 5.250026191561119049e-08 2.257783648929034825e-07 3.787199602811597288e-05 6.834007848510736949e-08 2.746731479419395328e-05 3.483129660253325710e-07 5.797653557237936184e-07 9.854952622845303267e-07
7.400000000000000000e+04 2.924342425103532150e-06 5.728769338020356372e-06 4.419934285238014127e-08 1.446371271640600753e-07 3.626030229497700930e-05 7.689232717211780255e-08 2.494453656254336238e-05 5.849576609762152657e-07 3.266077328589744866e-07 6.054980872249871027e-07
