# step, loss_train, loss_test, metrics_test
0.000000000000000000e+00 2.785348566249012947e-03 8.778120577335357666e-02 3.527110675349831581e-03 5.053770146332681179e-04 7.767446222715079784e-04 2.750947838649153709e-03 9.788639098405838013e-02 2.772812498733401299e-03 1.741836895234882832e-04 1.968677854165434837e-03
5.000000000000000000e+02 7.989372825250029564e-04 5.661352351307868958e-02 8.061159314820542932e-05 1.662667928030714393e-04 1.693118014372885227e-03 6.683063111267983913e-04 6.471935659646987915e-02 1.145778442150913179e-04 1.755363628035411239e-04 2.339538186788558960e-03
1.000000000000000000e+03 6.522841285914182663e-04 1.368539989925920963e-03 5.160830332897603512e-04 4.813780833501368761e-04 2.268095267936587334e-03 4.148177686147391796e-04 9.823046857491135597e-04 2.532897924538701773e-04 1.862648205133154988e-04 2.223558258265256882e-03
1.500000000000000000e+03 7.715226820437237620e-05 3.093025297857820988e-04 2.406901330687105656e-05 2.862026121874805540e-05 9.678752976469695568e-04 1.102542864828137681e-05 4.611299373209476471e-04 2.448055238346569240e-05 1.825007711886428297e-05 5.820272490382194519e-04
2.000000000000000000e+03 2.201700408477336168e-05 1.718746352707967162e-04 8.813479325908701867e-06 1.745022746035829186e-05 5.723224603570997715e-04 6.179542197060072795e-06 2.401586680207401514e-04 1.976954263227526098e-05 2.499507172615267336e-05 2.434511843603104353e-04
2.500000000000000000e+03 1.481562230765121058e-05 9.883534949040040374e-05 7.156270385166862980e-06 1.160314968728926033e-05 4.068009147886186838e-04 5.217919806455029175e-06 1.110217344830743968e-04 7.342483058891957626e-06 5.719328328268602490e-06 1.156993093900382519e-04
3.000000000000000000e+03 9.135874279309064150e-06 6.410249625332653522e-05 3.427544015721650794e-06 5.508198228199034929e-06 2.988573687616735697e-04 3.148036057609715499e-06 7.586676656501367688e-05 6.642390417255228385e-06 9.173818398267030716e-06 4.740586882689967752e-05
3.500000000000000000e+03 1.125332710216753185e-05 2.527810866013169289e-04 2.568001946201547980e-06 3.350051429151790217e-06 2.480821858625859022e-04 1.917454028443899006e-06 3.092696715611964464e-04 1.731330121401697397e-05 9.011392648972105235e-06 2.626207060529850423e-05
4.000000000000000000e+03 1.264084130525588989e-05 2.585293623269535601e-05 1.804545831873838324e-06 1.413184349985385779e-06 2.135123650077730417e-04 1.381306105940893758e-06 4.007128882221877575e-05 2.505028351151850075e-05 4.796294433617731556e-06 1.512567177996970713e-05
4.500000000000000000e+03 2.622116517159156501e-05 3.935963468393310905e-05 1.318267095484770834e-06 1.337500293630000670e-06 3.022205492015928030e-04 1.006945922199520282e-06 7.183195702964439988e-05 8.986402463051490486e-06 3.235572421544929966e-06 1.338937909167725593e-05
5.000000000000000000e+03 3.403364826226606965e-05 2.949356894532684237e-05 1.080154561350354925e-06 1.264802335754211526e-06 2.690606634132564068e-04 5.680843173649918754e-07 5.212646647123619914e-05 6.081152150727575645e-06 4.361999799584737048e-06 1.136247738031670451e-05
5.500000000000000000e+03 1.899017115647438914e-05 1.433559646102366969e-05 7.269805450960120652e-07 7.386905167550139595e-07 1.399817701894789934e-04 2.515000403491285397e-07 1.782321669452358037e-05 4.508139682002365589e-06 5.376455646910471842e-06 6.468893843702971935e-06
6.000000000000000000e+03 1.969287222891580313e-05 1.318422528129303828e-05 5.806743956782156602e-07 6.746565190951514523e-07 1.329879160039126873e-04 1.673733578400060651e-07 2.143584970326628536e-05 3.741002046808716841e-06 5.228162990533746779e-06 5.244755357125541195e-06
6.500000000000000000e+03 2.577106897660996765e-05 1.693151898507494479e-05 1.035857280839991290e-06 9.893982451103511266e-07 1.244790037162601948e-04 1.367055944001549506e-07 1.669634002610109746e-05 7.817352525307796896e-07 4.698578322859248146e-06 9.922446224663872272e-06
7.000000000000000000e+03 2.796433727780822664e-05 1.138279185397550464e-05 7.281385592250444461e-07 7.890062647675222252e-07 1.178574093501083553e-04 1.302078942444495624e-07 1.737080310704186559e-05 6.378317038979730569e-07 5.791844614577712491e-06 9.016523108584806323e-06
7.500000000000000000e+03 2.231508915429003537e-05 1.105649607779923826e-05 1.490228669354110025e-06 1.282448693018523045e-06 6.904798647155985236e-05 1.224132972765801242e-07 1.750476076267659664e-05 7.918829965092299972e-07 2.726280627030064352e-06 3.561635367077542469e-06
8.000000000000000000e+03 2.293692341481801122e-05 1.006973889161599800e-05 1.240255301127035636e-06 7.841778142392286099e-07 6.599184416700154543e-05 1.314622721793057281e-07 2.251671685371547937e-05 7.507089776481734589e-07 2.745468009379692376e-06 3.187428319506580010e-06
8.500000000000000000e+03 2.860550011973828077e-05 1.461162537452764809e-05 2.425396132821333595e-07 6.912957815075060353e-07 1.648887991905212402e-04 1.327421159658115357e-07 8.084922592388466001e-05 1.383914604957681149e-05 3.633807409642031416e-06 2.990880602737888694e-06
9.000000000000000000e+03 2.952580507553648204e-05 1.384102779411477968e-05 1.792238890629960224e-07 6.555232516802789178e-07 1.573801564518362284e-04 1.524243202766228933e-07 1.038447153405286372e-04 1.648784927965607494e-05 4.746329977933783084e-06 2.874523488571867347e-06
9.500000000000000000e+03 2.418619078525807709e-05 1.078683089872356504e-05 4.511117026595456991e-07 1.099287828765227459e-06 9.844298620009794831e-05 2.912572654167888686e-07 1.075981344911269844e-05 1.871813219622708857e-05 7.982833267305977643e-06 3.153424131596693769e-06
1.000000000000000000e+04 2.182064963562879711e-05 1.019354112941073254e-05 5.203496016292774584e-07 1.073611088031611871e-06 9.711503662401810288e-05 3.467266651568934321e-07 9.987196790461894125e-06 2.179448711103759706e-05 5.771212727267993614e-06 3.354896762175485492e-06
1.050000000000000000e+04 3.658011701190844178e-05 1.420722765033133328e-05 1.381313040837994777e-06 1.097618792300636414e-06 1.661009300732985139e-04 3.743910212961054640e-07 1.897605579870287329e-05 3.612649152273661457e-06 1.006876118481159210e-05 5.232916919339913875e-06
1.100000000000000000e+04 3.610592466429807246e-05 1.392919511999934912e-05 1.217537715092475992e-06 9.236171649718016852e-07 1.591780601302161813e-04 3.763479412555170711e-07 2.226822289230767637e-05 3.663183406388270669e-06 1.385094947181642056e-05 5.223505013418616727e-06
1.150000000000000000e+04 1.741941196087282151e-05 7.460552296834066510e-06 6.382609285537910182e-07 9.666716778156114742e-07 6.187304097693413496e-05 5.001250542591151316e-07 1.239494758920045570e-05 3.717217396115302108e-06 1.690742283244617283e-05 3.453427552813082002e-06
1.200000000000000000e+04 1.582838922331575304e-05 7.116740562196355313e-06 4.754009808038972551e-07 8.453840791844413616e-07 6.137144373496994376e-05 4.713443217951862607e-07 1.018670718622161075e-05 2.207461875514127314e-06 1.457064809073926881e-05 3.842822934529976919e-06
1.250000000000000000e+04 1.921349030453711748e-05 9.058758223545737565e-06 4.134668074584624264e-07 1.654873017287172843e-06 1.123746333178132772e-04 2.594563852653664071e-07 1.333850013907067478e-05 7.834495363567839377e-07 5.137780135555658489e-06 5.343802513380069286e-06
1.300000000000000000e+04 2.041047810052987188e-05 7.903031473688315600e-06 4.001198306013975525e-07 1.397552182424988132e-06 1.086907795979641378e-04 2.348353973502526060e-07 1.438880644855089486e-05 6.774069447601505090e-07 4.283502221369417384e-06 5.207552021602168679e-06
1.350000000000000000e+04 1.585605423315428197e-05 1.051237723004305735e-05 2.190528505252586911e-07 3.004957420671416912e-07 4.109272413188591599e-05 3.323983719383249991e-07 1.172150768979918212e-05 4.054108103446196765e-06 3.408980091990088113e-06 1.443188466510036960e-06
1.400000000000000000e+04 1.532234819023869932e-05 7.554426701972261071e-06 1.720881215305780643e-07 2.224092838787328219e-07 4.053410157212056220e-05 2.547448048062506132e-07 1.310314291913527995e-05 4.637805886886781082e-06 3.122317139059305191e-06 1.220001422552741133e-06
1.450000000000000000e+04 2.690610563149675727e-05 1.029292343446286395e-05 4.172896694853989175e-07 3.626873592565971194e-07 1.713629753794521093e-04 3.391897678284294670e-07 1.025136680254945531e-05 3.114001629000995308e-06 3.857487172354012728e-06 4.798383997695054859e-06
1.500000000000000000e+04 2.627075264172162861e-05 1.001951204671058804e-05 3.374078971773997182e-07 3.453681358678295510e-07 1.626586454221978784e-04 3.822015628429653589e-07 9.620054697734303772e-06 3.220908411094569601e-06 5.403149316407507285e-06 4.879591415374306962e-06
1.550000000000000000e+04 1.430261454515857622e-05 5.063267508376156911e-06 4.778972311214602087e-07 7.582018497487297282e-07 7.544649270130321383e-05 2.610387355161947198e-07 2.385388324910309166e-05 1.901924520097963978e-06 1.330127702203753870e-06 2.418405074422480538e-06
1.600000000000000000e+04 1.355068798147840425e-05 2.091063834086526185e-05 4.402867546104971552e-07 5.931654527557839174e-07 7.061919313855469227e-05 2.359406323648727266e-07 2.573219535406678915e-05 9.301721206611546222e-07 1.089457668967952486e-06 3.362848246979410760e-06
1.650000000000000000e+04 3.082774128415621817e-05 8.333257937920279801e-06 1.823453089855320286e-06 8.098895136754435953e-07 9.877272532321512699e-05 2.632096141041984083e-07 1.561854151077568531e-05 1.522459228908701334e-06 9.522873369860462844e-07 1.736637386784423143e-06
1.700000000000000000e+04 3.059824666706845164e-05 8.084685759968124330e-06 1.206210299642407335e-06 8.138909493027313147e-07 9.453173697693273425e-05 3.113749187377834460e-07 1.549357511976268142e-05 1.501334509157459252e-06 9.015198543238511775e-07 1.758999019330076408e-06
1.750000000000000000e+04 2.368134119024034590e-05 5.862927082489477471e-06 3.315882111110113328e-07 3.816862204075732734e-07 9.800038242246955633e-05 2.477954126334225293e-07 2.461257099639624357e-05 2.896163948662433540e-07 1.143188796959293541e-06 1.450211470910289790e-06
1.800000000000000000e+04 2.120032877428457141e-05 6.051810487406328321e-06 2.464288684222992742e-07 1.616801910131471232e-07 9.456571569899097085e-05 2.593061481093172915e-07 2.639395643200259656e-05 2.797015667965752073e-07 1.161781597147637513e-06 1.486798737460048869e-06
1.850000000000000000e+04 2.674507049960084260e-05 1.387286920362384990e-05 1.931399765453534201e-06 2.479174554537166841e-06 1.624930591788142920e-04 3.396889383111556526e-07 5.704815703211352229e-05 1.597259824848151766e-06 1.518194494565250352e-06 1.897634319902863353e-06
1.900000000000000000e+04 2.479060822224710137e-05 1.396206971548963338e-05 1.445073962713649962e-06 2.203871872552554123e-06 1.452889555366709828e-04 3.296451893675111933e-07 4.890289710601791739e-05 1.494816615377203561e-06 1.802987640076025855e-06 1.399392772327701095e-06
1.950000000000000000e+04 1.278037598240189254e-05 5.959543614153517410e-06 2.864495911580888787e-07 1.191414980894478504e-06 3.085879143327474594e-05 2.934737324267189251e-07 1.136960963776800781e-05 5.222104277891048696e-07 2.565981276347883977e-06 8.510796760674566031e-07
2.000000000000000000e+04 1.150691332441056147e-05 4.673616331274388358e-06 2.621945895953103900e-07 8.114203637887840159e-07 2.960301389975938946e-05 2.738188129569607554e-07 8.811700354272034019e-06 6.311782385637343396e-07 1.671462769081699662e-06 7.613372190462541766e-07
2.050000000000000000e+04 1.638390494917985052e-05 7.426427146128844470e-06 2.400107348421443021e-07 3.280621285739471205e-07 5.659858288709074259e-05 2.674252641554630827e-07 2.497558307368308306e-05 5.744678333030606154e-07 5.991113312120432965e-07 2.481758656358579174e-06
2.100000000000000000e+04 1.327706377196591347e-05 7.181185083027230576e-06 1.815888452938452247e-07 2.722764804730104515e-07 5.252365735941566527e-05 2.815116033616504865e-07 3.031089727301150560e-05 7.744863523839740083e-07 6.026174901307967957e-07 2.970103196275886148e-06
2.150000000000000000e+04 1.149515082943253219e-05 2.639547528815455735e-05 9.112163752433843911e-07 4.186019850749289617e-07 1.524658728158101439e-04 3.236619079416414024e-07 2.285744449181947857e-05 4.263402843207586557e-06 3.425785280342097394e-06 2.624449734867084771e-06
2.200000000000000000e+04 1.179602440970484167e-05 1.042883286572759971e-05 6.217748591552663129e-07 1.843517765109936590e-07 1.408761163474991918e-04 2.993126031469728332e-07 9.085111742024309933e-06 3.921800271200481802e-06 4.745258138427743688e-06 3.362681354701635428e-06
2.250000000000000000e+04 1.112694917537737638e-05 6.278460205066949129e-06 7.981242333698901348e-07 2.113700787731431774e-07 7.712417573202401400e-05 2.131102263547290931e-07 8.703173079993575811e-06 1.727002086227003019e-06 5.202977604312764015e-07 1.921254124681581743e-06
2.300000000000000000e+04 1.072396571544231847e-05 5.897053142689401284e-06 6.216277483872545417e-07 2.414260791283595609e-07 7.493883458664640784e-05 1.747643096905449056e-07 7.649025974387768656e-06 2.288903488079085946e-06 1.653661684031249024e-06 2.090024509016075172e-06
2.350000000000000000e+04 1.306195918004959822e-05 4.005784376204246655e-06 1.528645441339904210e-07 1.065660413246405369e-07 2.708725514821708202e-05 1.640919720102829160e-07 1.071897622750839218e-05 4.669117515732068568e-06 8.407781024288851768e-06 1.706236616882961243e-06
2.400000000000000000e+04 1.244112536369357258e-05 3.538130840752273798e-06 1.342141615623404505e-07 1.065888852735952241e-07 2.327758375031407923e-05 1.699804812460570247e-07 9.918639989336952567e-06 3.553619990270817652e-06 1.000568499875953421e-05 1.536987952022172976e-06
2.450000000000000000e+04 1.224792231369065121e-05 4.830358648177934811e-06 9.268906069337390363e-07 1.778546732111863093e-07 4.416236697579734027e-05 1.915488354597982834e-07 8.529054866812657565e-06 6.978099804655357730e-07 4.828615601581986994e-06 9.072174975699454080e-07
2.500000000000000000e+04 1.075636555469827726e-05 4.373691353976028040e-06 7.737774581073608715e-07 1.446771307200833689e-07 4.000273474957793951e-05 1.675647069987462601e-07 9.309484994446393102e-06 1.085565259018039797e-06 2.843902620952576399e-06 7.222261046990752220e-07
2.550000000000000000e+04 1.275246268050977960e-05 4.150920631218468770e-06 6.535211696245823987e-07 3.322408019812428392e-07 2.792348823277279735e-05 1.879932653992000269e-07 1.439740299247205257e-05 1.069684117283031810e-06 3.677396875900740270e-07 9.406485332874581218e-07
2.600000000000000000e+04 1.187394082080572844e-05 3.621971245593158528e-06 5.659587714035296813e-07 2.442290281123860041e-07 2.603335269668605179e-05 1.606554178579244763e-07 1.333111686108168215e-05 8.966342193161835894e-07 2.581280966751364758e-07 9.154711051451158710e-07
2.650000000000000000e+04 1.139833057095529512e-05 4.739518317364854738e-06 1.319931612897562445e-07 1.314391653295388096e-07 5.918799797655083239e-05 1.635481794437509961e-07 6.670843959000194445e-06 1.300604935750016011e-06 2.415669655420060735e-07 1.169293568636931013e-06
2.700000000000000000e+04 9.608857908460777253e-06 5.042413704359205440e-06 1.082642953065260372e-07 9.196930506050193799e-08 5.421957757789641619e-05 1.527968436221271986e-07 6.757460596418241039e-06 1.134416947934369091e-06 2.534617635774338851e-07 1.282921516576607246e-06
2.750000000000000000e+04 1.315484587394166738e-05 7.490260031772777438e-06 1.479151023886515759e-07 1.309288677475706208e-07 3.336360896355472505e-05 1.118322217052991618e-07 1.590016108821146190e-05 2.212449544458650053e-06 1.981242803594795987e-06 9.983859854401089251e-07
2.800000000000000000e+04 1.220363446918781847e-05 7.348155577346915379e-06 9.075684914705561823e-08 1.218468383967774571e-07 3.025505793630145490e-05 1.017210280451763538e-07 1.409494052495574579e-05 1.022694505081744865e-06 8.627864644950022921e-07 9.275831871491391212e-07
2.850000000000000000e+04 1.285115831706207246e-05 1.483240703237242997e-05 4.912517965749430005e-07 5.744495865656062961e-07 1.157966835307888687e-04 1.386174091067005065e-07 1.656001768424175680e-05 7.711361718065745663e-07 6.256411211325030308e-08 2.122315436281496659e-06
2.900000000000000000e+04 1.066936238203197718e-05 1.439363495592260733e-05 2.825919125371001428e-07 2.590252279333071783e-07 1.090640362235717475e-04 1.168454630828819063e-07 1.517008877272019163e-05 1.306983335780387279e-06 1.237793298969336320e-07 2.343186451980727725e-06
2.950000000000000000e+04 8.422339305980131030e-06 3.026479134859982878e-06 1.315214746000492596e-07 2.608708769002987538e-07 2.719224903557915241e-05 1.161958351758585195e-07 8.467686711810529232e-06 3.323109012853819877e-06 2.648081363076926209e-07 5.090735726298589725e-07
3.000000000000000000e+04 7.617981282237451524e-06 2.874488473025849089e-06 4.348054005731682992e-08 1.756576892830707948e-07 2.410348679404705763e-05 9.179130699976667529e-08 7.070159881550353020e-06 5.182395852898480371e-06 2.635421765262435656e-07 5.132706633048655931e-07
3.050000000000000000e+04 1.236306252394570038e-05 4.950079073751112446e-06 1.038580990098125767e-07 1.368936892731653643e-07 3.104716597590595484e-05 7.596683815336291445e-08 1.489371970819775015e-05 5.856508778379065916e-06 3.974840296905313153e-07 1.203643364533490967e-06
3.100000000000000000e+04 1.240883557329652831e-05 3.595185489757568575e-06 5.813989290004428767e-08 1.147793327049839718e-07 2.481671072018798441e-05 6.315089962072306662e-08 1.737512320687528700e-05 4.133109541726298630e-06 2.025830525553828920e-07 1.883075583464233205e-06
3.150000000000000000e+04 7.520486178691498935e-06 6.029600172041682526e-06 6.111879713444068329e-08 4.839254685862215410e-08 3.876467962982133031e-05 6.713919731282658176e-08 2.639097147039137781e-05 3.508440840960247442e-06 9.273882710658654105e-07 3.475334096947335638e-06
3.200000000000000000e+04 5.352957941795466468e-06 6.403954557754332200e-06 5.404270098097185837e-08 4.469625736192028853e-08 3.529743844410404563e-05 6.354996173740801169e-08 2.301246240676846355e-05 4.122037353226915002e-06 2.522470822441391647e-06 5.063717708253534511e-06
3.250000000000000000e+04 9.447244337934534997e-06 1.061380498867947608e-05 2.021298541876603849e-07 7.856833406094665406e-08 4.266119140083901584e-05 5.209364317693143676e-08 1.977614556381013244e-05 7.290215648936282378e-07 5.126136670696723741e-07 4.557592546916566789e-06
3.300000000000000000e+04 7.301152891159290448e-06 4.528254976321477443e-06 1.225173633656595484e-07 4.978330281346643460e-08 4.124139013583771884e-05 4.226604488621887867e-08 1.032986710924888030e-05 2.111639645363538875e-07 5.062121317678247578e-07 2.663669420144287869e-06
3.350000000000000000e+04 8.710529982636217028e-06 4.437381903699133545e-06 1.555824269416916650e-07 1.110095553258361178e-07 3.518404264468699694e-05 6.793136719807080226e-08 7.665449629712384194e-06 4.029131162042176584e-07 6.821369993303960655e-07 2.299787638548878022e-06
3.400000000000000000e+04 7.787499271216802299e-06 4.657829776988364756e-06 1.093514754302304937e-07 5.467109431833705457e-08 2.985852734127547592e-05 5.891617860243059113e-08 6.066699370421702042e-06 2.293953826892902725e-07 5.247634931038192008e-07 2.955626541734091006e-06
3.450000000000000000e+04 7.833431482140440494e-06 3.163512246828759089e-06 6.909703387236731942e-08 9.196653394383247360e-08 3.207014742656610906e-05 6.143434205796438619e-08 4.081403676536865532e-05 1.326964024883636739e-06 4.727653220015781699e-07 9.879987601379980333e-07
3.500000000000000000e+04 6.704000043100677431e-06 6.594983005925314501e-06 9.393718869432632346e-08 9.719814642039636965e-08 3.001487675646785647e-05 6.349508652192525915e-08 5.817255078000016510e-05 7.135108148759172764e-07 6.166671937535284087e-07 1.759805059009522665e-06
3.550000000000000000e+04 7.919422387203667313e-06 3.502895197016187012e-06 2.764279258826718433e-07 6.465926389864762314e-07 1.866685670393053442e-05 3.080981514358427376e-08 9.280113772547338158e-06 3.952699444198515266e-06 8.919928262685061782e-08 5.302509180182823911e-06
3.600000000000000000e+04 7.361632015090435743e-06 1.555990093038417399e-05 1.474257800282430253e-07 4.620697779955662554e-07 1.840981531131546944e-05 2.344444283153279684e-08 1.926988807099405676e-05 6.107744866312714294e-06 3.461738060650532134e-07 5.335806235962081701e-06
3.650000000000000000e+04 9.071399290405679494e-06 2.796295348161947913e-06 6.820642539651089464e-08 4.328862530655896990e-07 2.884294008254073560e-05 3.097301259913365357e-08 3.016915115949814208e-06 1.756237566041818354e-06 2.387483988286476233e-08 7.721889232925605029e-06
3.700000000000000000e+04 8.403229003306478262e-06 2.375562871748115867e-06 5.361982147178423475e-08 2.922340058830741327e-07 2.524906994949560612e-05 3.332971942882068106e-08 2.895443913075723685e-06 1.888012661765969824e-06 3.112030100282936473e-08 1.087381951947463676e-05
3.750000000000000000e+04 9.922300705511588603e-06 4.844353497901465744e-06 8.751042912535922369e-08 1.120465711323959113e-07 7.139042281778529286e-05 3.266691805947630201e-08 8.896913641365244985e-06 7.608186479046707973e-06 1.115272425522562116e-06 1.298648953707015608e-06
3.800000000000000000e+04 7.805129826010670513e-06 4.662763330998132005e-06 1.014257620113312441e-07 1.443145976054438506e-07 6.625026435358449817e-05 4.674691922446072567e-08 8.562258699384983629e-06 1.459848681406583637e-05 1.328647840637131594e-06 1.397498749611258972e-06
3.850000000000000000e+04 5.814020823891041800e-06 6.647250756941502914e-06 1.457538445492900792e-07 6.012596998061781051e-08 3.633901724242605269e-05 4.471993264587581507e-08 8.033934136619791389e-06 1.003039506031200290e-05 1.437028686268604361e-06 3.180446356054744683e-06
3.900000000000000000e+04 5.268943368719192222e-06 6.873917755001457408e-06 1.305218972902366659e-07 5.040131512146217574e-08 3.360519986017607152e-05 4.498621564152927021e-08 9.239420251105912030e-06 1.090746900445083156e-05 1.843153427216748241e-06 3.755196075871936046e-06
3.950000000000000000e+04 6.273491180763812736e-06 8.058214916673023254e-06 9.192777383759676013e-08 1.138829262004037446e-07 1.399246048094937578e-05 3.248656810228567338e-08 6.676676548522664234e-06 4.452101165952626616e-06 1.116255702982016373e-06 2.845857579814037308e-06
4.000000000000000000e+04 5.034355581301497295e-06 2.732550456130411476e-06 8.328714784511248581e-08 8.657206507223236258e-08 1.066482309397542849e-05 3.155318850645016937e-08 7.872899004723876715e-06 2.913710659413482063e-06 1.227159259542531800e-06 2.848867779903230257e-06
4.050000000000000000e+04 6.392470368155045435e-06 1.137976687459740788e-05 1.121438941709129722e-07 1.506661106986939558e-07 8.424880797974765301e-05 4.117016771942871856e-08 7.201395419542677701e-06 8.400900810556777287e-07 2.100157644235878251e-06 9.079843039216939360e-06
4.100000000000000000e+04 5.642537871608510613e-06 1.117832198360702023e-05 1.104149092157058476e-07 1.253638401976786554e-07 7.503148663090541959e-05 4.166652445292129414e-08 9.961126124835573137e-06 3.949082838516915217e-07 2.242271648356108926e-06 1.231562509929062799e-05
4.150000000000000000e+04 4.793685093318345025e-06 8.577927474107127637e-06 1.554161457306690863e-07 6.406656183344239253e-08 5.577818592428229749e-05 6.017425135951270931e-08 5.085851626063231379e-06 2.814880417645326816e-07 1.909845224190576118e-07 3.339511749800294638e-05
4.200000000000000000e+04 3.815594936895649880e-06 7.659575203433632851e-06 1.138608638484583935e-07 3.555669181309895066e-08 5.043284909334033728e-05 5.293453853028040612e-08 4.238675046508433297e-06 2.638698219925572630e-07 7.147406222429708578e-08 4.322911627241410315e-05
4.250000000000000000e+04 6.959107395232422277e-06 6.444054633902851492e-06 1.534299371996894479e-07 2.952863908944891591e-08 4.740704753203317523e-05 1.127860471683561627e-08 1.033956141327507794e-05 9.888839258564985357e-07 6.983992761888657697e-07 5.336120807442057412e-07
4.300000000000000000e+04 6.229444352356949821e-06 4.483949396671960130e-06 1.190480105606184225e-07 1.295212115337562864e-08 4.368145528133027256e-05 1.394924709074985003e-08 7.601384822919499129e-06 5.037828145759704057e-07 1.717215013741224539e-06 4.416423564634897048e-07
4.350000000000000000e+04 1.015609723253874108e-05 7.922095392132177949e-06 3.767325154058198677e-07 4.718961292837775545e-07 6.092096737120300531e-05 1.759880774443445262e-08 1.020988565869629383e-05 9.398585802955494728e-07 8.752916755838668905e-07 2.470804020049399696e-06
4.400000000000000000e+04 8.407811037614010274e-06 7.539302714576479048e-06 1.784854362085752655e-07 3.842674800580425654e-07 4.418176467879675329e-05 7.378081789966017823e-08 1.300375424762023613e-05 9.370995144308835734e-07 1.114908741328690667e-06 1.711177446850342676e-06
4.450000000000000000e+04 9.526113899482879788e-06 4.079260634171077982e-06 1.780427254516325775e-07 7.537987301020621089e-08 9.201748980558477342e-06 5.947156367369643704e-08 2.777320105451508425e-06 4.079791438016400207e-07 4.302614442508456705e-08 2.466021669533802196e-06
4.500000000000000000e+04 5.579392109211767092e-06 3.085664047830505297e-06 1.588960714116183226e-07 8.714607702131615952e-08 5.180239895707927644e-06 3.991211983134235197e-08 2.824626562869525515e-06 5.422364210971863940e-07 5.132496028181776637e-08 2.988572305184789002e-06
4.550000000000000000e+04 9.162349670077674091e-06 5.558127668336965144e-06 1.225967167783892364e-07 4.053247337765242264e-08 5.214600605540908873e-05 4.342860293604644539e-08 3.861889581457944587e-06 1.513211373094236478e-06 4.448559565162213403e-08 6.277467150539450813e-07
4.600000000000000000e+04 8.143780178215820342e-06 1.053365303960163146e-05 9.764100639131356729e-08 3.477051180311718781e-08 4.727468331111595035e-05 3.402085013703981531e-08 3.302669028926175088e-06 1.415950237060314976e-06 1.615554268141750072e-08 1.887017674562230241e-06
4.650000000000000000e+04 5.208044512983178720e-06 3.112651484116213396e-06 6.941651520264713326e-08 2.559944967117644410e-08 6.877925443404819816e-06 1.023289186719011923e-08 6.412947186618112028e-06 9.390597028868796770e-07 5.056833884964362369e-08 1.997818117160932161e-06
4.700000000000000000e+04 3.681788712128764018e-06 2.792324494294007309e-06 5.112720202760101529e-08 2.636464202510069299e-08 6.019865395501255989e-06 1.219557255183190136e-08 6.168418622110038996e-06 8.165800409187795594e-07 3.971230100319189660e-08 1.856090193541604094e-06
4.750000000000000000e+04 3.506024995658663101e-06 2.591315933386795223e-06 1.963387461501042708e-07 3.452357333344480139e-08 2.925896524175186642e-06 2.236815355161070329e-08 8.605478797107934952e-06 1.585542122484184802e-06 4.570523159941330960e-08 9.339452162748784758e-07
4.800000000000000000e+04 2.772480229396023788e-06 1.842669007601216435e-06 1.133945985998252581e-07 2.529325016098482592e-08 1.807410285437072162e-06 2.822309319583382603e-08 7.283323611773084849e-06 8.139709848364873324e-07 2.359528927797782671e-08 1.852323237017117208e-07
4.850000000000000000e+04 1.879476485555642284e-06 1.364954300697718281e-06 1.012889327967059216e-07 5.579525463872414548e-08 1.294904564019816462e-06 2.878395122252186411e-08 1.136837181547889486e-05 3.131105188458604971e-07 1.536949554292732500e-07 5.580350830314273480e-07
4.900000000000000000e+04 1.610890194569947198e-06 1.134742092290252913e-06 8.418619756866974058e-08 6.312033917765802471e-08 9.259631497116060928e-07 2.792078035440681560e-08 1.350685033685294911e-05 2.680034754121152218e-07 1.759136978307651589e-07 9.143081456386425998e-07
4.950000000000000000e+04 2.129765334757394157e-06 2.138897798431571573e-06 1.822144923835367081e-07 1.542914702667985694e-07 2.643651669131941162e-06 1.309849739783430778e-08 5.103420789964729920e-06 2.540539298934163526e-07 1.891806959974928759e-06 7.536079465353395790e-06
5.000000000000000000e+04 1.646227360652119387e-06 1.610744561730825808e-06 1.628262111807998735e-07 1.195663230646459851e-07 1.883827167148410808e-06 1.049708053812992148e-08 3.640922386694001034e-06 9.223898445043232641e-08 2.156167511202511378e-06 9.776915248949080706e-06
5.050000000000000000e+04 1.030782823363551870e-05 9.590557056071702391e-06 1.298760565759948804e-07 1.649063534614469972e-07 6.793590728193521500e-05 4.372279960307423607e-08 1.213574614666868001e-05 2.765989748354513722e-08 1.278301169804763049e-06 3.797226554524968378e-06
5.100000000000000000e+04 9.351385415357071906e-06 4.627708221960347146e-06 1.069959836286216159e-07 2.439726927150331903e-07 5.127682743477635086e-05 5.162453220464158221e-08 1.011843414744362235e-05 6.141250707969447831e-08 1.530866256871377118e-06 1.731033989926800132e-06
5.150000000000000000e+04 2.456916718074353412e-06 2.518205292290076613e-06 1.470540382797480561e-07 6.891333015346390312e-08 1.788335907804139424e-06 3.141359883329641889e-08 6.979785212024580687e-06 4.109313920253043761e-07 4.585482713537203381e-07 4.478990831557894126e-06
5.200000000000000000e+04 1.543859980301931500e-06 1.868219214884447865e-06 1.189144356317228812e-07 3.744808552141876135e-08 1.312526251240342390e-06 1.803529414701188216e-08 5.518434591067489237e-06 4.417559580360830296e-07 6.122393756413657684e-07 3.952428869524737820e-06
5.250000000000000000e+04 2.820561348926275969e-06 1.180422805191483349e-05 7.459490092287524021e-08 9.168621062372039887e-08 3.966890744777629152e-06 1.245061476140563173e-08 5.325915481080301106e-06 2.818590587594371755e-07 1.579140075591567438e-06 2.955196123366476968e-06
5.300000000000000000e+04 2.046053850790485740e-06 2.231756525361561216e-06 3.661044090108589444e-08 2.777576391110869736e-08 2.781952616714988835e-06 1.121238213386277494e-08 2.426014361844863743e-06 6.915005883456615265e-07 2.339831098652211949e-06 2.590785015854635276e-06
5.350000000000000000e+04 1.591382442711619660e-06 4.285168415663065389e-06 1.596571763684551115e-07 1.218425325077987509e-07 2.320470048289280385e-05 1.572675145666835306e-08 3.608698307289159857e-06 5.824143300969808479e-08 1.174414023807912599e-06 4.395539235702017322e-06
5.400000000000000000e+04 1.644191456762200687e-06 4.828691999136935920e-06 1.055303471275692573e-07 9.813430779104237445e-08 2.029041024798061699e-05 1.534009363979293994e-08 3.931605533580295742e-06 2.027060297393745714e-08 7.365218834820552729e-07 8.888166121323592961e-06
5.450000000000000000e+04 8.890298886399250478e-06 4.989867647964274511e-06 6.543572084183324478e-08 8.827652209220104851e-08 1.890915882540866733e-05 1.946450289835865988e-08 7.212550372059922665e-06 5.932332314273480733e-08 4.190639515400107484e-07 3.777670281124301255e-05
5.500000000000000000e+04 6.288891654548933730e-06 4.802477178600383922e-06 8.476465040985203814e-08 1.041659487555079977e-07 1.319176953984424472e-05 3.294038819490197056e-08 6.126587322796694934e-06 2.045107692083547590e-07 2.853921330370212672e-07 4.789061495102941990e-05
5.550000000000000000e+04 6.665025921392953023e-06 3.093243776675080881e-06 1.123262975966099475e-07 1.590371851989402785e-07 7.153505066526122391e-06 1.003941552113474245e-08 3.524035264490521513e-06 2.324986780877225101e-07 8.325255862473568413e-07 1.042518215399468318e-05
5.600000000000000000e+04 5.378210971684893593e-06 2.473780114087276161e-06 8.882354052275331924e-08 1.042835293674215791e-07 4.249641278875060380e-06 1.155609385961042790e-08 3.296879867775714956e-06 1.626270744736757479e-07 5.927329880250908900e-07 1.286048063775524497e-05
5.650000000000000000e+04 3.772460786422016099e-06 1.986251390917459503e-06 1.076492992524435977e-07 6.596572887929141871e-08 3.456973445281619206e-06 2.273106858297069266e-08 3.426479679546901025e-06 3.982030989391205367e-07 9.035614567665106733e-08 2.741200432865298353e-06
5.700000000000000000e+04 2.810621481330599636e-06 1.530719600850716233e-06 8.778270910170249408e-08 5.357911447845253861e-08 2.941296997960307635e-06 1.644635183595255512e-08 3.148714085909887217e-06 2.871168760520959040e-07 7.937597956697572954e-08 2.760382130873040296e-06
5.750000000000000000e+04 3.030553443750250153e-06 2.855677394109079614e-06 8.870242851344301016e-08 6.295355348129305639e-08 2.674497409316245466e-06 1.211285738378364840e-08 1.038981463352683932e-05 1.274773069326329278e-07 8.489942047162912786e-07 3.131887069685035385e-06
5.800000000000000000e+04 2.524033106965362094e-06 2.472024789312854409e-06 4.779957407663459890e-08 6.192841084384781425e-08 1.988754092963063158e-06 1.006810368409105649e-08 8.271681508631445467e-06 6.268041374823951628e-08 7.180336751844151877e-07 2.449330395393189974e-06
5.850000000000000000e+04 1.969295681192306802e-06 1.439169182049226947e-06 4.127800323772135016e-08 1.283350883340972359e-07 7.673094842175487429e-06 9.931416578012886021e-09 2.712749164857086726e-06 2.493105171197385062e-07 6.179066645017883275e-07 5.468592007673578337e-06
5.900000000000000000e+04 1.635719286241510417e-06 1.202891098728287034e-06 2.958373812589343288e-08 8.906800275099158171e-08 6.019198281137505546e-06 9.743083673185992666e-09 2.469789478709571995e-06 1.889717964331794064e-07 6.461520456468861084e-07 5.398539997258922085e-06
