# step, loss_train, loss_test, metrics_test
0.000000000000000000e+00 4.142075777053833008e-04 9.997732937335968018e-02 2.639288431964814663e-04 1.124184462241828442e-03 2.475416474044322968e-02 3.442326269578188658e-04 1.184616461396217346e-01 3.984834766015410423e-04 5.350896972231566906e-04 2.548856288194656372e-02
5.000000000000000000e+02 8.888363372534513474e-04 5.803660675883293152e-02 9.109440725296735764e-05 2.005301939789205790e-04 3.653968218713998795e-03 8.958788821473717690e-04 6.685828417539596558e-02 2.169643630622886121e-05 3.477846039459109306e-04 4.336159676313400269e-03
1.000000000000000000e+03 6.453269743360579014e-04 5.659415945410728455e-02 2.127651241607964039e-04 3.753250057343393564e-04 2.874078927561640739e-03 6.234736065380275249e-04 6.458083540201187134e-02 1.736941048875451088e-04 4.773830005433410406e-04 3.542240243405103683e-03
1.500000000000000000e+03 7.866083178669214249e-04 6.494420021772384644e-02 2.779544156510382891e-04 5.036955117247998714e-04 2.887411508709192276e-03 6.733969785273075104e-04 6.270562112331390381e-02 1.680775167187675834e-04 2.519327972549945116e-04 3.406821284443140030e-03
2.000000000000000000e+03 7.608865853399038315e-04 4.815126955509185791e-02 2.061623526969924569e-04 3.046555444598197937e-03 2.538737840950489044e-03 5.224827909842133522e-04 4.390942677855491638e-02 4.426205996423959732e-04 3.470627358183264732e-03 2.866806462407112122e-03
2.500000000000000000e+03 8.470380562357604504e-04 1.542837591841816902e-03 4.256205866113305092e-04 1.629163016332313418e-04 5.407631862908601761e-03 7.643784629181027412e-04 2.094344468787312508e-03 7.525091059505939484e-04 2.380393125349655747e-04 4.793879576027393341e-03
3.000000000000000000e+03 5.235020653344690800e-04 6.294492632150650024e-04 2.705067745409905910e-04 7.111395098036155105e-05 4.414940252900123596e-03 4.582394612953066826e-04 5.262225167825818062e-04 1.310771564021706581e-03 1.173610871774144471e-04 3.840272082015872002e-03
3.500000000000000000e+03 4.617955419234931469e-04 5.625979974865913391e-04 1.943910028785467148e-04 5.324378071236424148e-05 3.676505526527762413e-03 3.511224349495023489e-04 3.846099716611206532e-04 5.695878062397241592e-04 4.911840369459241629e-05 3.363646101206541061e-03
4.000000000000000000e+03 4.129788721911609173e-04 5.108126206323504448e-04 1.289828651351854205e-04 3.372646824573166668e-05 3.341411007568240166e-03 2.938989200629293919e-04 3.115005383733659983e-04 2.947388275060802698e-04 3.130200639134272933e-05 3.032787004485726357e-03
4.500000000000000000e+03 3.387582837603986263e-04 5.889848107472062111e-04 9.802224667510017753e-05 2.883230081351939589e-05 3.434847807511687279e-03 2.450665633659809828e-04 5.524153239093720913e-04 1.295930705964565277e-04 3.617836773628368974e-05 2.928974339738488197e-03
5.000000000000000000e+03 3.263906692154705524e-04 5.447740550152957439e-04 6.751830369466915727e-05 1.789101588656194508e-05 3.226646920666098595e-03 2.214180713053792715e-04 5.073879729025065899e-04 1.067492194124497473e-04 2.547211988712660968e-05 2.715950366109609604e-03
5.500000000000000000e+03 2.811819722410291433e-04 4.592007608152925968e-04 5.448623051051981747e-05 1.129222346207825467e-05 2.899275859817862511e-03 1.879429764812812209e-04 3.079206217080354691e-04 4.072904994245618582e-04 2.816168307617772371e-05 2.519601956009864807e-03
6.000000000000000000e+03 2.311258431291207671e-04 3.991936973761767149e-04 4.672066279454156756e-05 1.328901998931542039e-05 2.701788907870650291e-03 1.472911972086876631e-04 2.573174424469470978e-04 5.162546294741332531e-04 3.510119495331309736e-05 2.335995901376008987e-03
6.500000000000000000e+03 1.964843686437234282e-04 2.989706117659807205e-04 4.224306758260354400e-05 1.000040811049984768e-05 2.453758846968412399e-03 1.054266467690467834e-04 1.499665231676772237e-04 2.572971279732882977e-04 2.928717549366410822e-05 2.086769789457321167e-03
7.000000000000000000e+03 2.036002842942252755e-04 2.795903128571808338e-04 3.094779094681143761e-05 1.026674908644054085e-05 2.249562880024313927e-03 1.018096736515872180e-04 1.075962136383168399e-04 1.298565621254965663e-04 2.623522959765978158e-05 1.882315846160054207e-03
7.500000000000000000e+03 1.486142718931660056e-04 2.640431921463459730e-04 2.619529550429433584e-05 1.845494989538565278e-05 2.164412289857864380e-03 6.585267692571505904e-05 1.027123944368213415e-04 1.141479970101499930e-05 3.069080412387847900e-05 1.948789227753877640e-03
8.000000000000000000e+03 1.299333525821566582e-04 2.360601793043315411e-04 2.744431367318611592e-05 1.652622631809208542e-05 2.042144536972045898e-03 5.569480708800256252e-05 8.234589768107980490e-05 5.008640073356218636e-06 2.992601548612583429e-05 1.827109372243285179e-03
8.500000000000000000e+03 1.132375473389402032e-04 2.127003535861149430e-04 2.859551204892341048e-05 1.124939080909825861e-05 1.867567887529730797e-03 5.067388701718300581e-05 1.163020278909243643e-04 3.147026654914952815e-05 2.226158176199533045e-05 1.768157933838665485e-03
9.000000000000000000e+03 9.792226774152368307e-05 1.950333971763029695e-04 2.345579559914767742e-05 8.293333848996553570e-06 1.777923782356083393e-03 3.704619666677899659e-05 1.187492744065821171e-04 2.111807043547742069e-05 1.997601975745055825e-05 1.650339458137750626e-03
9.500000000000000000e+03 1.492156443418934941e-04 1.932177692651748657e-04 1.465358946006745100e-05 1.060754675563657656e-05 1.624179189093410969e-03 4.029300180263817310e-05 8.192726090783253312e-05 5.045437865192070603e-05 2.820130794134456664e-05 1.292656175792217255e-03
1.000000000000000000e+04 1.146739959949627519e-04 1.555018970975652337e-04 1.400748988089617342e-05 9.623327059671282768e-06 1.381542184390127659e-03 2.937748467957135290e-05 7.322663441300392151e-05 5.168644929653964937e-05 2.523434886825270951e-05 1.055843313224613667e-03
1.050000000000000000e+04 8.130381320370361209e-05 1.681583671597763896e-04 2.588995448604691774e-05 1.463767603127053007e-05 1.540924306027591228e-03 2.492325802450068295e-05 5.148965647094883025e-05 7.746586197754368186e-05 2.693048918445128947e-05 9.338397067040205002e-04
1.100000000000000000e+04 5.760985004599206150e-05 1.371650141663849354e-04 3.568963074940256774e-05 1.492288993176771328e-05 1.285719219595193863e-03 2.148864041373599321e-05 4.787030047737061977e-05 2.943232175312004983e-05 2.874173151212744415e-05 6.989182438701391220e-04
1.150000000000000000e+04 3.642105366452597082e-05 9.068913641385734081e-05 2.774585846054833382e-05 9.630271051719319075e-06 7.233465439639985561e-04 1.537894240755122155e-05 6.307468720478937030e-05 4.573549813358113170e-05 1.934544889081735164e-05 5.243501509539783001e-04
1.200000000000000000e+04 2.718736323004122823e-05 7.745942275505512953e-05 2.160861004085745662e-05 9.758330634213052690e-06 5.515626980923116207e-04 1.016936585074290633e-05 6.321103865047916770e-05 5.519029218703508377e-05 1.464033448428381234e-05 3.579098265618085861e-04
1.250000000000000000e+04 3.302865297882817686e-05 7.483173249056562781e-05 1.692398654995486140e-05 8.845108823152258992e-06 6.419582059606909752e-04 8.855378837324678898e-06 5.017531293560750782e-05 2.630293056427035481e-05 6.953611318749608472e-06 2.472980122547596693e-04
1.300000000000000000e+04 2.804356336127966642e-05 6.491390377050265670e-05 1.385907944495556876e-05 8.498131137457676232e-06 5.476591759361326694e-04 8.362776497961021960e-06 5.169227370060980320e-05 1.938625428010709584e-05 1.085050007532117888e-05 1.679578854236751795e-04
1.350000000000000000e+04 1.322922344115795568e-05 3.468666545813903213e-05 1.344812335446476936e-05 7.618245035700965673e-06 2.767566184047609568e-04 7.343236575252376497e-06 4.959910438628867269e-05 2.368210698477923870e-05 1.004556088446406648e-05 1.328691869275644422e-04
1.400000000000000000e+04 1.248817898158449680e-05 2.767294790828600526e-05 8.685222383064683527e-06 6.616515747737139463e-06 2.419796219328418374e-04 6.290983492363011464e-06 4.043197259306907654e-05 2.273894824611488730e-05 1.172393967863172293e-05 9.707951539894565940e-05
1.450000000000000000e+04 1.474742384743876755e-05 4.005787923233583570e-05 8.396616067329887301e-06 8.098680154944304377e-06 4.969385336153209209e-04 5.739232619816903025e-06 3.972859849454835057e-05 2.819263499986846000e-05 1.769426307873800397e-05 5.868612424819730222e-05
1.500000000000000000e+04 1.647671524551697075e-05 3.305638892925344408e-05 7.132597602321766317e-06 5.340476946003036574e-06 4.518967762123793364e-04 4.963166702509624884e-06 3.387240576557815075e-05 2.542294532759115100e-05 1.861052624008152634e-05 4.047007678309455514e-05
1.550000000000000000e+04 1.529723522253334522e-05 2.405491068202536553e-05 6.520288025058107451e-06 5.081885774416150525e-06 2.369536814512684941e-04 4.407084361446322873e-06 2.693012902454938740e-05 1.099643941415706649e-05 1.635804983379784971e-05 2.909323484345804900e-05
1.600000000000000000e+04 1.723685272736474872e-05 2.196764580730814487e-05 4.358049864094937220e-06 4.267959866410819814e-06 2.109564084094017744e-04 4.025011094199726358e-06 2.153711466235108674e-05 7.396897217404330149e-06 1.257152416656026617e-05 2.302944449183996767e-05
1.650000000000000000e+04 2.118271186191122979e-05 2.599429353722371161e-05 6.171016593725653365e-06 5.199789029575185850e-06 3.294747148174792528e-04 2.962037342513212934e-06 1.640440677874721587e-05 9.329067324870266020e-06 1.227181292051682249e-05 1.840258846641518176e-05
1.700000000000000000e+04 2.332259100512601435e-05 2.517287248338107020e-05 4.244705451128538698e-06 5.352903372113360092e-06 3.030520165339112282e-04 2.458070412103552371e-06 2.482267882442101836e-05 7.658020876988302916e-06 1.024200446408940479e-05 1.633940701140090823e-05
1.750000000000000000e+04 2.872642471629660577e-05 2.039343416981864721e-05 4.310379154048860073e-06 3.807729854088393040e-06 2.376418415224179626e-04 2.058790641967789270e-06 2.053152456937823445e-05 5.025226073485100642e-06 1.156819325842661783e-05 1.508305103925522417e-05
1.800000000000000000e+04 2.934469375759363174e-05 1.859306757978629321e-05 3.323466216897941194e-06 3.053659611396142282e-06 2.278356259921565652e-04 1.677981913417170290e-06 2.551646684878505766e-05 5.717247404390946031e-06 8.423957297054585069e-06 1.429372150596464053e-05
1.850000000000000000e+04 3.136289888061583042e-05 2.983635749842505902e-05 1.747298711052280851e-06 6.011345249135047197e-06 3.589144034776836634e-04 1.886107042992080096e-06 1.646403507038485259e-05 3.233170673411223106e-06 2.014931396843167022e-06 1.517560303909704089e-05
1.900000000000000000e+04 3.543269485817290843e-05 3.764296707231551409e-05 1.464431079511996359e-06 4.233817435306264088e-06 3.410400822758674622e-04 1.807821035981760360e-06 1.247669752046931535e-05 3.249518613301916048e-06 1.223279241457930766e-06 1.537776915938593447e-05
1.950000000000000000e+04 2.991966539411805570e-05 1.757458267093170434e-05 1.262563159798446577e-06 1.510637275714543648e-06 9.677671914687380195e-05 1.619993781787343323e-06 2.180097180826123804e-05 3.696611656778259203e-06 2.465660145389847457e-06 1.061714738170849159e-05
2.000000000000000000e+04 2.774851418507751077e-05 1.602748125151265413e-05 1.122435492106887978e-06 1.445823841095261741e-06 9.515256533632054925e-05 1.485606503592862282e-06 2.338060949114151299e-05 2.721515784287475981e-06 2.770231958493241109e-06 9.987042176362592727e-06
2.050000000000000000e+04 3.595979069359600544e-05 1.180275103251915425e-05 1.560462806082796305e-06 8.227960961448843591e-07 1.769740192685276270e-04 1.477189698562142439e-06 3.287534491391852498e-05 1.544414999443688430e-06 1.063416675606276840e-06 1.264886668650433421e-05
2.100000000000000000e+04 3.708406802616082132e-05 1.165849789686035365e-05 1.361933300358941779e-06 7.286877803380775731e-07 1.668187469476833940e-04 1.457070425203710329e-06 3.764366920222528279e-05 1.344213387710624374e-06 7.428321282532124314e-07 1.183585209219017997e-05
2.150000000000000000e+04 2.457012669765390456e-05 1.900251481856685132e-05 9.223721804119122680e-07 5.387497026276832912e-07 2.313573932042345405e-04 1.276390776183689013e-06 2.085904270643368363e-05 1.839194965214119293e-06 3.798596026172162965e-06 1.090930527425371110e-05
2.200000000000000000e+04 2.445939935569185764e-05 1.832783527788706124e-05 7.640217063453746960e-07 4.614268789282505168e-07 2.273277641506865621e-04 1.207584546136786230e-06 1.905163662740960717e-05 1.795992602637852542e-06 5.797800440632272512e-06 1.020866147882770747e-05
2.250000000000000000e+04 2.521379246900323778e-05 1.372148653899785131e-05 7.267442470038076863e-07 2.644015921760001220e-06 1.304329925915226340e-04 1.205727244268928189e-06 2.286865492351353168e-05 2.057570327451685444e-06 1.141488883149577305e-05 1.010712912830058485e-05
2.300000000000000000e+04 2.479113027220591903e-05 1.393954880768433213e-05 6.562478915839164983e-07 2.089961071760626510e-06 1.284126483369618654e-04 1.207844888995168731e-06 2.094550109177362174e-05 1.941893515322590247e-06 1.060155045706778765e-05 1.032495856634341180e-05
2.350000000000000000e+04 2.857471736206207424e-05 1.429500025551533327e-05 7.463240763172507286e-07 1.514112113909504842e-06 1.256145915249362588e-04 1.135173420152568724e-06 1.670923302299343050e-05 1.884060225165740121e-06 1.569574487803038210e-05 1.272241661354200915e-05
2.400000000000000000e+04 3.084425770794041455e-05 1.377996159135363996e-05 7.473752816622436512e-07 1.407060608471510932e-06 1.152061231550760567e-04 1.068667756953800563e-06 1.757008249114733189e-05 3.343411663081496954e-06 2.219027919636573642e-05 1.235362469742540270e-05
2.450000000000000000e+04 2.990256325574591756e-05 1.637336208659689873e-05 9.522226491753826849e-07 1.663517309680173639e-06 1.135720085585489869e-04 1.104560510611918289e-06 2.875402788049541414e-05 2.603006578283384442e-06 4.840434939978877082e-06 7.693264706176705658e-06
2.500000000000000000e+04 2.810598562064114958e-05 1.526325104350689799e-05 8.348544611180841457e-07 1.398633685312233865e-06 1.088580247596837580e-04 1.163409820037486497e-06 2.912039053626358509e-05 1.398413473907567095e-06 4.319826075516175479e-06 7.300660854525631294e-06
2.550000000000000000e+04 3.061626193812116981e-05 1.348853948002215475e-05 7.953826184348145034e-07 8.232909749494865537e-07 1.013775399769656360e-04 1.274388523597735912e-06 4.693002483691088855e-05 2.133167754436726682e-06 1.805907686502905563e-06 7.867974090913776308e-06
2.600000000000000000e+04 2.880263855331577361e-05 1.228515884577063844e-05 6.055346375433146022e-07 6.037834054950508289e-07 9.994204447139054537e-05 1.149845274994731881e-06 4.948164860252290964e-05 2.110279183398233727e-06 1.232005502060928848e-06 7.948374332045204937e-06
2.650000000000000000e+04 2.567407682363409549e-05 1.526213964098133147e-05 4.279902157122705830e-07 8.946526008912769612e-07 1.553523179609328508e-04 1.255863253390998580e-06 1.111840265366481617e-05 3.513823457979015075e-06 2.418939629933447577e-06 7.904388439783360809e-06
2.700000000000000000e+04 2.620165651023853570e-05 1.480753235227894038e-05 3.466147120434470708e-07 5.914835696785303298e-07 1.492191950092092156e-04 1.095858010558004025e-06 2.246634176117368042e-05 3.647847734100650996e-06 2.441682909193332307e-06 6.617399776587262750e-06
2.750000000000000000e+04 2.312366632395423949e-05 1.023019467538688332e-05 5.645160854328423738e-07 4.283734540422301507e-07 9.248565038433298469e-05 7.553746854682685807e-07 1.563298246765043586e-05 7.244254334182187449e-07 8.246817742474377155e-06 6.030189069861080498e-06
2.800000000000000000e+04 2.220660462626256049e-05 9.611402674636337906e-06 4.580600432291248580e-07 4.203561729809734970e-07 8.904198330128565431e-05 7.250326348184898961e-07 1.715089638310018927e-05 3.598251794301177142e-07 8.430104571743868291e-06 5.784663699159864336e-06
2.850000000000000000e+04 2.584767571534030139e-05 1.487643203290645033e-05 4.558896193884720560e-07 8.095220778159273323e-07 1.949708384927362204e-04 8.563147275708615780e-07 2.267169111291877925e-05 4.032744413962063845e-07 6.088872851250926033e-06 4.633439857570920140e-06
2.900000000000000000e+04 2.416260576865170151e-05 1.442428856535116211e-05 4.278609253560716752e-07 6.134036425464728381e-07 1.938761270139366388e-04 7.840422426852455828e-07 2.079027945001143962e-05 3.793183793732168851e-07 4.845483090321067721e-06 4.389543391880579293e-06
2.950000000000000000e+04 2.115764618793036789e-05 1.095201787393307313e-05 4.893407776762614958e-07 5.875056103832321241e-07 7.679102418478578329e-05 7.824118597454798874e-07 1.985113158298190683e-05 1.150096068158745766e-06 4.097653800272382796e-06 3.598620196498814039e-06
3.000000000000000000e+04 2.083769322780426592e-05 1.043300744640873745e-05 4.439747556261863792e-07 5.024993470215122215e-07 7.463674410246312618e-05 7.040003424663154874e-07 2.240642061224207282e-05 1.524131221231073141e-06 4.679297944676363841e-06 3.295578835604828782e-06
3.050000000000000000e+04 2.179174953198526055e-05 1.261755733139580116e-05 2.652963644322881009e-07 1.132933903136290610e-06 1.305671175941824913e-04 6.306490831775590777e-07 1.818426244426518679e-05 2.478649321346892975e-07 1.948507588167558424e-06 3.621752284743706696e-06
3.100000000000000000e+04 2.055034929071553051e-05 1.185791279567638412e-05 2.135107592948770616e-07 8.988108675112016499e-07 1.285077887587249279e-04 5.836973855366522912e-07 1.624794458621181548e-05 2.863326074020733358e-07 8.508885684932465665e-07 3.451413704169681296e-06
3.150000000000000000e+04 1.493370018579298630e-05 6.878155545564368367e-06 2.296962833270299598e-07 2.726727643675985746e-07 9.063004108611494303e-05 4.990029651708027814e-07 2.074305848509538919e-05 1.482658717577578500e-06 2.435194573990884237e-06 2.741202024481026456e-06
3.200000000000000000e+04 1.424608490196987987e-05 6.553922958119073883e-06 2.114426820298831444e-07 2.050495595540269278e-07 8.975216042017564178e-05 4.587134014855109854e-07 2.211487662862055004e-05 1.820759052861831151e-06 1.403349187967251055e-06 2.497007926649530418e-06
3.250000000000000000e+04 1.455006986361695454e-05 8.120483471429906785e-06 3.376229074092407245e-07 2.408408192877686815e-07 6.279207445913925767e-05 4.360376522072328953e-07 1.529151995782740414e-05 3.498832938930718228e-07 3.624589055561955320e-07 1.859393364611605648e-06
3.300000000000000000e+04 1.391910700476728380e-05 1.095624520530691370e-05 3.417391383209178457e-07 2.132739069793387898e-07 6.277349166339263320e-05 3.974762421421473846e-07 2.654171657923143357e-05 3.444866081281361403e-07 4.923372216580901295e-07 1.452963374504179228e-06
3.350000000000000000e+04 1.709487150947097689e-05 9.927355677064042538e-06 1.386679713277771953e-07 3.395489898139203433e-07 8.821209485176950693e-05 4.332985668042965699e-07 1.190640796266961843e-05 4.591019262534246081e-07 7.318251959986810107e-07 3.797636509261792526e-06
3.400000000000000000e+04 1.588312443345785141e-05 1.001323835225775838e-05 1.204573294444344356e-07 2.986175218211428728e-07 8.612807869212701917e-05 3.784177522447862430e-07 1.258757674804655835e-05 4.798412192030809820e-07 6.142322490632068366e-07 3.910934083251049742e-06
3.450000000000000000e+04 1.594270906934980303e-05 9.748268894327338785e-06 2.321768306501326151e-07 6.129646408226108178e-07 7.165075658122077584e-05 3.389872631487378385e-07 1.916401561175007373e-05 5.975014119030674919e-07 5.321464868757175282e-07 3.813423745668842457e-06
3.500000000000000000e+04 1.579640047566499561e-05 9.469149517826735973e-06 2.102077303334226599e-07 6.111198445069021545e-07 6.930209929123520851e-05 3.297847115391050465e-07 2.187600148317869753e-05 1.128695657826028764e-06 6.645025223406264558e-07 3.305088739580241963e-06
3.550000000000000000e+04 2.040127765212673694e-05 1.042068925016792491e-05 3.533296819568931824e-07 3.394463305994577240e-07 8.420240919804200530e-05 3.435871747115015751e-07 2.120658427884336561e-05 1.011271024253801443e-06 9.253602684111683629e-07 4.116930085729109123e-06
3.600000000000000000e+04 1.950978912645950913e-05 1.086666816263459623e-05 2.357463841917706304e-07 3.180847443218226545e-07 7.870272384025156498e-05 3.277410201008024160e-07 2.093397961289156228e-05 1.500651364949590061e-06 6.777849534955748823e-07 4.585086117003811523e-06
3.650000000000000000e+04 2.091661008307710290e-05 1.353343122900696471e-05 2.381304540222117794e-07 3.088702555942290928e-07 1.070668731699697673e-04 2.895851594075793400e-07 1.843531754275318235e-05 1.439573225070489570e-07 1.009858124234597199e-06 6.891292741784127429e-06
3.700000000000000000e+04 1.978268483071587980e-05 1.352117214992176741e-05 2.037732542703452054e-07 2.803795098316186341e-07 1.044527307385578752e-04 3.286733658569573890e-07 1.831695954024326056e-05 2.120702475849611801e-07 1.026330323838919867e-06 7.342916887864703313e-06
3.750000000000000000e+04 2.231573853350710124e-05 1.325010816799476743e-05 2.428578227409161627e-07 6.522334956571285147e-07 1.206779852509498596e-04 3.871541309763415484e-07 2.732356551859993488e-05 1.268923938368970994e-06 6.439580033656966407e-07 1.711685740701796021e-06
3.800000000000000000e+04 2.079871956084389240e-05 1.235007221112027764e-05 2.508461705019726651e-07 6.261342377911205404e-07 1.159208331955596805e-04 3.674682886867230991e-07 3.036837370018474758e-05 1.304623424402961973e-06 1.087395162358006928e-06 1.429454869139590301e-06
3.850000000000000000e+04 1.589888415765017271e-05 9.305758794653229415e-06 1.397453104345913744e-07 2.137027195203700103e-07 8.627006172901019454e-05 3.546306288626510650e-07 2.547328949731308967e-05 3.404358949410379864e-06 1.079036223927687388e-06 1.801930579858890269e-06
3.900000000000000000e+04 1.524933395558036864e-05 9.336900802736636251e-06 1.316614941515581449e-07 2.293037084655225044e-07 8.173088281182572246e-05 3.279924385424237698e-07 2.564902933954726905e-05 3.456122158240759745e-06 1.223205345013411716e-06 1.825348704187490512e-06
3.950000000000000000e+04 1.984188747883308679e-05 9.534976015856955200e-06 2.959744733743718825e-07 4.309349890263547422e-07 6.714249320793896914e-05 3.769182796986569883e-07 3.217090488760732114e-05 4.778620223078178242e-06 2.214595951954834163e-06 1.671721292950678617e-06
4.000000000000000000e+04 1.727592825773172081e-05 9.527310794510412961e-06 2.875327140827721450e-07 4.848559456149814650e-07 6.591204873984679580e-05 4.090562129022146109e-07 3.517995355650782585e-05 4.699854798673186451e-06 3.024075795110547915e-06 1.883938693936215714e-06
4.050000000000000000e+04 1.727269773255102336e-05 1.782831895980052650e-05 1.682070234210186754e-07 4.097131807156983996e-07 1.579548115842044353e-04 4.474045454117003828e-07 2.194962871726602316e-05 2.383030050623347051e-06 1.948455292222206481e-06 3.305682412246824242e-06
4.100000000000000000e+04 1.619966133148409426e-05 1.256034283869666979e-05 1.141125594017466938e-07 3.926140834664693102e-07 1.583696575835347176e-04 5.116414740768959746e-07 1.999179767153691500e-05 1.871233166639285628e-06 1.610241042726556771e-06 2.718762061704182997e-06
4.150000000000000000e+04 9.346789738629013300e-06 9.043426871357951313e-06 2.252765796129096998e-07 8.401993909501470625e-07 1.046704055625014007e-04 4.388869001559214666e-07 1.427822917321464047e-05 5.117483965477731545e-07 7.695586532463494223e-07 1.716020733510958962e-06
4.200000000000000000e+04 8.963390428107231855e-06 8.349682502739597112e-06 1.839181180685045547e-07 6.968579100430360995e-07 1.035661334753967822e-04 3.896589930718619144e-07 1.380053345201304182e-05 4.384587839467712911e-07 5.418812065727252048e-07 1.628193672331690323e-06
4.250000000000000000e+04 1.307445836573606357e-05 6.624566594837233424e-06 2.030123908980385750e-07 2.650650117175246123e-07 7.658870890736579895e-05 4.347147637417947408e-07 1.980064553208649158e-05 6.503930194412532728e-07 7.521468887716764584e-07 1.638676394577487372e-06
