# step, loss_train, loss_test, metrics_test
0.000000000000000000e+00 1.397727290168404579e-03 6.200617551803588867e-02 6.049170345067977905e-02 1.308022532612085342e-02 1.180815771222114563e-01 1.333290594629943371e-03 6.667961180210113525e-02 4.082189872860908508e-02 6.801855284720659256e-03 1.164690405130386353e-01
5.000000000000000000e+02 5.120932590216398239e-03 7.519721239805221558e-02 2.514430787414312363e-03 5.048965103924274445e-04 1.655840128660202026e-02 5.071168299764394760e-03 7.755405455827713013e-02 6.327002192847430706e-04 6.113345152698457241e-04 1.722712256014347076e-02
1.000000000000000000e+03 4.895026329904794693e-03 6.963551789522171021e-02 1.290912041440606117e-03 4.030960553791373968e-04 4.240994341671466827e-03 4.863995127379894257e-03 7.402268797159194946e-02 1.610407052794471383e-04 6.722414982505142689e-04 5.088358186185359955e-03
1.500000000000000000e+03 2.688164822757244110e-03 7.790541648864746094e-02 1.023369375616312027e-03 2.846873248927295208e-04 3.002546727657318115e-03 2.620756160467863083e-03 7.061272114515304565e-02 5.117647015140391886e-05 5.617851857095956802e-04 3.756798570975661278e-03
2.000000000000000000e+03 1.413299236446619034e-03 7.307038456201553345e-02 5.352455191314220428e-04 2.132614317815750837e-04 3.748520044609904289e-03 1.361097325570881367e-03 6.854774057865142822e-02 2.779218220894108526e-06 5.523264990188181400e-04 4.398362245410680771e-03
2.500000000000000000e+03 9.901957819238305092e-04 8.370405435562133789e-02 2.641247410792857409e-04 1.703574089333415031e-04 5.235543474555015564e-03 9.520233143121004105e-04 6.678219139575958252e-02 1.185468499897979200e-05 5.300106713548302650e-04 5.712186917662620544e-03
3.000000000000000000e+03 6.327805458568036556e-04 8.250300586223602295e-02 1.391045952914282680e-04 1.567548315506428480e-04 6.148146465420722961e-03 6.040481384843587875e-04 6.623515486717224121e-02 2.704199687286745757e-05 4.723315068986266851e-04 6.573554594069719315e-03
3.500000000000000000e+03 1.308604492805898190e-03 6.706375628709793091e-02 4.404299033922143281e-05 1.888717379188165069e-04 4.777945578098297119e-03 1.294304733164608479e-03 6.607736647129058838e-02 4.891762000625021756e-05 5.380816874094307423e-04 5.345804616808891296e-03
4.000000000000000000e+03 1.324548735283315182e-03 6.688820570707321167e-02 3.799738988163881004e-05 1.492706651333719492e-04 4.462714772671461105e-03 1.312355394475162029e-03 6.586213409900665283e-02 1.766278182913083583e-05 4.227085737511515617e-04 5.041513592004776001e-03
4.500000000000000000e+03 1.452016731491312385e-04 5.397141352295875549e-02 2.560141911089885980e-05 7.643960998393595219e-05 3.730368101969361305e-03 1.324980985373258591e-04 6.877400726079940796e-02 1.917897861858364195e-05 2.213883708463981748e-04 4.356733988970518112e-03
5.000000000000000000e+03 1.426645903848111629e-04 5.399867892265319824e-02 2.706439772737212479e-05 6.884054891997948289e-05 3.624364500865340233e-03 1.305530022364109755e-04 6.869134306907653809e-02 1.261357465409673750e-05 1.877572649391368032e-04 4.253495018929243088e-03
5.500000000000000000e+03 2.168115752283483744e-04 5.892973020672798157e-02 4.498430280364118516e-05 4.759497824124991894e-05 3.701214212924242020e-03 2.041930420091375709e-04 6.780336052179336548e-02 1.221022830577567220e-05 1.636861270526424050e-04 4.263943061232566833e-03
6.000000000000000000e+03 2.192710671806707978e-04 5.889498814940452576e-02 5.105046147946268320e-05 4.624865687219426036e-05 3.594105597585439682e-03 2.037361555267125368e-04 6.756037473678588867e-02 2.301517088199034333e-05 1.308299542870372534e-04 4.159581847488880157e-03
6.500000000000000000e+03 1.641747512621805072e-04 6.044989824295043945e-02 8.205557969631627202e-05 4.009489930467680097e-05 3.967356868088245392e-03 1.407792296959087253e-04 6.695316731929779053e-02 4.009203621535561979e-05 7.642606215085834265e-05 4.575460683554410934e-03
7.000000000000000000e+03 1.888424594653770328e-04 6.040851399302482605e-02 8.787726255832239985e-05 3.701601599459536374e-05 3.814439289271831512e-03 1.602232950972393155e-04 6.687466800212860107e-02 3.967921657022088766e-05 4.422243728186003864e-05 4.423365462571382523e-03
7.500000000000000000e+03 3.820278216153383255e-04 7.389991730451583862e-02 9.493625111645087600e-05 7.703624578425660729e-05 4.562387242913246155e-03 3.414148523006588221e-04 6.514871865510940552e-02 6.318152736639603972e-05 3.807773464359343052e-05 5.118515342473983765e-03
8.000000000000000000e+03 4.905063542537391186e-04 7.380769401788711548e-02 9.768568997969850898e-05 8.374069875571876764e-05 4.184147343039512634e-03 4.309177165850996971e-04 6.498155742883682251e-02 7.461588393198326230e-05 1.395644812873797491e-05 4.742401186376810074e-03
8.500000000000000000e+03 3.560312325134873390e-04 5.712603032588958740e-02 6.560333713423460722e-05 6.293047044891864061e-05 2.782337367534637451e-03 3.122342168353497982e-04 6.660149991512298584e-02 5.453542325994931161e-05 2.253555294373654760e-06 3.445597598329186440e-03
9.000000000000000000e+03 3.200545324943959713e-04 5.703013762831687927e-02 6.424635648727416992e-05 7.295539398910477757e-05 2.622230444103479385e-03 2.829394943546503782e-04 6.665547937154769897e-02 5.371847510104998946e-05 7.740406545053701848e-06 3.278870834037661552e-03
9.500000000000000000e+03 5.186168127693235874e-04 5.419596657156944275e-02 4.701376747107133269e-05 1.161528853117488325e-04 2.250348217785358429e-03 4.665676387958228588e-04 6.584531813859939575e-02 6.208003469510003924e-05 4.316338163334876299e-06 2.914746757596731186e-03
1.000000000000000000e+04 4.715597024187445641e-04 5.405389145016670227e-02 5.201538442634046078e-05 1.235230447491630912e-04 2.063256921246647835e-03 4.245931340847164392e-04 6.572820246219635010e-02 8.889298624126240611e-05 6.498479251604294404e-06 2.719672629609704018e-03
1.050000000000000000e+04 4.203935677651315928e-04 5.584447085857391357e-02 1.320543669862672687e-04 1.170771211036480963e-04 2.021435415372252464e-03 3.707257274072617292e-04 6.555049866437911987e-02 1.229216868523508310e-04 4.324874680605717003e-05 2.554084639996290207e-03
1.100000000000000000e+04 3.541263577062636614e-04 5.558186396956443787e-02 1.584234269103035331e-04 1.488105044700205326e-04 1.918626017868518829e-03 3.030907537322491407e-04 6.527378410100936890e-02 1.284353347728028893e-04 6.449306965805590153e-05 2.449041930958628654e-03
1.150000000000000000e+04 7.107111159712076187e-04 6.632243841886520386e-02 1.830970431910827756e-04 1.795827120076864958e-04 1.972817117348313332e-03 6.065382040105760098e-04 6.353908032178878784e-02 4.247436590958386660e-04 6.111583934398368001e-05 2.535171806812286377e-03
1.200000000000000000e+04 6.709323497489094734e-04 6.568329781293869019e-02 2.761376963462680578e-04 2.694260329008102417e-04 1.810254878364503384e-03 5.363204982131719589e-04 6.286761164665222168e-02 5.883879493921995163e-04 1.498807832831516862e-04 2.376499352976679802e-03
1.250000000000000000e+04 3.864770405925810337e-04 6.776962429285049438e-02 3.760861000046133995e-04 5.500947590917348862e-04 1.944980234839022160e-03 2.746621903497725725e-04 6.224739551544189453e-02 4.498961789067834616e-04 2.237188746221363544e-04 2.500366885215044022e-03
1.300000000000000000e+04 4.618977254722267389e-04 6.621345132589340210e-02 6.011548684909939766e-04 6.653751479461789131e-04 1.827566185966134071e-03 3.169070987496525049e-04 6.047887355089187622e-02 7.444611983373761177e-04 4.091249138582497835e-04 2.372256712988018990e-03
1.350000000000000000e+04 4.439818731043487787e-04 6.102142482995986938e-02 5.807764828205108643e-04 5.901641561649739742e-04 1.538765733130276203e-03 3.178371989633888006e-04 5.825932323932647705e-02 7.642003474757075310e-04 9.082827018573880196e-04 2.113808179274201393e-03
1.400000000000000000e+04 5.266629159450531006e-04 5.770249292254447937e-02 8.044448914006352425e-04 7.471787976101040840e-04 1.411401201039552689e-03 3.944206109736114740e-04 5.390000715851783752e-02 7.062731310725212097e-04 1.831087982282042503e-03 1.954887527972459793e-03
1.450000000000000000e+04 5.611554952338337898e-04 5.012731254100799561e-02 1.069835969246923923e-03 1.073047053068876266e-03 1.735430443659424782e-03 4.289268399588763714e-04 4.762543737888336182e-02 5.643006297759711742e-04 1.881093019619584084e-03 2.040406689047813416e-03
1.500000000000000000e+04 5.236774450168013573e-04 4.246547818183898926e-02 8.266220684163272381e-04 1.264877035282552242e-03 2.271327888593077660e-03 4.011485434602946043e-04 3.901852294802665710e-02 5.640324670821428299e-04 3.101475536823272705e-03 2.451261039823293686e-03
1.550000000000000000e+04 4.307257186155766249e-04 3.309316560626029968e-02 6.823547882959246635e-04 8.786349790170788765e-04 1.684774761088192463e-03 3.444210160523653030e-04 3.706011176109313965e-02 4.351303796283900738e-04 1.816053758375346661e-03 2.028488088399171829e-03
1.600000000000000000e+04 4.544643161352723837e-04 3.127527236938476562e-02 4.239349218551069498e-04 8.457126095890998840e-04 1.819693949073553085e-03 3.675064654089510441e-04 3.446425497531890869e-02 3.947324876207858324e-04 1.718863844871520996e-03 2.131894696503877640e-03
1.650000000000000000e+04 3.800885460805147886e-04 3.616620227694511414e-02 2.885309513658285141e-04 9.973215637728571892e-04 3.262518905103206635e-03 3.059152222704142332e-04 3.167269378900527954e-02 5.099104018881917000e-04 1.499159028753638268e-03 3.219182137399911880e-03
1.700000000000000000e+04 3.739772946573793888e-04 3.362815454602241516e-02 2.815417246893048286e-04 1.026658341288566589e-03 3.300413722172379494e-03 2.934550284408032894e-04 2.948749996721744537e-02 5.915593937970697880e-04 1.542890910059213638e-03 3.209267742931842804e-03
1.750000000000000000e+04 6.333939963951706886e-04 2.866416424512863159e-02 4.883122164756059647e-04 1.070500235073268414e-03 2.832938218489289284e-03 4.644755681511014700e-04 2.416670322418212891e-02 5.885066930204629898e-04 6.431120913475751877e-03 2.915787976235151291e-03
1.800000000000000000e+04 6.733278278261423111e-04 2.591302990913391113e-02 5.853716284036636353e-04 1.070215832442045212e-03 2.801778260618448257e-03 4.599844105541706085e-04 2.149149961769580841e-02 5.464816931635141373e-04 6.950121838599443436e-03 2.851604716852307320e-03
1.850000000000000000e+04 2.607965725474059582e-04 2.209865115582942963e-02 5.896211951039731503e-04 6.293071783147752285e-04 2.448710845783352852e-03 1.927536068251356483e-04 2.492803335189819336e-02 5.483609274961054325e-04 9.771519107744097710e-04 2.382395090535283089e-03
1.900000000000000000e+04 2.516006643418222666e-04 1.988918520510196686e-02 6.266014534048736095e-04 4.640986444428563118e-04 2.424024278298020363e-03 1.926241384353488684e-04 2.259355038404464722e-02 4.386158543638885021e-04 9.153853752650320530e-04 2.316717058420181274e-03
1.950000000000000000e+04 4.813175764866173267e-04 1.858543232083320618e-02 6.571780540980398655e-04 4.695066600106656551e-04 2.552586374804377556e-03 3.286764840595424175e-04 1.609384641051292419e-02 4.650699847843497992e-04 2.221662318333983421e-03 2.602075226604938507e-03
2.000000000000000000e+04 4.963516839779913425e-04 1.384960394352674484e-02 5.698133027181029320e-04 3.870999498758465052e-04 2.656484022736549377e-03 3.458173305261880159e-04 1.202127058058977127e-02 3.497196885291486979e-04 1.551210181787610054e-03 2.641190076246857643e-03
2.050000000000000000e+04 4.730133514385670424e-04 8.765324950218200684e-03 4.248185723554342985e-04 5.710758850909769535e-04 3.264517523348331451e-03 3.703145193867385387e-04 8.281730115413665771e-03 2.200028975494205952e-04 1.069803023710846901e-03 2.739527728408575058e-03
2.100000000000000000e+04 4.491463769227266312e-04 4.999779630452394485e-03 2.702001656871289015e-04 5.342831718735396862e-04 3.550975350663065910e-03 3.580166376195847988e-04 5.199577193707227707e-03 1.598136004758998752e-04 7.355022244155406952e-04 2.922770567238330841e-03
2.150000000000000000e+04 3.903819306287914515e-04 3.360284958034753799e-03 1.805705978767946362e-04 4.090517177246510983e-04 3.045554738491773605e-03 3.027085331268608570e-04 3.232599701732397079e-03 1.650093472562730312e-04 3.295484930276870728e-04 2.847434487193822861e-03
2.200000000000000000e+04 3.427925694268196821e-04 2.560416469350457191e-03 1.380482281092554331e-04 3.442458983045071363e-04 3.015259746462106705e-03 2.593709505163133144e-04 2.297847066074609756e-03 1.627843157621100545e-04 2.254333230666816235e-04 2.796869724988937378e-03
2.250000000000000000e+04 2.951018395833671093e-04 2.056122059002518654e-03 1.071721781045198441e-04 2.972400106955319643e-04 2.981925848871469498e-03 2.221318427473306656e-04 1.704350928775966167e-03 1.838474272517487407e-04 2.564425813034176826e-04 2.791010774672031403e-03
2.300000000000000000e+04 2.524264564272016287e-04 1.774382195435464382e-03 9.534401760902255774e-05 1.551607274450361729e-04 2.797272754833102226e-03 1.821797632146626711e-04 1.394207822158932686e-03 1.727726339595392346e-04 1.804647763492539525e-04 2.593342214822769165e-03
2.350000000000000000e+04 3.152689896523952484e-04 1.733723445795476437e-03 9.076792048290371895e-05 9.108072117669507861e-05 2.436910057440400124e-03 1.950852310983464122e-04 1.145029324106872082e-03 1.209702168125659227e-04 6.856519758002832532e-05 1.986808609217405319e-03
2.400000000000000000e+04 2.853746700566262007e-04 1.604249584488570690e-03 7.184454443631693721e-05 6.637566548306494951e-05 2.265405142679810524e-03 1.632420025998726487e-04 1.002938719466328621e-03 8.647461072541773319e-05 5.581573714152909815e-05 1.821881509386003017e-03
2.450000000000000000e+04 2.028093149419873953e-04 1.673199585638940334e-03 7.323882891796529293e-05 7.743356400169432163e-05 2.368613844737410545e-03 1.209542679134756327e-04 9.534008568152785301e-04 8.743358921492472291e-05 7.941594230942428112e-05 1.842445111833512783e-03
2.500000000000000000e+04 1.724132598610594869e-04 1.478194026276469231e-03 6.502936594188213348e-05 6.426344043575227261e-05 2.232244005426764488e-03 9.658238559495657682e-05 8.375815232284367085e-04 6.720336386933922768e-05 7.524493412347510457e-05 1.699113519862294197e-03
2.550000000000000000e+04 1.343272888334468007e-04 1.101743429899215698e-03 5.219047670834697783e-05 5.668125959346070886e-05 1.860178192146122456e-03 7.405507494695484638e-05 6.445132894441485405e-04 7.894530426710844040e-05 9.016654803417623043e-05 1.631384948268532753e-03
2.600000000000000000e+04 1.125810740632005036e-04 9.523741900920867920e-04 4.507030098466202617e-05 6.698699144180864096e-05 1.731945900246500969e-03 5.816641714773140848e-05 5.505837616510689259e-04 6.613932782784104347e-05 8.280824113171547651e-05 1.500526792369782925e-03
2.650000000000000000e+04 1.427678362233564258e-04 8.124575833790004253e-04 2.636394492583349347e-05 6.111579568823799491e-05 1.713639590889215469e-03 6.146406667539849877e-05 5.011900211684405804e-04 4.326204725657589734e-05 6.919222505530342460e-05 1.244165701791644096e-03
2.700000000000000000e+04 1.266311592189595103e-04 7.056382601149380207e-04 2.331500945729203522e-05 6.243645475478842854e-05 1.622978132218122482e-03 5.057346061221323907e-05 4.294340906199067831e-04 3.580815246095880866e-05 6.999220204306766391e-05 1.140437903814017773e-03
2.750000000000000000e+04 9.164086804958060384e-05 5.637044669128954411e-04 2.613254764582961798e-05 4.515643740887753665e-05 1.273241825401782990e-03 3.715499042300507426e-05 3.764141001738607883e-04 1.506720218458212912e-05 8.337767212651669979e-05 1.063611125573515892e-03
2.800000000000000000e+04 7.272130460478365421e-05 4.802183830179274082e-04 2.292427780048456043e-05 2.946339009213261306e-05 1.158596132881939411e-03 2.861111352103762329e-05 3.231132577639073133e-04 1.335648994427174330e-05 7.768706564093008637e-05 9.499239968135952950e-04
2.850000000000000000e+04 5.527617031475529075e-05 4.107181448489427567e-04 2.297278479090891778e-05 3.233547249692492187e-05 1.289120642468333244e-03 2.285068148921709508e-05 2.807114797178655863e-04 2.591212796687614173e-05 9.074309491552412510e-05 8.952078642323613167e-04
2.900000000000000000e+04 4.566562347463332117e-05 3.479733131825923920e-04 2.266886076540686190e-05 2.310314266651403159e-05 1.198575366288423538e-03 2.028825838351622224e-05 2.440436946926638484e-04 2.069474066956900060e-05 6.600275082746520638e-05 7.874672883190214634e-04
2.950000000000000000e+04 3.858239506371319294e-05 3.095685387961566448e-04 9.990416401706170291e-06 2.034080171142704785e-05 1.137739629484713078e-03 1.945773874467704445e-05 2.008837909670546651e-04 1.272494409931823611e-05 1.280864526052027941e-04 6.728974985890090466e-04
3.000000000000000000e+04 3.356425804668106139e-05 2.603548346087336540e-04 1.104647890315391123e-05 2.147349186998326331e-05 1.030338229611515999e-03 1.830521614465396851e-05 1.834961003623902798e-04 1.167490972875384614e-05 1.317888527410104871e-04 5.814420874230563641e-04
3.050000000000000000e+04 2.983582453452982008e-05 1.998033403651788831e-04 1.730580697767436504e-05 2.260219480376690626e-05 8.571993676014244556e-04 1.658059409237466753e-05 1.949816796695813537e-04 1.791945032891817391e-05 6.637873593717813492e-05 5.180469015613198280e-04
3.100000000000000000e+04 2.416471215838100761e-05 1.783808838808909059e-04 1.868819890660233796e-05 2.029059760388918221e-05 7.899086340330541134e-04 1.377895387122407556e-05 1.773899712134152651e-04 2.128362575604114681e-05 6.167880201246589422e-05 4.565692797768861055e-04
3.150000000000000000e+04 1.717347367957700044e-05 1.715675607556477189e-04 1.625496042834129184e-05 1.813572816899977624e-05 6.976794102229177952e-04 1.184828670375281945e-05 1.319473230978474021e-04 3.467403803369961679e-05 4.327676651882939041e-05 4.007766547147184610e-04
3.200000000000000000e+04 1.396313928125891834e-05 1.498312340117990971e-04 1.348041405435651541e-05 1.622274612600449473e-05 6.334831123240292072e-04 9.434070307179354131e-06 1.172898264485411346e-04 2.955339368782006204e-05 3.464842302491888404e-05 3.464961482677608728e-04
3.250000000000000000e+04 1.235218678630189970e-05 1.428455725545063615e-04 1.699539825494866818e-05 1.843569225457031280e-05 5.493342760019004345e-04 6.849837518529966474e-06 1.232558715855702758e-04 1.027902180794626474e-05 2.854818012565374374e-05 3.059364680666476488e-04
3.300000000000000000e+04 1.091725789592601359e-05 1.246366009581834078e-04 1.337764388154027984e-05 1.313539451075484976e-05 5.038779345341026783e-04 5.638608854496851563e-06 1.136377468355931342e-04 8.760858690948225558e-06 2.265553484903648496e-05 2.629911759868264198e-04
3.350000000000000000e+04 1.318928752880310640e-05 1.218687757500447333e-04 7.241435014293529093e-06 5.957070698059396818e-06 6.421613506972789764e-04 5.265725576464319602e-06 9.989341924665495753e-05 2.697472382351406850e-06 2.003309054998680949e-05 2.063147549051791430e-04
3.400000000000000000e+04 1.206826891575474292e-05 1.063116797013208270e-04 5.941151357546914369e-06 5.430413693829905242e-06 5.822821403853595257e-04 4.415989678818732500e-06 8.757633622735738754e-05 1.458342239857302047e-06 1.988240728678647429e-05 1.693183294264599681e-04
3.450000000000000000e+04 1.128172607423039153e-05 9.789709292817860842e-05 4.923705546389101073e-06 4.074463504366576672e-06 5.045065190643072128e-04 3.797991666942834854e-06 8.935884397942572832e-05 4.285176601115381345e-06 1.215791962749790400e-05 1.477542537031695247e-04
3.500000000000000000e+04 1.041304676618892699e-05 8.391272422159090638e-05 4.829346380574861541e-06 3.261724259573384188e-06 4.757907590828835964e-04 3.057449248444754630e-06 8.392818563152104616e-05 5.788408088847063482e-06 9.262284947908483446e-06 1.259341224795207381e-04
3.550000000000000000e+04 9.079869414563290775e-06 7.240424747578799725e-05 4.584188445733161643e-06 3.519747906466363929e-06 4.891104763373732567e-04 2.452389935569954105e-06 9.083429176826030016e-05 1.075801810657139868e-05 4.664092557504773140e-06 1.022193100652657449e-04
3.600000000000000000e+04 8.364093446289189160e-06 6.387614848790690303e-05 4.327807346271583810e-06 3.320165887998882681e-06 4.544984258245676756e-04 2.038440925389295444e-06 8.707326924195513129e-05 1.298843017139006406e-05 3.551297595549840480e-06 8.240832539740949869e-05
3.650000000000000000e+04 7.808322152413893491e-06 6.492713146144524217e-05 4.327997885411605239e-06 2.702919118746649474e-06 5.014499765820801258e-04 2.066458137051085941e-06 5.208073707763105631e-05 6.323331490420969203e-06 2.739501496762386523e-06 7.381123577943071723e-05
3.700000000000000000e+04 7.318322332139359787e-06 5.681431866833008826e-05 4.278643245925195515e-06 2.639546892169164494e-06 4.823861236218363047e-04 2.046336248895386234e-06 4.445983722689561546e-05 7.810177521605510265e-06 2.388125949437380768e-06 6.462028977693989873e-05
3.750000000000000000e+04 7.927075785119086504e-06 4.596698272507637739e-05 4.580538643494946882e-06 3.676163942145649344e-06 4.977743956260383129e-04 2.176929683628259227e-06 5.170578515389934182e-05 3.818560799118131399e-06 5.038064045947976410e-06 5.611474989564158022e-05
3.800000000000000000e+04 8.254135536844842136e-06 3.956486762035638094e-05 4.550380708678858355e-06 3.846088020509341732e-06 4.652069765143096447e-04 2.187968902944703586e-06 5.160254659131169319e-05 2.723541911109350622e-06 5.363437594496645033e-06 4.764917684951797128e-05
3.850000000000000000e+04 6.385101642081281170e-06 3.103839480900205672e-05 4.213030933897243813e-06 3.412257456147926860e-06 3.737836668733507395e-04 2.198311221945914440e-06 5.193803008296526968e-05 6.221102921699639410e-06 3.015615902768331580e-06 3.957302760682068765e-05
3.900000000000000000e+04 6.217439931788248941e-06 2.631023744470439851e-05 2.993902853631880134e-06 3.006636234204052016e-06 3.554497088771313429e-04 1.979933813345269300e-06 4.620551408152095973e-05 6.266852324188221246e-06 2.681460273379343562e-06 3.515103526297025383e-05
3.950000000000000000e+04 6.294991635513724759e-06 2.568714808148797601e-05 2.872184722946258262e-06 3.757702870643697679e-06 2.995767281390726566e-04 1.572732003296550829e-06 4.328760769567452371e-05 1.002783301373710856e-05 1.016429996525403112e-05 2.954577939817681909e-05
4.000000000000000000e+04 6.539240075653651729e-06 2.311270145582966506e-05 1.755914468049013522e-06 3.228566356483497657e-06 2.849022566806524992e-04 1.469291191824595444e-06 4.253697989042848349e-05 1.253033951797988266e-05 9.756984582054428756e-06 2.563575253589078784e-05
4.050000000000000000e+04 8.260748472821433097e-06 2.613557262520771474e-05 1.691748138910043053e-06 2.343426785955671221e-06 3.750301548279821873e-04 1.553315087221562862e-06 1.246552255906863138e-05 6.538627985719358549e-06 6.862552709208102897e-06 2.304054942214861512e-05
4.100000000000000000e+04 8.533546861144714057e-06 2.404856240900699049e-05 1.374352677885326557e-06 2.088884230033727363e-06 3.644844691734761000e-04 1.374706471324316226e-06 1.119769240176538005e-05 6.856364962004590780e-06 5.439284450403647497e-06 2.129819768015295267e-05
4.150000000000000000e+04 5.646459158015204594e-06 1.408989828632911667e-05 1.215198267345840577e-06 2.304973349964711815e-06 2.056395023828372359e-04 1.208641606353921816e-06 1.731880001898389310e-05 3.326152636873302981e-06 7.341574473684886470e-06 1.771415372786577791e-05
4.200000000000000000e+04 5.685876658390043303e-06 1.307702950725797564e-05 1.127892687691200990e-06 2.014051460719201714e-06 2.003380504902452230e-04 1.057619556377176195e-06 1.604550197953358293e-05 3.053095724681043066e-06 9.604297702026087791e-06 1.509507819719146937e-05
4.250000000000000000e+04 1.005510875984327868e-05 1.522710499557433650e-05 6.287454539233294781e-07 1.901958057715091854e-06 2.530277997720986605e-04 9.357818271382711828e-07 4.303556488594040275e-05 1.073510884452844039e-05 6.813538220740156248e-06 1.528053508081939071e-05
4.300000000000000000e+04 1.088937915483256802e-05 1.417596013197908178e-05 5.101613282931793947e-07 1.395155777572654188e-06 2.423367550363764167e-04 8.007488645489502233e-07 4.114302282687276602e-05 1.418855481460923329e-05 1.403658916387939826e-05 1.496905224485090002e-05
4.350000000000000000e+04 9.680314178694970906e-06 1.423015783075243235e-05 2.757978791123605333e-06 2.961899554065894336e-06 1.920646755024790764e-04 8.383726708416361362e-07 2.039051105384714901e-05 3.564132839528610930e-06 1.216421196659212001e-06 1.234466981259174645e-05
4.400000000000000000e+04 9.542256520944647491e-06 1.170723862742306665e-05 2.495892431397805922e-06 2.312655851710587740e-06 1.893523585749790072e-04 8.064419034781167284e-07 1.571291250002104789e-05 2.949745294245076366e-06 1.360018700324872043e-06 1.136515493271872401e-05
4.450000000000000000e+04 1.182094729301752523e-05 1.774382690200582147e-05 8.390981633965566289e-07 1.154798610514262691e-06 2.740515628829598427e-04 6.866946478112367913e-07 1.221572983922669664e-05 2.813264018186600879e-06 1.970898438230506144e-06 1.378240995109081268e-05
4.500000000000000000e+04 1.319217972195474431e-05 1.787552901078015566e-05 6.631400424339517485e-07 1.118682234846346546e-06 2.612035023048520088e-04 6.767847366973001044e-07 1.394861101289279759e-05 2.072182041956693865e-06 2.359799509576987475e-06 1.343295753031270579e-05
4.550000000000000000e+04 2.077634053421206772e-05 1.862473072833381593e-05 7.771565151415416040e-07 1.278678951166511979e-06 3.468577051535248756e-04 6.827550578236696310e-07 1.272768804483348504e-05 2.332302756258286536e-06 5.644386874337214977e-06 1.477350997447501868e-05
4.600000000000000000e+04 2.256772859254851937e-05 1.752924436004832387e-05 7.668211310374317691e-07 1.171804797195363790e-06 3.322305856272578239e-04 7.805299446772551164e-07 1.397312007611617446e-05 2.601708956717629917e-06 1.019160208670655265e-05 1.462938234908506274e-05
4.650000000000000000e+04 1.408330717822536826e-05 1.265979972231434658e-05 7.317825634345354047e-07 7.937315444905834738e-07 1.392366539221256971e-04 1.160086867457721382e-06 9.947707440005615354e-06 1.465234618081012741e-06 2.479001523170154542e-06 9.681027222541160882e-06
4.700000000000000000e+04 1.349653939541894943e-05 1.070403141056885943e-05 6.365056037793692667e-07 7.563275516986323055e-07 1.390629186062142253e-04 1.168612925539491698e-06 7.980101145221851766e-06 1.452305468774284236e-06 2.159508539989474230e-06 8.227807484217919409e-06
4.750000000000000000e+04 1.405492548656184226e-05 8.945434274210128933e-06 4.621207381205749698e-07 9.564525953464908525e-07 9.770757606020197272e-05 9.749929859026451595e-07 1.363236788165522739e-05 3.167301656503695995e-06 2.136732291546650231e-06 1.040193092194385827e-05
4.800000000000000000e+04 1.477877231081947684e-05 8.410603186348453164e-06 3.986457102200802183e-07 7.814512628101510927e-07 9.231606236426159739e-05 9.446377475796907675e-07 1.285606776946224272e-05 3.046394112971029244e-06 1.853650701377773657e-06 1.041458108375081792e-05
4.850000000000000000e+04 1.622148556634783745e-05 7.435888164764037356e-06 7.068030640766664874e-07 7.717243306615273468e-07 1.165517896879464388e-04 1.006731849884090479e-06 9.702276656753383577e-06 4.675118248087528627e-07 3.004011887242086232e-06 9.768293239176273346e-06
4.900000000000000000e+04 1.699898712104186416e-05 6.784907782275695354e-06 5.403328486863756552e-07 6.754067385372763965e-07 1.099042783607728779e-04 1.082755034076399170e-06 9.954914276022464037e-06 2.390732447565824259e-07 3.183338776580058038e-06 9.182484973280224949e-06
4.950000000000000000e+04 1.668574623181484640e-05 9.709931873658206314e-06 1.372523911413736641e-06 1.493471017965930514e-06 1.302167947869747877e-04 1.322103685197362211e-06 7.095455202943412587e-06 2.171767619074671529e-06 1.358213285129750147e-05 8.188294486899394542e-06
5.000000000000000000e+04 1.641414746700320393e-05 9.990544640459120274e-06 1.153091716332710348e-06 1.215265911014284939e-06 1.266255130758509040e-04 1.283750748370948713e-06 7.141573860280914232e-06 3.116753305221209303e-06 1.511299069534288719e-05 7.728341188339982182e-06
5.050000000000000000e+04 2.011136530200019479e-05 1.351906939817126840e-05 6.725722414557822049e-07 1.196101152345363516e-06 2.398440556135028601e-04 9.981868061004206538e-07 1.094197159545728937e-05 1.169802430922572967e-06 4.803212959814118221e-06 1.078786044672597200e-05
5.100000000000000000e+04 2.168239734601229429e-05 1.445515317755052820e-05 5.502193971551605500e-07 1.124229243032459635e-06 2.322851942153647542e-04 1.012081497719918843e-06 1.535376395622733980e-05 1.295101355935912579e-06 3.834572453342843801e-06 1.096223513741279021e-05
5.150000000000000000e+04 2.352280716877430677e-05 9.687051715445704758e-06 8.599829470767872408e-07 6.498810307675739750e-07 1.607989834155887365e-04 1.152302161244733725e-06 1.218747638631612062e-05 5.022174605073814746e-07 1.183394761028466746e-05 7.803776497894432396e-06
5.200000000000000000e+04 2.313544609933160245e-05 9.226720976585056633e-06 7.816960874151845928e-07 5.538337859434250277e-07 1.575420319568365812e-04 1.238864911101700272e-06 1.087013333744835109e-05 3.578595908493298339e-07 1.373106988467043266e-05 7.336459020734764636e-06
5.250000000000000000e+04 2.071733433695044369e-05 8.482223165628965944e-06 3.318263281926192576e-07 4.116961065392388264e-07 1.545378763694316149e-04 1.129038423641759437e-06 1.376875843561720103e-05 3.990648565377341583e-06 1.401522013111389242e-06 7.287102562258951366e-06
5.300000000000000000e+04 2.134459646185860038e-05 8.108850124699529260e-06 2.955825664230360417e-07 3.147009692838764749e-07 1.504737010691314936e-04 1.141576490226725582e-06 1.309656181547325104e-05 3.111975956926471554e-06 7.470864602510118857e-07 7.205427664302987978e-06
5.350000000000000000e+04 1.836471165006514639e-05 6.888448751851683483e-06 4.602251522101141745e-07 1.263888634639442898e-06 1.419517648173496127e-04 1.094591539185785223e-06 2.111776848323643208e-05 6.059954671400191728e-07 1.136203445639694110e-05 6.764080808352446184e-06
5.400000000000000000e+04 1.868351500888820738e-05 7.090956842148443684e-06 3.215806714251812082e-07 1.015745738186524250e-06 1.390184042975306511e-04 9.693011406852747314e-07 2.281834167661145329e-05 9.736891115608159453e-07 1.355436324956826866e-05 6.514265351142967120e-06
5.450000000000000000e+04 3.135538645437918603e-05 1.156871894636424258e-05 3.510683370677725179e-07 8.166641691786935553e-07 1.631804771022871137e-04 9.275946695197490044e-07 1.306983631366165355e-05 1.421779074917139951e-06 9.159822184301447123e-06 5.905001671635545790e-06
5.500000000000000000e+04 2.990577377204317600e-05 1.178313232230721042e-05 3.370799106505728560e-07 6.985603135944984388e-07 1.615634246263653040e-04 9.878550599751179107e-07 1.369041456200648099e-05 2.070166601697565056e-06 8.484340469294693321e-06 5.744252575823338702e-06
5.550000000000000000e+04 2.724067599046975374e-05 1.066159256879473105e-05 4.314994157539331354e-07 7.362230007856851444e-07 1.214413059642538428e-04 1.055258735505049117e-06 1.100538793252781034e-05 1.259545206266921014e-05 1.766237983247265220e-05 4.138847089052433148e-06
5.600000000000000000e+04 2.495674561941996217e-05 1.044638247549301013e-05 3.784741409162961645e-07 5.586605880125716794e-07 1.215445954585447907e-04 9.808032928049215116e-07 1.050796436175005510e-05 1.330083614448085427e-05 2.125426181009970605e-05 3.908220605808310211e-06
5.650000000000000000e+04 1.698802589089609683e-05 7.841203114367090166e-06 5.120978698869294021e-07 5.215919145484804176e-07 4.457115210243500769e-05 8.391594406020885799e-07 1.799190613382961601e-05 5.579611865869082976e-07 3.578189762265537865e-06 2.696642923183389939e-06
5.700000000000000000e+04 1.644699295866303146e-05 6.489734914794098586e-06 3.895370923601149116e-07 3.974691082930803532e-07 4.457085015019401908e-05 7.868610509831341915e-07 1.464269553252961487e-05 3.969908846102043753e-07 3.170534682794823311e-06 2.540891728131100535e-06
5.750000000000000000e+04 1.643337600398808718e-05 4.037049620819743723e-06 3.071423577694076812e-07 3.405133952583128121e-07 7.574663322884589434e-05 8.417997037213353906e-07 2.156548725906759501e-05 1.908895654878506321e-07 1.045753037942631636e-06 2.782886440400034189e-06
5.800000000000000000e+04 1.623774187464732677e-05 3.849904260277980939e-06 2.580322586709371535e-07 2.687943663204350742e-07 7.502310472773388028e-05 7.464002464985242113e-07 1.901899850054178387e-05 1.738260948513925541e-07 1.156532562163192779e-06 2.799088861138443463e-06
5.850000000000000000e+04 1.561725366627797484e-05 6.314905931503744796e-06 4.589704758473089896e-07 5.140598773323290516e-07 1.572293695062398911e-04 7.423661259053915273e-07 1.178953607450239360e-05 1.960410145329660736e-06 9.885493454930838197e-07 3.941062914236681536e-06
5.900000000000000000e+04 1.576072827447205782e-05 6.259934252739185467e-06 3.169786566559196217e-07 4.166616633938247105e-07 1.555244962219148874e-04 6.889411565680347849e-07 1.196994526253547519e-05 4.021676431875675917e-06 6.071851998967758846e-07 4.000864009867655113e-06
5.950000000000000000e+04 1.371626058244146407e-05 6.297199433902278543e-06 3.409301996271096868e-07 7.590368227283761371e-07 1.118467698688618839e-04 5.658867507918330375e-07 9.810136361920740455e-06 2.961380687338532880e-06 6.000134362693643197e-07 3.400999958103056997e-06
6.000000000000000000e+04 1.319624425377696753e-05 5.998322194500360638e-06 2.760788788691570517e-07 6.744135134795214981e-07 1.113505059038288891e-04 4.865123628405854106e-07 9.763887646840885282e-06 2.435497890473925509e-06 4.523484449237002991e-07 3.278138592577306554e-06
6.050000000000000000e+04 1.849511318141594529e-05 6.177128398121567443e-06 3.724010184669168666e-07 3.038785791886766674e-07 1.367493969155475497e-04 4.940638405059871729e-07 9.275305274059064686e-06 2.325894229215919040e-06 3.319813231428270228e-06 3.220084636268438771e-06
6.100000000000000000e+04 1.822678859753068537e-05 5.779713774245465174e-06 3.404861388389690546e-07 2.365788134284230182e-07 1.357174332952126861e-04 5.033299999013252091e-07 8.932342097978107631e-06 2.146684437320800498e-06 4.065152097609825432e-06 3.243248784201568924e-06
6.150000000000000000e+04 1.600393807166256011e-05 6.347492671920917928e-06 4.965882567375956569e-07 5.675862553289334755e-07 1.055863904184661806e-04 4.812080760530079715e-07 1.018153034237911925e-05 1.975561190192820504e-06 3.817901870206696913e-06 4.521737537288572639e-06
6.200000000000000000e+04 1.623308162379544228e-05 6.518616828543599695e-06 3.577287088774028234e-07 5.028423402109183371e-07 1.028388651320710778e-04 4.710607299784896895e-07 1.154181063611758873e-05 2.209401827713008970e-06 3.476083520581596531e-06 4.758357135870028287e-06
6.250000000000000000e+04 2.172267886635381728e-05 4.684462965087732300e-06 4.718884270005219150e-07 7.709689953117049299e-07 8.608642383478581905e-05 4.424189512519660639e-07 2.475467226759064943e-05 1.492227056587580591e-06 5.454168331198161468e-06 3.479308361420407891e-06
6.300000000000000000e+04 2.086957101710140705e-05 4.684967279899865389e-06 4.185309308013529517e-07 6.438331183744594455e-07 8.528241596650332212e-05 4.341410431152326055e-07 2.905693327193148434e-05 1.430142333447292913e-06 5.632736247207503766e-06 3.290619815743411891e-06
6.350000000000000000e+04 1.693965532467700541e-05 5.791043349745450541e-06 1.024128835069859633e-07 2.520082205137441633e-07 6.187714461702853441e-05 4.413830652083561290e-07 1.168880044133402407e-05 4.956546490575419739e-06 2.035472562056384049e-06 2.654798663570545614e-06
6.400000000000000000e+04 1.665392119321040809e-05 5.091696948511525989e-06 7.897526188571646344e-08 2.041141158315440407e-07 6.162824865896254778e-05 4.377911011488322401e-07 1.009803963825106621e-05 6.202451913850381970e-06 2.306041778865619563e-06 2.311472371729905717e-06
6.450000000000000000e+04 1.764591070241294801e-05 5.502242402144474909e-06 2.108539831624511862e-07 3.373696699782158248e-07 1.460329949622973800e-04 4.374268485207721824e-07 8.604962204117327929e-06 2.235985903098480776e-06 8.745924446884600911e-07 3.601679054554551840e-06
6.500000000000000000e+04 1.836952105804812163e-05 5.611312190012540668e-06 2.095174380656317226e-07 3.216447623799467692e-07 1.424243528163060546e-04 4.501433181758329738e-07 1.002442058961605653e-05 2.559599352025543340e-06 8.965657229964563157e-07 3.856993316730950028e-06
6.550000000000000000e+04 2.478588976373430341e-05 6.365770786942448467e-06 3.005758912877354305e-07 3.003464712492132094e-07 1.429584808647632599e-04 4.684268333221552894e-07 1.181400239147478715e-05 5.318021521816262975e-06 1.645292513785534538e-06 2.735594762270920910e-06
6.600000000000000000e+04 2.299926200066693127e-05 6.288572876655962318e-06 2.797289653244661167e-07 2.565170689194928855e-07 1.436393940821290016e-04 4.530860167051287135e-07 1.209041329275351018e-05 5.107511697133304551e-06 2.586048594821477309e-06 2.460694531691842712e-06
6.650000000000000000e+04 1.378346496494486928e-05 4.872592398896813393e-06 2.811598847074492369e-07 2.285311353489305475e-07 8.218003495130687952e-05 4.948509513269527815e-07 1.296341179113369435e-05 8.157639399541949388e-07 2.179354623876861297e-06 2.779853502943296917e-06
6.700000000000000000e+04 1.395993695041397586e-05 4.620852450898382813e-06 2.826608920258877333e-07 1.868528443083050661e-07 8.109336340567097068e-05 4.717534807241463568e-07 1.198598602059064433e-05 7.573702873742149677e-07 2.264389422634849325e-06 2.806896191032137722e-06
