# step, loss_train, loss_test, metrics_test
0.000000000000000000e+00 2.640376053750514984e-02 9.427549690008163452e-02 3.973571583628654480e-02 2.524103038012981415e-02 1.388920098543167114e-02 2.685086242854595184e-02 1.378570050001144409e-01 3.202519565820693970e-02 3.023761510848999023e-02 1.445428188890218735e-02
5.000000000000000000e+02 5.098660942167043686e-03 8.074692636728286743e-02 1.206256728619337082e-02 6.638008635491132736e-03 1.013794634491205215e-02 5.209834314882755280e-03 1.017063856124877930e-01 1.027223374694585800e-02 8.545058779418468475e-03 1.078110933303833008e-02
1.000000000000000000e+03 1.133524856413714588e-04 7.166839390993118286e-02 3.234168048948049545e-03 1.168383285403251648e-03 7.666691206395626068e-03 1.172507618321105838e-04 8.190477639436721802e-02 3.110255347564816475e-03 1.787840039469301701e-03 8.381167426705360413e-03
1.500000000000000000e+03 7.067360565997660160e-04 7.988337427377700806e-02 1.213739276863634586e-03 1.697176921879872680e-04 6.404548417776823044e-03 6.865283357910811901e-04 7.247965782880783081e-02 1.397815300151705742e-03 4.272161459084600210e-04 7.136917673051357269e-03
2.000000000000000000e+03 1.091255806386470795e-03 7.635111361742019653e-02 6.082769250497221947e-04 3.490414746920578182e-05 5.068610422313213348e-03 1.066102995537221432e-03 6.949312239885330200e-02 8.222458418458700180e-04 1.709952048258855939e-04 5.767385940998792648e-03
2.500000000000000000e+03 1.216941280290484428e-03 8.714805543422698975e-02 3.952631668653339148e-04 2.240534195152577013e-05 4.810982383787631989e-03 1.177393249236047268e-03 6.745538860559463501e-02 5.672688130289316177e-04 8.857193461153656244e-05 5.379967857152223587e-03
3.000000000000000000e+03 9.765935828909277916e-04 8.504607528448104858e-02 2.531716600060462952e-04 3.817672768491320312e-05 4.962504841387271881e-03 9.413748630322515965e-04 6.652064621448516846e-02 4.000516782980412245e-04 6.334885983960703015e-05 5.466298665851354599e-03
3.500000000000000000e+03 1.735528698191046715e-03 6.769311428070068359e-02 8.251194230979308486e-05 9.697282075649127364e-05 4.183786455541849136e-03 1.710265409201383591e-03 6.591656059026718140e-02 2.249354583909735084e-04 1.025195797410560772e-05 4.776944406330585480e-03
4.000000000000000000e+03 1.643022638745605946e-03 6.738718599081039429e-02 6.963494524825364351e-05 1.075362524716183543e-04 4.322366788983345032e-03 1.617891248315572739e-03 6.568565964698791504e-02 2.050947514362633228e-04 1.137073195422999561e-05 4.908234812319278717e-03
4.500000000000000000e+03 1.892814179882407188e-04 5.400331318378448486e-02 2.530266829126048833e-05 9.216672333423048258e-05 3.963620401918888092e-03 1.749653165461495519e-04 6.901454925537109375e-02 9.606101957615464926e-05 4.312905002734623849e-05 4.582933615893125534e-03
5.000000000000000000e+03 1.868155086413025856e-04 5.401767790317535400e-02 2.742777178355026990e-05 9.463784954277798533e-05 3.907457925379276276e-03 1.735940750222653151e-04 6.902562826871871948e-02 9.273185423808172345e-05 3.340417606523260474e-05 4.529770929366350174e-03
5.500000000000000000e+03 2.710460685193538666e-04 5.904773250222206116e-02 6.777114322176203132e-05 7.711486250627785921e-05 4.007206298410892487e-03 2.583700697869062424e-04 6.830676645040512085e-02 1.486787368776276708e-04 4.854132566833868623e-05 4.567942116409540176e-03
6.000000000000000000e+03 2.614218974485993385e-04 5.903257802128791809e-02 6.471797678386792541e-05 7.563958206446841359e-05 3.982420079410076141e-03 2.495947410352528095e-04 6.821689009666442871e-02 1.338496367679908872e-04 4.551075471681542695e-05 4.544345661997795105e-03
6.500000000000000000e+03 1.870388368843123317e-04 6.053947284817695618e-02 8.542573777958750725e-05 6.408859917428344488e-05 4.467264283448457718e-03 1.727750350255519152e-04 6.758186221122741699e-02 1.310115185333415866e-04 5.344011515262536705e-05 5.071010906249284744e-03
7.000000000000000000e+03 1.876029127743095160e-04 6.048878282308578491e-02 8.172592788469046354e-05 6.422051228582859039e-05 4.455893766134977341e-03 1.733367098495364189e-04 6.751728057861328125e-02 1.021253192448057234e-04 4.276050822227261961e-05 5.060119088739156723e-03
7.500000000000000000e+03 3.574377915356308222e-04 7.416884601116180420e-02 8.351610449608415365e-05 1.066560143954120576e-04 5.524137057363986969e-03 3.379557165317237377e-04 6.559321284294128418e-02 9.975634020520374179e-05 2.265486727992538363e-05 6.069400813430547714e-03
8.000000000000000000e+03 3.593377768993377686e-04 7.412502914667129517e-02 8.279548637801781297e-05 1.093211467377841473e-04 5.452065262943506241e-03 3.381776332389563322e-04 6.549652665853500366e-02 8.809717837721109390e-05 2.153146670025307685e-05 5.999456625431776047e-03
8.500000000000000000e+03 2.151313092326745391e-04 5.734102800488471985e-02 4.975859337719157338e-05 8.111037459457293153e-05 3.883019089698791504e-03 2.048359310720115900e-04 6.758563965559005737e-02 5.743087240261957049e-05 2.205016789957880974e-05 4.558078013360500336e-03
9.000000000000000000e+03 2.136704715667292476e-04 5.733769759535789490e-02 5.343979137251153588e-05 8.367811096832156181e-05 3.830421250313520432e-03 2.020851970883086324e-04 6.749609112739562988e-02 5.970118945697322488e-05 2.031946678471285850e-05 4.505504854023456573e-03
9.500000000000000000e+03 4.064809763804078102e-04 5.469759926199913025e-02 3.769430622924119234e-05 1.174362769233994186e-04 3.676566062495112419e-03 3.851857036352157593e-04 6.671775132417678833e-02 5.129906276124529541e-05 1.127397990785539150e-05 4.354021511971950531e-03
1.000000000000000000e+04 4.353774420451372862e-04 5.466393381357192993e-02 3.936052962671965361e-05 1.183497297461144626e-04 3.566080005839467049e-03 4.085198452230542898e-04 6.653211265802383423e-02 5.537651668419130147e-05 1.159197927336208522e-05 4.246063996106386185e-03
1.050000000000000000e+04 4.390938556753098965e-04 5.654661357402801514e-02 9.416545071871951222e-05 9.579934703651815653e-05 3.651218023151159286e-03 3.972988633904606104e-04 6.630554795265197754e-02 8.816830813884735107e-05 2.454452442179899663e-05 4.184087738394737244e-03
1.100000000000000000e+04 4.499189963098615408e-04 5.648243427276611328e-02 1.004660298349335790e-04 1.022611613734625280e-04 3.542517777532339096e-03 3.994499857071787119e-04 6.611889600753784180e-02 8.886701834853738546e-05 2.779285568976774812e-05 4.076609853655099869e-03
1.150000000000000000e+04 7.843070197850465775e-04 6.767215579748153687e-02 1.002846984192728996e-04 1.150976095232181251e-04 4.049262963235378265e-03 7.097610505297780037e-04 6.463238596916198730e-02 1.473373995395377278e-04 1.720817999739665538e-05 4.624005407094955444e-03
1.200000000000000000e+04 8.543902658857405186e-04 6.750990450382232666e-02 1.068415222107432783e-04 1.104708571801893413e-04 3.840985940769314766e-03 7.550983573310077190e-04 6.447688490152359009e-02 1.709255157038569450e-04 1.720208638289477676e-05 4.418474156409502029e-03
1.250000000000000000e+04 7.368762162514030933e-04 7.073201984167098999e-02 1.046015313477255404e-04 1.533706090413033962e-04 3.841212717816233635e-03 6.358090322464704514e-04 6.447382271289825439e-02 1.239692937815561891e-04 1.751658419379964471e-05 4.474814515560865402e-03
1.300000000000000000e+04 7.371050887741148472e-04 7.062277197837829590e-02 1.211012204294092953e-04 1.599993702257052064e-04 3.625776385888457298e-03 6.295411731116473675e-04 6.439267098903656006e-02 1.398998429067432880e-04 1.804591192922089249e-05 4.257847554981708527e-03
1.350000000000000000e+04 6.230379804037511349e-04 6.577657163143157959e-02 9.955336281564086676e-05 1.260620629182085395e-04 3.541730111464858055e-03 5.141831934452056885e-04 6.428641080856323242e-02 1.947564451256766915e-04 1.745765803207177669e-05 4.124313592910766602e-03
1.400000000000000000e+04 5.958841647952795029e-04 6.562729179859161377e-02 1.120009474107064307e-04 1.257686089957132936e-04 3.297612536698579788e-03 4.922079970128834248e-04 6.417147815227508545e-02 2.394618786638602614e-04 2.011832293646875769e-05 3.878359450027346611e-03
1.450000000000000000e+04 4.474252345971763134e-04 6.411259621381759644e-02 1.909356215037405491e-04 9.964939818019047379e-05 2.841519424691796303e-03 3.665873664431273937e-04 6.437954306602478027e-02 2.460264367982745171e-04 1.400088785885600373e-05 3.377351909875869751e-03
1.500000000000000000e+04 4.046107933390885592e-04 6.395187228918075562e-02 2.123098820447921753e-04 1.078639834304340184e-04 2.697829855605959892e-03 3.326476144138723612e-04 6.429523974657058716e-02 2.610259107314050198e-04 1.513580264145275578e-05 3.223678795620799065e-03
