# step, loss_train, loss_test, metrics_test
0.000000000000000000e+00 1.387053728103637695e-01 3.006328940391540527e-01 1.990006491541862488e-02 2.933364361524581909e-03 7.288928609341382980e-03 1.395235508680343628e-01 4.116650223731994629e-01 1.856134505942463875e-03 1.388099735777359456e-05 8.960919454693794250e-03
5.000000000000000000e+02 1.885749079519882798e-04 5.026332661509513855e-02 3.780893457587808371e-04 2.256987849250435829e-03 7.617161027155816555e-04 9.190154378302395344e-05 5.732290074229240417e-02 1.692714577075093985e-04 1.352788531221449375e-03 1.297231530770659447e-03
1.000000000000000000e+03 8.675819844938814640e-04 5.696129798889160156e-02 1.481283252360299230e-04 2.367603592574596405e-04 3.589437110349535942e-03 8.987812907434999943e-04 6.563050299882888794e-02 2.240732137579470873e-04 1.175310462713241577e-04 4.211960360407829285e-03
1.500000000000000000e+03 1.284335849049966782e-05 4.178614181000739336e-04 5.926325684413313866e-06 2.967381078633479774e-06 4.097777418792247772e-04 2.485069501290126937e-07 6.682116654701530933e-04 5.407545813795877621e-06 2.297487299074418843e-06 1.258506526937708259e-04
2.000000000000000000e+03 1.224022162205073982e-05 2.443345147185027599e-04 9.349611787001776975e-07 2.493630518074496649e-06 4.206589946988970041e-04 5.270830172321439022e-08 5.313245346769690514e-04 1.527972770531960123e-08 1.616535655557527207e-06 1.077892011380754411e-04
2.500000000000000000e+03 7.319580618059262633e-06 2.388047578278928995e-04 1.381277002110437024e-06 2.432945393593399785e-06 3.767929447349160910e-04 1.161934264359842928e-07 2.727660757955163717e-04 1.079051799024455249e-06 2.686116204131394625e-06 9.060494630830362439e-05
3.000000000000000000e+03 5.850108664162689820e-06 1.944802643265575171e-04 5.277885520627023652e-06 4.357569650892401114e-06 3.805088344961404800e-04 1.395554107830321300e-07 2.758752962108701468e-04 2.479618160577956587e-06 5.734522346756421030e-06 8.526500459993258119e-05
3.500000000000000000e+03 5.035250069340690970e-05 1.912834704853594303e-03 7.773750439810100943e-06 1.822838676162064075e-04 5.146201583556830883e-04 9.209985307734314119e-08 1.940121641382575035e-03 3.218647634639637545e-06 8.987323963083326817e-05 1.891463616630062461e-04
4.000000000000000000e+03 2.937464887509122491e-05 3.518081794027239084e-04 3.342114496263093315e-07 4.898347924608970061e-06 2.790013968478888273e-04 6.923875872644202900e-08 4.749493964482098818e-04 1.986825708399919677e-07 2.012553750319057144e-06 3.365884185768663883e-05
4.500000000000000000e+03 3.336479494464583695e-05 1.153452685684897006e-04 5.259335011942312121e-07 6.365743047354044393e-06 4.064864479005336761e-04 1.016478545778909393e-08 4.298128187656402588e-04 3.456649722011206904e-08 8.432647291556349955e-07 2.116466021107044071e-05
5.000000000000000000e+03 2.248533746751490980e-05 9.883801249088719487e-05 7.186518473645264748e-07 2.214476353401551023e-06 3.767686139326542616e-04 2.843286495135544101e-09 4.658038087654858828e-04 7.079988151303950872e-09 2.081068828374554869e-07 1.726350456010550261e-05
5.500000000000000000e+03 7.635708243469707668e-06 1.040174029185436666e-04 5.631280259876803029e-07 4.060307787767669652e-07 2.046032896032556891e-04 4.472133330324368217e-09 3.088032244704663754e-04 1.225629731038679893e-08 7.232374343857372878e-08 1.875963789643719792e-05
6.000000000000000000e+03 6.292275429586879909e-06 5.638530274154618382e-05 2.970309935790282907e-07 7.750291501906758640e-07 2.082387945847585797e-04 1.257954007627404280e-08 1.344141201116144657e-04 7.474347363256583776e-09 2.437400894450547639e-07 1.574906309542711824e-05
6.500000000000000000e+03 6.557469987455988303e-06 1.001943237497471273e-04 2.763996178600791609e-07 3.329252251660363982e-07 2.487255842424929142e-04 1.243436287268195883e-08 1.789989910321310163e-04 9.631113684349656978e-09 1.331626720002532238e-07 1.392527246935060248e-05
7.000000000000000000e+03 6.192547061800723895e-06 5.020708340452983975e-05 2.265012142288469477e-07 1.769871147416779422e-07 2.119151467923074961e-04 9.267330014495200885e-09 9.217740444000810385e-05 6.107824912504611348e-09 5.597797425593853404e-08 1.305436853726860136e-05
7.500000000000000000e+03 1.871241920525790192e-06 6.110141839599236846e-05 2.661947178239643108e-07 4.893994400845258497e-07 1.329408987658098340e-04 3.883037891228013905e-09 7.333114626817405224e-05 1.002205678446443926e-07 2.791556426018360071e-07 1.229104873345931992e-05
8.000000000000000000e+03 2.046723921012016945e-06 5.587151972576975822e-04 4.251551501965877833e-07 3.696750638937373878e-07 1.673104852670803666e-04 4.949916032614964934e-09 6.740147946402430534e-04 2.750529404238477582e-08 6.625710113894456299e-08 5.877198782400228083e-05
8.500000000000000000e+03 6.326019047264708206e-06 4.739891664939932525e-05 1.477823587947568740e-07 6.648098747064068448e-07 2.437907241983339190e-04 1.183023101702929125e-08 1.704611349850893021e-04 3.028448958275475889e-08 5.866810397492372431e-07 9.566427252138964832e-06
9.000000000000000000e+03 7.425984676956431940e-06 9.777312516234815121e-05 6.326298773728922242e-08 3.959693231081473641e-07 2.435413625789806247e-04 1.006841543471637124e-08 1.146254580817185342e-04 2.241793950474857411e-08 5.569744416789035313e-07 1.072540180757641792e-05
9.500000000000000000e+03 4.295457074476871639e-06 9.122187475441023707e-05 1.918722247751247778e-08 1.305616166291656555e-07 1.701578585198149085e-04 4.815611465147640047e-09 1.422258501406759024e-04 7.851554961746387562e-09 1.285716280108317733e-07 7.946380719658918679e-06
1.000000000000000000e+04 7.406274107779609039e-06 8.805474499240517616e-05 6.190956192142493819e-09 1.445715724912588485e-07 1.425726950401440263e-04 3.269674975214797996e-09 1.135880302172154188e-04 9.316773130763067456e-09 1.776682978515964351e-07 6.805076736782211810e-06
1.050000000000000000e+04 1.421530578227248043e-05 4.355050623416900635e-04 6.387398343576933257e-08 1.370956397295231000e-07 3.016509872395545244e-04 1.186086007187725500e-09 6.498133880086243153e-04 5.075494247108736090e-09 1.488505887436986086e-07 2.895033321692608297e-05
1.100000000000000000e+04 1.804830208129715174e-05 1.562911638757213950e-04 6.264377816478372552e-08 6.350626335915876552e-08 2.222752955276519060e-04 4.676090070709904012e-10 2.021880500251427293e-04 5.664762436907722076e-09 8.489692504554113839e-08 1.608161619515158236e-05
1.150000000000000000e+04 1.169060396932763979e-05 2.107764157699421048e-04 4.725687574591574958e-08 2.296503609500177845e-08 7.694563100812956691e-05 9.389907740242620093e-10 2.020349493250250816e-04 1.054611900030977267e-07 8.272012053112121066e-08 1.464412071072729304e-05
1.200000000000000000e+04 3.965260930272052065e-06 5.673853447660803795e-04 1.023908140496132546e-07 3.180042895678525383e-08 1.222300925292074680e-04 1.244734648686574019e-09 9.064259938895702362e-04 1.978215919962167391e-07 1.136289569103610120e-07 2.771349318209104240e-05
1.250000000000000000e+04 7.820230166544206440e-06 3.820464189630001783e-05 7.946364632971381070e-08 3.375018664542039915e-08 1.245603634743019938e-04 8.582133337320385635e-10 3.627661135396920145e-05 9.749673779424483655e-08 2.786450004066409747e-08 8.438495569862425327e-06
1.300000000000000000e+04 1.119321586884325370e-05 2.809684701787773520e-05 9.808209000539136468e-08 5.466124264330574078e-08 1.105938354157842696e-04 2.285394096190884738e-09 6.193000444909557700e-05 1.021796833811094984e-07 1.913686986654283828e-08 7.669003935006912798e-06
1.350000000000000000e+04 9.061882337846327573e-06 1.683726623014081270e-05 1.548095553971506888e-07 5.833190641624241835e-08 5.156590486876666546e-05 7.499505016994589823e-09 3.779730832320638001e-05 2.955113131974940188e-07 1.104910722915519727e-07 8.441363092970277648e-07
1.400000000000000000e+04 8.116176104522310197e-06 1.468131231376901269e-04 1.045478299488422635e-07 8.028452214148273924e-08 7.196908700279891491e-05 6.847233890994175454e-09 2.420936507405713201e-04 2.020260012614016887e-07 6.396204099701208179e-08 1.696553772490005940e-05
1.450000000000000000e+04 2.252144622616469860e-05 1.833107126003596932e-05 9.658043609306332655e-07 2.578696864929952426e-07 1.648459874559193850e-04 8.783018756730598398e-09 5.328124825609847903e-05 2.824963019065762637e-07 3.754017541268694913e-08 1.484932909079361707e-06
1.500000000000000000e+04 2.470074286975432187e-05 1.409621108905412257e-05 8.338809038832550868e-07 7.708231919423269574e-08 1.299666764680296183e-04 5.991533935656434551e-09 2.963331826322246343e-05 2.737197064561769366e-07 2.126274445402032143e-08 3.863118763547390699e-06
1.550000000000000000e+04 5.870212135050678626e-06 6.212386779225198552e-06 2.121829965062715928e-07 4.563409916613636597e-08 3.334037046442972496e-06 3.383137547885439744e-09 2.321984720765613019e-05 3.325806119391927496e-08 3.544424531654044586e-09 3.684915136545896530e-03
1.600000000000000000e+04 4.327871465648058802e-06 1.029291706799995154e-05 4.003571518751414260e-07 4.820083532308672147e-08 2.773634378172573633e-06 6.838527966124274826e-09 1.178522597911069170e-05 4.236966688608845288e-08 2.292482115251459618e-08 2.856318140402436256e-03
1.650000000000000000e+04 1.108972264773910865e-05 1.204476484417682514e-05 4.298070166441902984e-07 5.854478501987614436e-08 1.023276763589819893e-05 5.979066575179103893e-09 3.030339394172187895e-05 1.504219255821226398e-07 1.014959938316906118e-08 2.990023698657751083e-03
1.700000000000000000e+04 9.665766810940112919e-06 1.078059631254291162e-05 3.141290392250084551e-07 5.060364927089722187e-08 6.826308890595100820e-06 8.000516693584813765e-09 3.164846930303610861e-05 9.875306261619698489e-08 1.956986572793084633e-08 1.558476593345403671e-03
1.750000000000000000e+04 1.708135823719203472e-05 1.680851710261777043e-05 1.305900365622392201e-08 3.878102106114056369e-08 1.376326690660789609e-04 3.582915075739379063e-10 9.680881339590996504e-05 3.756724931136545820e-10 6.451725198530766647e-08 9.019028652801353019e-07
1.800000000000000000e+04 1.454376888432307169e-05 1.250679542863508686e-05 7.450211114701232873e-08 3.770221113086336118e-08 1.088209683075547218e-04 6.716700529096897299e-10 6.542479968629777431e-05 6.108140127025762922e-08 3.756735722504345176e-08 1.154126493929652497e-06
1.850000000000000000e+04 2.154014873667620122e-05 2.516654421924613416e-05 1.064725907440333685e-07 1.038091355098913482e-07 1.729436917230486870e-04 7.307470184514386347e-10 6.862909503979608417e-05 2.814956978625104966e-08 6.165805199742635523e-09 3.646833420134498738e-06
1.900000000000000000e+04 1.410504501109244302e-05 2.112711990776006132e-05 2.940388696970330784e-07 2.063554660480804159e-07 8.482933480991050601e-05 6.687288500728527652e-09 2.105075254803523421e-04 1.084018474983849956e-08 5.716727979887537003e-09 6.608868716284632683e-06
1.950000000000000000e+04 6.679599664494162425e-06 3.923899384972173721e-06 3.846763263481989270e-08 1.077229239143662198e-08 1.998387597268447280e-05 1.925335890717860821e-09 7.419724170176777989e-06 8.069050494441398769e-08 1.691271234172120330e-09 5.527242592506809160e-07
2.000000000000000000e+04 5.772117674496257678e-06 3.685653609863948077e-06 2.443395352713650936e-08 3.130439196752377029e-08 1.782848084985744208e-05 3.044650753736277693e-09 1.000993324851151556e-05 4.805396613960510876e-08 3.247038193876505829e-09 4.249214953233604319e-07
2.050000000000000000e+04 4.250049187248805538e-06 1.969720506167504936e-05 1.915825720288921730e-08 2.867739468115360069e-08 1.706572220427915454e-05 1.016516204543904678e-09 1.497111134085571393e-05 4.271534237432206282e-08 2.139141841439595737e-08 3.578534460757509805e-06
2.100000000000000000e+04 2.392840769971371628e-06 3.660769607449765317e-06 1.335634447485745113e-08 1.869717181079977308e-08 9.856894394033588469e-06 4.353412907942555421e-10 3.145836308249272406e-05 4.354240346060578304e-08 1.708968433433710743e-08 2.057275651168311015e-06
2.150000000000000000e+04 1.017472641251515597e-05 1.346030330751091242e-04 2.082738959074958984e-08 5.923985924027874717e-08 1.810278772609308362e-04 4.311146162283563399e-10 1.836475130403414369e-04 1.109398883869516794e-08 1.238800084735203200e-08 1.866348975454457104e-05
2.200000000000000000e+04 2.681498926904168911e-06 8.457052899757400155e-06 1.821048911665457126e-08 3.354426070245608571e-08 1.026857353281229734e-04 5.328468222209892247e-10 1.146243539551505819e-05 9.742555207026271091e-09 1.525997106455179164e-08 4.055454610352171585e-06
2.250000000000000000e+04 8.201875971280969679e-06 7.913380613899789751e-06 2.312833302653416467e-08 6.128531282456606277e-08 7.356070273090153933e-05 1.152133610737848812e-09 5.511607469088630751e-06 5.177744455409083457e-09 4.616600435269901936e-08 2.980421186293824576e-06
2.300000000000000000e+04 1.841609810071531683e-05 7.909191481303423643e-05 8.867754530683669145e-09 2.015000610811057413e-08 7.978898793226107955e-05 5.433184110947841816e-11 1.331374660367146134e-04 6.931768048445974273e-09 4.408079234963224735e-09 7.359039500443032011e-06
2.350000000000000000e+04 3.283064188508433290e-06 3.410357294342247769e-06 4.257495689330426103e-08 2.584037872566113947e-08 3.163494511682074517e-06 1.188873860469286114e-10 8.239449925895314664e-06 5.565370031490601832e-08 7.636536736299603945e-09 1.184102870865899604e-06
2.400000000000000000e+04 1.521917283753282391e-06 2.384635536145651713e-06 2.377875674142160278e-08 3.417100913338799728e-08 2.681626256162417121e-06 1.649425873662124786e-10 4.986350177205167711e-06 4.369740480569817009e-08 5.817708537136923042e-09 1.090095111067057587e-06
2.450000000000000000e+04 1.734941861286642961e-06 3.640203658505924977e-06 1.258459381148213652e-08 2.297700341102881794e-08 1.527320091554429382e-05 1.478237199314946793e-09 5.209526079852366820e-06 9.909927989326661191e-09 4.828921618127424153e-08 1.317559599556261674e-05
2.500000000000000000e+04 1.632523776606831234e-06 9.179528569802641869e-05 6.225420179362117779e-09 1.768462709605955752e-08 1.477603655075654387e-05 9.759016927901598137e-10 8.929265459300950170e-05 1.778889702208630297e-09 3.973868345497066912e-08 4.763061588164418936e-05
2.550000000000000000e+04 2.885266803787089884e-05 1.799669371393974870e-05 3.510277224449964706e-07 2.601764776954951230e-07 1.262662408407777548e-04 2.412726241018958717e-09 5.388600766309536994e-05 1.669672684556644526e-07 1.756842209488240769e-07 5.378813057177467272e-06
2.600000000000000000e+04 1.859818075899966061e-05 1.119381886383052915e-05 2.199583235551472171e-07 1.410640919630168355e-07 6.710738671245053411e-05 1.433089535929354952e-09 2.609332113934215158e-05 6.304887989472263143e-08 9.692000446648307843e-08 5.425123617897043005e-06
2.650000000000000000e+04 7.242560513986973092e-06 5.747504765167832375e-04 1.235252540254805353e-07 1.029877960689873362e-08 8.808983693597838283e-05 1.059769841327273809e-10 6.304194102995097637e-04 2.717759350900905702e-09 1.806695060224683402e-08 3.548477252479642630e-05
2.700000000000000000e+04 9.887417945719789714e-06 3.284967169747687876e-05 1.238303894979253528e-07 3.811353366245384677e-08 7.857357559259980917e-05 4.651215176898482184e-11 2.872505319828633219e-05 2.096403939333413291e-08 1.057601650700235041e-08 7.418576387863140553e-06
2.750000000000000000e+04 3.171971184201538563e-05 1.413954305462539196e-04 9.255142430220075767e-08 2.053600240969899460e-07 8.181641169358044863e-05 3.151588434668894934e-10 2.350259164813905954e-04 4.543857912153725920e-08 6.742560998418412055e-08 2.758561277005355805e-05
2.800000000000000000e+04 8.464387065032497048e-06 2.326492176507599652e-05 3.529712344629842846e-08 1.476919209153493284e-07 2.967705040646251291e-05 1.903181362505890206e-10 4.657530735130421817e-05 3.454314523310131335e-08 3.146652360896950995e-08 2.217643441326799802e-06
2.850000000000000000e+04 5.419908575277077034e-06 1.620408147573471069e-05 1.553150070776609937e-07 1.208383082484942861e-07 8.079916733549907804e-05 1.868179611008713437e-09 1.582154436619020998e-05 1.345929518947741599e-07 1.933130100439939270e-08 1.526918276795186102e-05
2.900000000000000000e+04 4.886857368546770886e-06 1.016242367768427357e-05 2.477428573399720335e-08 1.092872565777724958e-07 6.114182906458154321e-05 1.186846398937291269e-09 9.934059562510810792e-06 2.694874190467544395e-08 2.530177845017078653e-08 3.240175283281132579e-05
2.950000000000000000e+04 4.703721060650423169e-06 2.844295522663742304e-06 5.288849180828947283e-08 4.432897782180589275e-08 1.434085061191581190e-05 1.771549906770530924e-09 9.080113159143365920e-06 1.668672808818882913e-07 1.375128189096130882e-08 7.171473157541186083e-07
3.000000000000000000e+04 2.071300286843325011e-06 3.573575213522417471e-06 6.639577776468286174e-08 2.310366298274857400e-08 6.729082087986171246e-06 1.460118248530761775e-09 1.163778233603807166e-05 9.440127257676067529e-08 9.903172504266422038e-09 7.555194656561070587e-07
3.050000000000000000e+04 3.320702944620279595e-06 2.688548192963935435e-06 4.995244395900044765e-08 7.105635546622579568e-08 7.334274414461106062e-06 2.598787296470561614e-10 7.992708560777828097e-06 3.537687476296014211e-08 8.464362544202685967e-09 5.931518444413086399e-06
3.100000000000000000e+04 8.143897503032349050e-06 6.896619015606120229e-05 2.383120900617541338e-08 2.100516205416624871e-08 1.271444671147037297e-05 8.295715780981538501e-10 8.854953921400010586e-05 4.961339428177780064e-08 1.123744430842066322e-09 7.902614015620201826e-06
3.150000000000000000e+04 1.005728790914872661e-06 1.634067416489415336e-06 3.260796077597660769e-09 6.826466947273956976e-09 1.519791226201050449e-06 1.767794133300526482e-09 1.340605558652896434e-05 7.838007576310701552e-09 3.319972741167021013e-09 1.195172226289287210e-04
3.200000000000000000e+04 6.049045850886614062e-07 1.193349021377798636e-06 2.472279714282876739e-09 5.923174839495004562e-09 9.294316214436548762e-07 2.419155098465353149e-09 1.157883980340557173e-05 7.772312571319162089e-09 5.556676008211525186e-09 1.468246482545509934e-04
3.250000000000000000e+04 8.084531145868822932e-06 4.361341325420653448e-06 3.679570781400798296e-08 7.792084488755790517e-08 5.050278923590667546e-05 6.338810809580763816e-09 1.452710876037599519e-05 2.261917764201371028e-08 4.762377514566651371e-08 2.107401769535499625e-06
3.300000000000000000e+04 2.958173354272730649e-06 4.321263531892327592e-06 5.002026348677190981e-09 6.681708697442445555e-08 3.965943324146792293e-05 2.936128451480612966e-09 1.284112840949092060e-05 2.257750431056138041e-09 1.658067994014800206e-08 4.043639819428790361e-06
3.350000000000000000e+04 1.860664497144171037e-06 4.346036803326569498e-06 6.311544620274389672e-09 2.031054080475769297e-08 4.865337541559711099e-05 3.649297308783161498e-09 2.603371467557735741e-05 2.819170452639241375e-09 4.470147363377918737e-09 2.343963842577068135e-06
3.400000000000000000e+04 1.687819008111546282e-06 3.170560603393823840e-06 1.739129018574203656e-08 6.316604128642211435e-08 8.666074791108258069e-06 1.945257954716339555e-09 2.618793405417818576e-05 1.188840226262755095e-08 5.987281337382910351e-09 6.646471319982083514e-06
3.450000000000000000e+04 1.121575337492686231e-06 2.322502268725656904e-06 1.685130790463063022e-08 4.624955529664021014e-09 1.091522426577284932e-05 1.113684255926727928e-09 1.462433738197432831e-05 1.384931902492780864e-08 4.471192582844452090e-10 8.731072739465162158e-06
3.500000000000000000e+04 6.674700898656737991e-07 4.966672804584959522e-06 3.543245252757287744e-09 1.696665141714959191e-09 7.248343990795547143e-06 3.534241510561031419e-10 2.041003972408361733e-05 2.958935985120092482e-09 1.769227403469741944e-10 2.169993058487307280e-05
3.550000000000000000e+04 6.578943043678009417e-07 1.066206664290803019e-06 1.959601547696365742e-08 1.342921240876648881e-08 4.458669025098060956e-07 1.276063255062354074e-09 7.653619832126423717e-06 3.315797059144642844e-08 1.297165841407377229e-08 2.571038567111827433e-05
3.600000000000000000e+04 4.292942890060658101e-07 5.455838163470616564e-07 1.525743442698512808e-08 1.147721562233527948e-08 2.549454336531198351e-07 1.220247791700046491e-09 8.438912118435837328e-06 2.529338338774778094e-08 2.777055696512320537e-09 2.566434886830393225e-05
3.650000000000000000e+04 4.425062627433362650e-07 7.215680852823425084e-07 7.473765606391680194e-09 1.788711045946911327e-08 8.186866011783422437e-07 4.949471499315905021e-09 1.982042022063978948e-06 1.941862493026746961e-08 7.266988344412084189e-09 4.321449378039687872e-04
3.700000000000000000e+04 2.072423228582920274e-07 3.791359404203831218e-07 7.517280131708048430e-09 5.480487175191228744e-09 3.892268125582631910e-07 3.486290367504807364e-09 1.470807774239801802e-06 9.061460914949748258e-09 1.277066230542800440e-09 5.449584568850696087e-04
3.750000000000000000e+04 3.552334965206682682e-05 1.595118737895973027e-05 2.702731904946631403e-08 5.852906070913377334e-08 1.645634620217606425e-04 1.013512385128478854e-08 2.327540096302982420e-05 1.703744345604718546e-07 1.197232393224112457e-07 5.201020030654035509e-06
3.800000000000000000e+04 4.004969741799868643e-05 2.038795173575635999e-05 2.632447149153449573e-07 1.300003020787698915e-07 1.775487180566415191e-04 2.750586425293022330e-09 1.640332993702031672e-05 7.121493581507820636e-07 5.549391701720196579e-08 5.052471806266112253e-06
3.850000000000000000e+04 9.554622010909952223e-06 9.773416422831360251e-06 9.394653943672892638e-08 8.440411036758632690e-09 9.652454173192381859e-05 2.719035663290014782e-09 1.183584663522196934e-05 2.710573880904121324e-07 3.687797622831112676e-09 6.745828613929916173e-06
3.900000000000000000e+04 6.692061560897855088e-06 6.008582204231061041e-06 6.227701732086643460e-08 7.882324126740059000e-09 7.990511949174106121e-05 2.498029116893007995e-09 9.886725820251740515e-06 1.277098675700472086e-07 5.638548294939482730e-09 1.086098563973791897e-05
3.950000000000000000e+04 8.214614354074001312e-06 1.698144296824466437e-05 3.156097534429136431e-07 5.784049861290441186e-08 1.118205545935779810e-04 5.179037998459534720e-08 2.402058817096985877e-05 2.895946522585290950e-07 4.586789614791086933e-08 4.594464826368493959e-06
4.000000000000000000e+04 5.799192877020686865e-06 1.309813251282321289e-05 3.498175615845866560e-08 1.612025002373229654e-08 7.499612547690048814e-05 1.087839773816767774e-08 4.237190296407788992e-05 5.126292279555855202e-08 1.206817490384537450e-08 7.044482117635197937e-06
4.050000000000000000e+04 8.075802725215908140e-06 2.618170947243925184e-05 3.998185249542984820e-08 2.700518209053370811e-08 6.037800631020218134e-05 2.134402654618838824e-09 3.185727473464794457e-05 1.046267144033663499e-07 1.990054521172623936e-08 6.822520663263276219e-05
4.100000000000000000e+04 1.089543548005167395e-05 1.971434903680346906e-05 2.915822392424161080e-07 2.579098712374161551e-08 2.881623804569244385e-04 1.041648545196949271e-09 7.509210263378918171e-05 1.764419380378967617e-06 4.229262273724998522e-09 4.040548446937464178e-06
4.150000000000000000e+04 3.622159965743776411e-06 6.211625986907165498e-06 9.099426989678249811e-08 1.141178973540490915e-08 1.314291730523109436e-04 1.522962644884273686e-09 6.361156920320354402e-06 9.144524426574207610e-08 5.451360252095582837e-09 2.604755536594893783e-06
4.200000000000000000e+04 4.108408120373496786e-06 7.633161658304743469e-06 6.705448640786926262e-08 5.017260829021097379e-09 1.159163439297117293e-04 1.010687533664622606e-09 6.611271146539365873e-06 5.226693744475596759e-08 1.247806191706501977e-09 3.818683126155519858e-06
4.250000000000000000e+04 3.949823167204158381e-06 1.047771729645319283e-05 1.729472103306761710e-07 2.171227819758314581e-08 4.535647167358547449e-05 3.898139144808965284e-09 1.309437539021018893e-05 6.174772693157137837e-08 1.386598302843822239e-08 4.644961791200330481e-06
4.300000000000000000e+04 2.139385060218046419e-06 5.729055828851414844e-06 3.999911513119513984e-08 3.939831572097318713e-09 3.220952930860221386e-05 3.127312186990138798e-09 9.715053238323889673e-06 3.351403563556232257e-07 4.292427746577232028e-09 5.110516212880611420e-06
4.350000000000000000e+04 1.781861647032201290e-05 9.985465112549718469e-06 1.154451751972374041e-07 1.261681692454885706e-08 1.853778958320617676e-04 5.898256882908015086e-10 3.395792373339645565e-05 1.030760259368435072e-07 1.955080186633040285e-08 5.501777195604518056e-06
4.400000000000000000e+04 1.049718957801815122e-05 1.071525184670463204e-05 2.857122005650580832e-08 9.839676629042060085e-09 1.555182388983666897e-04 6.429062837653987117e-10 2.219189445895608515e-05 2.196229331730137346e-08 1.034584062864496445e-08 4.314531452109804377e-06
4.450000000000000000e+04 8.025150236790068448e-06 3.600069248932413757e-06 5.201025743417631020e-08 6.253115358845207084e-09 1.781831997504923493e-05 1.104580871214011495e-09 6.156413746793987229e-06 7.838657012371186283e-08 1.005459004943531909e-08 4.174169134785188362e-06
4.500000000000000000e+04 3.617386028054170310e-06 2.745694246186758392e-06 1.498488089168859005e-08 3.224760680708982363e-09 1.051656636263942346e-05 9.418242852277103339e-10 4.407435881148558110e-06 2.815861854799095454e-08 4.693182731330125534e-09 8.291219273814931512e-06
4.550000000000000000e+04 2.139239586540497839e-05 1.735921432555187494e-05 7.656024791913296212e-08 1.588987785794415686e-08 1.294512185268104076e-04 4.867357183968579193e-09 2.117568510584533215e-05 2.942813637218932854e-07 1.099526691916707932e-08 2.228289076811051928e-06
4.600000000000000000e+04 9.028148269862867892e-06 1.492686442361446097e-05 8.391501182813954074e-08 4.888910165590232282e-09 8.057091326918452978e-05 3.423030525695480719e-09 1.285730650124605745e-05 1.345168811894836836e-07 4.513351026247391928e-09 4.408220320328837261e-06
4.650000000000000000e+04 4.094969426660099998e-06 6.046134330972563475e-06 2.181201175233127287e-08 1.658595927267469960e-08 1.580981006554793566e-05 1.490823992034151502e-10 2.058961399598047137e-05 4.284400834109192147e-09 1.491851087109807850e-08 1.358710392196371686e-06
4.700000000000000000e+04 3.349325879753450863e-06 4.769747465616092086e-05 3.911877399787044851e-08 7.198782014938842622e-09 1.070562211680226028e-05 1.193845716729313722e-10 6.440575089072808623e-05 7.041083271985826286e-09 6.939807395411889956e-09 1.239845573763886932e-06
