# step, loss_train, loss_test, metrics_test
0.000000000000000000e+00 3.917199000716209412e-02 7.555659860372543335e-02 1.267884075641632080e-01 8.999150246381759644e-02 5.273903533816337585e-02 3.920700028538703918e-02 8.582825213670730591e-02 1.189113035798072815e-01 8.987344801425933838e-02 5.257618799805641174e-02
5.000000000000000000e+02 3.106448566541075706e-04 5.702523142099380493e-02 2.942768696811981499e-05 5.579315620707347989e-05 1.144611625932157040e-03 1.877310278359800577e-04 6.503336131572723389e-02 2.431762186461128294e-05 2.777415647869929671e-05 1.745957764796912670e-03
1.000000000000000000e+03 2.539620327297598124e-04 5.870658531785011292e-02 1.750312076183035970e-04 2.556525578256696463e-04 8.678773418068885803e-03 5.910887557547539473e-05 7.026584446430206299e-02 1.746226189425215125e-04 5.475139550981111825e-05 9.075848385691642761e-03
1.500000000000000000e+03 1.774871343513950706e-04 6.290729343891143799e-02 5.990545032545924187e-04 5.240549216978251934e-04 4.027374961879104376e-04 4.385846477816812694e-05 6.288748234510421753e-02 2.527746546547859907e-04 1.088338467525318265e-04 8.908749441616237164e-04
2.000000000000000000e+03 4.640153201762586832e-05 7.633191533386707306e-03 5.319912816048599780e-05 5.767873881268315017e-05 3.328617895022034645e-04 1.081182381312828511e-05 6.817232351750135422e-03 3.194505916326306760e-05 5.297005191096104681e-05 1.818181626731529832e-04
2.500000000000000000e+03 2.081783713947515935e-05 1.000938122160732746e-03 2.132910049112979323e-05 2.671376932994462550e-05 3.291085304226726294e-04 4.027950581075856462e-06 9.686237317509949207e-04 2.411638206467614509e-06 5.203766249906038865e-06 7.111981540219858289e-05
3.000000000000000000e+03 9.501703971181996167e-06 2.987527113873511553e-04 2.185967423429246992e-05 9.752850019140169024e-06 3.119555476587265730e-04 1.443734618078451604e-06 2.903817803598940372e-04 1.152759432443417609e-05 1.564613967275363393e-06 4.799304588232189417e-05
3.500000000000000000e+03 1.019135743263177574e-05 1.301362499361857772e-04 7.818611265975050628e-06 3.190047209500335157e-06 3.084821801166981459e-04 8.087210972007596865e-07 1.631666382309049368e-04 7.985821866896003485e-06 2.645825531999435043e-07 2.984189450216945261e-05
4.000000000000000000e+03 8.317798346979543567e-06 6.655928445979952812e-04 7.044616722851060331e-06 1.305324190070678014e-06 3.759411047212779522e-04 6.546723056999326218e-07 9.203335503116250038e-04 8.999639248941093683e-06 3.476943390978703974e-07 7.316805567825213075e-05
4.500000000000000000e+03 9.053032954398076981e-06 1.065868302248418331e-03 2.708218926272820681e-05 3.459833351371344179e-06 7.649622275494039059e-04 1.323377432527195197e-06 1.913671847432851791e-03 2.703756399569101632e-05 1.504733063484309241e-06 2.785563410725444555e-04
5.000000000000000000e+03 9.390627383254468441e-06 2.538266708143055439e-04 1.494321168138412759e-05 1.609000491953338496e-06 4.419111937750130892e-04 5.812865424559277017e-07 5.040653632022440434e-04 6.911671789566753432e-06 2.372522658333764412e-07 2.916046651080250740e-05
5.500000000000000000e+03 8.691125003679189831e-06 1.013680594041943550e-04 6.425953415600815788e-06 1.457393864257028326e-06 2.162734745070338249e-04 3.185600974120461615e-07 1.572976907482370734e-04 4.074222033523255959e-06 3.675450557238946203e-07 1.389806584484176710e-05
6.000000000000000000e+03 1.153277480625547469e-05 1.195820368593558669e-04 3.597775503294542432e-06 1.399902885168557987e-06 1.869453408289700747e-04 2.660743234628171194e-07 1.287524210056290030e-04 2.196666400777758099e-06 3.603918798944505397e-07 1.286542283196467906e-05
6.500000000000000000e+03 1.489117858000099659e-05 8.343443914782255888e-05 2.237304215668700635e-06 5.536538196793117095e-07 2.195101551478728652e-04 4.103482069695019163e-07 8.797233022050932050e-05 2.166899776057107374e-06 1.737323600536910817e-07 8.305605661007575691e-06
7.000000000000000000e+03 1.752815478539559990e-05 3.293780318927019835e-04 1.857068923527549487e-06 7.781375188642414287e-07 2.327711699763312936e-04 3.755005479888495756e-07 4.236077948007732630e-04 2.972901711473241448e-06 2.867458874789008405e-07 3.199112688889726996e-05
7.500000000000000000e+03 3.243597166147083044e-04 2.647327492013573647e-04 4.915984845865750685e-06 5.755669553764164448e-05 2.305708825588226318e-03 3.149128169752657413e-04 4.185359284747391939e-04 1.026679456117562950e-06 4.471911597647704184e-05 2.047506161034107208e-03
8.000000000000000000e+03 1.709202333586290479e-04 9.644417150411754847e-05 5.232644525676732883e-06 9.669660357758402824e-06 1.567346276715397835e-03 1.511899608885869384e-04 1.225160522153601050e-04 2.424175136184203438e-06 6.633038083236897364e-06 1.290600281208753586e-03
8.500000000000000000e+03 1.245469320565462112e-04 7.004052895354107022e-05 2.867298917408334091e-06 3.242399179725907743e-05 1.410059630870819092e-03 1.081007139873690903e-04 1.160844258265569806e-04 3.281031695223646238e-06 1.786626489774789661e-05 1.106199808418750763e-03
9.000000000000000000e+03 7.260638085426762700e-05 3.951893086195923388e-05 1.631647137401159853e-06 1.408188927598530427e-05 1.054813736118376255e-03 5.182023960514925420e-05 3.722927067428827286e-05 2.953440798592055216e-06 1.613480526430066675e-05 7.235144148580729961e-04
9.500000000000000000e+03 4.544563853414729238e-05 3.853542148135602474e-05 1.515929966444673482e-06 3.570377430150983855e-06 7.423915667459368706e-04 2.409035187156405300e-05 9.865876563708297908e-06 2.728753133851569146e-05 1.430072529728931841e-06 4.408564127516001463e-04
1.000000000000000000e+04 4.060811261297203600e-05 6.263482500799000263e-04 5.367994162952527404e-06 1.284844802285078913e-05 1.120941480621695518e-03 3.054855551454238594e-05 6.162150530144572258e-04 2.087477696477435529e-05 1.782756044121924788e-05 8.860045927576720715e-04
1.050000000000000000e+04 3.334860593895427883e-05 3.886210834025405347e-05 1.710742139948706608e-06 1.040628831106005237e-06 6.986229564063251019e-04 1.839539800130296499e-05 1.311251980951055884e-05 1.859255718272834201e-07 7.894184363976819441e-07 2.277429593959823251e-04
1.100000000000000000e+04 2.582451634225435555e-05 4.338292637839913368e-05 1.021933485390036367e-06 1.106297872865980025e-06 6.375840748660266399e-04 1.367149161524139345e-05 1.272844565392006189e-05 2.582143281415483216e-07 1.477994487686373759e-06 1.897002512123435736e-04
1.150000000000000000e+04 1.811563015507999808e-05 2.102431244566105306e-05 5.692344871022214647e-07 1.962474016181658953e-06 3.276391362305730581e-04 8.514848559570964426e-06 1.082351718650897965e-05 1.133892283178283833e-06 7.332066616072552279e-06 1.480737846577540040e-04
1.200000000000000000e+04 1.451041771360905841e-05 1.984515620279125869e-05 5.619516514343558811e-07 2.257114374515367672e-06 2.904284046962857246e-04 5.849354238307569176e-06 1.151811920863110572e-05 3.459739161826291820e-07 1.493918989581288770e-05 1.188089518109336495e-04
1.250000000000000000e+04 1.895991226774640381e-05 6.833203951828181744e-05 1.562974944135930855e-06 2.528787263145204633e-06 4.371473041828721762e-04 5.261643309495411813e-06 7.291160000022500753e-05 7.179086765063402709e-07 2.497253717592684552e-06 1.108347278204746544e-04
1.300000000000000000e+04 1.984925438591744751e-05 2.638472324179019779e-05 1.248869807568553369e-06 8.750226925258175470e-07 3.479000006336718798e-04 2.899236733355792239e-06 2.414327354927081615e-05 1.131481326410721522e-06 5.159178613212134223e-07 6.517230940517038107e-05
1.350000000000000000e+04 9.011693691718392074e-06 1.930947473738342524e-04 3.524342446326045319e-06 1.587538099556695670e-05 3.199160855729132891e-04 1.701488940852868836e-06 2.507852623239159584e-04 8.635501217213459313e-06 9.037155905389226973e-06 1.917637418955564499e-04
1.400000000000000000e+04 8.876655556377954781e-06 6.316421604424249381e-06 1.423081528173497645e-07 4.984569841326447204e-07 1.390186807839199901e-04 1.133457317337160930e-06 6.080942966946167871e-06 7.243388040478748735e-07 5.837107437400845811e-07 2.836409476003609598e-05
1.450000000000000000e+04 1.561690805829130113e-05 5.871453686268068850e-05 7.088540883160021622e-07 2.551945726736448705e-05 3.883002209477126598e-04 1.536945774205378257e-06 1.011325439321808517e-04 8.107135727186687291e-07 6.941938408999703825e-06 7.606793951708823442e-05
1.500000000000000000e+04 2.357409903197549284e-05 1.718878229439724237e-05 1.092536265900889703e-07 3.369316630141838687e-07 2.731898857746273279e-04 1.004423324957315344e-06 6.073491931601893157e-06 6.340686695693875663e-07 3.703483173467247980e-07 1.846803752414416522e-05
1.550000000000000000e+04 1.900124334497377276e-05 2.511453203624114394e-05 9.274459102925902698e-07 8.785576142145146150e-07 2.039787214016541839e-04 1.130032956098148134e-06 8.906621587811969221e-06 2.752333045918931020e-07 1.459643357293316512e-07 2.179357579734642059e-05
1.600000000000000000e+04 1.674190207268111408e-05 1.872918437584303319e-05 3.487398771540028974e-06 1.728146685309184249e-06 2.002675901167094707e-04 9.470790018895058893e-07 1.141451775765744969e-05 1.072089162335032597e-06 1.150435537056182511e-06 5.351901927497237921e-05
1.650000000000000000e+04 2.881138789234682918e-05 7.296327112271683291e-06 1.383290737067000009e-06 2.193166466213369858e-07 1.989591983146965504e-04 5.896654329262673855e-07 8.513848115399014205e-06 1.591155296409851871e-06 7.881746455495886039e-07 1.308958962908945978e-05
1.700000000000000000e+04 3.126285082544200122e-05 6.728644166287267581e-06 9.659660236138734035e-07 3.107809334323974326e-07 1.710968499537557364e-04 5.365621404962439556e-07 1.112375502998474985e-05 6.498510174424154684e-07 1.300205667575937696e-06 1.001622786134248599e-05
1.750000000000000000e+04 2.031176518357824534e-05 6.550492980750277638e-05 1.677061959526326973e-06 3.500289267321932130e-06 2.014645433519035578e-04 8.168236718120169826e-07 1.170683681266382337e-04 1.272058057111280505e-06 2.072426241284119897e-06 3.955528882215730846e-05
1.800000000000000000e+04 2.496160777809564024e-05 2.331360301468521357e-04 1.138721586357860360e-06 7.156428182497620583e-06 2.005168935284018517e-04 2.058961626971722580e-06 1.731524971546605229e-04 1.017531303659779951e-06 1.196138214254460763e-06 6.709921581204980612e-05
1.850000000000000000e+04 3.468621434876695275e-05 1.301697011513169855e-05 4.526142163285840070e-07 4.884740292254718952e-07 2.382002276135608554e-04 6.164733576952130534e-07 2.097281867463607341e-05 3.394102350284811109e-07 1.204728619086381514e-07 8.751253517402801663e-06
1.900000000000000000e+04 4.134681876166723669e-05 5.836495984112843871e-05 3.735795246484485688e-07 7.136623025871813297e-07 1.700569264357909560e-04 9.367553275296813808e-07 4.062645166413858533e-05 4.776279070028977003e-07 4.688795840479542676e-08 2.841570676537230611e-05
1.950000000000000000e+04 1.406223418598528951e-05 7.999524314072914422e-06 1.590222922231987468e-07 1.840604397784773028e-07 3.798694160650484264e-05 4.457406248548068106e-07 7.317690233321627602e-06 1.573989294456623611e-07 4.991050772673588654e-08 6.632281838392373174e-06
2.000000000000000000e+04 9.437898370379116386e-06 4.471656666282797232e-06 3.084897457483748440e-07 1.539430058983271010e-07 3.645070319180376828e-05 3.392606515717488946e-07 5.944964414084097371e-06 7.467069167432782706e-07 2.388680364617812302e-08 5.662200237566139549e-06
2.050000000000000000e+04 2.341696381336078048e-05 1.857971437857486308e-05 2.257855413745346596e-07 2.000878964736330090e-07 6.317739462247118354e-05 4.302395950617210474e-07 1.568766310811042786e-05 5.599223413810250349e-07 1.865684851054538740e-07 9.540496648696716875e-06
2.100000000000000000e+04 2.593235694803297520e-05 1.572347537148743868e-05 1.178164211523835547e-06 1.695314949756721035e-06 1.993485784623771906e-04 3.648547135526314378e-06 1.785117274266667664e-05 3.318030167065444402e-06 1.575348505866713822e-06 1.931469159899279475e-05
2.150000000000000000e+04 1.473434895160607994e-05 1.697698644420597702e-05 6.733223472110694274e-07 5.655602990373154171e-07 2.640716265887022018e-04 1.281276468034775462e-06 2.145857615687418729e-05 1.627041569918219466e-06 4.524120242876961129e-07 7.352055035880766809e-06
2.200000000000000000e+04 1.539933145977556705e-05 1.830910332500934601e-05 5.220813932282908354e-07 8.319298672176955733e-07 2.604778565000742674e-04 1.072782083610945847e-06 1.314922246820060536e-05 1.597030291122791823e-06 1.386067083330999594e-06 7.972432285896502435e-06
2.250000000000000000e+04 1.697572770353872329e-05 7.596600880788173527e-06 2.617802294935245300e-07 3.163440851494669914e-06 1.445047382730990648e-04 1.067239281837828457e-06 6.488585313491057605e-06 3.276368943261331879e-06 4.854035182688676286e-07 6.644530458288500085e-06
2.300000000000000000e+04 1.506186708866152912e-05 8.691533366800285876e-06 1.427475524451438105e-07 2.857191930161206983e-06 1.314641704084351659e-04 8.030337994568981230e-07 9.303219485445879400e-06 5.867125310032861307e-07 3.340955458952521440e-07 5.839810000907164067e-06
2.350000000000000000e+04 1.344391785096377134e-05 1.166599031421355903e-05 1.712474499981908593e-07 1.795107351654223748e-07 9.268981375498697162e-05 6.880783303131465800e-07 7.756499144306872040e-06 5.142288500792346895e-06 1.670845648504837300e-07 5.034384230384603143e-06
2.400000000000000000e+04 1.679376146057620645e-05 1.012369739328278229e-05 3.277708344739949098e-07 1.731720971065442427e-07 7.883249782025814056e-05 5.772481586063804571e-07 9.927808605425525457e-06 6.278648356783378404e-07 1.146486852121597622e-07 7.453860234818421304e-06
2.450000000000000000e+04 2.042374762822873890e-05 7.472178549505770206e-05 7.851518262214085553e-07 2.111106141455820762e-06 1.168203161796554923e-04 1.006498791866761167e-06 8.035830978769809008e-05 1.506936769146705046e-06 2.152710067093721591e-06 2.821869566105306149e-05
2.500000000000000000e+04 1.557731593493372202e-05 7.753106729069259018e-06 1.082171863231451425e-07 3.257403022871585563e-07 8.532765787094831467e-05 5.422076583272428252e-07 2.420460987195838243e-05 5.840706762683112174e-07 8.143857144204957876e-07 8.388603419007267803e-06
2.550000000000000000e+04 1.881186472019180655e-05 6.755096819688333198e-06 4.162150162301259115e-07 2.559783922606584383e-07 7.960512448335066438e-05 9.032824550558871124e-07 1.740888001222629100e-05 8.506102631145040505e-07 2.831987444551486988e-08 4.093182724318467081e-06
2.600000000000000000e+04 2.134336318704299629e-05 6.041220694896765053e-05 3.901458967447979376e-06 1.181619268209033180e-06 3.195399767719209194e-04 1.015374664348200895e-06 8.491725020576268435e-05 2.235149167972849682e-06 1.058938778442097828e-06 2.556028193794190884e-04
2.650000000000000000e+04 1.468223308620508760e-05 8.092865755315870047e-06 1.110963765427186445e-07 3.154094585511302284e-08 8.369669376406818628e-05 6.928999596311768983e-07 2.331301175217959099e-06 5.034774517298501451e-07 1.842892771719562006e-07 5.854960363649297506e-06
2.700000000000000000e+04 1.779455851647071540e-05 1.030770272336667404e-05 3.408821385164628737e-07 2.856858714039844926e-07 1.039782873704098165e-04 7.853651595723931678e-07 8.608790267317090183e-06 1.856514359133143444e-06 2.511583261366467923e-06 3.046648635063320398e-05
2.750000000000000000e+04 1.217739645653637126e-05 1.059865189745323732e-05 6.235536176291134325e-08 2.269347447736436152e-07 3.874280082527548075e-05 4.503099830799328629e-07 8.152021109708584845e-06 1.099617321642654133e-07 1.402173381848115241e-07 3.818017830781172961e-06
2.800000000000000000e+04 1.000696465780492872e-05 1.324836739513557404e-05 7.951732072797312867e-08 2.249401234166725772e-07 7.964116230141371489e-05 3.686006664338492556e-07 1.454110042686806992e-05 7.857132544586420408e-08 3.819503149316005874e-07 4.962602179148234427e-05
2.850000000000000000e+04 1.945880831044632941e-05 3.564554499462246895e-04 5.426957159215817228e-07 1.228658493346301839e-05 1.798837620299309492e-04 9.000357295008143410e-07 3.827813197858631611e-04 2.852614784387697000e-07 4.759312162150308723e-07 2.947946995845995843e-05
2.900000000000000000e+04 1.370024074276443571e-05 1.886071186163462698e-05 7.180302930009929696e-08 3.498774390209291596e-07 1.358967856504023075e-04 3.762265521345398156e-07 2.322035288671031594e-05 3.708774443111906294e-07 4.321273991081397980e-06 2.044048051175195724e-05
2.950000000000000000e+04 1.882489232230000198e-05 5.020974185754312202e-06 9.461283667633324512e-08 3.956805301186250290e-07 3.505823042360134423e-05 4.520455547663004836e-07 4.982057816960150376e-06 1.130390430148509040e-07 1.874756350161987939e-07 2.159117002520360984e-06
3.000000000000000000e+04 1.340166636509820819e-05 6.412537186406552792e-04 1.515414510322443675e-06 7.991713573574088514e-06 4.952894989401102066e-03 1.201939198836043943e-06 6.388910696841776371e-04 1.545149416415370069e-06 2.809002808135119267e-06 4.876708146184682846e-03
