# step, loss_train, loss_test, metrics_test
0.000000000000000000e+00 6.680464744567871094e-02 1.638563275337219238e-01 2.362087798246648163e-06 9.063284960575401783e-05 3.554967930540442467e-03 6.699923425912857056e-02 2.639992833137512207e-01 7.669264050491619855e-07 2.340481296414509416e-04 4.550154786556959152e-03
5.000000000000000000e+02 3.468551149126142263e-04 5.710649490356445312e-02 2.813745595631189644e-05 5.540315396501682699e-05 1.547396765090525150e-03 2.562429872341454029e-04 6.505420058965682983e-02 1.364854779239976779e-05 5.832831811858341098e-05 2.146660117432475090e-03
1.000000000000000000e+03 1.556291827000677586e-04 5.633449181914329529e-02 1.387493830407038331e-04 2.522302384022623301e-04 5.943577853031456470e-04 4.268757766112685204e-05 6.461195647716522217e-02 9.835267701419070363e-05 1.741684245644137263e-04 1.180369290523231030e-03
1.500000000000000000e+03 6.673929601674899459e-05 1.936041563749313354e-02 2.808378543704748154e-03 1.461741630919277668e-03 5.228258203715085983e-03 6.187025428516790271e-05 1.828008331358432770e-02 2.815303625538945198e-03 8.469049353152513504e-04 5.258014425635337830e-03
2.000000000000000000e+03 2.067322348011657596e-04 4.794045235030353069e-04 2.020102147071156651e-05 2.801412483677268028e-05 2.846902469173073769e-03 1.384678180329501629e-04 1.590369938639923930e-04 5.899714597035199404e-05 1.112531681428663433e-04 2.260837238281965256e-03
2.500000000000000000e+03 4.481917130760848522e-05 2.965645689982920885e-04 6.958493941056076437e-06 2.132256304321344942e-05 1.641961396671831608e-03 2.164585930586326867e-05 1.693605590844526887e-04 9.371221494802739471e-06 2.812232560245320201e-05 1.240079523995518684e-03
3.000000000000000000e+03 2.168944774894043803e-05 2.357279154239222407e-04 2.282414016008260660e-06 1.596200308995321393e-05 1.210086280480027199e-03 7.420792826451361179e-06 1.560473319841548800e-04 3.044570803467649966e-06 1.536495983600616455e-05 8.232676773332059383e-04
3.500000000000000000e+03 2.250789839308708906e-05 2.118775737471878529e-04 1.682928768786950968e-06 1.162829175882507116e-05 1.001630094833672047e-03 6.074884367990307510e-06 1.363709161523729563e-04 5.357896952773444355e-06 1.417874955222941935e-05 5.960896960459649563e-04
4.000000000000000000e+03 1.919893293234053999e-05 1.747671631164848804e-04 2.636959607116295956e-06 7.513961463700979948e-06 9.245754336006939411e-04 5.452051937027135864e-06 1.248145854333415627e-04 5.557676104217534885e-06 1.319676903221989051e-05 5.209944793023169041e-04
4.500000000000000000e+03 1.910058927023783326e-05 1.351864484604448080e-04 3.102132495769183151e-06 4.117893695365637541e-06 9.992654668167233467e-04 4.342398824519477785e-06 9.950801904778927565e-05 1.269255449187767226e-06 8.413357136305421591e-06 3.974792198278009892e-04
5.000000000000000000e+03 1.741699998092371970e-05 8.681943290866911411e-05 2.295319063705392182e-06 1.498150322731817141e-05 8.594796527177095413e-04 2.590255689938203432e-06 6.861202564323320985e-05 1.029418513098789845e-06 5.755361598858144134e-06 2.774840977508574724e-04
5.500000000000000000e+03 8.444589184364303946e-06 3.753358396352268755e-05 5.420059210337058175e-07 5.192441676626913249e-06 5.085153388790786266e-04 1.471265818508982193e-06 3.060814196942374110e-05 1.830877522479568142e-06 5.940042683505453169e-06 2.145499747712165117e-04
6.000000000000000000e+03 9.933949513651896268e-06 8.965087472461163998e-04 1.253178779734298587e-04 1.045924364007078111e-04 9.173469734378159046e-04 1.545366330901742913e-06 1.679298351518809795e-03 6.777032103855162859e-05 6.975097494432702661e-05 5.793240270577371120e-04
6.500000000000000000e+03 6.970713911869097501e-06 3.047573045478202403e-05 1.676737952038820367e-06 3.517518052831292152e-06 5.449016462080180645e-04 1.199763573822565377e-06 1.822649392124731094e-05 2.319781742698978633e-06 7.673796972085256130e-06 1.416381273884326220e-04
7.000000000000000000e+03 8.194423571694642305e-06 2.410636079730466008e-05 9.476145805820124224e-07 1.073001612894586287e-06 4.912884905934333801e-04 1.485406187384796795e-06 1.771367533365264535e-05 2.151836042685317807e-06 8.596688530815299600e-06 1.134129561251029372e-04
7.500000000000000000e+03 4.092444777488708496e-01 8.749708175659179688e+00 1.920863091945648193e-01 1.985774874687194824e+00 5.575764656066894531e+00 3.584319651126861572e-01 1.249794006347656250e+01 2.115118950605392456e-01 2.239727258682250977e+00 5.597550392150878906e+00
8.000000000000000000e+03 4.269521534442901611e-01 8.718416213989257812e+00 1.372043043375015259e-01 1.806173801422119141e+00 5.526405811309814453e+00 3.669487237930297852e-01 1.248866176605224609e+01 1.409321278333663940e-01 1.710120320320129395e+00 5.546938896179199219e+00
8.500000000000000000e+03 3.867042958736419678e-01 8.754750251770019531e+00 1.487536728382110596e-01 1.687207341194152832e+00 5.579515457153320312e+00 3.509125709533691406e-01 1.245985984802246094e+01 2.698078453540802002e-01 2.408837556838989258e+00 5.543716430664062500e+00
9.000000000000000000e+03 3.528404831886291504e-01 8.752386093139648438e+00 1.329126507043838501e-01 1.668593764305114746e+00 5.586039543151855469e+00 3.120762407779693604e-01 1.246512031555175781e+01 2.466624379158020020e-01 2.517394781112670898e+00 5.549655914306640625e+00
9.500000000000000000e+03 2.767120003700256348e-01 9.145253181457519531e+00 1.280267238616943359e-01 1.676623463630676270e+00 5.476635932922363281e+00 2.319170981645584106e-01 1.238334751129150391e+01 1.646623760461807251e-01 3.895106792449951172e+00 5.495216846466064453e+00
1.000000000000000000e+04 2.795383632183074951e-01 9.139343261718750000e+00 1.271564960479736328e-01 1.668625116348266602e+00 5.468785285949707031e+00 2.362584322690963745e-01 1.237754535675048828e+01 1.627905219793319702e-01 4.052176475524902344e+00 5.487468719482421875e+00
1.050000000000000000e+04 2.924061715602874756e-01 8.364810943603515625e+00 1.333755850791931152e-01 1.761376261711120605e+00 5.642724037170410156e+00 2.264707386493682861e-01 1.245336437225341797e+01 1.470091193914413452e-01 2.527553558349609375e+00 5.593213081359863281e+00
1.100000000000000000e+04 2.738459110260009766e-01 8.381263732910156250e+00 1.164331212639808655e-01 1.708025455474853516e+00 5.659492492675781250e+00 2.067358344793319702e-01 1.248439788818359375e+01 1.558235585689544678e-01 2.288993120193481445e+00 5.610450744628906250e+00
1.150000000000000000e+04 2.589077651500701904e-01 8.698081970214843750e+00 1.402386873960494995e-01 2.100622892379760742e+00 5.590224742889404297e+00 2.074851095676422119e-01 1.239350700378417969e+01 1.656925976276397705e-01 3.361140012741088867e+00 5.602635860443115234e+00
1.200000000000000000e+04 2.523270547389984131e-01 8.693473815917968750e+00 1.379933953285217285e-01 2.107801198959350586e+00 5.579602718353271484e+00 1.985033899545669556e-01 1.239023876190185547e+01 1.589468419551849365e-01 3.387476682662963867e+00 5.592202186584472656e+00
1.250000000000000000e+04 2.623067200183868408e-01 8.747962951660156250e+00 1.251779496669769287e-01 2.010832071304321289e+00 5.601901531219482422e+00 1.863698512315750122e-01 1.252663135528564453e+01 1.447362303733825684e-01 2.117549657821655273e+00 5.617027282714843750e+00
1.300000000000000000e+04 2.755962610244750977e-01 8.773573875427246094e+00 1.150345653295516968e-01 1.826026201248168945e+00 5.618425846099853516e+00 1.930170506238937378e-01 1.260989856719970703e+01 1.360949724912643433e-01 1.421753287315368652e+00 5.639208316802978516e+00
1.350000000000000000e+04 2.449895888566970825e-01 8.874724388122558594e+00 1.255013644695281982e-01 1.723877906799316406e+00 5.657911300659179688e+00 1.775514781475067139e-01 1.253704071044921875e+01 1.754567772150039673e-01 1.503778696060180664e+00 5.646752357482910156e+00
1.400000000000000000e+04 2.335489243268966675e-01 8.870027542114257812e+00 1.270579248666763306e-01 1.714011073112487793e+00 5.650718212127685547e+00 1.635253727436065674e-01 1.253288364410400391e+01 1.803456246852874756e-01 1.456170797348022461e+00 5.639579296112060547e+00
1.450000000000000000e+04 2.302356958389282227e-01 8.875245094299316406e+00 1.352382749319076538e-01 1.630886554718017578e+00 5.625602245330810547e+00 1.465028077363967896e-01 1.246093845367431641e+01 1.637415587902069092e-01 2.450142621994018555e+00 5.566000938415527344e+00
1.500000000000000000e+04 2.259921729564666748e-01 8.872501373291015625e+00 1.279830336570739746e-01 1.630501270294189453e+00 5.617481231689453125e+00 1.414469629526138306e-01 1.246651172637939453e+01 1.800458878278732300e-01 2.576820850372314453e+00 5.558184146881103516e+00
1.550000000000000000e+04 2.010919600725173950e-01 8.785620689392089844e+00 1.014684364199638367e-01 1.466411232948303223e+00 5.605391502380371094e+00 1.313148438930511475e-01 1.257751178741455078e+01 1.715782135725021362e-01 1.415746927261352539e+00 5.561757564544677734e+00
1.600000000000000000e+04 2.028415203094482422e-01 8.777720451354980469e+00 9.837577491998672485e-02 1.447912335395812988e+00 5.608400344848632812e+00 1.328043490648269653e-01 1.255321598052978516e+01 1.760087907314300537e-01 1.397716164588928223e+00 5.565011501312255859e+00
1.650000000000000000e+04 2.038525491952896118e-01 9.115557670593261719e+00 1.129419058561325073e-01 1.352055907249450684e+00 5.622835636138916016e+00 1.144907772541046143e-01 1.261966228485107422e+01 1.657055020332336426e-01 1.410292387008666992e+00 5.584408760070800781e+00
1.700000000000000000e+04 1.998176276683807373e-01 9.097764015197753906e+00 1.161035448312759399e-01 1.341389417648315430e+00 5.623192787170410156e+00 1.114998385310173035e-01 1.260316181182861328e+01 1.643558591604232788e-01 1.423073410987854004e+00 5.585381507873535156e+00
