# step, loss_train, loss_test, metrics_test
0.000000000000000000e+00 2.163056284189224243e-01 7.266990840435028076e-02 1.904962584376335144e-02 3.744077868759632111e-03 2.848815172910690308e-03 2.177114337682723999e-01 1.336059570312500000e-01 3.851544111967086792e-02 9.295823838328942657e-05 3.773920470848679543e-03
5.000000000000000000e+02 4.017966566607356071e-04 5.662450939416885376e-02 1.246274914592504501e-04 1.853729772847145796e-04 1.990438671782612801e-03 3.111270198132842779e-04 6.432737410068511963e-02 1.300212607020512223e-04 8.857387001626193523e-05 2.614302560687065125e-03
1.000000000000000000e+03 3.984255599789321423e-04 5.454475432634353638e-02 4.771751991938799620e-04 4.302493180148303509e-04 9.505944908596575260e-04 2.614001277834177017e-04 6.199497729539871216e-02 1.544295810163021088e-04 2.568873751442879438e-04 1.534404116682708263e-03
1.500000000000000000e+03 2.082935388898476958e-04 1.146747451275587082e-02 5.191133823245763779e-04 1.742577296681702137e-04 4.630464129149913788e-03 1.359152229269966483e-04 1.132824271917343140e-02 9.259948856197297573e-04 8.430748857790604234e-05 4.317392595112323761e-03
2.000000000000000000e+03 1.953265891643241048e-04 1.016645226627588272e-03 1.287452614633366466e-04 2.629371192597318441e-05 4.615163896232843399e-03 1.137348372139967978e-04 7.528475252911448479e-04 2.389485161984339356e-04 1.771925781213212758e-05 4.119420424103736877e-03
2.500000000000000000e+03 9.712426981423050165e-05 3.920304880011826754e-04 5.867050640517845750e-05 4.006941708212252706e-06 3.417261876165866852e-03 5.378980131354182959e-05 1.860009942902252078e-04 1.471779833082109690e-04 1.221043930854648352e-05 3.122375113889575005e-03
3.000000000000000000e+03 5.835481351823545992e-05 2.504971344023942947e-04 3.233111056033521891e-05 5.774277269665617496e-06 2.652105875313282013e-03 3.063720214413478971e-05 1.378590823151171207e-04 2.828415017575025558e-04 7.226433808682486415e-06 2.420620527118444443e-03
3.500000000000000000e+03 5.252264963928610086e-05 2.698637836147099733e-04 3.022850069100968540e-05 1.193589196191169322e-05 2.413923153653740883e-03 1.983845686481799930e-05 2.238099405076354742e-04 1.013279033941216767e-04 1.479313141317106783e-06 1.955466810613870621e-03
4.000000000000000000e+03 4.596540384227409959e-05 2.325634995941072702e-04 2.944138759630732238e-05 1.281604909308953211e-05 2.118384232744574547e-03 1.591619366081431508e-05 1.933526946231722832e-04 3.248298889957368374e-04 1.980018168978858739e-06 1.648546545766294003e-03
4.500000000000000000e+03 3.959969762945547700e-05 2.442367549519985914e-04 2.326448884559795260e-05 1.981889909075107425e-05 2.136466791853308678e-03 1.356815846520476043e-05 1.827244705054908991e-04 1.111979145207442343e-04 2.047094130830373615e-05 1.382100512273609638e-03
5.000000000000000000e+03 5.437730578705668449e-05 2.192271058447659016e-04 2.636698081914801151e-05 1.977915053430479020e-05 1.899608178064227104e-03 1.204114778374787420e-05 1.247386680915951729e-04 2.544346498325467110e-04 2.410361230431590229e-05 1.130029093474149704e-03
5.500000000000000000e+03 3.372360151843167841e-05 1.616552472114562988e-04 2.263084024889394641e-05 8.472700756101403385e-06 1.450915355235338211e-03 1.031295414577471092e-05 7.946512778289616108e-05 4.499378701439127326e-05 1.744854853313881904e-05 1.023570075631141663e-03
6.000000000000000000e+03 3.095779175055213273e-05 1.523883838672190905e-04 2.376991142227780074e-05 9.087812941288575530e-06 1.303989905864000320e-03 8.062892447924241424e-06 7.805014320183545351e-05 1.974959595827385783e-04 1.478986087022349238e-05 8.867905125953257084e-04
6.500000000000000000e+03 2.088810288114473224e-05 1.476781908422708511e-04 2.035476609307806939e-05 6.244693395274225622e-06 1.218710909597575665e-03 6.322386980173178017e-06 1.120251181419007480e-04 4.451011191122233868e-04 1.208517915074480698e-05 7.641062838956713676e-04
7.000000000000000000e+03 1.877364957181271166e-05 1.409535907441750169e-04 1.326683286606566980e-05 6.022479283274151385e-06 1.106994226574897766e-03 5.449308901006588712e-06 1.315233821514993906e-04 3.174846642650663853e-04 9.643619705457240343e-06 6.534019485116004944e-04
7.500000000000000000e+03 1.836787487263791263e-05 1.235949603142216802e-04 1.064021853380836546e-05 1.468916980229550973e-05 8.736920426599681377e-04 4.049512881465489045e-06 1.094755280064418912e-04 2.415142371319234371e-04 1.058740599546581507e-05 5.654648994095623493e-04
8.000000000000000000e+03 1.868011713668238372e-05 1.234968804055824876e-04 1.119057196774519980e-05 1.386305393680231646e-05 8.003627881407737732e-04 3.058107722608838230e-06 1.124701739172451198e-04 2.191095845773816109e-04 9.150752703135367483e-06 4.895944148302078247e-04
8.500000000000000000e+03 2.371881782892160118e-05 9.891056106425821781e-05 4.941111001244280487e-06 1.134617650677682832e-05 7.280459976755082607e-04 2.627478806971339509e-06 8.938364771893247962e-05 7.446471045113867149e-06 1.848273132054600865e-05 4.515170876402407885e-04
9.000000000000000000e+03 2.701265657378826290e-05 9.514851990388706326e-05 2.716772996791405603e-06 1.010612777463393286e-05 6.970225949771702290e-04 1.981948344109696336e-06 9.472474630456417799e-05 3.206037217751145363e-05 2.103357292071450502e-05 4.034365119878202677e-04
9.500000000000000000e+03 2.495028275006916374e-05 1.078056957339867949e-04 3.210045179002918303e-06 1.091690864996053278e-05 6.415317766368389130e-04 1.643521159166994039e-06 8.588290802435949445e-05 4.428860847838222980e-04 1.109850745706353337e-05 3.047948412131518126e-04
1.000000000000000000e+04 2.810580554069019854e-05 1.067568227881565690e-04 1.594410787220112979e-05 9.000223144539631903e-06 6.014892132952809334e-04 1.407632680638926104e-06 1.006601523840799928e-04 2.182923890359234065e-05 8.494652320223394781e-06 2.640346647240221500e-04
1.050000000000000000e+04 3.433518213569186628e-05 1.225403684657067060e-04 8.665129826113115996e-06 5.268866061669541523e-06 7.148734875954687595e-04 1.478843273616803344e-06 1.097458662115968764e-04 4.395598371047526598e-04 5.980914011161075905e-06 2.042575069935992360e-04
1.100000000000000000e+04 4.056396937812678516e-05 1.166982983704656363e-04 8.617378625785931945e-06 3.479641691228607669e-06 6.844153394922614098e-04 1.367323079648485873e-06 1.158448867499828339e-04 2.014793572016060352e-04 4.353183612693101168e-06 1.742545136949047446e-04
1.150000000000000000e+04 4.393587369122542441e-05 7.533619645982980728e-05 5.190248884900938720e-06 3.536279109539464116e-06 3.427116607781499624e-04 1.240929464074724820e-06 8.403934043599292636e-05 4.949080175720155239e-05 3.154489149892469868e-06 1.586437574587762356e-04
1.200000000000000000e+04 4.747816637973301113e-05 7.317899871850386262e-05 7.196627848315984011e-06 3.045846369786886498e-06 3.258285578340291977e-04 1.250705736310919747e-06 9.293821494793519378e-05 2.432058681733906269e-04 2.274571897942223586e-06 1.444287336198613048e-04
1.250000000000000000e+04 6.510419916594401002e-05 1.139244850492104888e-04 2.518326482459087856e-06 3.911775365850189701e-06 5.909779574722051620e-04 1.371678763462114148e-06 1.179004975710995495e-04 1.043813313117425423e-06 2.734927193159819581e-06 1.141379034379497170e-04
1.300000000000000000e+04 7.410265243379399180e-05 1.073703315341845155e-04 8.660858838993590325e-07 3.608619635997456498e-06 5.561499856412410736e-04 1.336559535047854297e-06 1.107215357478708029e-04 1.646222926865448244e-06 2.109137312800157815e-06 9.043382306117564440e-05
1.350000000000000000e+04 6.610764103243127465e-05 6.447151827160269022e-05 1.213665768773353193e-06 1.727258108985552099e-06 2.736635506153106689e-04 1.258863903785822913e-06 6.145420775283128023e-05 8.550781058147549629e-04 2.781488547043409199e-06 9.446612239116802812e-05
1.400000000000000000e+04 6.868936907267197967e-05 7.711567741353064775e-05 8.437950600637122989e-05 4.770475698023801669e-06 3.030983498319983482e-04 1.441373910893162247e-06 9.429722558706998825e-05 1.373313716612756252e-03 1.064553453034022823e-05 1.206857195938937366e-04
1.450000000000000000e+04 9.116588626056909561e-05 6.281267997110262513e-05 9.343550004814460408e-07 1.494429966442112345e-06 5.535152740776538849e-04 9.932857665262417868e-07 7.482279033865779638e-05 7.574674964416772127e-05 2.780608838293119334e-06 6.078039950807578862e-05
1.500000000000000000e+04 9.013332601170986891e-05 6.274817860685288906e-05 9.698794656287645921e-07 1.617292582523077726e-06 5.369664868339896202e-04 1.088608087229658850e-06 7.984386320458725095e-05 4.497009649639949203e-05 2.719889153013355099e-06 5.319521005731076002e-05
1.550000000000000000e+04 8.442586113233119249e-05 7.234633085317909718e-05 4.093902589374920353e-06 1.792126568034291267e-06 3.334872308187186718e-04 9.586564146957243793e-07 9.125926590058952570e-05 4.409342727740295231e-05 1.941813707162509672e-06 5.200875602895393968e-05
1.600000000000000000e+04 8.563348819734528661e-05 6.460585427703335881e-05 4.342791271483292803e-06 1.575425699229526799e-06 3.294840280432254076e-04 9.132592140304041095e-07 8.935255755204707384e-05 4.386161890579387546e-05 1.563036221341462806e-06 4.937350604450330138e-05
1.650000000000000000e+04 7.495439785998314619e-05 5.976014654152095318e-05 4.904251454718178138e-06 1.299086420658568386e-06 4.859262553509324789e-04 8.253765599874895997e-07 4.852052006754092872e-05 2.687406777113210410e-05 1.413113182024972048e-06 3.254994953749701381e-05
1.700000000000000000e+04 7.704475865466520190e-05 5.820289879920892417e-05 6.097155164752621204e-06 1.004799401016498450e-06 4.602895642165094614e-04 6.975608926040877122e-07 4.862357309320941567e-05 2.894159115385264158e-05 1.333615841758728493e-06 2.364206375204958022e-05
1.750000000000000000e+04 9.401417628396302462e-05 5.584467726293951273e-05 4.821572929358808324e-06 2.167029833799460903e-06 3.698249056469649076e-04 9.693038691693800502e-07 1.050926512107253075e-04 7.797208354531903751e-07 2.639298827489255928e-06 1.949186844285577536e-05
1.800000000000000000e+04 9.209587733494117856e-05 5.111054997541941702e-05 5.170477834326447919e-06 2.127329707946046256e-06 3.533183771651238203e-04 1.182309347314003389e-06 1.089062789105810225e-04 5.013975169276818633e-06 3.755156967599759810e-06 1.776302633516024798e-05
1.850000000000000000e+04 1.085580515791662037e-04 6.653532909695059061e-05 3.995325641881208867e-06 1.565410002513090149e-06 5.209972732700407505e-04 9.369816211801662575e-07 7.322571764234453440e-05 3.333931454108096659e-05 1.043320366989064496e-06 3.476715937722474337e-05
1.900000000000000000e+04 1.072035302058793604e-04 5.909588799113407731e-05 3.363061296113301069e-06 1.301145061916031409e-06 5.168159841559827328e-04 8.017285608730162494e-07 5.778318154625594616e-05 2.641417631821241230e-05 6.482095500359719153e-07 3.284036574768833816e-05
1.950000000000000000e+04 8.389451977564021945e-05 4.951802839059382677e-05 2.497529294487321749e-06 8.789382377472065855e-07 2.320012426935136318e-04 8.831016771182476077e-07 5.261554179014638066e-05 1.089133638743078336e-05 1.884717903521959670e-06 3.348790414747782052e-05
2.000000000000000000e+04 8.076197991613298655e-05 4.240286216372624040e-05 2.314165158168179914e-06 8.498436159243283328e-07 2.339974889764562249e-04 1.028942506309249438e-06 4.812676706933416426e-05 1.136085847974754870e-05 1.537742150503618177e-06 3.323567943880334496e-05
2.050000000000000000e+04 8.823161624604836106e-05 3.717954314197413623e-05 2.438087449263548478e-06 1.293488139708642848e-06 3.715367056429386139e-04 8.993726510198030155e-07 6.379031401593238115e-05 4.164469373790780082e-06 2.210654201917350292e-06 1.945005715242587030e-05
2.100000000000000000e+04 8.636908023618161678e-05 3.707666473928838968e-05 1.625805111871159170e-06 1.582130494170996826e-06 3.461868909653276205e-04 6.634992928411520552e-07 6.369627953972667456e-05 2.081681714116712101e-06 2.786451887004659511e-06 1.431716827937634662e-05
2.150000000000000000e+04 7.930701394798234105e-05 6.223547825356945395e-05 3.608437964430777356e-06 1.851802153396420181e-06 3.464215842541307211e-04 4.672583315823430894e-07 6.805939483456313610e-05 8.800659998087212443e-06 1.887857592919317540e-06 3.096529326285235584e-05
2.200000000000000000e+04 8.207969221984967589e-05 4.829886529478244483e-05 2.633953954500611871e-06 1.358003942186769564e-06 3.469080547802150249e-04 4.803670776709623169e-07 5.572199006564915180e-05 7.567080501758027822e-06 7.051991701700899284e-07 3.131346602458506823e-05
2.250000000000000000e+04 8.574342064093798399e-05 3.942675903090275824e-05 4.949436060996958986e-06 9.543769010633695871e-07 3.055280540138483047e-04 4.914961095892067533e-07 6.099250094848684967e-05 1.965906812984030694e-05 7.163176292124262545e-07 2.832807331287767738e-05
2.300000000000000000e+04 8.247454388765618205e-05 3.753311102627776563e-05 2.910196371885831468e-06 7.695644512750732247e-07 3.041528398171067238e-04 5.621696459456870798e-07 5.950502963969483972e-05 1.898325353977270424e-05 7.462246571776631754e-07 2.790847611322533339e-05
2.350000000000000000e+04 8.498541137669235468e-05 5.081440031062811613e-05 4.481762971408898011e-06 1.010808773571625352e-06 3.399871638976037502e-04 8.591255209466908127e-07 6.431754445657134056e-05 1.866523234639316797e-04 3.385476929906872101e-07 2.812266939145047218e-05
2.400000000000000000e+04 9.134363790508359671e-05 4.551240272121503949e-05 1.253729237760126125e-06 8.798686508271202911e-07 3.177748294547200203e-04 1.038608502312854398e-06 4.939861173625104129e-05 2.666088694240897894e-04 6.218477892616647296e-07 2.410133129160385579e-05
2.450000000000000000e+04 9.013251110445708036e-05 3.825929525191895664e-05 6.495120032923296094e-06 1.464561364628025331e-06 3.268700966145843267e-04 8.481569579998904373e-07 4.028526382171548903e-05 5.301184501149691641e-06 1.674277768870524596e-06 1.622055970074143261e-05
2.500000000000000000e+04 9.628148109186440706e-05 7.205350993899628520e-05 2.111765206791460514e-05 1.254058247468492482e-06 3.063402546104043722e-04 9.769648841029265895e-07 7.163606642279773951e-05 2.482857780705671757e-05 3.431106961215846241e-06 3.601800199248827994e-05
2.550000000000000000e+04 1.168963935924693942e-04 4.906001413473859429e-05 3.977880169259151444e-06 2.788415486065787263e-06 2.759729977697134018e-04 9.304858394898474216e-07 4.769098813994787633e-05 5.463846719067078084e-06 4.298973635741276667e-06 2.624624721647705883e-05
2.600000000000000000e+04 1.138872394221834838e-04 4.410986730363219976e-05 3.335378778501763009e-06 2.423721980449045077e-06 2.755431632976979017e-04 9.453702318751311395e-07 4.459597039385698736e-05 5.574094757321290672e-06 3.983254828199278563e-06 2.628502988955006003e-05
2.650000000000000000e+04 8.325047383550554514e-05 4.125211853533983231e-05 3.290142558398656547e-06 8.927376597966940608e-07 2.812808961607515812e-04 8.998579232866177335e-07 5.013524787500500679e-05 5.018941010348498821e-06 1.106813897422398441e-06 2.476834379194770008e-05
2.700000000000000000e+04 8.119318954413756728e-05 4.125726627535186708e-05 3.271736204624176025e-06 7.658646268282609526e-07 2.753555017989128828e-04 1.163375600299332291e-06 5.473934288602322340e-05 2.846640200004912913e-06 1.945119038282427937e-06 2.329037488379981369e-05
2.750000000000000000e+04 7.467981777153909206e-05 4.135721246711909771e-05 1.846723080234369263e-06 9.406034564563015010e-07 3.152097051497548819e-04 1.314907763116934802e-06 4.441490818862803280e-05 2.412470530543942004e-05 8.372253432753495872e-06 2.274660073453560472e-05
2.800000000000000000e+04 7.057024777168408036e-05 7.100015500327572227e-05 1.250191508006537333e-05 8.635628887532220688e-07 3.330691542942076921e-04 1.628668997000204399e-06 1.003970464807935059e-04 4.951086884830147028e-05 7.357130016316659749e-06 3.790497066802345216e-05
2.850000000000000000e+04 7.921087672002613544e-05 3.393206861801445484e-05 2.120238377756322734e-06 1.403793135068553966e-06 3.171552089042961597e-04 1.198680820380104706e-06 3.211258081137202680e-05 5.026028702559415251e-06 4.477927177504170686e-06 1.870456253527663648e-05
2.900000000000000000e+04 7.858261233195662498e-05 3.179376290063373744e-05 1.593931983734364621e-06 1.252527567885408644e-06 3.151382261421531439e-04 1.061372472577204462e-06 3.051229759876150638e-05 3.305587142676813528e-06 3.827670298051089048e-06 1.721315493341535330e-05
2.950000000000000000e+04 6.403974839486181736e-05 4.362273102742619812e-05 6.459690484916791320e-05 1.679541242083359975e-06 2.573931706137955189e-04 1.159378825832391158e-06 4.206235098536126316e-05 3.238990757381543517e-05 8.747449101065285504e-06 2.468646016495767981e-05
3.000000000000000000e+04 6.555220170412212610e-05 6.774476787541061640e-05 1.341271563433110714e-04 3.032535232705413364e-06 2.342069928999990225e-04 1.139332653110614046e-06 9.788127499632537365e-05 8.248147787526249886e-05 2.073747782560531050e-05 2.321449937880970538e-05
