# step, loss_train, loss_test, metrics_test
0.000000000000000000e+00 9.971194667741656303e-04 1.347677558660507202e-01 3.486694023013114929e-02 3.088172711431980133e-02 4.378127679228782654e-02 1.000611810013651848e-03 1.380626559257507324e-01 3.053276240825653076e-02 2.945471554994583130e-02 4.444645717740058899e-02
5.000000000000000000e+02 5.812952294945716858e-04 1.171196550130844116e-01 1.814281381666660309e-02 1.704832725226879120e-02 2.814142964780330658e-02 5.811316659674048424e-04 1.235871016979217529e-01 1.542280707508325577e-02 1.584627665579319000e-02 2.889622375369071960e-02
1.000000000000000000e+03 4.315580590628087521e-04 1.029223650693893433e-01 8.086304180324077606e-03 8.454163558781147003e-03 1.735137403011322021e-02 4.297517880331724882e-04 1.108304709196090698e-01 6.496566347777843475e-03 7.532860618084669113e-03 1.816149242222309113e-02
1.500000000000000000e+03 3.938631271012127399e-04 1.097336858510971069e-01 2.761017298325896263e-03 3.554425435140728951e-03 9.962586686015129089e-03 3.910037048626691103e-04 9.997536987066268921e-02 1.843072241172194481e-03 2.839173655956983566e-03 1.097545493394136429e-02
2.000000000000000000e+03 4.793001280631870031e-04 1.002365946769714355e-01 4.592608602251857519e-04 1.105191768147051334e-03 5.618528462946414948e-03 4.758819995913654566e-04 9.100378304719924927e-02 1.561167446197941899e-04 7.084500393830239773e-04 6.558297667652368546e-03
2.500000000000000000e+03 7.746536866761744022e-04 1.074682846665382385e-01 2.756087815214414150e-05 1.881316420622169971e-04 3.140384098514914513e-03 7.749568321742117405e-04 8.340413123369216919e-02 1.125578492064960301e-04 5.167766721569932997e-05 4.093820229172706604e-03
3.000000000000000000e+03 1.191355520859360695e-03 1.018150821328163147e-01 3.997351741418242455e-04 1.042166968545643613e-05 2.001803368330001831e-03 1.191039453260600567e-03 7.784562557935714722e-02 7.088174461387097836e-04 3.954457497457042336e-05 2.881087828427553177e-03
3.500000000000000000e+03 2.236289437860250473e-03 7.730915397405624390e-02 6.189885316416621208e-04 2.529387347749434412e-05 1.565750804729759693e-03 2.239230088889598846e-03 7.334175705909729004e-02 1.053514191880822182e-03 8.884690032573416829e-05 2.410385059192776680e-03
4.000000000000000000e+03 3.079214598983526230e-03 7.469002902507781982e-02 7.722891168668866158e-04 3.593289147829636931e-05 1.422364148311316967e-03 3.084024647250771523e-03 7.066956907510757446e-02 1.267147716134786606e-03 1.140591048169881105e-04 2.238084562122821808e-03
4.500000000000000000e+03 1.765218563377857208e-03 5.858381092548370361e-02 7.893730071373283863e-04 5.000773671781644225e-05 1.418702071532607079e-03 1.758428523316979408e-03 7.216134667396545410e-02 1.305163721553981304e-03 1.471760479034855962e-04 2.207169076427817345e-03
5.000000000000000000e+03 1.262091682292521000e-03 5.847377702593803406e-02 6.590709672309458256e-04 2.930083428509533405e-05 1.479929895140230656e-03 1.254978473298251629e-03 7.273918390274047852e-02 1.134157762862741947e-03 1.025316742016002536e-04 2.262047724798321724e-03
5.500000000000000000e+03 1.178797334432601929e-03 6.313543766736984253e-02 6.468208739534020424e-04 1.263144531549187377e-05 1.697582192718982697e-03 1.174188684672117233e-03 7.206993550062179565e-02 1.096942112781107426e-03 8.626910130260512233e-05 2.432497451081871986e-03
6.000000000000000000e+03 1.067591365426778793e-03 6.259518861770629883e-02 5.747853429056704044e-04 1.101910402212524787e-05 1.898120855912566185e-03 1.062952564097940922e-03 7.156853377819061279e-02 1.004439778625965118e-03 6.063779073883779347e-05 2.613813849166035652e-03
6.500000000000000000e+03 9.370701154693961143e-04 6.473769992589950562e-02 6.129752728156745434e-04 1.095331481337780133e-05 2.168822335079312325e-03 9.350249310955405235e-04 7.080841809511184692e-02 1.014557899907231331e-03 6.006994226481765509e-05 2.895529614761471748e-03
7.000000000000000000e+03 7.939679780974984169e-04 6.406369805335998535e-02 5.469216266646981239e-04 1.473430529586039484e-05 2.433844609186053276e-03 7.916965987533330917e-04 7.029152661561965942e-02 9.272070019505918026e-04 4.137839277973398566e-05 3.142687724903225899e-03
7.500000000000000000e+03 1.247618347406387329e-03 7.895197719335556030e-02 6.326008005999028683e-04 1.378581873723305762e-05 2.951612928882241249e-03 1.241495134308934212e-03 6.794543564319610596e-02 1.048719044774770737e-03 4.684597661253064871e-05 3.627344034612178802e-03
8.000000000000000000e+03 1.065320218913257122e-03 7.802396267652511597e-02 5.557157564908266068e-04 2.106027750414796174e-05 3.333574626594781876e-03 1.059262780472636223e-03 6.743220984935760498e-02 9.456733241677284241e-04 2.830551056831609458e-05 3.987988922744989395e-03
8.500000000000000000e+03 3.349679755046963692e-04 5.864688754081726074e-02 2.928415487986057997e-04 6.559132452821359038e-05 3.291107015684247017e-03 3.295025962870568037e-04 6.920750439167022705e-02 5.812302115373313427e-04 3.211647026546415873e-06 3.995532635599374771e-03
9.000000000000000000e+03 2.769257989712059498e-04 5.834967643022537231e-02 2.576385159045457840e-04 7.981892122188583016e-05 3.503877203911542892e-03 2.717363822739571333e-04 6.892608851194381714e-02 5.274044233374297619e-04 2.989050244650570676e-06 4.200972151011228561e-03
9.500000000000000000e+03 4.687318869400769472e-04 5.561288818717002869e-02 1.768562942743301392e-04 1.121339300880208611e-04 3.696062602102756500e-03 4.631282063201069832e-04 6.789696961641311646e-02 4.453473666217178106e-04 9.915174814523197711e-06 4.381277598440647125e-03
1.000000000000000000e+04 4.083318926859647036e-04 5.539849027991294861e-02 1.532802416477352381e-04 1.259987766388803720e-04 3.887639380991458893e-03 4.031392745673656464e-04 6.768362969160079956e-02 4.031810967717319727e-04 1.420783155481331050e-05 4.566709976643323898e-03
1.050000000000000000e+04 3.227699489798396826e-04 5.713455751538276672e-02 2.029728202614933252e-04 1.112653917516581714e-04 4.233781248331069946e-03 3.207088739145547152e-04 6.754113733768463135e-02 4.280179855413734913e-04 8.106614586722571403e-06 4.752051085233688354e-03
1.100000000000000000e+04 2.944961306639015675e-04 5.702665820717811584e-02 1.844755170168355107e-04 1.157848819275386631e-04 4.343839362263679504e-03 2.925140433944761753e-04 6.741517782211303711e-02 3.938037552870810032e-04 9.400258932146243751e-06 4.855205770581960678e-03
1.150000000000000000e+04 7.679552072659134865e-04 6.879348307847976685e-02 2.157717681257054210e-04 1.125295675592496991e-04 4.850956611335277557e-03 7.661546696908771992e-04 6.567142903804779053e-02 4.651228082366287708e-04 9.419842172064818442e-06 5.424496252089738846e-03
1.200000000000000000e+04 6.739426171407103539e-04 6.854270398616790771e-02 1.810569956433027983e-04 1.261869765585288405e-04 5.112812854349613190e-03 6.728111766278743744e-04 6.552552431821823120e-02 4.072719602845609188e-04 1.484336280554998666e-05 5.676185246556997299e-03
1.250000000000000000e+04 4.838530148845165968e-04 7.166928052902221680e-02 1.376025174977257848e-04 1.650842750677838922e-04 5.370792467147111893e-03 4.834894789382815361e-04 6.550491601228713989e-02 3.011113149113953114e-04 2.998174932145047933e-05 5.988427437841892242e-03
1.300000000000000000e+04 4.370445676613599062e-04 7.152363657951354980e-02 1.147248040069825947e-04 1.686869363766163588e-04 5.518177989870309830e-03 4.367257934063673019e-04 6.543489545583724976e-02 2.598216233309358358e-04 3.305777136120013893e-05 6.132070440798997879e-03
1.350000000000000000e+04 3.733655903488397598e-04 6.662692129611968994e-02 9.027076885104179382e-05 1.446264941478148103e-04 5.569970700889825821e-03 3.709776501636952162e-04 6.548976153135299683e-02 2.512162318453192711e-04 2.526537537050899118e-05 6.129724904894828796e-03
1.400000000000000000e+04 3.688773722387850285e-04 6.662354618310928345e-02 7.916176400613039732e-05 1.310803054366260767e-04 5.547380540519952774e-03 3.661221126094460487e-04 6.547977775335311890e-02 2.262615307699888945e-04 2.514204606995917857e-05 6.108155008405447006e-03
1.450000000000000000e+04 2.701629418879747391e-04 6.511934101581573486e-02 8.719335164641961455e-05 9.018345008371397853e-05 5.077417939901351929e-03 2.680911566130816936e-04 6.604819744825363159e-02 2.180128940381109715e-04 1.542574500490445644e-05 5.617503076791763306e-03
1.500000000000000000e+04 2.790987782645970583e-04 6.516165286302566528e-02 8.326151873916387558e-05 8.157403499353677034e-05 4.994628485292196274e-03 2.766144170891493559e-04 6.605692207813262939e-02 2.029790630331262946e-04 1.471961513743735850e-05 5.538038909435272217e-03
1.550000000000000000e+04 1.761325693223625422e-04 5.254073068499565125e-02 4.026118040201254189e-05 9.481987217441201210e-05 3.798248246312141418e-03 1.744994078762829304e-04 6.801354140043258667e-02 1.072151062544435263e-04 2.465269426465965807e-05 4.431221168488264084e-03
1.600000000000000000e+04 2.110897185048088431e-04 5.268637835979461670e-02 4.448022446013055742e-05 7.502532389480620623e-05 3.585725091397762299e-03 2.090725756715983152e-04 6.819552183151245117e-02 1.101516099879518151e-04 1.826396146498154849e-05 4.227872937917709351e-03
1.650000000000000000e+04 1.480787905165925622e-04 6.841406226158142090e-02 8.952978532761335373e-05 6.386853783624246716e-05 4.757000133395195007e-03 1.433202996850013733e-04 6.672027707099914551e-02 1.586443977430462837e-04 9.925390259013511240e-06 5.223382264375686646e-03
1.700000000000000000e+04 1.132498946390114725e-04 6.810326129198074341e-02 6.775247311452403665e-05 7.775361882522702217e-05 5.045824684202671051e-03 1.080255970009602606e-04 6.650954484939575195e-02 1.205702865263447165e-04 1.575765782035887241e-05 5.493462085723876953e-03
1.750000000000000000e+04 1.102501773857511580e-04 6.607834249734878540e-02 3.733699850272387266e-05 8.473864727420732379e-05 4.103005398064851761e-03 1.069040372385643423e-04 6.764241307973861694e-02 7.640245894435793161e-05 2.126481376762967557e-05 4.718945361673831940e-03
1.800000000000000000e+04 1.371911057503893971e-04 6.623362749814987183e-02 4.233012805343605578e-05 6.830671918578445911e-05 3.890342079102993011e-03 1.335692359134554863e-04 6.780347973108291626e-02 7.946012192405760288e-05 1.758226790116168559e-05 4.515017848461866379e-03
1.850000000000000000e+04 4.833969796891324222e-05 5.289473384618759155e-02 4.672999784816056490e-05 3.676322376122698188e-05 3.276537870988249779e-03 4.206377343507483602e-05 7.007635384798049927e-02 8.002293907338753343e-05 7.366264981101267040e-06 3.870077198371291161e-03
1.900000000000000000e+04 5.910955223953351378e-05 5.302476510405540466e-02 5.743295696447603405e-05 3.072009712923318148e-05 3.099641762673854828e-03 5.233168121776543558e-05 7.032937556505203247e-02 8.708592213224619627e-05 6.017566647642524913e-06 3.704982344061136246e-03
1.950000000000000000e+04 2.770047867670655251e-04 6.404393911361694336e-02 6.150998524390161037e-05 5.372561645344831049e-05 3.974550869315862656e-03 2.720080956351011992e-04 6.708797812461853027e-02 9.970547398552298546e-05 1.354352662019664422e-05 4.549924284219741821e-03
2.000000000000000000e+04 2.177926653530448675e-04 6.370232999324798584e-02 4.212590647512115538e-05 7.273889059433713555e-05 4.286190029233694077e-03 2.118041884386911988e-04 6.680926680564880371e-02 7.235981320263817906e-05 2.207070065196603537e-05 4.844817798584699631e-03
2.050000000000000000e+04 3.112531558144837618e-04 6.939065456390380859e-02 8.092468488030135632e-05 4.637213351088576019e-05 4.815661814063787460e-03 3.013350069522857666e-04 6.587661057710647583e-02 1.174631033791229129e-04 1.294644334848271683e-05 5.358036141842603683e-03
2.100000000000000000e+04 2.913242205977439880e-04 6.925982981920242310e-02 7.137049396988004446e-05 5.349431739887222648e-05 4.929794929921627045e-03 2.801208756864070892e-04 6.578424572944641113e-02 1.016430469462648034e-04 1.532254464109428227e-05 5.466203205287456512e-03
2.150000000000000000e+04 3.585883241612464190e-04 6.113265827298164368e-02 1.976964449568185955e-05 9.422675066161900759e-05 4.224143922328948975e-03 3.444805042818188667e-04 6.640899181365966797e-02 3.778281097766011953e-05 4.158270530751906335e-05 4.780731629580259323e-03
2.200000000000000000e+04 3.895527624990791082e-04 6.120744720101356506e-02 2.188889993703924119e-05 8.463181438855826855e-05 4.087837412953376770e-03 3.736377111636102200e-04 6.644672155380249023e-02 4.044151501148007810e-05 3.797807221417315304e-05 4.651616793125867844e-03
2.250000000000000000e+04 9.446970652788877487e-04 7.146181911230087280e-02 4.757968781632371247e-05 1.017551112454384565e-04 5.456522107124328613e-03 9.393733344040811062e-04 6.491586565971374512e-02 6.993161514401435852e-05 5.257410521153360605e-05 5.962596274912357330e-03
2.300000000000000000e+04 7.786443457007408142e-04 7.084427773952484131e-02 2.387258246017154306e-05 1.415858423570170999e-04 5.986188072711229324e-03 7.707679760642349720e-04 6.492726504802703857e-02 3.903045580955222249e-05 8.301927300635725260e-05 6.469200830906629562e-03
2.350000000000000000e+04 6.217687041498720646e-04 5.765902623534202576e-02 5.737965693697333336e-06 2.251721307402476668e-04 4.691492766141891479e-03 6.044704932719469070e-04 6.552617251873016357e-02 2.886795300582889467e-06 1.656374952290207148e-04 5.265886895358562469e-03
2.400000000000000000e+04 7.644851575605571270e-04 5.781178176403045654e-02 1.908224021462956443e-06 1.667055475991219282e-04 4.219687078148126602e-03 7.461793720722198486e-04 6.566273421049118042e-02 4.280066605133470148e-06 1.307411730522289872e-04 4.814415704458951950e-03
2.450000000000000000e+04 2.817609929479658604e-04 5.533693730831146240e-02 1.983992206078255549e-06 1.292560336878523231e-04 3.405082039535045624e-03 2.679279423318803310e-04 6.749939918518066406e-02 2.971910589621984400e-06 8.784779492998495698e-05 4.091433715075254440e-03
2.500000000000000000e+04 3.550194669514894485e-04 5.547426268458366394e-02 1.723248942653299309e-06 9.463648166274651885e-05 3.046913538128137589e-03 3.416565014049410820e-04 6.784237176179885864e-02 6.963419309613527730e-06 6.355590448947623372e-05 3.745310241356492043e-03
2.550000000000000000e+04 4.465426900424063206e-04 6.144620105624198914e-02 7.899313641246408224e-05 3.430861761444248259e-05 3.992056008428335190e-03 4.268141638021916151e-04 6.616517901420593262e-02 9.192292782245203853e-05 1.349173908238299191e-05 4.563975613564252853e-03
2.600000000000000000e+04 3.787004388868808746e-04 6.102380529046058655e-02 5.836671698489226401e-05 4.996452844352461398e-05 4.344332031905651093e-03 3.574625879991799593e-04 6.593071669340133667e-02 6.727908476023003459e-05 2.193008549511432648e-05 4.895205609500408173e-03
2.650000000000000000e+04 3.338751557748764753e-04 4.961441457271575928e-02 8.258006346295587718e-06 7.712776277912780643e-05 3.657184075564146042e-03 3.117989981546998024e-04 6.684485822916030884e-02 1.711445474938955158e-05 5.128224802319891751e-05 4.305213689804077148e-03
2.700000000000000000e+04 3.820725833065807819e-04 4.974644258618354797e-02 1.299073755944846198e-05 6.354445940814912319e-05 3.432350466027855873e-03 3.591468557715415955e-04 6.699582934379577637e-02 2.374180803599301726e-05 4.143285332247614861e-05 4.089692141860723495e-03
2.750000000000000000e+04 8.636270649731159210e-04 5.884637311100959778e-02 2.393822614976670593e-05 7.490265852538868785e-05 3.494801465421915054e-03 8.444504346698522568e-04 6.593149900436401367e-02 3.720582390087656677e-05 4.884645750280469656e-05 4.151831381022930145e-03
2.800000000000000000e+04 8.690183167345821857e-04 5.880187824368476868e-02 2.391751331742852926e-05 7.886269304435700178e-05 3.484584391117095947e-03 8.469891035929322243e-04 6.588068604469299316e-02 3.742733679246157408e-05 5.117122418596409261e-05 4.142095800489187241e-03
2.850000000000000000e+04 3.943622577935457230e-04 5.559905618429183960e-02 2.418878102616872638e-05 6.405098974937573075e-05 3.670156234875321388e-03 3.644680837169289589e-04 6.653491407632827759e-02 4.031058051623404026e-05 3.501247920212335885e-05 4.276291467249393463e-03
2.900000000000000000e+04 3.927766811102628708e-04 5.556676909327507019e-02 2.454034620313905180e-05 6.851210491731762886e-05 3.684839932247996330e-03 3.618337796069681644e-04 6.649438291788101196e-02 4.110185182071290910e-05 3.600123454816639423e-05 4.289398435503244400e-03
2.950000000000000000e+04 3.809031913988292217e-04 6.195567175745964050e-02 1.789913585525937378e-05 9.013619273900985718e-05 4.331782460212707520e-03 3.475388512015342712e-04 6.578248739242553711e-02 3.756891601369716227e-05 5.042234261054545641e-05 4.912123084068298340e-03
3.000000000000000000e+04 3.732214390765875578e-04 6.186844781041145325e-02 1.537275966256856918e-05 9.783079440239816904e-05 4.400337580591440201e-03 3.387486212886869907e-04 6.573202461004257202e-02 3.316184665891341865e-05 5.524605148821137846e-05 4.976802039891481400e-03
3.050000000000000000e+04 4.660043923649936914e-04 5.870012193918228149e-02 1.026837999233976007e-04 4.013459692941978574e-05 4.288025666028261185e-03 4.242185386829078197e-04 6.555737555027008057e-02 1.249559863936156034e-04 1.430313841410679743e-05 4.842491354793310165e-03
3.100000000000000000e+04 4.795317072421312332e-04 5.869590118527412415e-02 1.094547405955381691e-04 4.288143463782034814e-05 4.243686329573392868e-03 4.354272969067096710e-04 6.554064899682998657e-02 1.284594472963362932e-04 1.383713970426470041e-05 4.799261689186096191e-03
3.150000000000000000e+04 2.516986860428005457e-04 5.760098621249198914e-02 3.666994962259195745e-05 6.477293209172785282e-05 3.381148213520646095e-03 2.139893767889589071e-04 6.784271448850631714e-02 4.578779771691188216e-05 2.109773231495637447e-05 3.963160794228315353e-03
3.200000000000000000e+04 2.474315988365560770e-04 5.766837671399116516e-02 4.278073538444004953e-05 6.217645568540319800e-05 3.296499140560626984e-03 2.106337778968736529e-04 6.795109808444976807e-02 5.291422712616622448e-05 1.805196552595589310e-05 3.883196273818612099e-03
3.250000000000000000e+04 4.084547981619834900e-04 5.618429183959960938e-02 4.599629755830392241e-05 7.699161506025120616e-05 3.429205389693379402e-03 3.699590452015399933e-04 6.668440252542495728e-02 6.050102820154279470e-05 2.523464718251489103e-05 4.026787355542182922e-03
3.300000000000000000e+04 4.133634502068161964e-04 5.617341399192810059e-02 4.491208892432041466e-05 7.742153684375807643e-05 3.420461900532245636e-03 3.736822691280394793e-04 6.665842980146408081e-02 6.077329817344434559e-05 2.531085556256584823e-05 4.018114414066076279e-03
3.350000000000000000e+04 3.209906280972063541e-04 5.207885801792144775e-02 1.461763804400106892e-05 1.028787737595848739e-04 3.295088186860084534e-03 2.765510289464145899e-04 6.730376183986663818e-02 1.934052124852314591e-05 4.267284020897932351e-05 3.907610662281513214e-03
3.400000000000000000e+04 3.185367386322468519e-04 5.207567289471626282e-02 1.320592946285614744e-05 1.000248739728704095e-04 3.286629682406783104e-03 2.746095706243067980e-04 6.731836497783660889e-02 1.714207428449299186e-05 3.637836925918236375e-05 3.898819442838430405e-03
3.450000000000000000e+04 3.811442293226718903e-04 5.482872202992439270e-02 1.882168248812376987e-06 1.418964093318209052e-04 3.240712219849228859e-03 3.386519092600792646e-04 6.718271225690841675e-02 5.997933385515352711e-06 5.549725756281986833e-05 3.809512825682759285e-03
3.500000000000000000e+04 3.892215318046510220e-04 5.481982231140136719e-02 1.528583084109413903e-06 1.349775120615959167e-04 3.223722334951162338e-03 3.457080456428229809e-04 6.717824935913085938e-02 4.835418167203897610e-06 5.552091170102357864e-05 3.792809322476387024e-03
3.550000000000000000e+04 4.011520068161189556e-04 6.002789363265037537e-02 1.634788304727408104e-06 1.011775675578974187e-04 2.749588107690215111e-03 3.649833961389958858e-04 6.770761311054229736e-02 7.448732503689825535e-06 5.252543633105233312e-05 3.454293822869658470e-03
3.600000000000000000e+04 4.041933570988476276e-04 6.001396477222442627e-02 2.537476120778592303e-06 1.081837835954502225e-04 2.732835477218031883e-03 3.675403131637722254e-04 6.768117845058441162e-02 1.049417824106058106e-05 5.563641752814874053e-05 3.437485778704285622e-03
3.650000000000000000e+04 1.380686764605343342e-03 7.811336964368820190e-02 1.950093137566000223e-04 2.515995583962649107e-05 4.457686096429824829e-03 1.336015877313911915e-03 6.467600911855697632e-02 2.397045755060389638e-04 1.476604393246816471e-05 4.976856522262096405e-03
3.700000000000000000e+04 1.154845580458641052e-03 7.737395912408828735e-02 1.430896954843774438e-04 4.083997191628441215e-05 5.029219202697277069e-03 1.107204821892082691e-03 6.470399349927902222e-02 1.814411516534164548e-04 1.781768150976859033e-05 5.513471551239490509e-03
