# step, loss_train, loss_test, metrics_test
0.000000000000000000e+00 1.021968666464090347e-02 7.394434511661529541e-02 3.768446622416377068e-04 2.535298335715197027e-05 1.337265782058238983e-02 1.029886398464441299e-02 7.333138585090637207e-02 3.338715177960693836e-04 4.544364128378219903e-05 1.415434293448925018e-02
5.000000000000000000e+02 6.388414859771728516e+00 8.854957580566406250e+01 1.046385383605957031e+01 2.224575519561767578e+00 9.046429443359375000e+01 6.242290973663330078e+00 1.167542953491210938e+02 3.685421943664550781e+00 6.580501198768615723e-01 8.974951934814453125e+01
1.000000000000000000e+03 6.383478641510009766e+00 8.847889709472656250e+01 1.045847606658935547e+01 2.223792314529418945e+00 9.039650726318359375e+01 6.237493038177490234e+00 1.166619491577148438e+02 3.684732198715209961e+00 6.580514311790466309e-01 8.968219757080078125e+01
1.500000000000000000e+03 6.592653274536132812e+00 8.828504943847656250e+01 1.232390022277832031e+01 2.523837566375732422e+00 8.979759216308593750e+01 6.230185508728027344e+00 1.165218734741210938e+02 3.683815002441406250e+00 6.580973267555236816e-01 8.958078765869140625e+01
2.000000000000000000e+03 6.581888198852539062e+00 8.813674926757812500e+01 1.230965900421142578e+01 2.521912813186645508e+00 8.965705871582031250e+01 6.220137596130371094e+00 1.163284530639648438e+02 3.682562828063964844e+00 6.581644415855407715e-01 8.944058227539062500e+01
2.500000000000000000e+03 6.692505836486816406e+00 8.912657928466796875e+01 1.116795158386230469e+01 2.143309116363525391e+00 8.896817779541015625e+01 6.207065582275390625e+00 1.160721817016601562e+02 3.680809259414672852e+00 6.582280993461608887e-01 8.925351715087890625e+01
3.000000000000000000e+03 6.673961639404296875e+00 8.886707305908203125e+01 1.114643001556396484e+01 2.140853881835937500e+00 8.872346496582031250e+01 6.190093517303466797e+00 1.157367706298828125e+02 3.678489446640014648e+00 6.583099961280822754e-01 8.900817108154296875e+01
3.500000000000000000e+03 6.624149322509765625e+00 9.044873809814453125e+01 1.139671707153320312e+01 2.157508611679077148e+00 8.874452209472656250e+01 6.167460918426513672e+00 1.152958145141601562e+02 3.675509929656982422e+00 6.584309339523315430e-01 8.868701171875000000e+01
4.000000000000000000e+03 6.592419624328613281e+00 9.000124359130859375e+01 1.135842514038085938e+01 2.153151512145996094e+00 8.833098602294921875e+01 6.138391494750976562e+00 1.147286529541015625e+02 3.671653985977172852e+00 6.585818529129028320e-01 8.827376556396484375e+01
4.500000000000000000e+03 6.439152717590332031e+00 8.907424163818359375e+01 1.192267322540283203e+01 2.188906908035278320e+00 8.842471313476562500e+01 6.100922584533691406e+00 1.139989471435546875e+02 3.666337966918945312e+00 6.587283611297607422e-01 8.774193572998046875e+01
5.000000000000000000e+03 6.388088226318359375e+00 8.833871459960937500e+01 1.185408782958984375e+01 2.181133747100830078e+00 8.774111938476562500e+01 6.053287029266357422e+00 1.130682983398437500e+02 3.659518718719482422e+00 6.589121818542480469e-01 8.706296539306640625e+01
5.500000000000000000e+03 6.381027221679687500e+00 8.543811035156250000e+01 1.086463165283203125e+01 2.543287992477416992e+00 8.633272552490234375e+01 5.994767665863037109e+00 1.119063720703125000e+02 3.650862932205200195e+00 6.590770483016967773e-01 8.621060180664062500e+01
6.000000000000000000e+03 6.301156044006347656e+00 8.429900360107421875e+01 1.076959133148193359e+01 2.527861595153808594e+00 8.524991607666015625e+01 5.920863628387451172e+00 1.104344100952148438e+02 3.639902830123901367e+00 6.592956781387329102e-01 8.512947845458984375e+01
6.500000000000000000e+03 6.354905128479003906e+00 8.310404968261718750e+01 1.031152153015136719e+01 2.485212802886962891e+00 8.376930236816406250e+01 5.824580192565917969e+00 1.085522079467773438e+02 3.632121086120605469e+00 6.606678366661071777e-01 8.375994873046875000e+01
7.000000000000000000e+03 6.219939231872558594e+00 8.126099395751953125e+01 1.017767238616943359e+01 2.463184595108032227e+00 8.204219055175781250e+01 5.703452587127685547e+00 1.061817550659179688e+02 3.622626781463623047e+00 6.625444293022155762e-01 8.203363800048828125e+01
7.500000000000000000e+03 5.937761306762695312e+00 7.864264678955078125e+01 1.103100204467773438e+01 2.364181995391845703e+00 8.010491943359375000e+01 5.555856227874755859e+00 1.032286834716796875e+02 3.602187871932983398e+00 6.637544035911560059e-01 7.986207580566406250e+01
8.000000000000000000e+03 5.735697269439697266e+00 7.579931640625000000e+01 1.076158618927001953e+01 2.328630447387695312e+00 7.738124847412109375e+01 5.370474338531494141e+00 9.953150939941406250e+01 3.577613592147827148e+00 6.658927798271179199e-01 7.714565277099609375e+01
8.500000000000000000e+03 5.385550975799560547e+00 7.077885437011718750e+01 9.990262985229492188e+00 2.107969999313354492e+00 7.445648956298828125e+01 5.144822597503662109e+00 9.497987365722656250e+01 3.546212911605834961e+00 6.690463423728942871e-01 7.378796386718750000e+01
9.000000000000000000e+03 5.085656642913818359e+00 6.651930999755859375e+01 9.617828369140625000e+00 2.062867164611816406e+00 7.026460266113281250e+01 4.862544059753417969e+00 8.931578826904296875e+01 3.512755393981933594e+00 6.755557060241699219e-01 6.962971496582031250e+01
9.500000000000000000e+03 4.669097900390625000e+00 6.499232482910156250e+01 9.761091232299804688e+00 1.854508876800537109e+00 6.474391174316406250e+01 4.488885879516601562e+00 8.207488250732421875e+01 3.487603187561035156e+00 6.901879310607910156e-01 6.441020965576171875e+01
1.000000000000000000e+04 4.194514751434326172e+00 5.803584671020507812e+01 9.175633430480957031e+00 1.811885356903076172e+00 5.840266799926757812e+01 4.039647579193115234e+00 7.326824188232421875e+01 3.473734378814697266e+00 7.154880166053771973e-01 5.810039520263671875e+01
