# step, loss_train, loss_test, metrics_test
0.000000000000000000e+00 3.592104837298393250e-02 3.508624136447906494e-01 5.961198210716247559e-01 2.869481444358825684e-01 2.585756480693817139e-01 3.602297604084014893e-02 2.627591192722320557e-01 4.540604650974273682e-01 2.522981464862823486e-01 2.590687274932861328e-01
5.000000000000000000e+02 4.642358398996293545e-04 5.686547234654426575e-02 4.712942609330639243e-05 6.647354166489094496e-05 9.530443348921835423e-04 2.811795857269316912e-04 6.504798680543899536e-02 5.303670695866458118e-05 3.874552567140199244e-05 1.579212374053895473e-03
1.000000000000000000e+03 2.114005328621715307e-04 5.368382856249809265e-02 3.307577862869948149e-04 9.159923065453767776e-04 3.648897691164165735e-04 3.183045191690325737e-05 6.197750195860862732e-02 3.214114258298650384e-05 3.294654306955635548e-04 9.646977414377033710e-04
1.500000000000000000e+03 3.294900307082571089e-05 9.216358012054115534e-05 1.250066907232394442e-05 1.498461006121942773e-05 5.988954217173159122e-04 1.023911408992717043e-05 1.247174368472769856e-04 7.067174465191783383e-06 9.122433766606263816e-06 2.491393242962658405e-04
2.000000000000000000e+03 1.599712413735687733e-05 4.694842573371715844e-05 5.064884135208558291e-06 7.519524842791724950e-06 4.603241104632616043e-04 4.728081421490060166e-06 6.273615144891664386e-05 1.195655750052537769e-05 3.998370630142744631e-06 1.353428961010649800e-04
2.500000000000000000e+03 1.216972486872691661e-05 7.525200635427609086e-05 4.492515472520608455e-06 3.763499989872798324e-06 4.094236064702272415e-04 2.205923237852402963e-06 1.047564510372467339e-04 5.838024662807583809e-06 2.542335778343840502e-06 1.084989562514238060e-04
3.000000000000000000e+03 5.460402462631464005e-06 2.710807348194066435e-05 2.570638343968312256e-06 4.003670255769975483e-06 3.267065621912479401e-04 1.223033905262127519e-06 2.941878483397886157e-05 4.768156486534280702e-06 7.451840815519972239e-07 5.117001637700013816e-05
3.500000000000000000e+03 1.078035802493104711e-05 3.464931069174781442e-05 7.583709020764217712e-07 1.822804165385605302e-06 3.428196359891444445e-04 5.109397420710592996e-07 2.348566886212211102e-05 4.438186806510202587e-06 3.207983354513999075e-07 2.969522938656155020e-05
4.000000000000000000e+03 1.113354846893344074e-05 3.277227369835600257e-05 4.402425020089140162e-07 1.214331859955564141e-06 3.032414242625236511e-04 3.517488664783741115e-07 2.266594674438238144e-05 2.062634393951157108e-06 2.407999204478983302e-07 1.662965405557770282e-05
4.500000000000000000e+03 1.344833435723558068e-05 3.370244303368963301e-05 9.502029456598393153e-07 1.127613700191432144e-06 4.093757015652954578e-04 3.268702926106925588e-07 2.699053948163054883e-05 2.246252051918418147e-06 7.825204306755040307e-07 7.595269380544777960e-06
5.000000000000000000e+03 1.799073106667492539e-05 3.225422551622614264e-05 6.324018499981320929e-07 6.309484206212800927e-07 3.408858319744467735e-04 2.882564729134173831e-07 3.637577901827171445e-05 1.440284790987789165e-06 5.983165465295314789e-07 5.574288934440119192e-06
5.500000000000000000e+03 8.700418220541905612e-06 2.192370811826549470e-05 2.553567810537060723e-07 3.097870830970350653e-07 1.821687183110043406e-04 1.712960511213168502e-07 3.138070314889773726e-05 1.029964664667204488e-06 4.215409887819987489e-07 2.741893467828049324e-06
6.000000000000000000e+03 9.399630471307318658e-06 2.208585647167637944e-05 2.562893257618270582e-07 2.999231867306662025e-07 1.707223273115232587e-04 1.701492493566547637e-07 3.405898678465746343e-05 6.172283519845223054e-07 5.582653557212324813e-07 2.447864972054958344e-06
6.500000000000000000e+03 1.565619277243968099e-05 8.835910557536408305e-05 3.507186931983596878e-07 9.475965043748146854e-07 1.811131223803386092e-04 5.384420092013897374e-07 9.637553011998534203e-05 5.743895599152892828e-07 5.228415602687164210e-07 2.048872556770220399e-05
7.000000000000000000e+03 1.974912265723105520e-05 6.737439252901822329e-05 1.998558673221850768e-06 1.202389398713421542e-06 1.750814990373328328e-04 6.739228410879150033e-07 1.609649771125987172e-04 1.932042550834012218e-06 7.394586987174989190e-07 9.201811735692899674e-06
7.500000000000000000e+03 9.703599062049761415e-06 2.180450064770411700e-05 1.954218333821700071e-07 2.073397666890741675e-07 8.360690117115154862e-05 1.187417453252237465e-07 3.007954728673212230e-05 9.067718451660766732e-07 3.032696724858396919e-07 2.024949253609520383e-06
8.000000000000000000e+03 9.879830940917599946e-06 2.294146179337985814e-05 2.091181698915534071e-07 2.988106473367224680e-07 8.261368202511221170e-05 1.175714459122900735e-07 3.763133645406924188e-05 1.358453118882607669e-06 3.606454015425697435e-07 1.927604444063035771e-06
8.500000000000000000e+03 2.435803253320045769e-05 2.092053182423114777e-05 1.724621085941180354e-07 3.131986829885136103e-07 1.675479870755225420e-04 1.029017298037615546e-07 7.277497934410348535e-05 1.804989778975141235e-06 8.875337584868248086e-07 2.114557673849049024e-06
9.000000000000000000e+03 2.533439328544773161e-05 2.080898775602690876e-05 1.500684732036461355e-07 3.111105399966618279e-07 1.586461585247889161e-04 1.078688995903576142e-07 7.574987830594182014e-05 7.234855843307741452e-07 3.605131269068806432e-07 1.974554152184282430e-06
9.500000000000000000e+03 1.835113471315708011e-05 3.196538091287948191e-05 2.117282292601885274e-06 9.029784564518195111e-07 1.038832197082228959e-04 3.330759454911458306e-07 6.365350418491289020e-05 5.646613772114505991e-07 9.645597174312570132e-07 3.388026470929617062e-06
1.000000000000000000e+04 2.005145142902620137e-05 1.871969652711413801e-05 1.261940099084313260e-07 1.982699586733360775e-07 9.549082460580393672e-05 1.086940812911052490e-07 2.641361970745492727e-05 1.275790327781578526e-05 2.766710736068489496e-07 1.859009216786944307e-06
1.050000000000000000e+04 3.988422758993692696e-05 3.138617466902360320e-05 4.920883043268986512e-07 2.435913586396054598e-07 1.734139805193990469e-04 5.516686840678630688e-08 3.750300675164908171e-05 9.950784374268550891e-08 6.205245313140039798e-07 3.723072040884289891e-06
1.100000000000000000e+04 2.839318767655640841e-05 3.414707680349238217e-05 3.843565252736880211e-07 5.997007974656298757e-07 1.752336975187063217e-04 3.108859303324607026e-08 7.229884795378893614e-05 4.042931323056109250e-07 5.987554345665557776e-07 2.855085540431900881e-06
1.150000000000000000e+04 8.511609848937951028e-06 1.079515641322359443e-05 1.336242405614029849e-07 1.404105915980835562e-07 5.010065433452837169e-05 1.606154143019011826e-08 1.758928556228056550e-05 2.691704821700113826e-06 1.665634044911712408e-06 1.508207219558244105e-06
1.200000000000000000e+04 9.113362466450780630e-06 9.139487701759207994e-06 9.779460441450282815e-08 1.103101254784633056e-07 4.615149737219326198e-05 2.165113954788466799e-08 1.394707032886799425e-05 7.597518560942262411e-06 1.250065793101384770e-06 1.794320837689156178e-06
1.250000000000000000e+04 1.753157812345307320e-05 1.320420233241748065e-05 8.340199286749339080e-08 1.560175206805070047e-07 1.005092926789075136e-04 1.241441172084023492e-08 2.592782766441814601e-05 3.250041800129110925e-07 9.567742154104053043e-07 4.593937319441465661e-06
1.300000000000000000e+04 1.628233439987525344e-05 1.688339034444652498e-05 1.084186678212972765e-07 1.390476143114938168e-07 9.597583266440778971e-05 3.169393636426320882e-08 3.063651092816144228e-05 2.762636484021641081e-07 1.250948798769968562e-06 5.815181793877854943e-06
1.350000000000000000e+04 7.477519375242991373e-06 9.201657121593598276e-06 5.565118144090774877e-08 1.602028163461000076e-07 3.213304808014072478e-05 1.501934576708663371e-08 2.396773925283923745e-05 8.854077577780117281e-07 2.746766938344080700e-07 1.076067860594775993e-06
1.400000000000000000e+04 6.946630946913501248e-06 9.224100722349248827e-06 3.129445502736416529e-08 1.742867823395499727e-07 3.080710666836239398e-05 1.402685700924166667e-08 2.404295446467585862e-05 3.289433152531273663e-07 2.827042351327690994e-07 1.629236976441461593e-06
1.450000000000000000e+04 1.669660014158580452e-05 1.426783182978397235e-05 7.872318263935085270e-08 2.256846869386208709e-07 1.322982425335794687e-04 1.679708638846477697e-08 3.492838004603981972e-05 2.759738890745211393e-07 4.615354782799840905e-07 3.021926659130258486e-06
1.500000000000000000e+04 1.652273385843727738e-05 3.906274214386940002e-04 7.538397994721890427e-07 3.936459336273401277e-07 1.124866175814531744e-04 1.017558659555106715e-08 2.811596204992383718e-04 2.490708652658213396e-07 1.384537284820908098e-07 1.644308031245600432e-05
1.550000000000000000e+04 7.518863640143536031e-06 1.223000617756042629e-05 9.959467206499539316e-08 2.001374923565890640e-07 5.933926877332851291e-05 1.655308246029107977e-08 2.191946259699761868e-05 1.287484906242752913e-06 2.969409251818433404e-07 1.141852862929226831e-06
1.600000000000000000e+04 5.938164122198941186e-06 1.038075879478128627e-05 4.618305737835726177e-08 2.152773674879426835e-07 5.603865429293364286e-05 1.478313116365370661e-08 1.940963193192146719e-05 9.100742204282141756e-07 2.448199438731535338e-07 1.316572365794854704e-06
1.650000000000000000e+04 1.714074096526019275e-05 1.124857317336136475e-05 1.299309957403238514e-07 2.538960757192398887e-07 6.096841025282628834e-05 1.807118188423828542e-08 4.065424946020357311e-05 3.131485186713689473e-07 4.209936719234974589e-07 1.320136220783751924e-06
1.700000000000000000e+04 1.675825478741899133e-05 9.795195182960014790e-06 1.123720636542202556e-07 2.848013593848008895e-07 4.964344407198950648e-05 2.091936934789373481e-08 3.743741035577841103e-05 3.242618902277172310e-07 9.509407732366526034e-07 1.351609739685954992e-06
1.750000000000000000e+04 1.416563736711395904e-05 1.084420000552199781e-05 2.930695686131912225e-08 8.724763489453835064e-08 6.924517947481945157e-05 2.272753185650344676e-08 1.814995084714610130e-05 3.686029614868857607e-08 1.374521730213018600e-06 7.918491746750078164e-07
1.800000000000000000e+04 1.014609460980864242e-05 1.139649066317360848e-05 5.565498284454406530e-08 1.295995133432370494e-07 6.151397246867418289e-05 1.782484027046393749e-08 2.386445885349530727e-05 4.050491497764596716e-07 1.161640852842538152e-06 1.028756287269061431e-06
1.850000000000000000e+04 3.718094376381486654e-05 3.437398117966949940e-05 1.067746893568255473e-06 5.125888833390490618e-07 2.308805705979466438e-04 1.196548993220858392e-07 4.410137262311764061e-05 7.619988173246383667e-05 6.687856739517883398e-07 2.746990503510460258e-06
1.900000000000000000e+04 3.024963370990008116e-05 2.671941547305323184e-05 6.196939921210287139e-07 4.556777355446683941e-07 1.971326128114014864e-04 1.540523726362152956e-07 2.391610360064078122e-05 7.574332130388938822e-07 4.788324190485582221e-07 2.804905989250983112e-06
1.950000000000000000e+04 1.590325518918689340e-05 6.580245099030435085e-06 1.566111222928157076e-07 3.371335424162680283e-07 3.393704901100136340e-05 8.162821529822394950e-08 8.528733815182931721e-06 1.628680706744489726e-06 4.760944420922896825e-07 8.177381118912308011e-07
2.000000000000000000e+04 1.361935665045166388e-05 1.059021178662078455e-05 1.227325157060477068e-07 2.616543497424572706e-07 3.186550020473077893e-05 6.201456415055872640e-08 1.540557423140853643e-05 1.846480245148995891e-06 3.510789099436806282e-07 1.898452751447621267e-06
2.050000000000000000e+04 1.291594617214286700e-05 8.830410479276906699e-06 1.073245741167738743e-07 1.931214512751466827e-07 5.624214827548712492e-05 7.525611067649151664e-08 9.604651495465077460e-06 2.043760360947999288e-07 3.557301226919662440e-07 1.782822323548316490e-06
2.100000000000000000e+04 1.159659859695238993e-05 9.090066669159568846e-06 9.648113064031349495e-08 4.028412945444870275e-07 4.541348607745021582e-05 3.647070201395763434e-08 1.314877135882852599e-05 3.986735350736125838e-07 3.773725438804831356e-07 2.517264192647417076e-06
2.150000000000000000e+04 1.285775215364992619e-05 1.565797174407634884e-05 3.827611010365217226e-07 4.945940190737019293e-07 1.344833581242710352e-04 7.655256695215939544e-08 2.934343683591578156e-05 1.019785372591286432e-06 2.750280145846772939e-07 4.128766249777982011e-06
2.200000000000000000e+04 1.059459646057803184e-05 1.312727818003622815e-05 2.999275920956279151e-07 3.001871107244369341e-07 1.191965493489988148e-04 5.126952373757376336e-08 1.777413854142650962e-05 1.626749082106471178e-07 1.721619042882593931e-07 4.746552349388366565e-06
2.250000000000000000e+04 7.591696885356213897e-06 8.927470844355411828e-06 1.296810125950287329e-07 2.629047060054290341e-07 5.743221845477819443e-05 2.798759624056401663e-08 5.323877303453627974e-06 1.419166153482365189e-07 3.437151463003829122e-06 5.937627520324895158e-06
2.300000000000000000e+04 7.065897079883143306e-06 7.989016921783331782e-06 1.751512854752945714e-07 1.670415628041155287e-07 4.184442150290124118e-05 4.670079079005517997e-08 5.097959274280583486e-06 2.033971213677432388e-07 4.880015694652684033e-06 2.885119647544343024e-05
2.350000000000000000e+04 6.330163614620687440e-06 3.154164460283936933e-06 6.093934956652446999e-08 7.976804283771343762e-08 6.057592599972849712e-06 2.555374223334183625e-08 3.408951442906982265e-06 1.558059210537976469e-07 6.616161954298149794e-06 1.100949020838015713e-06
2.400000000000000000e+04 4.930162504024337977e-06 2.704587132029701024e-06 3.299942363810259849e-08 5.995353546950354939e-08 4.201301635475829244e-06 1.342022937222964174e-08 3.823771294264588505e-06 1.947957350978413160e-08 2.661160351635771804e-06 1.668769073148723692e-06
2.450000000000000000e+04 3.313398110549314879e-06 6.015396593284094706e-06 7.222878650736674899e-08 1.281312904666265240e-07 1.298045935982372612e-05 1.284424211434043173e-08 4.848490334552479908e-06 3.631626910305385536e-08 2.001909962245917995e-07 1.380763023917097598e-05
2.500000000000000000e+04 2.685200342966709286e-06 1.249836441274965182e-05 1.498870574323518667e-07 1.266149496359503246e-07 1.865449121396522969e-05 3.269573056741137407e-08 2.722651879594195634e-05 1.719870112992794020e-07 7.499494358853553422e-08 1.996752689592540264e-05
2.550000000000000000e+04 1.062567480403231457e-05 8.802625416137743741e-06 8.310666999022942036e-07 1.563961404826841317e-07 1.189034719573101029e-05 1.560999329797141399e-08 4.904813249595463276e-05 6.361314035530085675e-07 1.036744805560374516e-07 3.956301497964886948e-06
2.600000000000000000e+04 1.306618287344463170e-05 2.197453977714758366e-05 2.484036372152331751e-07 6.916467754081168096e-08 2.043852327915374190e-05 1.194902843337786180e-08 2.767038131423760206e-05 8.859863953603053233e-08 3.438959694790355570e-08 1.227233042300213128e-05
2.650000000000000000e+04 3.926053068425972015e-06 5.309013431542553008e-06 4.759617056038223382e-08 1.742206556798464590e-08 1.132518900703871623e-05 3.267101078563428018e-08 3.865617600240511820e-06 6.303241661953506991e-08 9.959619262644991977e-08 2.868491574190557003e-04
2.700000000000000000e+04 3.088779749305103905e-06 7.407126304315170273e-06 7.439746152471116147e-09 1.993662124277761905e-08 7.477058716176543385e-06 1.462477872138379098e-08 1.046631678036646917e-05 2.419753952764835958e-09 2.637547709127829876e-07 6.382250576280057430e-04
2.750000000000000000e+04 3.444788944761967286e-06 3.895241661666659638e-06 1.786350978250084154e-08 1.888657266135851387e-07 1.062451428879285231e-05 8.703662679465651308e-09 2.490659653631155379e-06 3.155362904294634063e-08 1.401230178998957854e-06 1.120637307394645177e-06
2.800000000000000000e+04 2.370363290538080037e-06 2.988035703310742974e-06 2.002491150676632969e-08 7.967198456526602968e-08 6.097217010392341763e-06 7.258434742141162133e-09 2.868691353796748444e-06 1.238699010031041325e-08 2.303679139004088938e-06 1.228711539624782745e-06
2.850000000000000000e+04 5.625905032502487302e-06 3.499170634313486516e-05 5.427659033330201055e-08 2.012726980638035457e-07 6.994162686169147491e-05 4.415332455209863838e-08 4.171205000602640212e-05 1.260942728009695202e-08 2.812491402437444776e-06 7.074586847011232749e-06
2.900000000000000000e+04 2.988830601680092514e-06 5.911547123105265200e-05 1.893724004276009509e-07 1.731860805875840015e-07 3.224029205739498138e-05 2.632834217308754887e-08 3.086516153416596353e-05 6.471330493695859332e-08 5.703407737200905103e-07 5.284442522679455578e-05
2.950000000000000000e+04 9.151286576525308192e-06 1.299512223340570927e-04 1.757840891514206305e-06 7.167618605308234692e-06 6.217766785994172096e-04 4.188187574527546531e-07 1.405036455253139138e-04 9.384190775563183706e-07 3.829942215816117823e-05 6.300123641267418861e-04
3.000000000000000000e+04 2.114421704391133972e-06 3.621200448833405972e-06 9.045417748154704896e-09 2.328706649734613165e-08 3.065324790441081859e-06 3.435194351197878859e-09 7.608358373545343056e-06 3.245412383279244750e-09 5.048792445450089872e-06 5.739655171055346727e-05
3.050000000000000000e+04 6.871111054351786152e-06 1.759225560817867517e-04 1.613583577864119434e-07 2.772083860236307373e-07 1.121920358855277300e-04 3.870254783322479852e-09 1.133679324993863702e-04 8.550850694177825062e-09 1.021005573420552537e-05 2.325475797988474369e-04
3.100000000000000000e+04 2.005865326282219030e-06 1.746697307680733502e-05 1.713626858190764324e-07 1.020092170733732928e-07 5.507605965249240398e-05 5.196800323403749644e-09 1.600803625478874892e-05 1.250736492153237123e-08 1.207499371957965195e-05 3.104917122982442379e-04
3.150000000000000000e+04 8.354911074093251955e-07 3.730300704773981124e-06 2.180669422813252822e-09 2.202924775929204770e-08 4.931016519549302757e-06 5.769942301725450307e-09 6.894825673953164369e-06 6.528546148132363669e-09 7.097211778273049276e-07 5.257306620478630066e-04
3.200000000000000000e+04 6.094703053349803668e-07 2.051116825896315277e-05 2.612935201540267371e-09 1.333252530599793317e-08 2.026816036959644407e-05 3.902834055935500146e-09 2.772133302642032504e-05 1.636140467553559574e-08 3.490083599899662659e-07 6.182866636663675308e-04
3.250000000000000000e+04 4.369091584521811455e-06 6.209859748196322471e-06 7.180850047916464973e-08 8.982036803217852139e-08 3.990781260654330254e-05 2.133747400989705056e-08 1.065682863554684445e-05 2.221807449132029433e-08 8.361331182982212340e-09 4.523210463958093897e-06
3.300000000000000000e+04 2.453630941090523265e-06 1.008708641165867448e-04 1.125685997749314993e-07 9.889290453202193021e-08 3.436784027144312859e-05 1.386176506912306650e-08 1.128855437855236232e-04 1.650788021834159736e-07 6.795747253818262834e-08 4.745109890791354701e-06
3.350000000000000000e+04 3.075655740758520551e-06 2.948605470010079443e-06 2.312750346789016476e-08 6.554903819733226555e-08 1.351129503746051341e-05 1.289382201008493212e-08 4.993691618437878788e-06 3.302439877117535616e-09 2.535232290767908125e-08 1.934871761477552354e-06
3.400000000000000000e+04 2.095556283165933564e-06 4.717753199656726792e-06 1.352493139705757130e-08 4.385194429801231308e-08 8.628896466689184308e-06 1.310617570027261536e-08 4.593526227836264297e-06 1.452215503405795971e-08 1.444788821913789434e-08 3.001204959218739532e-06
3.450000000000000000e+04 1.913228516059461981e-06 2.106902911691577174e-06 1.619544320874410914e-08 3.265297010557333124e-08 4.485181307245511562e-06 2.170025759085092432e-08 3.475006451481021941e-05 4.030164646451339650e-09 2.094546225350768509e-08 2.123999911418650299e-05
3.500000000000000000e+04 1.403215719619765878e-06 9.165698429569602013e-06 2.918051933420429123e-08 4.475842985129929730e-08 1.486261680838651955e-06 1.751297062924095371e-08 2.106821193592622876e-05 1.015041828367202470e-08 2.660640063822938828e-08 2.906981681007891893e-04
3.550000000000000000e+04 1.281503955397056416e-06 1.101424231819692068e-06 4.442828682726940315e-08 4.138102482897920709e-08 1.922736828419147059e-06 6.662772111809545095e-09 5.667978712153853849e-06 4.909036732669846970e-09 5.700774252659357444e-08 2.889818861149251461e-04
3.600000000000000000e+04 1.188162400467263069e-06 7.375516361207701266e-06 6.094826972002920229e-07 2.054057404166087508e-07 6.658660822722595185e-06 7.410701385879292502e-09 2.301907261426094919e-05 2.472551052790095127e-09 6.965786525370276649e-08 3.107189841102808714e-04
3.650000000000000000e+04 2.047942189165041782e-06 2.522233216950553469e-06 1.376333802483031832e-08 1.872422643600657466e-07 8.210691930798930116e-07 3.456174724192351277e-08 2.828665174092748202e-06 1.074725197725001635e-08 1.174431041306434054e-08 1.395907369442284107e-03
3.700000000000000000e+04 1.605499505785701331e-06 4.103704213775927201e-06 2.591903047743926436e-08 8.090069769650654052e-08 3.605427764341584407e-06 2.661679232573987974e-08 2.980448016387526877e-06 1.591382314813927223e-08 1.125917847843993513e-08 1.403716276399791241e-03
3.750000000000000000e+04 1.022355354507453740e-05 1.446989153919275850e-05 6.835031740592967253e-08 1.370050171090042568e-07 1.025385499815456569e-04 4.883248294618169894e-08 1.902499025163706392e-05 1.289604938392585609e-07 2.322277850907994434e-06 3.456294280113070272e-06
3.800000000000000000e+04 6.856762411189265549e-06 2.231780126749072224e-05 6.161704391161038075e-08 5.768322708377127128e-08 8.049409370869398117e-05 8.795578487763577868e-09 1.938491550390608609e-05 1.460039840139870648e-07 6.243199663913401309e-07 9.407196557731367648e-06
3.850000000000000000e+04 3.050261284442967735e-06 9.761984983924776316e-06 1.377614324837850290e-07 2.001134191687015118e-07 3.910799568984657526e-05 5.823698856488590536e-09 2.055598270089831203e-05 2.422692446657492837e-08 2.569796606621821411e-07 4.475155492400517687e-06
3.900000000000000000e+04 1.786732582331751473e-06 8.656931640871334821e-06 3.653056879215910158e-08 8.096535886181754904e-09 2.844232221832498908e-05 5.957590865079964715e-09 1.137196977651910856e-05 4.295740652082713495e-09 1.199533983253786573e-08 8.893004633137024939e-06
3.950000000000000000e+04 2.116418272635200992e-06 8.027931471588090062e-06 5.647907741490598710e-08 1.183543787419694127e-07 3.302529148641042411e-05 6.451474909852095152e-09 1.138151219493011013e-05 1.217099532269116935e-09 7.815837932412250666e-08 2.877623046515509486e-05
4.000000000000000000e+04 1.222781293108710088e-06 4.169442036072723567e-06 5.269106040373117139e-08 2.945687960220766399e-08 8.676943252794444561e-06 1.620245826394750566e-09 9.063696779776364565e-06 1.275384908794308103e-09 5.059912489002726943e-09 7.722294867562595755e-06
4.050000000000000000e+04 4.581570465234108269e-06 1.018028524413239211e-05 1.487451672943507219e-08 1.627499983669622452e-07 7.828173693269491196e-05 5.301604044660734871e-09 1.456641257391311228e-05 1.210087230418821491e-08 2.604056362542905845e-06 1.415333190379897133e-05
4.100000000000000000e+04 2.133573161700041965e-06 5.351459549274295568e-06 9.308319448564361664e-09 4.116857255098693713e-08 4.177727532805874944e-05 8.077333468747838197e-09 1.376648742734687403e-05 3.843196871855525387e-09 3.357156629135715775e-06 6.815103552071377635e-05
4.150000000000000000e+04 1.202688622470304836e-06 4.576334504236001521e-06 1.217260603425529553e-08 2.423082534619425132e-08 2.823379509209189564e-05 1.618714406959043117e-08 8.531006642442662269e-06 8.932822481710900320e-09 1.160279339273984078e-08 1.550941524328663945e-04
4.200000000000000000e+04 9.559290674587828107e-07 4.584691396303242072e-06 1.026372675738684848e-08 5.003004943660016579e-08 2.053166463156230748e-05 1.913843528100755975e-09 7.724685019638855010e-06 1.911901748030686576e-09 2.387558595273731044e-07 2.559882996138185263e-04
4.250000000000000000e+04 1.873965629783924669e-06 4.744483703689184040e-06 5.656502111150985002e-08 5.260898827685878132e-09 3.352731437189504504e-05 6.424689669159988625e-09 9.712408427731133997e-06 1.017278350445849355e-08 2.681165369722293690e-07 7.466274837497621775e-06
4.300000000000000000e+04 1.135096226789755747e-06 5.359424449125071988e-06 2.793195186256980378e-08 2.717730041013055597e-09 2.624603075673803687e-05 3.605826304209358568e-09 8.555530257581267506e-06 6.558202869655360701e-09 7.164629067801797646e-08 2.127619700331706554e-05
4.350000000000000000e+04 4.033957793581066653e-06 6.300128006841987371e-05 1.986672657494636951e-07 3.856242614119764767e-08 6.556792504852637649e-05 9.382564947202354233e-09 4.320804509916342795e-05 9.247484555885421287e-09 2.602950033292472654e-08 3.730284151970408857e-05
4.400000000000000000e+04 1.302152327298244927e-06 1.183638232760131359e-05 2.962083911484114651e-08 3.000468495883978903e-08 9.019115168484859169e-06 3.017236949176549388e-08 6.400539405149174854e-06 2.421454814438561698e-09 1.824471951294981409e-08 3.155215381411835551e-05
4.450000000000000000e+04 1.185384235213859938e-06 1.199117150463280268e-06 9.599919970071368880e-09 3.823748428999351745e-09 2.177654181423349655e-07 3.882104360197757842e-10 2.001283974095713347e-06 1.516588632455295738e-08 2.765846440766495107e-10 8.887834155757445842e-06
4.500000000000000000e+04 8.067821681834175251e-07 4.560673460218822584e-06 2.505406015984590340e-08 2.367785256751631096e-08 4.478795744944363832e-06 4.366900174801457979e-09 4.098646058992017061e-06 3.889953603675166960e-08 4.214842086458503445e-10 1.223207982548046857e-05
4.550000000000000000e+04 5.213831173023208976e-06 5.779104867542628199e-06 2.342953564493654994e-08 1.089828405298476355e-08 1.611198422324378043e-05 1.075594546762204118e-08 9.670455256127752364e-06 1.264659627020492394e-10 5.079893526271916926e-06 9.488412615610286593e-05
4.600000000000000000e+04 2.441432798150344752e-06 2.935401425929740071e-06 3.016142358092110953e-08 1.266984650527547274e-08 1.792164994185441174e-06 2.085085881731174595e-09 8.466267900075763464e-06 1.641541236274690618e-09 1.082159906218294054e-05 5.416795611381530762e-04
4.650000000000000000e+04 3.771945557673461735e-06 3.416454319449258037e-06 1.440198071911424904e-09 1.724931877333801822e-07 4.679485755332279950e-06 2.889882111389852071e-09 7.348064173129387200e-06 7.225091358531443575e-11 3.934060259780380875e-07 1.434717160009313375e-05
4.700000000000000000e+04 2.505052407286711968e-06 1.478980902902549133e-05 7.664557699627039256e-08 8.812351381948246853e-08 6.454148660850478336e-06 2.218583761148806843e-09 1.602184420335106552e-05 2.858861203325346878e-10 2.442560003146354575e-07 8.592895028414204717e-05
4.750000000000000000e+04 2.050312332357862033e-06 2.363710882491432130e-05 7.094203624546935316e-08 1.826137641103287024e-08 8.795920507509435993e-07 6.324530232859615353e-09 3.099511377513408661e-05 2.963699841096456566e-10 1.561809995109797455e-06 8.751625841796339955e-07
4.800000000000000000e+04 2.661732196429511532e-06 6.390119233401492238e-05 2.810063222113967640e-07 3.253881786235979234e-08 1.477897749282419682e-04 3.600944820103535449e-10 5.375003456720151007e-05 9.992092708799305001e-10 1.942605877047753893e-06 1.467785477871075273e-04
4.850000000000000000e+04 1.468390564696164802e-06 3.580291149773984216e-06 1.182861897319753552e-08 3.492480260547381476e-08 2.100949132000096142e-06 9.519956378767346905e-09 1.718180101306643337e-05 5.307574935109471426e-10 3.639109280584307271e-08 2.982931619044393301e-06
4.900000000000000000e+04 9.334677883998665493e-07 1.013320797937922180e-06 1.328763432617563467e-09 8.709372778525903414e-09 5.868915877726976760e-07 6.398967467013960686e-10 8.419316145591437817e-06 2.852441338685451910e-10 1.136738436713358169e-08 2.356477807552437298e-06
4.950000000000000000e+04 2.001071152335498482e-06 1.586021880939370021e-06 2.384276953648623021e-08 7.629358833582955413e-08 6.863521662126004230e-07 3.768040102158920490e-09 4.098084900761023164e-06 2.218223160710408592e-09 9.601042449958185898e-08 2.620290797494817525e-05
5.000000000000000000e+04 1.054377548825868871e-06 1.047609316628950182e-06 1.005789584951344295e-08 4.206421522212622222e-08 3.415864568978577154e-07 1.830552820436537331e-09 3.303761786810355261e-06 1.851042208400599520e-09 1.045939441723930940e-07 4.502139199757948518e-05
5.050000000000000000e+04 7.540030765085248277e-06 7.583178103232057765e-06 1.783946146360904095e-07 1.497674340100729751e-08 1.413281370332697406e-05 2.296751233643590240e-09 1.097476797440322116e-05 2.138907895243846724e-08 5.643265410526510095e-09 1.454604498576372862e-04
5.100000000000000000e+04 2.696840510907350108e-06 4.480444658838678151e-06 3.773363488335235161e-08 3.969487849531105894e-09 5.309722382662585005e-06 4.452820334677198844e-09 1.698644337011501193e-05 1.169623420338439246e-08 1.570515939519623316e-10 2.285515074618160725e-04
5.150000000000000000e+04 5.146882358531001955e-06 2.500358732504537329e-06 1.832287921388342511e-08 3.212250376805059204e-08 2.205738610427943058e-06 2.591969527898640990e-09 1.884934317786246538e-05 9.622982410917302332e-10 2.193607002709541121e-07 1.217777607962489128e-04
5.200000000000000000e+04 1.718890757729241159e-06 2.564379883551737294e-06 2.166576074102977145e-08 8.643472604319413222e-09 1.415571546203864273e-06 1.811814809293821327e-09 1.264779439225094393e-05 1.123002224545643912e-08 1.438762495808987296e-07 1.438357576262205839e-04
5.250000000000000000e+04 1.934241026901872829e-06 1.502490067650796846e-05 4.079465725226327777e-07 1.184618625416078430e-08 3.239887519157491624e-05 1.143851791063354995e-09 1.802438055165112019e-05 2.201135451684876898e-08 1.291649880386103177e-07 9.825023153098300099e-05
5.300000000000000000e+04 1.334912440142943524e-06 2.658277708178502508e-06 4.432975941881522886e-08 6.112903960797666514e-09 5.628328949569549877e-07 1.327539411732914232e-09 4.696329142461763695e-06 1.079087397215516830e-08 3.770529488633656001e-08 6.968767411308363080e-05
5.350000000000000000e+04 1.649006890147575177e-06 8.659317245474085212e-06 7.228732812336602365e-08 1.436961980516571202e-07 1.779768922460789327e-06 1.038120034380085599e-09 1.403778060193872079e-05 4.779090456707990597e-10 8.056712630377660389e-09 2.676261065062135458e-04
5.400000000000000000e+04 3.768042802221316379e-07 9.624747008274425752e-07 3.854802699265746924e-09 1.159105966763718243e-08 4.356895999535481678e-07 1.229691237725205610e-09 2.506855707906652242e-06 5.690811155645292274e-10 1.295826912439679290e-08 3.423690213821828365e-04
5.450000000000000000e+04 6.893271802255185321e-06 6.763038527424214408e-06 1.034375074482341006e-07 1.620689715764456196e-07 1.430018869541527238e-06 1.368407822610606672e-07 7.102282324922271073e-06 2.627740229854680365e-07 5.411353853901346156e-08 8.908495656214654446e-04
5.500000000000000000e+04 3.520973677950678393e-06 4.074373464391101152e-06 4.982375756412693590e-08 1.826503108759425231e-07 5.252543928691011388e-07 6.835142585259745829e-08 5.045602392783621326e-06 3.758200648462661775e-07 2.129671372586017242e-08 9.481300949119031429e-04
5.550000000000000000e+04 3.386397111171390861e-06 1.682250513113103807e-06 7.117371580989129143e-08 1.603988977194603649e-07 9.032264074448903557e-07 1.165490370880206683e-09 4.747432285512331873e-06 3.075297740906535182e-07 1.452327769158046067e-08 4.406620573718100786e-04
5.600000000000000000e+04 2.162305236197425984e-06 1.065910055331187323e-06 7.148037184379063547e-08 1.419124657786596799e-07 6.043185294402064756e-07 4.349058446706521863e-09 4.186806108918972313e-06 4.427183455391059397e-07 2.664171105948298646e-08 4.867926763836294413e-04
5.650000000000000000e+04 1.008785602607531473e-06 1.504277634012396447e-06 2.538564025655887235e-09 4.550749110876495251e-08 2.361281161711303866e-07 3.807909987330049262e-09 3.778940254051121883e-06 5.830508298387826471e-10 3.983893748227274045e-08 6.146722444100305438e-05
5.700000000000000000e+04 7.479575288016349077e-07 9.589883802618714981e-07 7.970037407822871955e-10 9.122548050299883471e-09 1.551659920551173855e-07 6.734403257269150345e-09 3.119619805147522129e-06 1.778003716479403806e-10 1.076794031718009137e-08 7.577872020192444324e-05
5.750000000000000000e+04 1.323385276918997988e-06 3.276684537922847085e-06 1.343843880619033371e-08 5.337621189482888440e-08 3.042423031729413196e-06 3.411999349722805164e-09 6.891604243719484657e-06 1.673563509996256471e-08 2.054295578091114294e-08 6.856834079371765256e-05
5.800000000000000000e+04 9.426009341950702947e-07 5.669872280122945085e-06 2.363964490825765097e-08 2.435589152582906536e-08 3.814998763118637726e-06 2.250744701726148378e-09 6.416297310352092609e-06 1.247912106983051217e-09 2.436385848625377548e-08 7.634329085703939199e-05
5.850000000000000000e+04 4.277830157661810517e-06 4.986615749658085406e-05 3.967259374348941492e-07 9.606410600326853455e-08 1.738566061249002814e-04 1.424676376871047978e-09 4.435105802258476615e-05 4.958198474014352541e-08 2.214879657458368456e-08 5.952463834546506405e-04
5.900000000000000000e+04 8.092769121503806673e-07 7.199125775514403358e-06 5.212202935922505276e-08 1.501244284440872434e-08 9.005970241560135037e-06 7.465371654191699236e-10 7.146214102249359712e-06 1.176257047319495541e-08 7.092773479655534175e-09 5.218157893978059292e-04
5.950000000000000000e+04 9.808308050196501426e-07 5.149475327925756574e-06 6.176458233753123750e-10 4.212736826048057992e-09 7.726712283329106867e-06 7.031066839857658124e-10 5.686292752216104418e-06 3.092903017032355706e-11 1.674702376774916956e-09 2.275331644341349602e-04
6.000000000000000000e+04 5.367935500544263050e-07 1.851377078310179058e-06 4.534856934412800911e-09 1.372922997511238918e-09 3.089936910782853374e-07 7.310211325162185858e-10 4.033228833577595651e-06 6.556991394290889730e-09 5.171269523707167082e-10 5.774476449005305767e-04
6.050000000000000000e+04 4.688313765655038878e-06 2.085555252051563002e-06 1.401936167155781732e-08 1.040286008446855703e-07 2.070839002499269554e-07 1.156527318357802869e-09 2.270508957735728472e-05 1.325642040583829839e-09 2.851518843272060622e-08 5.074672517366707325e-04
6.100000000000000000e+04 2.661484131749602966e-06 1.106297645492304582e-06 6.748709147075260262e-09 4.506959072614336037e-08 7.515831867976885405e-08 1.542881156169073620e-09 1.024662105919560418e-05 2.131078202793901255e-09 3.125452563423891661e-09 6.613596924580633640e-04
6.150000000000000000e+04 2.723945954130613245e-06 1.404010731675953139e-06 2.277494193236861975e-09 1.107124880661558564e-08 7.448548444699554238e-07 2.747665561741996498e-08 2.747974576777778566e-06 1.808397355473889689e-11 3.066489062675259447e-09 1.055501488735899329e-04
6.200000000000000000e+04 1.662270051383529790e-06 1.032140517054358497e-06 8.224186887062501228e-10 4.058662739225837868e-08 3.902615617334959097e-07 4.460461866528930841e-08 2.463521923345979303e-06 5.458142271486110531e-10 9.241211351707079302e-09 1.398350141244009137e-04
6.250000000000000000e+04 1.567803337820805609e-06 1.557104383209662046e-06 1.242968306058855887e-08 1.532810145477014885e-08 2.272761548738344572e-06 3.024070949209090031e-08 4.910226380161475390e-06 1.320997339293583650e-10 6.089301063383345536e-09 1.222525024786591530e-04
6.300000000000000000e+04 1.227967800332407933e-06 4.982256541552487761e-06 3.743421128632462569e-09 7.984805705518738250e-09 1.565649881740682758e-06 7.954548131294814084e-09 7.785084562783595175e-06 1.305413832586310718e-10 1.737040095095565562e-10 1.968041469808667898e-04
6.350000000000000000e+04 2.666721002242411487e-06 1.364571062367758714e-06 4.178497192697250284e-08 2.620790917617910054e-09 3.295202475328551373e-07 5.216582010802994773e-08 4.496684141486184672e-06 1.080770542505327114e-10 7.908322885441521066e-09 1.652936334721744061e-04
6.400000000000000000e+04 1.190373723147786222e-06 6.184453695823322050e-07 1.285555573105057192e-08 1.315673681112627946e-09 1.839233476630397490e-07 1.266569338298495495e-08 2.225516709586372599e-06 8.572087484282064906e-12 4.000920039715083476e-09 1.958381908480077982e-04
