# step, loss_train, loss_test, metrics_test
0.000000000000000000e+00 5.561567470431327820e-02 1.488552093505859375e-01 6.542421760968863964e-04 4.011501150671392679e-04 2.436350286006927490e-02 5.570890009403228760e-02 2.318977713584899902e-01 9.933297988027334213e-04 1.058774418197572231e-03 2.488210983574390411e-02
5.000000000000000000e+02 4.424756334628909826e-04 5.700278282165527344e-02 5.085035445517860353e-05 7.652700878679752350e-05 2.178801223635673523e-03 4.019682237412780523e-04 6.475676596164703369e-02 3.949342499254271388e-05 1.205324879265390337e-04 2.782834926620125771e-03
1.000000000000000000e+03 1.743287430144846439e-04 5.465110018849372864e-02 2.026000001933425665e-04 5.107609322294592857e-04 1.111299148760735989e-03 8.159333083312958479e-05 6.203586608171463013e-02 1.382489135721698403e-04 2.788302954286336899e-04 1.674005994573235512e-03
1.500000000000000000e+03 2.082737773889675736e-04 4.358591977506875992e-04 3.656718399724923074e-05 5.857728683622553945e-05 3.294266527518630028e-03 1.589085732121020555e-04 1.035381501424126327e-04 1.445080033590784296e-05 4.558174987323582172e-05 2.721787663176655769e-03
2.000000000000000000e+03 7.923365774331614375e-05 2.013150369748473167e-04 7.538976660725893453e-06 1.124742084357421845e-05 2.088704379275441170e-03 3.342740819789469242e-05 9.246016998076811433e-05 7.724967872491106391e-06 7.360863037320086733e-06 1.534911105409264565e-03
2.500000000000000000e+03 3.105708310613408685e-05 1.264499878743663430e-04 2.552900923546985723e-06 5.824386789754498750e-06 1.469014445319771767e-03 9.003693776321597397e-06 3.992976417066529393e-05 2.306183205291745253e-06 5.970910933683626354e-06 1.070651342160999775e-03
3.000000000000000000e+03 2.030981158895883709e-05 1.401251647621393204e-04 4.223476571496576071e-05 4.778381844516843557e-05 1.175361685454845428e-03 6.859999757580226287e-06 6.941983156139031053e-05 4.181237818556837738e-05 4.629314207704737782e-05 8.189891232177615166e-04
3.500000000000000000e+03 2.218500412709545344e-05 9.893842070596292615e-05 2.276978420923114754e-06 1.269840049644699320e-05 1.115721883252263069e-03 5.741234417655505240e-06 5.326438258634880185e-05 1.287944769501336850e-06 9.353087989438790828e-06 6.800254341214895248e-04
4.000000000000000000e+03 2.002101427933666855e-05 9.622034849599003792e-05 9.945819101631059311e-07 5.186484941077651456e-06 1.021569594740867615e-03 5.837207481818040833e-06 5.165114998817443848e-05 2.194824446632992476e-06 1.458002498111454770e-05 5.912234191782772541e-04
4.500000000000000000e+03 2.849866541509982198e-05 7.383585325442254543e-04 1.791108479665126652e-05 1.110871206037700176e-03 1.420073909685015678e-03 2.350246541027445346e-05 6.235465407371520996e-04 1.682770380284637213e-05 6.337900995276868343e-04 9.190780110657215118e-04
5.000000000000000000e+03 1.717116902000270784e-05 8.722969505470246077e-05 8.117704624055477325e-07 4.073098352819215506e-06 1.033533364534378052e-03 3.711966428454616107e-06 5.705651710741221905e-05 1.508642753833555616e-06 3.731990773303550668e-06 4.510194994509220123e-04
5.500000000000000000e+03 1.051515846484107897e-05 6.469567597378045321e-05 5.226477242104010656e-07 3.451847078395076096e-06 7.120745140127837658e-04 2.208521891589043662e-06 5.214095654082484543e-05 8.805875495454529300e-07 2.807462351483991370e-06 3.950215177610516548e-04
6.000000000000000000e+03 9.167522875941358507e-06 6.037102866685017943e-05 3.077684027630311903e-07 2.886536094592884183e-06 6.492861430160701275e-04 1.534005832581897266e-06 5.026130384067073464e-05 1.501200017628434580e-07 2.024918558163335547e-06 3.388255427125841379e-04
6.500000000000000000e+03 1.150716980191646144e-05 6.582545756828039885e-05 4.717797708053694805e-07 2.429634605505270883e-06 7.375004934147000313e-04 2.762989197435672395e-06 6.114524148870259523e-05 1.046744159793888684e-06 1.695975015536532737e-06 2.801975933834910393e-04
7.000000000000000000e+03 1.611861080164089799e-05 6.722806574543938041e-05 7.443604204127041157e-07 1.324356048826302867e-06 7.084682583808898926e-04 8.162051017279736698e-06 7.673606887692585588e-05 7.107412329787621275e-07 3.376990889591979794e-06 2.512199571356177330e-04
7.500000000000000000e+03 1.010531377687584609e-05 4.629388422472402453e-05 1.372314955006004311e-06 2.743202458077576011e-06 4.851287521887570620e-04 2.517098209864343517e-06 3.799397018156014383e-05 1.411881612511933781e-06 1.441005792912619654e-06 2.166710037272423506e-04
8.000000000000000000e+03 1.081263417290756479e-05 3.983619171776808798e-05 9.488168188909185119e-07 2.156089067284483463e-06 4.429660912137478590e-04 1.816623580452869646e-06 3.195941826561465859e-05 6.883969945192802697e-07 1.140646986641513649e-06 1.850832923082634807e-04
8.500000000000000000e+03 2.341022342443466187e-02 1.778667907714843750e+02 5.771711468696594238e-01 1.587858605489600450e-05 1.802328796386718750e+02 2.059252932667732239e-02 1.776569976806640625e+02 5.127631500363349915e-02 2.359147401875816286e-06 1.801005554199218750e+02
9.000000000000000000e+03 2.341378293931484222e-02 1.778663330078125000e+02 5.773120522499084473e-01 1.589847852301318198e-05 1.802320251464843750e+02 2.059709280729293823e-02 1.776567382812500000e+02 5.132696777582168579e-02 2.362514123888104223e-06 1.800996856689453125e+02
9.500000000000000000e+03 2.316790819168090820e-02 1.778956451416015625e+02 6.312256455421447754e-01 1.387224438076373190e-05 1.801801757812500000e+02 2.060291171073913574e-02 1.776563415527343750e+02 5.139144137501716614e-02 2.366801027164910920e-06 1.800986175537109375e+02
1.000000000000000000e+04 2.317363023757934570e-02 1.778950500488281250e+02 6.314453482627868652e-01 1.389972476317780092e-05 1.801788482666015625e+02 2.061003819108009338e-02 1.776558990478515625e+02 5.147103220224380493e-02 2.372112930970615707e-06 1.800972900390625000e+02
1.050000000000000000e+04 2.323293127119541168e-02 1.775678710937500000e+02 5.702452659606933594e-01 1.967809839698020369e-05 1.802482147216796875e+02 2.062029391527175903e-02 1.776552581787109375e+02 5.158665776252746582e-02 2.379854777245782316e-06 1.800953674316406250e+02
1.100000000000000000e+04 2.324320748448371887e-02 1.775664062500000000e+02 5.706057548522949219e-01 1.975119630515109748e-05 1.802457275390625000e+02 2.063336409628391266e-02 1.776543731689453125e+02 5.173817276954650879e-02 2.390104327787412331e-06 1.800928344726562500e+02
1.150000000000000000e+04 2.358478680253028870e-02 1.770548095703125000e+02 5.631003379821777344e-01 1.728996357996948063e-05 1.802233581542968750e+02 2.064976841211318970e-02 1.776532745361328125e+02 5.192870274186134338e-02 2.402992322458885610e-06 1.800896911621093750e+02
1.200000000000000000e+04 2.360167726874351501e-02 1.770526428222656250e+02 5.637597441673278809e-01 1.739379877108149230e-05 1.802193450927734375e+02 2.067082002758979797e-02 1.776518859863281250e+02 5.217203497886657715e-02 2.419459860902861692e-06 1.800856781005859375e+02
1.250000000000000000e+04 2.400898002088069916e-02 1.772891387939453125e+02 4.578043520450592041e-01 1.711647564661689103e-05 1.801830444335937500e+02 2.069628052413463593e-02 1.776502380371093750e+02 5.246362835168838501e-02 2.439248191876686178e-06 1.800808563232421875e+02
1.300000000000000000e+04 2.403383329510688782e-02 1.772864532470703125e+02 4.588549137115478516e-01 1.727409653540235013e-05 1.801768341064453125e+02 2.072868868708610535e-02 1.776481018066406250e+02 5.283813178539276123e-02 2.464732915541389957e-06 1.800746765136718750e+02
1.350000000000000000e+04 2.381611242890357971e-02 1.771602783203125000e+02 5.960034132003784180e-01 1.840920413087587804e-05 1.802206115722656250e+02 2.077158540487289429e-02 1.776452178955078125e+02 5.334527790546417236e-02 2.499607262507197447e-06 1.800664520263671875e+02
1.400000000000000000e+04 2.386415749788284302e-02 1.771549377441406250e+02 5.976784229278564453e-01 1.870514643087517470e-05 1.802100830078125000e+02 2.082643285393714905e-02 1.776414642333984375e+02 5.400378257036209106e-02 2.545316419855225831e-06 1.800558013916015625e+02
1.450000000000000000e+04 2.346085570752620697e-02 1.772891693115234375e+02 5.799283981323242188e-01 1.639390757190994918e-05 1.801941986083984375e+02 2.089972048997879028e-02 1.776363677978515625e+02 5.490053817629814148e-02 2.608140903248568065e-06 1.800414886474609375e+02
1.500000000000000000e+04 2.353672310709953308e-02 1.772785034179687500e+02 5.827540159225463867e-01 1.685871757217682898e-05 1.801758575439453125e+02 2.099394239485263824e-02 1.776295471191406250e+02 5.607854947447776794e-02 2.691445388336433098e-06 1.800227661132812500e+02
1.550000000000000000e+04 2.366800978779792786e-02 1.779070129394531250e+02 5.344992280006408691e-01 1.719718420645222068e-05 1.800265502929687500e+02 2.111708559095859528e-02 1.776205291748046875e+02 5.765193700790405273e-02 2.804103814924019389e-06 1.799981536865234375e+02
1.600000000000000000e+04 2.378348074853420258e-02 1.778886871337890625e+02 5.392829179763793945e-01 1.802611222956329584e-05 1.799942626953125000e+02 2.127562463283538818e-02 1.776084899902343750e+02 5.974955856800079346e-02 2.957003744086250663e-06 1.799659271240234375e+02
1.650000000000000000e+04 2.404846996068954468e-02 1.771199951171875000e+02 4.835700094699859619e-01 2.076500277325976640e-05 1.800372924804687500e+02 2.148037403821945190e-02 1.775923919677734375e+02 6.259529292583465576e-02 3.169470346620073542e-06 1.799235992431640625e+02
1.700000000000000000e+04 2.424065209925174713e-02 1.770868835449218750e+02 4.911477267742156982e-01 2.248737655463628471e-05 1.799822692871093750e+02 2.174361981451511383e-02 1.775706481933593750e+02 6.648757308721542358e-02 3.469637022135430016e-06 1.798678283691406250e+02
1.750000000000000000e+04 2.449713274836540222e-02 1.777610626220703125e+02 5.365350246429443359e-01 3.163576548104174435e-05 1.799566650390625000e+02 2.208198606967926025e-02 1.775411071777343750e+02 7.191286981105804443e-02 3.906272013409761712e-06 1.797938842773437500e+02
1.800000000000000000e+04 2.478027716279029846e-02 1.777015838623046875e+02 5.477543473243713379e-01 3.622773874667473137e-05 1.798585510253906250e+02 2.251633442938327789e-02 1.774998321533203125e+02 7.967123389244079590e-02 4.567538326227804646e-06 1.796945343017578125e+02
