# step, loss_train, loss_test, metrics_test
0.000000000000000000e+00 5.453111603856086731e-02 5.975892767310142517e-02 2.530758734792470932e-03 1.193266245536506176e-03 8.824435062706470490e-04 5.492216721177101135e-02 6.539706140756607056e-02 2.274231985211372375e-03 1.801812439225614071e-03 1.848395331762731075e-03
5.000000000000000000e+02 4.411945337778888643e-05 1.717033912427723408e-03 5.142812369740568101e-05 1.077264641935471445e-05 6.748245214112102985e-04 7.939263014122843742e-06 2.630926901474595070e-03 3.468286740826442838e-05 1.524362596683204174e-05 5.100049893371760845e-04
1.000000000000000000e+03 1.886627615022007376e-05 1.245669845957309008e-04 7.241005278046941385e-06 3.839462351606925949e-06 3.966354415751993656e-04 4.046942649438278750e-06 1.423443318344652653e-04 7.775441872581723146e-07 4.035344318253919482e-06 1.578285591676831245e-04
1.500000000000000000e+03 1.485728080297121778e-05 6.033093086443841457e-05 6.097535333537962288e-06 4.109462224732851610e-06 3.962928021792322397e-04 2.075033535220427439e-06 7.272758375620469451e-05 5.144194801687262952e-06 4.655015345633728430e-06 6.864306487841531634e-05
2.000000000000000000e+03 8.309694749186746776e-06 4.032558717881329358e-05 4.377077402750728652e-06 1.086074917111545801e-06 2.446105936542153358e-04 8.277199299300264101e-07 4.124037513975054026e-05 4.140219516557408497e-06 8.409735414716124069e-07 1.221171260112896562e-05
2.500000000000000000e+03 1.949009674717672169e-05 2.632389077916741371e-05 1.925610831676749513e-06 1.510694005446566734e-06 2.113438677042722702e-04 5.660699002874025609e-07 2.476332156220450997e-05 4.021089353045681491e-06 1.220363742504559923e-06 6.487030532298376784e-06
3.000000000000000000e+03 5.362460433389060199e-05 1.050354549079202116e-04 1.431167493137763813e-05 5.293926733429543674e-06 2.469976316206157207e-04 4.482287749851820990e-07 1.704564783722162247e-04 1.821183468564413488e-05 7.120818281691754237e-06 3.701354216900654137e-05
3.500000000000000000e+03 3.161874337820336223e-05 8.624096517451107502e-05 2.126158278770162724e-06 7.600897333759348840e-06 1.748346403473988175e-04 2.474792495377187151e-07 1.280464348383247852e-04 1.092917386813496705e-06 4.429683031048625708e-06 1.388446980854496360e-05
4.000000000000000000e+03 5.182539462111890316e-05 1.613616186659783125e-04 1.130505438595719170e-06 3.041078798560192809e-06 1.762360770953819156e-04 1.647944145588553511e-07 1.579234958626329899e-04 3.380758244020398706e-06 2.352207593503408134e-05 1.513232859906565864e-06
4.500000000000000000e+03 5.077778041595593095e-05 1.347328652627766132e-04 1.182797745968855452e-06 1.066528056981042027e-06 2.720363845583051443e-04 1.497935357974711224e-07 1.018743132590316236e-04 9.569189387548249215e-07 2.605134341138182208e-06 1.525152356407488696e-06
5.000000000000000000e+03 3.854221722576767206e-05 4.888389594270847738e-05 2.707677140278974548e-06 2.413453557892353274e-06 2.273793652420863509e-04 7.493653697565605398e-08 8.924336725613102317e-05 5.153466986485000234e-07 2.679018507478758693e-06 1.238365257449913770e-05
5.500000000000000000e+03 1.740783045534044504e-05 1.573301051394082606e-05 2.117724449135494069e-07 5.318060516401601490e-07 1.055233587976545095e-04 4.618600968342434498e-08 2.248287455586250871e-05 1.835624345858377637e-07 2.462832298988359980e-06 1.518673570899409242e-06
6.000000000000000000e+03 1.989755946851801127e-05 2.065649459837004542e-05 2.959543223823857261e-07 3.835910717953083804e-07 9.800718544283881783e-05 1.824627382518428931e-08 1.995365164475515485e-05 4.313619683671277016e-07 2.003243707804358564e-06 1.197971414512721822e-06
6.500000000000000000e+03 3.024652323802001774e-05 4.329993680585175753e-05 3.886447075274190865e-07 2.528779305066564120e-06 6.823207513662055135e-05 3.912280632789588708e-08 5.314249938237480819e-05 6.489700012934918050e-07 4.430050466908141971e-06 6.878663498355308548e-06
7.000000000000000000e+03 4.978844299330376089e-05 1.813891867641359568e-05 3.458779701759340242e-06 3.245932305162568809e-07 6.747827137587592006e-05 2.395467113558424899e-08 5.370044527808204293e-05 2.128841970261419192e-06 1.039422954818292055e-06 1.922842329804552719e-06
7.500000000000000000e+03 6.207374553923727944e-06 1.030868679663399234e-05 1.001604701400538033e-07 1.973293564105915721e-07 1.369551500829402357e-05 3.509627788389479974e-08 1.459785289625870064e-05 5.250460617389762774e-07 4.888729421281823306e-08 1.315075110142061021e-06
8.000000000000000000e+03 3.878218194586224854e-06 1.008041817840421572e-05 1.470817920790068456e-07 2.611824072573654121e-07 8.768066436459776014e-06 1.923958237171063956e-08 1.357780456601176411e-05 1.491093684080624371e-07 1.049776017225667601e-07 1.151303763435862493e-06
8.500000000000000000e+03 3.907284917659126222e-05 1.024057128233835101e-04 1.374615567328874022e-05 9.232487172994296998e-06 2.536718093324452639e-04 6.664283205282117706e-07 1.775396958691999316e-04 2.366644548601470888e-05 7.222802196338307112e-06 6.342652795865433291e-06
9.000000000000000000e+03 3.985475996159948409e-05 1.476688430557260290e-05 1.335107981503824703e-06 8.433438551946892403e-07 1.678115222603082657e-04 1.619588800849669497e-07 2.972386937472037971e-05 3.475500420790922362e-07 2.401664005446946248e-06 9.271577141589659732e-07
9.500000000000000000e+03 1.163071829068940133e-05 7.143496986827813089e-06 1.574157408867904451e-07 1.538226968023082009e-07 8.069013711065053940e-05 1.670407385745420470e-07 9.942161341314204037e-06 1.178699108095315751e-06 4.721850359601376113e-07 1.403874875904875807e-06
1.000000000000000000e+04 1.811814217944629490e-05 6.709867011522874236e-05 9.279765436076559126e-07 1.264529373656841926e-06 9.137215238297358155e-05 1.302604886177505250e-07 9.380624396726489067e-05 2.420482019260816742e-07 4.289638127374928445e-06 2.039951868937350810e-05
1.050000000000000000e+04 1.850363878475036472e-05 4.642727799364365637e-05 2.506370719856931828e-07 7.746014034637482837e-07 8.227843500208109617e-05 7.834430704178885208e-08 4.760461888508871198e-05 2.959964717774710152e-07 5.320448963175294921e-06 6.709292847517644987e-06
1.100000000000000000e+04 1.383691414957866073e-05 1.145800069934921339e-05 2.054252803418421536e-07 3.334840243951475713e-07 7.425750663969665766e-05 3.966191641779914789e-08 2.766064608294982463e-05 5.904575317572380300e-08 6.032035798853030428e-06 2.799864205371704884e-06
1.150000000000000000e+04 1.367873574054101482e-05 2.680950819922145456e-05 3.555637988483795198e-07 8.070285275607602671e-07 4.421750782057642937e-05 2.882774374768359849e-08 3.370512786204926670e-05 2.909615375301655149e-07 5.640060408040881157e-06 1.358889039693167433e-05
1.200000000000000000e+04 1.196890298160724342e-05 4.179649840807542205e-05 3.906232279859978007e-07 2.134231493755578413e-07 2.816233791236300021e-05 3.644904822408534528e-08 5.125084499013610184e-05 2.640273777387847076e-08 2.356623781452071853e-06 2.194752369177876972e-06
1.250000000000000000e+04 1.862051431089639664e-05 9.811704330786596984e-06 7.320559092249823152e-08 1.284985131633220590e-07 5.995150786475278437e-05 1.531017446154692152e-08 9.104511264013126493e-06 1.914005594016998657e-07 2.937741214736888651e-07 1.541906749480403960e-05
1.300000000000000000e+04 9.374968612974043936e-06 9.047250387084204704e-06 5.097085420402436284e-08 1.612071400813874789e-07 2.613883771118707955e-05 5.532890412496271892e-08 1.476165653002681211e-05 1.415228609857877018e-07 9.070982969205942936e-07 6.649985880358144641e-05
1.350000000000000000e+04 1.498139044997515157e-05 1.331562543782638386e-05 6.786866606489638798e-07 1.685048403032851638e-07 3.316833317512646317e-05 6.336002833506881871e-09 1.460388102714205161e-05 1.090851782237223233e-07 1.630056090107245836e-07 8.628139767097309232e-06
1.400000000000000000e+04 1.407195941283134744e-05 1.018356051645241678e-04 3.996601094513607677e-07 3.065853206862811930e-06 3.598127659643068910e-05 6.715062284001760418e-09 1.905293029267340899e-04 1.784337428034632467e-06 2.914510332630015910e-06 2.234135172329843044e-05
1.450000000000000000e+04 2.096685057040303946e-05 1.701874862192198634e-05 2.497097852938168216e-07 6.953277988941408694e-07 1.112343888962641358e-04 5.657637913714097522e-08 2.039086211880203336e-05 1.753034553075849544e-06 2.528080642605345929e-07 2.949897407233947888e-06
1.500000000000000000e+04 1.488523957959841937e-05 1.684936432866379619e-05 2.694578427053784253e-07 3.347315953305951552e-07 6.129124813014641404e-05 4.285385202251745795e-08 3.988785101682879031e-05 7.112445814527745824e-07 8.537496114513487555e-07 5.730948487325804308e-06
1.550000000000000000e+04 4.010209977423073724e-06 5.665084700012812391e-06 1.493153689580140053e-07 1.738534223250098876e-07 9.681597475719172508e-06 8.950735264079412445e-09 1.017585964291356504e-05 2.104038117067830171e-07 1.397274616010690806e-07 5.064551805844530463e-05
1.600000000000000000e+04 1.641304265831422526e-06 3.547270898707211018e-05 1.373604277432605159e-06 1.620151124370750040e-07 1.011528365779668093e-05 1.010832040293507816e-08 6.429852510336786509e-05 1.553072692672685662e-08 4.757946570066451386e-08 9.846011380432173610e-05
1.650000000000000000e+04 2.110003151756245643e-06 4.894026460533495992e-06 1.597978638301356114e-07 2.819215438876199187e-08 1.659464260228560306e-06 8.822377495221189747e-09 1.026167046802584082e-05 8.641320903279847698e-08 8.622289726645249175e-08 6.620390649914043024e-06
1.700000000000000000e+04 1.480095647821144667e-06 1.988009216802311130e-06 5.559206428529250843e-08 5.001330194431830023e-08 1.574655129843449686e-06 7.825750714118839824e-09 2.861577286239480600e-06 2.950766884168842807e-07 5.420602633421367500e-08 5.322919605532661080e-06
1.750000000000000000e+04 8.586651347286533564e-06 9.188404874294064939e-06 4.160119360108183173e-08 5.817943815600301605e-08 4.855215593124739826e-05 3.102487822204125223e-09 4.248749519319972023e-06 7.713128411523939576e-07 3.247419897434156155e-07 1.466045773668156471e-06
1.800000000000000000e+04 2.648831696205888875e-06 1.135182901634834707e-05 2.772315532695301954e-08 4.713749390816701634e-08 6.802537427574861795e-06 1.256191595189193322e-09 1.061904185917228460e-05 1.028552460979881289e-07 2.723434633367105562e-08 1.885382744148955680e-06
1.850000000000000000e+04 2.079372279695235193e-06 8.168681233655661345e-06 1.032265970479784301e-07 8.477365298631411861e-08 1.283852543565444648e-05 1.240033942195850614e-08 1.504756437498144805e-05 3.527133785041769443e-08 2.690140021854858787e-08 8.809269274934194982e-06
1.900000000000000000e+04 1.530058284515689593e-06 2.433584450045600533e-05 5.229933890404936392e-07 1.293875726560145267e-07 1.350119509879732504e-05 8.534986939423561125e-09 3.800707781920209527e-05 1.461822041193272526e-08 7.176441130241073552e-08 5.342086751625174657e-06
1.950000000000000000e+04 5.316765964380465448e-06 2.978392103614169173e-06 1.088568968299341577e-08 1.791786132798733888e-07 1.722295928630046546e-05 1.290912710061320468e-08 8.999450074043124914e-06 4.427485045255252771e-09 3.118996616535696376e-08 1.123764377553015947e-06
2.000000000000000000e+04 2.623054342620889656e-06 2.366992248425958678e-06 9.905143372179736616e-09 6.767059090861948789e-08 1.302315013163024560e-05 1.618985168150288700e-09 6.483037395810242742e-06 1.245834102547860311e-08 1.283795256767916726e-07 1.499288259765307885e-06
2.050000000000000000e+04 1.123489255405729637e-06 2.330700226593762636e-06 1.414928618714839104e-08 1.319268516652982726e-08 3.689212462631985545e-06 9.644616660864357982e-09 9.776840670383535326e-06 1.767162274290967616e-07 1.295950369240017608e-06 6.223535820026881993e-06
2.100000000000000000e+04 1.412367282682680525e-06 1.339199570793425664e-05 7.017330716507785837e-09 3.494396239034358587e-08 6.028949428582563996e-06 7.877370755693391402e-09 2.729025436565279961e-05 8.067788570542688831e-08 1.517622877145186067e-06 5.780844730907119811e-06
2.150000000000000000e+04 5.544600571738556027e-05 4.704110324382781982e-05 1.999470214286702685e-06 1.831000190577469766e-06 5.470679025165736675e-04 2.917059873652760871e-06 2.268068965349812061e-05 2.374868017795961350e-05 4.679185622080694884e-06 2.329754352103918791e-04
2.200000000000000000e+04 4.688892295234836638e-05 2.688199128897394985e-05 9.715120086184469983e-07 2.712111779601400485e-07 3.273191687185317278e-04 7.596563591505400836e-07 4.067992267664521933e-05 9.838526239036582410e-06 5.505584681486652698e-07 1.773087024048436433e-05
2.250000000000000000e+04 2.805138865369372070e-05 1.161886029876768589e-05 6.431073984458635096e-07 4.717348929261788726e-07 2.271744451718404889e-04 2.742044671322219074e-07 2.606834641483146697e-05 8.209913175960537046e-06 1.973037115021725185e-06 5.801899078505812213e-06
2.300000000000000000e+04 1.694073216640390456e-05 2.427820982120465487e-05 3.245314019295619801e-06 4.584940711538365576e-07 1.808624947443604469e-04 2.281004896076410660e-07 1.373530176351778209e-05 3.446891923886141740e-06 4.323964617469755467e-07 1.409022934240056202e-05
2.350000000000000000e+04 1.935427826538216323e-05 1.286233327846275643e-05 6.802134748795651831e-07 8.881531812221510336e-07 1.190027032862417400e-04 2.064832926862436580e-07 2.428179504931904376e-05 4.877243782175355591e-07 4.789595095644472167e-06 7.723474482190795243e-06
2.400000000000000000e+04 1.324938057223334908e-05 6.513125299534294754e-06 3.640208205979433842e-07 3.010941611591988476e-07 5.517643148778006434e-05 1.999860330670344410e-07 1.252929814654635265e-05 2.028746166615746915e-05 2.153041123165166937e-06 5.482245796883944422e-06
2.450000000000000000e+04 7.001253379712579772e-06 1.589967359905131161e-05 3.091920461884001270e-07 6.239764616111642681e-07 5.839738150825724006e-05 1.482302991462347563e-07 1.438278286514105275e-05 2.441327637825452257e-07 1.387301381328143179e-06 8.915890248317737132e-06
2.500000000000000000e+04 4.102688762941397727e-06 1.910262217279523611e-04 5.096713948660180904e-07 5.460855163619271480e-07 4.098664794582873583e-05 1.277277448252789327e-07 2.161002776119858027e-04 3.841798559278686298e-07 5.993720719743578229e-07 1.809271634556353092e-05
2.550000000000000000e+04 1.297088419960346073e-05 9.485123882768675685e-06 1.285546602503018221e-07 2.854054912404535571e-07 6.919980660313740373e-05 7.318610784068368957e-08 2.752938235062174499e-05 4.880632076265101205e-08 2.137960564141394570e-07 4.060781520820455626e-06
2.600000000000000000e+04 6.436789590225089341e-06 7.425068361044395715e-06 1.124116053574653051e-07 1.317111468779330608e-07 4.784858174389228225e-05 5.631203592315614515e-08 1.627771962375845760e-05 9.199657569070041063e-08 1.047686239985523571e-07 3.662549488581134938e-06
2.650000000000000000e+04 5.028936357120983303e-06 6.944466349523281679e-06 3.342797683103526651e-08 7.550136871259383042e-08 7.505236135330051184e-05 5.212660880715702660e-08 9.285561645810957998e-06 2.320673502254066989e-07 3.465054732032513130e-08 2.195252591263852082e-06
2.700000000000000000e+04 3.660985157694085501e-06 4.940021608490496874e-05 5.459083496361927246e-08 1.377152614168153377e-07 6.158890028018504381e-05 3.459514630321791628e-08 4.833472121390514076e-05 9.098845907828945201e-07 9.834515140028088354e-07 9.153181963483802974e-06
