# step, loss_train, loss_test, metrics_test
0.000000000000000000e+00 2.459262758493423462e-01 1.662739962339401245e-01 3.965261578559875488e-01 3.092690110206604004e-01 1.032848507165908813e-01 2.485353350639343262e-01 9.836611896753311157e-02 2.746560275554656982e-01 2.707473039627075195e-01 1.066170558333396912e-01
5.000000000000000000e+02 4.743495373986661434e-04 5.682133510708808899e-02 7.835376163711771369e-05 1.423974026693031192e-04 1.535542658530175686e-03 3.781018895097076893e-04 6.503558903932571411e-02 5.877330295334104449e-06 4.144375634496100247e-05 2.148486441001296043e-03
1.000000000000000000e+03 2.589700161479413509e-04 5.609273165464401245e-02 1.498092169640585780e-04 2.895010402426123619e-04 7.007622625678777695e-04 1.073988460120745003e-04 6.477957963943481445e-02 3.573193316697143018e-05 2.094218070851638913e-04 1.308997045271098614e-03
1.500000000000000000e+03 1.996075734496116638e-04 6.024448946118354797e-02 1.312265056185424328e-03 1.108578406274318695e-03 7.988831494003534317e-04 5.233766569290310144e-05 6.188492104411125183e-02 2.719764888752251863e-04 2.448472077958285809e-04 1.202943385578691959e-03
2.000000000000000000e+03 1.368658267892897129e-04 6.405087769962847233e-04 4.346494097262620926e-04 8.662396794534288347e-06 2.279734006151556969e-03 4.457521936274133623e-05 6.908935611136257648e-04 1.462510903365910053e-03 4.701350007962901145e-06 1.949909259565174580e-03
2.500000000000000000e+03 9.158305329037830234e-05 2.125606260960921645e-04 1.319195143878459930e-04 1.076867374649737030e-05 1.690326957032084465e-03 1.730568328639492393e-05 1.742953609209507704e-04 7.261294522322714329e-04 7.026789262454258278e-06 1.420297543518245220e-03
3.000000000000000000e+03 6.348121678456664085e-05 1.548702130094170570e-04 1.327223581029102206e-04 1.516992051620036364e-05 1.361331902444362640e-03 5.642524683935334906e-06 1.018425173242576420e-04 4.857906315010040998e-04 1.262613568542292342e-05 1.068325946107506752e-03
3.500000000000000000e+03 7.061381620587781072e-05 1.644737640162929893e-04 9.142226917902007699e-05 9.612859685148578137e-06 1.198366167955100536e-03 6.792242402298143134e-06 7.065165118547156453e-05 3.029931976925581694e-04 8.595156032242812216e-06 7.607114966958761215e-04
4.000000000000000000e+03 5.475358921103179455e-05 1.567437720950692892e-04 7.214806828415021300e-05 8.006188181752804667e-06 1.042230753228068352e-03 4.429974069353193045e-06 7.236857345560565591e-05 2.119323471561074257e-04 6.680063506792066619e-06 6.039505242370069027e-04
4.500000000000000000e+03 4.837721644435077906e-05 1.353303669020533562e-04 2.758384471235331148e-05 8.479902135150041431e-06 1.131149008870124817e-03 4.795563654624857008e-06 6.560361362062394619e-05 3.529878449626266956e-04 6.012685844325460494e-06 4.472986620385199785e-04
5.000000000000000000e+03 4.622082269634120166e-05 1.326886849710717797e-04 1.428824816684937105e-05 7.700062269577756524e-06 9.831469506025314331e-04 7.546062079200055450e-06 7.205022848211228848e-05 2.217347064288333058e-04 3.187786660419078544e-06 3.173073637299239635e-04
5.500000000000000000e+03 2.640921775309834629e-05 9.397336543770506978e-05 1.145916758105158806e-05 1.360222904622787610e-05 5.744984373450279236e-04 5.993673767079599202e-06 5.633236287394538522e-05 2.275901497341692448e-04 4.790789716935250908e-06 2.273613063152879477e-04
6.000000000000000000e+03 2.366529224673286080e-05 7.865101360948756337e-05 6.991901500441599637e-06 1.382184200338087976e-05 4.951715236529707909e-04 4.589062427839962766e-06 4.606058064382523298e-05 1.864698278950527310e-04 5.300728844304103404e-06 1.661965216044336557e-04
6.500000000000000000e+03 2.611627314763609320e-05 4.833288039662875235e-05 3.901382115145679563e-06 6.887107701913919300e-06 4.974115290679037571e-04 3.927804300474235788e-06 3.275158451288007200e-05 1.210336413350887597e-04 2.773544565570773557e-06 1.217699900735169649e-04
7.000000000000000000e+03 2.718524774536490440e-05 4.482878648559562862e-05 4.681363407144090161e-06 6.018903604854131117e-06 4.538230714388191700e-04 3.550230530890985392e-06 3.204727545380592346e-05 1.149224990513175726e-04 2.937162889793398790e-06 9.076075366465374827e-05
7.500000000000000000e+03 2.025556386797688901e-05 5.693536513717845082e-05 7.294117949641076848e-06 9.359892828797455877e-06 3.093288687523454428e-04 2.641575974848819897e-06 5.467910523293539882e-05 8.208809958887286484e-06 2.025059075094759464e-06 8.027257717913016677e-05
8.000000000000000000e+03 1.862019234977196902e-05 4.773044202011078596e-05 1.420709668309427798e-05 8.312268619192764163e-06 2.900814288295805454e-04 1.561071144351444673e-06 4.093477764399722219e-05 3.107592056039720774e-05 1.340096901003562380e-06 6.514770211651921272e-05
8.500000000000000000e+03 1.750723095028661191e-05 7.016165909590199590e-05 1.799529673007782549e-05 5.863336355105275288e-06 3.852042718790471554e-04 1.449107571716012899e-06 1.041807772708125412e-04 9.080532472580671310e-04 6.779925115552032366e-06 6.443625170504674315e-05
9.000000000000000000e+03 1.794375020836014301e-05 3.055968772969208658e-05 1.816465328374761157e-06 4.044391062052454799e-06 3.657376219052821398e-04 1.089060219783277716e-06 3.338717942824587226e-05 9.733155020512640476e-04 4.585558599501382560e-06 5.195562698645517230e-05
9.500000000000000000e+03 1.941225673363078386e-05 2.702862002479378134e-05 1.676075498835416511e-06 6.665055025223409757e-06 2.829064032994210720e-04 4.634084120880288538e-07 2.473953645676374435e-05 7.481280044885352254e-05 2.268032858410151675e-06 4.121795427636243403e-05
1.000000000000000000e+04 2.106657666445244104e-05 2.880098509194795042e-05 6.540901085827499628e-05 5.546508873521815985e-06 2.678252058103680611e-04 8.392223094233486336e-07 2.836143903550691903e-05 7.827313675079494715e-05 2.662414317455841228e-06 3.514984200592152774e-05
1.050000000000000000e+04 3.396442843950353563e-05 4.310122676542960107e-05 1.947914824995677918e-06 4.520900347415590659e-06 3.831684880424290895e-04 9.917463330566533841e-07 3.258508877479471266e-05 1.680696732364594936e-05 1.021346406560041942e-06 2.581963963166344911e-05
1.100000000000000000e+04 3.818525146925821900e-05 3.988411845057271421e-05 1.579055060574319214e-05 3.793943506025243551e-06 3.658271743915975094e-04 1.301284328292240389e-06 3.086667493334971368e-05 1.782797880878206342e-05 8.536997029295889661e-07 2.321431384189054370e-05
1.150000000000000000e+04 2.125158789567649364e-05 1.660379894019570202e-05 7.342766252804722171e-07 2.935523184532939922e-07 1.206163506140001118e-04 1.463931198486534413e-06 1.686975519987754524e-05 8.987065484689082950e-06 2.527762887893914012e-07 2.054714059340767562e-05
1.200000000000000000e+04 2.199289519921876490e-05 1.433904526493279263e-05 8.098867851913382765e-07 2.502759173239610391e-07 1.143233457696624100e-04 1.422096261194383260e-06 1.405430703016463667e-05 1.121354443966993131e-06 2.977526776248851093e-07 1.795599382603541017e-05
1.250000000000000000e+04 3.142881178064271808e-05 2.300871892657596618e-05 2.069625907097361051e-06 5.758960014645708725e-06 2.508805482648313046e-04 1.959677547347382642e-06 1.833037640608381480e-05 1.159105977421859279e-05 8.811551879261969589e-07 1.797168806660920382e-05
1.300000000000000000e+04 3.278776421211659908e-05 1.983046422537881881e-05 1.441708263882901520e-06 4.125579380342969671e-06 2.334999880986288190e-04 1.939233698067255318e-06 1.692086880211718380e-05 6.178569947223877534e-06 1.017700242300634272e-06 1.816567419155035168e-05
1.350000000000000000e+04 3.097579974564723670e-05 1.515250824013492092e-05 1.931639644681126811e-06 3.276566928889224073e-07 9.818300895858556032e-05 2.104647137457504869e-06 2.829519871738739312e-05 1.340377930318936706e-04 4.320661730616848217e-07 8.962077117757871747e-06
1.400000000000000000e+04 2.869002310035284609e-05 1.193013213196536526e-05 1.546768089610850438e-06 3.143787807857734151e-07 9.842749568633735180e-05 1.872112534329062328e-06 2.151897570001892745e-05 1.114313636207953095e-04 4.343306443388428306e-07 7.594951966893859208e-06
1.450000000000000000e+04 4.934195385430939496e-05 1.999511187023017555e-05 1.177994363388279453e-06 1.663935449869313743e-06 2.905295696109533310e-04 2.490689212208962999e-06 3.257629578001797199e-05 2.379337638558354229e-05 7.947283506837266032e-07 1.055376196745783091e-05
1.500000000000000000e+04 5.172249075258150697e-05 1.881405296444427222e-05 1.173344685412303079e-06 1.105390424527286086e-06 2.775782486423850060e-04 2.505154952814336866e-06 3.085328717133961618e-05 1.779419108061119914e-05 1.208309640787774697e-06 1.069897371053230017e-05
1.550000000000000000e+04 3.594303416321054101e-05 1.657826214795932174e-05 2.358190840823226608e-06 2.743715413089375943e-06 1.345281343674287200e-04 3.069201738981064409e-06 2.133752968802582473e-05 2.586839400464668870e-06 5.439792857941938564e-06 5.765085461462149397e-06
1.600000000000000000e+04 3.594440568122081459e-05 1.343555504718096927e-05 1.476974716752010863e-06 2.021149839492863975e-06 1.284383179154247046e-04 3.095493411819916219e-06 1.969163349713198841e-05 2.642169420141726732e-06 5.024025540478760377e-06 6.010644028719980270e-06
1.650000000000000000e+04 5.121381400385871530e-05 1.704252281342633069e-05 2.694838713068747893e-06 1.927350240293890238e-06 2.136659022653475404e-04 2.994472652062540874e-06 2.505429074517451227e-05 1.522877937532030046e-06 5.847763986821519211e-06 7.992831342562567443e-06
1.700000000000000000e+04 5.055706060375086963e-05 1.490326576458755881e-05 2.785221795420511626e-06 1.625226900614507031e-06 2.014136262005195022e-04 2.696549927350133657e-06 2.427279650873970240e-05 1.359262455480347853e-06 5.623542165267281234e-06 8.259552487288601696e-06
1.750000000000000000e+04 4.897878170595504344e-05 1.122575577028328553e-05 6.989189387240912765e-07 8.472147214888536837e-07 1.726670016068965197e-04 1.902446001622593030e-06 1.853679350460879505e-05 2.192180545534938574e-06 2.344914946661447175e-06 5.852546564710792154e-06
1.800000000000000000e+04 4.765191260958090425e-05 1.023970617097802460e-05 5.061972387920832261e-07 8.069650334618927445e-07 1.698831474641337991e-04 1.792879743334196974e-06 1.894092383736278862e-05 1.203066403832053766e-06 2.086504991893889382e-06 4.992891263100318611e-06
1.850000000000000000e+04 7.016359450062736869e-05 1.976439671125262976e-05 7.647356596862664446e-07 2.571570348663954064e-06 3.054739499930292368e-04 2.129399263139930554e-06 2.430380482110194862e-05 6.658515303570311517e-07 2.155687297999975272e-06 5.355682787921978161e-06
1.900000000000000000e+04 6.724482227582484484e-05 1.777223769749980420e-05 1.751163836161140352e-07 2.082986156892729923e-06 2.977091062348335981e-04 1.986576762647018768e-06 2.139663047273643315e-05 2.620468251279817196e-07 1.553206402604700997e-06 4.974038802174618468e-06
1.950000000000000000e+04 4.482881558942608535e-05 1.890942803584039211e-04 1.150184398284181952e-04 2.048038368229754269e-06 1.470846327720209956e-04 2.760415554803330451e-06 2.355059696128591895e-04 8.213781256927177310e-05 5.018682713853195310e-06 8.749467087909579277e-05
2.000000000000000000e+04 4.125637497054412961e-05 7.065982572385109961e-06 7.292658779078919906e-07 1.066962340701138601e-06 7.305591134354472160e-05 1.893015678433584981e-06 1.245578641828615218e-05 2.800200263664009981e-06 3.504565711409668438e-06 4.404092578624840826e-06
2.050000000000000000e+04 4.998628719476982951e-05 8.758568583289161325e-06 2.878980751574999886e-07 4.777662070409860462e-07 1.520550868008285761e-04 1.636827050788269844e-06 1.630518454476259649e-05 3.164916790865390794e-07 1.274471742362948135e-06 6.378915259119821712e-06
2.100000000000000000e+04 4.857142630498856306e-05 9.132082595897372812e-06 4.058446734234166797e-07 4.703330205302336253e-07 1.461234205635264516e-04 1.816657572817348409e-06 1.796290962374769151e-05 4.429263071870082058e-07 1.537877324153669178e-06 6.292169928201474249e-06
2.150000000000000000e+04 3.155788726871833205e-05 1.239858920598635450e-05 7.392662837446550839e-07 4.205635377729777247e-07 2.060239203274250031e-04 1.591738509887363762e-06 1.704904389043804258e-05 2.101134214171906933e-06 1.876077476481441408e-06 5.061382580606732517e-06
2.200000000000000000e+04 3.155223384965211153e-05 1.209357196785276756e-05 6.192315140651771799e-07 3.426660271088621812e-07 2.031954500125721097e-04 1.398742597302771173e-06 1.831686859077308327e-05 2.286993094458011910e-06 1.901530254144745413e-06 4.408744189277058467e-06
2.250000000000000000e+04 3.139418913633562624e-05 8.728241482458543032e-06 9.727361884870333597e-07 9.860771115199895576e-07 1.227200991706922650e-04 1.395443291585252155e-06 8.968648216978181154e-06 3.753378223336767405e-06 1.295533706979767885e-06 3.233031520721851848e-06
2.300000000000000000e+04 3.049603401450440288e-05 7.721258043602574617e-06 6.925769184817909263e-07 7.275542657225742005e-07 1.187929083243943751e-04 1.267831976292654872e-06 1.001806958811357617e-05 1.831132635743415449e-06 1.122697767641511746e-06 3.407520125620067120e-06
2.350000000000000000e+04 5.346207399270497262e-05 8.962380888988263905e-06 2.712340290145220933e-07 7.842872946639545262e-07 1.152521072071976960e-04 1.309561639573075809e-06 8.550801794626750052e-06 3.817648030235432088e-05 3.164100235153455287e-06 5.051429070590529591e-06
2.400000000000000000e+04 5.280124605633318424e-05 8.607214112998917699e-06 2.684394075913587585e-07 5.812315180264704395e-07 1.101685847970657051e-04 1.376680756948189810e-06 8.716171578271314502e-06 3.863095480483025312e-05 2.226672449978650548e-06 5.109724042995367199e-06
2.450000000000000000e+04 3.433869278524070978e-05 9.228553608409129083e-06 5.217510761212906800e-07 4.954771384291234426e-07 9.826938185142353177e-05 1.153894118033349514e-06 8.453341251879464835e-06 1.676044917076069396e-06 1.055122311299783178e-06 5.295210030453745276e-06
2.500000000000000000e+04 3.366350574651733041e-05 3.153102079522795975e-05 6.596877483389107510e-06 1.270521124752121978e-06 1.102224268834106624e-04 1.027684902510372922e-06 3.737836232176050544e-05 8.145093488565180451e-06 8.557604473935498390e-07 1.542785867059137672e-05
2.550000000000000000e+04 4.045754394610412419e-05 6.315824066405184567e-06 9.022145945891679730e-07 7.374114829872269183e-07 9.035781840793788433e-05 1.100994495573104359e-06 1.373906616208842024e-05 2.331126324861543253e-06 5.208268021306139417e-07 3.289655978733208030e-06
2.600000000000000000e+04 3.871608714689500630e-05 2.610582741908729076e-04 1.067529155989177525e-04 4.725874077848857269e-06 2.092359209200367332e-04 1.402547695761313662e-06 3.463130560703575611e-04 9.061663877218961716e-05 3.569742830222821794e-06 1.088598946807906032e-04
2.650000000000000000e+04 3.206224937457591295e-05 8.720105142856482416e-06 6.754399919373099692e-07 2.030017896004210343e-07 1.286345359403640032e-04 1.120582624025701080e-06 1.096605865313904360e-05 2.255521621918887831e-06 1.980622300834511407e-06 4.731174158223439008e-06
2.700000000000000000e+04 3.303798803244717419e-05 9.067496648640371859e-06 7.596740374538057949e-07 1.917087786296178820e-07 1.228688051924109459e-04 1.062602109414001461e-06 1.451713978894986212e-05 3.238064891775138676e-06 1.567995127516041975e-06 4.579906544677214697e-06
2.750000000000000000e+04 3.648982601589523256e-05 2.878457598853856325e-05 6.224112439667806029e-06 1.070524263013794553e-06 1.015158559312112629e-04 1.302331384067656472e-06 6.478055001934990287e-05 1.493266154284356162e-05 1.244371446773584466e-06 9.921228411258198321e-06
2.800000000000000000e+04 3.499531158013269305e-05 6.763048531865933910e-06 4.596481915086769732e-07 3.464764688487775857e-07 8.466791769023984671e-05 1.000226461655984167e-06 1.188385340356035158e-05 9.761642104422207922e-06 8.464987786283018067e-07 3.726539944182150066e-06
2.850000000000000000e+04 4.403466664371080697e-05 9.958847840607631952e-06 7.026596904324833304e-07 3.537548991516814567e-07 1.934864849317818880e-04 9.102693638851633295e-07 4.909498784400057048e-06 2.719847600474167848e-07 7.491856877095415257e-07 4.012644239992368966e-06
2.900000000000000000e+04 4.056862599099986255e-05 9.736573701957240701e-06 4.687593104790721554e-07 2.386314292834867956e-07 1.946312258951365948e-04 8.641714543955458794e-07 3.611259444369352423e-06 2.187857433000317542e-07 6.707971920150157530e-07 4.302268280298449099e-06
2.950000000000000000e+04 1.955674451892264187e-05 5.977093223918927833e-06 6.790438646930851974e-07 1.491181222945670015e-07 6.642358493991196156e-05 1.010145069813006558e-06 6.853545528429094702e-06 4.606134098139591515e-06 1.005760850603110157e-06 3.835897587123326957e-06
3.000000000000000000e+04 1.843615063990000635e-05 1.029678678605705500e-04 2.649796806508675218e-05 3.417904963498585857e-06 1.078792411135509610e-04 1.140785116149345413e-06 1.448802795493975282e-04 4.813325358554720879e-05 5.867636446055257693e-06 3.621602445491589606e-05
3.050000000000000000e+04 3.509159432724118233e-05 1.216550936078419909e-05 1.604405724719981663e-06 8.728424063519923948e-07 1.232071372214704752e-04 7.146031748561654240e-07 3.063324402319267392e-05 1.627693904993066099e-06 5.948990065007819794e-07 3.266648491262458265e-06
3.100000000000000000e+04 3.452978853601962328e-05 5.463315574161242694e-06 6.744687652826542035e-07 6.788553150727238972e-07 1.213288924191147089e-04 6.530717087116499897e-07 2.349249189137481153e-05 1.334494527327478863e-06 9.161139473690127488e-07 2.850802502507576719e-06
3.150000000000000000e+04 2.559853965067304671e-05 1.594353525433689356e-04 8.623155008535832167e-05 2.471069274179171771e-05 2.783507807180285454e-04 8.334930612363677938e-07 1.501116785220801830e-04 1.009979969239793718e-04 2.663862687768414617e-05 1.761947933118790388e-04
3.200000000000000000e+04 2.419125121377874166e-05 4.875563718087505549e-06 5.804307647849782370e-07 2.006945294397155521e-07 9.414758096681907773e-05 6.248693580346298404e-07 1.617903399164788425e-05 3.257445769122568890e-06 1.120574552260222845e-06 2.904059556385618635e-06
3.250000000000000000e+04 2.226755714218597859e-05 3.624264309110003524e-06 4.351941811364667956e-07 2.122536955084797228e-07 6.436788680730387568e-05 6.006383159729011822e-07 7.162452675402164459e-06 1.986795496122795157e-06 4.214024897919443902e-07 2.099933681165566668e-06
3.300000000000000000e+04 2.068596586468629539e-05 3.797207000388880260e-06 3.633034566519199871e-07 1.970291236830234993e-07 6.323725392576307058e-05 5.985900202176708262e-07 7.957456546137109399e-06 1.674978989285591524e-06 3.787534694765781751e-07 2.136399416485801339e-06
3.350000000000000000e+04 3.696370185934938490e-05 8.115242053463589400e-06 4.453061990261630854e-07 1.621838947585274582e-07 1.024069279083050787e-04 6.643717256338277366e-07 6.455812126660021022e-06 1.005113745122798719e-06 8.295391467072477099e-07 3.630259925557766110e-06
3.400000000000000000e+04 3.139125328743830323e-05 1.503948260506149381e-05 1.534222406007756945e-06 6.541411607940972317e-07 1.024666562443599105e-04 8.954967825047788210e-07 1.390301167703000829e-05 1.006499246614112053e-06 7.517746780649758875e-07 7.604422989970771596e-06
3.450000000000000000e+04 3.746473885257728398e-05 6.524351647385628894e-06 6.551092610607156530e-07 4.768255053022585344e-07 8.880408131517469883e-05 9.293564744439208880e-07 8.143700142682064325e-06 8.701334195393428672e-07 1.159202383860247210e-06 4.472504770092200488e-06
3.500000000000000000e+04 3.291472239652648568e-05 1.343641179119003937e-05 1.947705413840594701e-06 1.047297246259404346e-06 9.026295447256416082e-05 1.192057766274956521e-06 2.624894113978371024e-05 1.350190814264351502e-06 1.057535541804099921e-06 6.150956778583349660e-06
3.550000000000000000e+04 3.174197263433597982e-05 9.605415471014566720e-06 4.922152356812148355e-07 3.838847533188527450e-07 9.503043838776648045e-05 9.014117381411779206e-07 7.613199159095529467e-06 1.234725459653418511e-06 8.592042490818130318e-07 8.215118214138783514e-06
3.600000000000000000e+04 3.093550185440108180e-05 9.694742402643896639e-06 3.953191480832174420e-07 4.421191022174753016e-07 9.245311230188235641e-05 1.056379460351308808e-06 7.064407327561639249e-06 1.482889842918666545e-06 1.166674678643175866e-06 8.423302460869308561e-06
3.650000000000000000e+04 3.672475213534198701e-05 9.757517545949667692e-06 8.366989732166985050e-07 6.686282745249627624e-07 1.234288065461441875e-04 1.257483859262720216e-06 7.480883596144849434e-06 3.006986617037910037e-06 4.976589025318389758e-06 7.272639322764007375e-06
3.700000000000000000e+04 3.668315912364050746e-05 6.539332389365881681e-05 5.244986459729261696e-05 4.042087766720214859e-06 1.496937475167214870e-04 1.432305111848108936e-06 4.522834205999970436e-05 4.870653356192633510e-05 1.744629685163090471e-06 4.910098141408525407e-05
3.750000000000000000e+04 3.842265141429379582e-05 9.067421160580124706e-06 2.090609314109315164e-06 8.203645620596944354e-07 1.407247764291241765e-04 1.196437551698181778e-06 2.767357000266201794e-05 3.741681439350941218e-06 3.793052201217506081e-06 5.915425845159916207e-06
3.800000000000000000e+04 3.571762499632313848e-05 8.225492820201907307e-06 6.368920821842039004e-07 5.724015181840513833e-07 1.345360360573977232e-04 1.064588104782160372e-06 2.475735527696087956e-05 7.292241548384481575e-07 2.809999386954586953e-06 4.511176939558936283e-06
3.850000000000000000e+04 2.560033317422494292e-05 7.459062089765211567e-06 9.011199608721653931e-07 4.546802188087895047e-07 1.009364932542666793e-04 9.467333370594133157e-07 1.058179623214527965e-05 5.889095518796239048e-06 2.924193495346116833e-06 4.852053734794026241e-06
3.900000000000000000e+04 2.374381256231572479e-05 7.208301667560590431e-06 6.906719249855086673e-07 4.351344671249535168e-07 9.799691179068759084e-05 9.821136472965008579e-07 1.083118422684492543e-05 9.209365998685825616e-06 3.343985099490964785e-06 4.838803761231247336e-06
3.950000000000000000e+04 2.052144009212497622e-05 7.415957952616736293e-06 6.708360160700976849e-07 6.760715223208535463e-07 7.366792124230414629e-05 1.157397377937741112e-06 1.052127117873169482e-05 1.367218146697268821e-06 1.172757379208633211e-06 4.854083726968383417e-06
4.000000000000000000e+04 2.006206159421708435e-05 6.585963092220481485e-06 8.281180043923086487e-07 4.882540451944805682e-07 7.136673229979351163e-05 1.048540070769377053e-06 1.706691546132788062e-05 2.071364406219800003e-06 9.296290954807773232e-07 4.244032879796577618e-06
4.050000000000000000e+04 2.583631066954694688e-05 4.302453817217610776e-05 7.396337423415388912e-06 2.197197545683593489e-06 1.929343561641871929e-04 9.114316412706102710e-07 3.698769069160334766e-05 1.021035041048889980e-05 5.254757979855639860e-06 1.791523754945956171e-05
4.100000000000000000e+04 2.656970355019439012e-05 7.236850069602951407e-05 3.894654582836665213e-05 2.516235554139711894e-06 1.740725419949740171e-04 1.009212837743689306e-06 7.906471000751480460e-05 3.362086499691940844e-05 3.153105581077397801e-06 1.064982461684849113e-05
4.150000000000000000e+04 1.194178548757918179e-05 6.196441518113715574e-06 3.461157120909774676e-07 4.695416464528534561e-07 1.034980596159584820e-04 9.138602763414382935e-07 7.565953183075180277e-06 1.457429561924072914e-06 7.860010668991890270e-07 4.264259587216656655e-06
4.200000000000000000e+04 1.114716542360838503e-05 6.303805548668606207e-06 2.968991168472712161e-07 4.013690499959920999e-07 1.019256305880844593e-04 8.692200594850874040e-07 7.854720934119541198e-06 1.843492896114184987e-06 6.766897513443836942e-07 3.931043465854600072e-06
4.250000000000000000e+04 1.900505594676360488e-05 6.327840310405008495e-06 3.082240596086194273e-07 1.498785309195227455e-07 7.785829075146466494e-05 8.910619158086774405e-07 1.162981516245054081e-05 2.306692067577387206e-06 1.546884732306352817e-06 2.883314436985529028e-06
4.300000000000000000e+04 1.852504283306188881e-05 5.460843567561823875e-06 2.807292105444503250e-07 1.613194626770564355e-07 7.388774247374385595e-05 8.746873731979576405e-07 1.023326603899477050e-05 3.778013478950015269e-06 1.344805696135153994e-06 2.693399210329516791e-06
