# step, loss_train, loss_test, metrics_test
0.000000000000000000e+00 3.114762343466281891e-02 2.326163798570632935e-01 8.082245290279388428e-02 7.232339121401309967e-03 1.068676635622978210e-02 3.133354336023330688e-02 2.801703214645385742e-01 4.830498993396759033e-02 2.587979892268776894e-03 1.274741720408201218e-02
5.000000000000000000e+02 6.462853343691676855e-05 2.737840695772320032e-04 1.015452926367288455e-05 4.423553946253377944e-06 1.068872283212840557e-03 1.488613816036377102e-05 2.588351198937743902e-04 6.599663720407988876e-06 2.999102207468240522e-06 8.605820476077497005e-04
1.000000000000000000e+03 4.280851499061100185e-05 8.994972449727356434e-05 1.502883264947740827e-06 2.529758376113022678e-06 5.760626518167555332e-04 1.853481762736919336e-06 1.332825195277109742e-04 2.740035142778651789e-06 6.343144036691228393e-07 3.344485885463654995e-04
1.500000000000000000e+03 2.742545439105015248e-05 7.637173257535323501e-05 4.660171271098079160e-06 2.370386937400326133e-06 4.712175577878952026e-04 3.767483178762631724e-07 1.584391866344958544e-04 5.428595386547385715e-07 1.884166181298496667e-06 1.311862433794885874e-04
2.000000000000000000e+03 5.878821320948190987e-05 9.332394256489351392e-05 3.760853815037989989e-06 7.905469828983768821e-06 6.326685543172061443e-04 3.238733370380941778e-07 6.234808824956417084e-05 1.553705374135461170e-06 3.381840315341833048e-06 2.400649973424151540e-04
2.500000000000000000e+03 3.300303797004744411e-05 2.391371526755392551e-05 9.709488040243741125e-07 4.352451696831849404e-07 2.426307619316503406e-04 1.232600368439307204e-07 4.266676114639267325e-05 4.234244386225327617e-07 3.245599486945138779e-07 8.787058504822198302e-06
3.000000000000000000e+03 2.178842805733438581e-05 2.726613274717237800e-05 1.413037352904211730e-06 7.765009399918199051e-07 2.792738960124552250e-04 1.554265054437564686e-07 2.549746022850740701e-05 7.543221158812229987e-07 1.428439162509675953e-07 2.167740967706777155e-05
3.500000000000000000e+03 3.239022626075893641e-04 5.922081880271434784e-03 2.919490543717984110e-05 1.207830646308138967e-04 1.114143640734255314e-03 5.029922931498731486e-07 5.232687108218669891e-03 3.145984373986721039e-05 2.843945549102500081e-05 7.538938079960644245e-04
4.000000000000000000e+03 4.930874638375826180e-05 2.634190786920953542e-05 9.130461648965138011e-07 1.036027015288709663e-06 2.435211645206436515e-04 2.908826672864961438e-07 2.617473546706605703e-05 9.886775842460338026e-07 5.572352961280557793e-07 7.211989213828928769e-06
4.500000000000000000e+03 6.398167170118540525e-05 3.431299046496860683e-05 2.409890612398157828e-06 6.338262210192624480e-06 1.126058399677276611e-03 1.685211117319340701e-07 3.614911474869586527e-05 1.648102738727175165e-06 2.648291911100386642e-06 4.219272523187100887e-04
5.000000000000000000e+03 5.184629117138683796e-05 4.129709122935310006e-05 1.926399136209511198e-06 1.109095137508120388e-06 9.405335877090692520e-04 9.023028724186588079e-08 4.697714757639914751e-05 1.333799332314811181e-06 6.830051688666571863e-07 1.923946256283670664e-04
5.500000000000000000e+03 1.999143751163501292e-05 1.657453321968205273e-05 5.492165655596181750e-07 1.682236643318901770e-07 1.498457131674513221e-04 6.218697023996355711e-08 4.670063935918733478e-05 4.801693194167455658e-07 2.001049637101459666e-07 2.012155164266005158e-06
6.000000000000000000e+03 2.544592098274733871e-05 9.730668389238417149e-04 3.072852905461331829e-07 1.764758081890249741e-07 1.542059035273268819e-04 3.642773194201254228e-08 5.018538213334977627e-04 2.352209662603854667e-07 9.921169663584805676e-08 1.703599627944640815e-05
6.500000000000000000e+03 4.438942050910554826e-05 1.569825690239667892e-05 4.427537021456373623e-07 1.032730949646065710e-07 2.032303164014592767e-04 6.969689536617806880e-08 8.415896445512771606e-05 7.686607546020240989e-07 1.155699820287736657e-07 2.721605369515600614e-06
7.000000000000000000e+03 5.638995936863011593e-09 6.783367693424224854e-02 1.423679174550329662e-09 7.623742526163823641e-09 7.768368814140558243e-03 2.166387069735264959e-09 7.761082798242568970e-02 1.613261857436043556e-09 1.154503870282042044e-08 8.474260568618774414e-03
7.500000000000000000e+03 2.708278225327376276e-05 9.632077853893861175e-05 1.235850868397392333e-05 6.836531156295677647e-06 3.337250964250415564e-04 4.033268794501054799e-07 2.422961842967197299e-04 2.962098278658231720e-06 7.821616236469708383e-06 3.755319994525052607e-05
8.000000000000000000e+03 2.822770147759001702e-05 1.231499918503686786e-04 1.398848667122365441e-06 1.463656008127145469e-05 9.304286213591694832e-04 6.695896814790103235e-08 1.876182068372145295e-04 3.873771561302419286e-07 9.855847565631847829e-06 5.613649263978004456e-04
8.500000000000000000e+03 3.170847048750147223e-05 2.816714732034597546e-05 1.842594770096184220e-06 2.843928314177901484e-06 4.929523565806448460e-04 5.623410714861165616e-08 1.174868957605212927e-04 1.335286924586398527e-06 4.006618837593123317e-06 1.302594610024243593e-04
9.000000000000000000e+03 2.665374631760641932e-05 2.561992187111172825e-05 2.299832885910291225e-06 6.745544283148774412e-07 4.039815685246139765e-04 8.117329031165354536e-09 1.392124831909313798e-04 1.100299186873598956e-06 1.190093826153315604e-06 2.473656968504656106e-05
9.500000000000000000e+03 3.366549935890361667e-05 4.297947452869266272e-05 4.540767974958725972e-07 1.566955234011402354e-06 3.874906687997281551e-04 2.395859333148564474e-08 4.668246765504591167e-05 3.019711698470928241e-07 2.571003278717398643e-06 7.746968913124874234e-05
1.000000000000000000e+04 3.883122917613945901e-05 3.661695518530905247e-05 6.317300744740350638e-07 3.319979100524506066e-07 1.771190873114392161e-04 1.328317189575045631e-08 7.687800825806334615e-05 3.263259600316814613e-07 6.136567094472411554e-07 4.030702257296070457e-06
1.050000000000000000e+04 2.607225360407028347e-05 4.028742841910570860e-05 3.241000513298786245e-06 3.232952167309122160e-06 5.751697462983429432e-04 9.089315966548383585e-09 5.320421769283711910e-05 1.901703285511757713e-06 1.224371089847409166e-06 2.990891880472190678e-05
1.100000000000000000e+04 6.359946564771234989e-05 2.629080845508724451e-04 2.367538058933860157e-07 7.333596840908285230e-06 1.188842114061117172e-03 6.027924381868388082e-09 4.826552176382392645e-04 3.965393204907741165e-07 4.677401648223167285e-06 5.574360257014632225e-04
1.150000000000000000e+04 2.605352165119256824e-05 1.591155072674155235e-03 4.549276866328000324e-08 1.705089829329153872e-07 2.662345068529248238e-04 5.105523115389587474e-09 1.565207145176827908e-03 3.792922598222503439e-08 1.780513372295899899e-07 6.078830119804479182e-05
1.200000000000000000e+04 1.709479511191602796e-05 9.460286491957958788e-06 5.414588244434526132e-08 2.767605522535632190e-08 9.289424633607268333e-05 5.345238918152972474e-09 2.526208299968857318e-05 6.020476917001360562e-08 3.075991727996552072e-08 2.012356617342447862e-06
1.250000000000000000e+04 4.610636096913367510e-05 1.821894147724378854e-05 1.512562732841615798e-07 1.651785339618072612e-07 1.628543395781889558e-04 3.551158478387606010e-09 2.789111204037908465e-05 1.218442093886551447e-07 1.156491364895373408e-07 6.314997335721272975e-06
1.300000000000000000e+04 3.587765968404710293e-05 1.495750075264368206e-05 1.451335691626809421e-07 1.495382946359313792e-07 1.403657515766099095e-04 5.694998694849573440e-09 1.873541441455017775e-05 2.407905981272051577e-07 1.458670112697291188e-06 8.078932296484708786e-06
1.350000000000000000e+04 3.637700865510851145e-05 4.347228095866739750e-04 1.179989439492601377e-07 1.641044264033553191e-06 5.792063893750309944e-04 4.062454372899537702e-09 4.426408850122243166e-04 1.286678639189631213e-07 1.241786776517983526e-06 4.732161178253591061e-04
1.400000000000000000e+04 1.415742826793575659e-05 7.592836027470184490e-06 1.467883805617020698e-07 9.298312875216652174e-08 7.123804243747144938e-05 1.605890531664044829e-09 1.524952858744654804e-05 7.453493822140444536e-08 4.984595491919208143e-08 9.389476645083050244e-07
1.450000000000000000e+04 3.205039683962240815e-05 2.343981032026931643e-05 7.530595667049055919e-07 1.911537026444420917e-07 2.118343254551291466e-04 9.851169879837584631e-10 1.850513035606127232e-05 3.172526135131192859e-07 1.652344572278252599e-08 4.177231858193408698e-06
1.500000000000000000e+04 6.000254143145866692e-05 5.469343159347772598e-05 9.208662277160328813e-07 6.053866172806010582e-07 3.330593754071742296e-04 1.994438392216579814e-08 4.193753920844756067e-05 3.607127894156292314e-07 2.928146329850278562e-07 5.034877176512964070e-06
1.550000000000000000e+04 4.210347924527013674e-06 5.249658715911209583e-05 1.601683266017062124e-07 1.021404472112408257e-07 4.217003879602998495e-05 7.316455774564190051e-10 2.005860296776518226e-04 1.599688559394962795e-08 4.530969590632594191e-07 2.307110298715997487e-05
1.600000000000000000e+04 3.333108452352462336e-06 1.057402732840273529e-05 1.420779653926729225e-07 1.883223177401305293e-07 1.259316104551544413e-05 1.199524701789300707e-09 3.730671596713364124e-05 8.782761184988885361e-09 2.186447636631783098e-05 1.277133851544931531e-04
1.650000000000000000e+04 2.957654744386672974e-02 2.431524848937988281e+01 1.266229152679443359e-02 4.451607167720794678e-02 2.770832633972167969e+01 2.865723334252834320e-02 2.533932876586914062e+01 1.335978275164961815e-03 3.688808158040046692e-02 2.769531822204589844e+01
1.700000000000000000e+04 2.957643568515777588e-02 2.431524276733398438e+01 1.266224682331085205e-02 4.451584815979003906e-02 2.770832061767578125e+01 2.865713089704513550e-02 2.533932304382324219e+01 1.335980137810111046e-03 3.688782826066017151e-02 2.769531440734863281e+01
1.750000000000000000e+04 2.800586260855197906e-02 2.455381011962890625e+01 1.017509307712316513e-02 4.109844565391540527e-02 2.772703361511230469e+01 2.865694649517536163e-02 2.533931159973144531e+01 1.335982233285903931e-03 3.688740357756614685e-02 2.769530868530273438e+01
1.800000000000000000e+04 2.800557203590869904e-02 2.455380058288574219e+01 1.017501018941402435e-02 4.109789803624153137e-02 2.772701454162597656e+01 2.865666523575782776e-02 2.533929061889648438e+01 1.335985725745558739e-03 3.688679635524749756e-02 2.769529533386230469e+01
1.850000000000000000e+04 2.869995683431625366e-02 2.466143608093261719e+01 1.448982954025268555e-02 4.053270071744918823e-02 2.771287536621093750e+01 2.865636907517910004e-02 2.533927154541015625e+01 1.335989101789891720e-03 3.688614442944526672e-02 2.769528007507324219e+01
1.900000000000000000e+04 2.869955077767372131e-02 2.466141891479492188e+01 1.448963861912488937e-02 4.053189605474472046e-02 2.771285629272460938e+01 2.865598350763320923e-02 2.533924484252929688e+01 1.335992710664868355e-03 3.688525781035423279e-02 2.769526290893554688e+01
1.950000000000000000e+04 2.826227061450481415e-02 2.440626907348632812e+01 1.219561230391263962e-02 3.871207311749458313e-02 2.772454452514648438e+01 2.865528874099254608e-02 2.533919715881347656e+01 1.335999113507568836e-03 3.688364103436470032e-02 2.769522857666015625e+01
2.000000000000000000e+04 2.826126851141452789e-02 2.440623283386230469e+01 1.219528727233409882e-02 3.871040791273117065e-02 2.772449493408203125e+01 2.865432947874069214e-02 2.533912849426269531e+01 1.336006214842200279e-03 3.688142448663711548e-02 2.769518661499023438e+01
2.050000000000000000e+04 2.886510267853736877e-02 2.424394798278808594e+01 4.678067285567522049e-03 4.463830590248107910e-02 2.771955871582031250e+01 2.865294553339481354e-02 2.533903121948242188e+01 1.336017041467130184e-03 3.687815368175506592e-02 2.769511985778808594e+01
2.100000000000000000e+04 2.886317484080791473e-02 2.424388122558593750e+01 4.677867516875267029e-03 4.463397711515426636e-02 2.771946907043457031e+01 2.865113131701946259e-02 2.533890533447265625e+01 1.336034154519438744e-03 3.687378019094467163e-02 2.769503021240234375e+01
2.150000000000000000e+04 2.906576357781887054e-02 2.438166809082031250e+01 1.448272913694381714e-02 3.445011377334594727e-02 2.772353744506835938e+01 2.864851988852024078e-02 2.533870887756347656e+01 1.336060231551527977e-03 3.686745837330818176e-02 2.769488716125488281e+01
2.200000000000000000e+04 2.906204201281070709e-02 2.438152503967285156e+01 1.448114495724439621e-02 3.444438055157661438e-02 2.772334098815917969e+01 2.864503115415573120e-02 2.533844375610351562e+01 1.336096087470650673e-03 3.685878962278366089e-02 2.769469261169433594e+01
2.250000000000000000e+04 2.875846251845359802e-02 2.383317756652832031e+01 9.145129472017288208e-03 3.554058820009231567e-02 2.772913169860839844e+01 2.864038944244384766e-02 2.533808708190917969e+01 1.336147775873541832e-03 3.684715554118156433e-02 2.769443321228027344e+01
2.300000000000000000e+04 2.875160239636898041e-02 2.383293533325195312e+01 9.143706411123275757e-03 3.552921116352081299e-02 2.772877883911132812e+01 2.863392792642116547e-02 2.533759498596191406e+01 1.336225192062556744e-03 3.683095425367355347e-02 2.769408607482910156e+01
2.350000000000000000e+04 2.868078649044036865e-02 2.427771568298339844e+01 1.337287761270999908e-02 4.455455765128135681e-02 2.772374343872070312e+01 2.862445637583732605e-02 2.533687019348144531e+01 1.336330780759453773e-03 3.680694475769996643e-02 2.769359016418457031e+01
2.400000000000000000e+04 2.866680733859539032e-02 2.427722167968750000e+01 1.336667686700820923e-02 4.452335089445114136e-02 2.772305870056152344e+01 2.861137501895427704e-02 2.533587646484375000e+01 1.336477231234312057e-03 3.677372261881828308e-02 2.769291114807128906e+01
2.450000000000000000e+04 2.891022525727748871e-02 2.456105804443359375e+01 1.663181744515895844e-02 4.181899875402450562e-02 2.773469543457031250e+01 2.859378606081008911e-02 2.533455276489257812e+01 1.336648478172719479e-03 3.672935068607330322e-02 2.769198608398437500e+01
2.500000000000000000e+04 2.888538874685764313e-02 2.456016731262207031e+01 1.661842875182628632e-02 4.176249727606773376e-02 2.773341178894042969e+01 2.857030741870403290e-02 2.533276748657226562e+01 1.336893998086452484e-03 3.667016699910163879e-02 2.769070816040039062e+01
2.550000000000000000e+04 2.889669872820377350e-02 2.417688179016113281e+01 1.072404719889163971e-02 3.293149173259735107e-02 2.771102714538574219e+01 2.853974327445030212e-02 2.533044815063476562e+01 1.337184337899088860e-03 3.659429401159286499e-02 2.768902778625488281e+01
2.600000000000000000e+04 2.885365486145019531e-02 2.417541503906250000e+01 1.071360148489475250e-02 3.286636993288993835e-02 2.770880126953125000e+01 2.849959582090377808e-02 2.532742691040039062e+01 1.337533351033926010e-03 3.649517521262168884e-02 2.768681144714355469e+01
