# step, loss_train, loss_test, metrics_test
0.000000000000000000e+00 8.247607201337814331e-02 7.074774056673049927e-02 1.518120430409908295e-02 1.400462258607149124e-02 2.215738967061042786e-02 8.331911265850067139e-02 6.960736215114593506e-02 1.228337734937667847e-02 1.289380155503749847e-02 2.305428124964237213e-02
5.000000000000000000e+02 1.015675370581448078e-03 5.800345540046691895e-02 8.279367466457188129e-05 3.228902060072869062e-04 3.964888397604227066e-03 9.615194867365062237e-04 6.648243218660354614e-02 3.024289981112815440e-05 2.459012903273105621e-04 4.648135509341955185e-03
1.000000000000000000e+03 1.045213430188596249e-03 5.702343210577964783e-02 1.045839017024263740e-04 2.341557265026494861e-04 3.078595502302050591e-03 9.485858608968555927e-04 6.467137485742568970e-02 8.827896090224385262e-05 1.185536020784638822e-04 3.776747733354568481e-03
1.500000000000000000e+03 4.855948500335216522e-04 6.611507385969161987e-02 4.434165020938962698e-04 2.857800864148885012e-04 3.568281186744570732e-03 3.973257844336330891e-04 6.337492167949676514e-02 3.087051736656576395e-04 1.921220391523092985e-04 4.072060808539390564e-03
2.000000000000000000e+03 2.998747513629496098e-04 5.924749746918678284e-02 7.160230306908488274e-04 5.798877682536840439e-04 2.789755817502737045e-03 2.503521100152283907e-04 5.713972821831703186e-02 3.925145138055086136e-04 2.873367338906973600e-04 3.176274476572871208e-03
2.500000000000000000e+03 9.289713343605399132e-04 1.540042692795395851e-03 6.772304914193227887e-05 2.121991856256499887e-04 5.163071677088737488e-03 7.036443566903471947e-04 5.501625710166990757e-04 1.297388807870447636e-04 2.946146996691823006e-04 4.779189825057983398e-03
3.000000000000000000e+03 3.618486516643315554e-04 5.633961409330368042e-04 7.308212661882862449e-05 3.506895518512465060e-05 2.975800074636936188e-03 2.719967451412230730e-04 4.175891226623207331e-04 4.597231236402876675e-05 2.659030178620014340e-05 2.532242098823189735e-03
3.500000000000000000e+03 2.597956918179988861e-04 4.517415945883840322e-04 3.602409560699015856e-05 2.943426079582422972e-05 2.068622969090938568e-03 1.551894238218665123e-04 4.237518878653645515e-04 6.944228971406118944e-06 4.778137008543126285e-05 1.743171829730272293e-03
4.000000000000000000e+03 1.684388116700574756e-04 3.706670540850609541e-04 2.009292256843764335e-05 3.707960786414332688e-05 1.711751217953860760e-03 7.796286809025332332e-05 3.435998805798590183e-04 2.990050961670931429e-05 9.927970677381381392e-05 1.340044196695089340e-03
4.500000000000000000e+03 1.151667747762985528e-04 3.156047023367136717e-04 2.074207623081747442e-05 3.239463330828584731e-05 1.553384936414659023e-03 3.307119914097711444e-05 2.711357956286519766e-04 5.183098983252421021e-05 1.168363742181099951e-04 1.022036653012037277e-03
5.000000000000000000e+03 7.710617501288652420e-05 2.407589927315711975e-04 1.707782575977034867e-05 2.875924474210478365e-05 1.255274401046335697e-03 1.007241189654450864e-05 2.126154286088421941e-04 5.434247577795758843e-05 8.940681436797603965e-05 7.122668321244418621e-04
5.500000000000000000e+03 3.673399260151199996e-05 1.642172283027321100e-04 1.843140671553555876e-05 2.104349914588965476e-05 8.087196038104593754e-04 4.640582574211293831e-06 1.195359582197852433e-04 3.740704414667561650e-05 4.763433753396384418e-05 4.891595453955233097e-04
6.000000000000000000e+03 2.510772719688247889e-05 1.144430425483733416e-04 1.627261372050270438e-05 1.460629027860704809e-05 5.890920292586088181e-04 4.323318535170983523e-06 7.625021680723875761e-05 1.928871279233135283e-05 4.794049891643226147e-05 2.856409118976444006e-04
6.500000000000000000e+03 3.278585427324287593e-05 9.492882963968440890e-05 1.153074208559701219e-05 1.319741659244755283e-05 5.847158608958125114e-04 3.541671958373626694e-06 5.824549225508235395e-05 9.685419172456022352e-06 8.094395889202132821e-05 1.611001644050702453e-04
7.000000000000000000e+03 2.658746780070941895e-05 7.305297185666859150e-05 7.542994353570975363e-06 1.256057112186681479e-05 4.641421255655586720e-04 2.935547627203050070e-06 4.214587897877208889e-05 2.375453505010227673e-06 8.405593689531087875e-05 9.077470167540013790e-05
7.500000000000000000e+03 1.477378373238025233e-05 5.305651575326919556e-05 7.683362127863802016e-06 6.849886631243862212e-06 2.814024337567389011e-04 2.266140654683113098e-06 3.297856892459094524e-05 2.920539827755419537e-06 2.519525514799170196e-05 6.114482675911858678e-05
8.000000000000000000e+03 1.460948533349437639e-05 5.802591476822271943e-05 6.478873274318175390e-06 5.769551080447854474e-06 2.455454668961465359e-04 1.833454462030204013e-06 6.780224794056266546e-05 1.172515112557448447e-06 2.278838292113505304e-05 3.878089046338573098e-05
8.500000000000000000e+03 1.945259464264381677e-05 3.079029193031601608e-05 3.173112418153323233e-06 2.538718717914889567e-06 3.221351071260869503e-04 1.446988108000368811e-06 3.566958184819668531e-05 1.752233401930425316e-06 1.053100368153536692e-05 2.407289866823703051e-05
9.000000000000000000e+03 2.040795152424834669e-05 2.486725134076550603e-05 2.602688027764088474e-06 3.127920990664279088e-06 2.896949881687760353e-04 1.172540692095935810e-06 3.853967427858151495e-05 2.429765117994975299e-06 2.342257903364952654e-05 1.445624184270855039e-05
9.500000000000000000e+03 1.735834666760638356e-05 2.135846261808183044e-05 2.326864887436386198e-06 5.545597105083288625e-06 1.734117977321147919e-04 1.401221538799291011e-06 2.571028016973286867e-05 3.541705837051267736e-06 2.666136788320727646e-05 1.197296660393476486e-05
1.000000000000000000e+04 1.892207728815265000e-05 1.931675069499760866e-05 2.297907030879287049e-06 5.046011665399419144e-06 1.610759936738759279e-04 1.201545046569663100e-06 2.436977774777915329e-05 4.260649347997969016e-06 2.766812758636660874e-05 1.029335180646739900e-05
1.050000000000000000e+04 3.254094190197065473e-05 2.385988409514538944e-05 2.127995912815094925e-06 4.712302143161650747e-06 2.663800551090389490e-04 9.122557571572542656e-07 2.367764136579353362e-05 3.437430905250948854e-06 5.111210703034885228e-05 1.072331906470935792e-05
1.100000000000000000e+04 3.538016608217731118e-05 4.040821295347996056e-05 2.159495352316298522e-06 5.129661985847633332e-06 2.439821255393326283e-04 7.916854656286886893e-07 2.615479388623498380e-05 3.289700316599919461e-06 5.495215373230166733e-05 1.179460559797007591e-05
1.150000000000000000e+04 2.278944521094672382e-05 1.556545248604379594e-05 1.172850033981376328e-06 3.635729399320553057e-06 9.709870209917426109e-05 7.758339393149071839e-07 1.497696848673513159e-05 2.923149395428481512e-06 1.901152427308261395e-05 8.417027856921777129e-06
1.200000000000000000e+04 2.079839759971946478e-05 1.386724670737748966e-05 1.269378003598831128e-06 2.489060761945438571e-06 9.040111035574227571e-05 7.153529395509394817e-07 1.330681880062911659e-05 3.066622184633160941e-06 3.415469791434588842e-06 8.274275387520901859e-06
1.250000000000000000e+04 2.343170854146592319e-05 1.874879308161325753e-05 1.772120299392554443e-06 2.074449866995564662e-06 1.477342011639848351e-04 5.157370992492360529e-07 2.926795787061564624e-05 1.793781734704680275e-06 2.028114749919041060e-06 1.174514727608766407e-05
1.300000000000000000e+04 2.540094465075526386e-05 1.343935855402378365e-05 1.848142687776999082e-06 1.428354835297795944e-06 1.411605771863833070e-04 4.504074411215697182e-07 3.659368303488008678e-05 2.094643832606379874e-06 1.993264731936505996e-06 1.170083214674377814e-05
1.350000000000000000e+04 2.127292464138008654e-05 1.282306766370311379e-05 1.493441459388122894e-06 2.776412884486489929e-06 5.839003642904572189e-05 4.572262355395650957e-07 2.012655204453039914e-05 4.090568381798220798e-06 9.075916750589385629e-06 5.399833753472194076e-06
1.400000000000000000e+04 1.914645326905883849e-05 1.083855295291868970e-05 1.400301016474259086e-06 1.925711785588646308e-06 5.927569145569577813e-05 4.255805947650515009e-07 2.281115303048864007e-05 4.526402335613965988e-06 6.838037734269164503e-06 4.627606813301099464e-06
1.450000000000000000e+04 3.520788231980986893e-05 1.775396412995178252e-05 2.410522938589565456e-06 3.800712647716864012e-06 2.142672747140750289e-04 4.274528464520699345e-07 2.709212822082918137e-05 6.694964667985914275e-06 2.829942786775063723e-05 7.583766091556753963e-06
1.500000000000000000e+04 3.609606574173085392e-05 1.640962182136718184e-05 2.442880713715567254e-06 3.224351758035481907e-06 2.064958680421113968e-04 3.975697211444639834e-07 2.599346407805569470e-05 8.052489647525362670e-06 6.155049777589738369e-05 8.022101610549725592e-06
1.550000000000000000e+04 2.385033076279796660e-05 9.096270332520361990e-06 2.210075990660698153e-06 3.084576064793509431e-06 1.072062877938151360e-04 3.660525464965758147e-07 2.866340037144254893e-05 4.731547051051165909e-06 8.169690772774629295e-06 5.988353677821578458e-06
1.600000000000000000e+04 2.248368764412589371e-05 8.529199476470239460e-06 1.876728219940559939e-06 2.606331008792039938e-06 1.049072525347582996e-04 3.267796842010284308e-07 3.179937630193307996e-05 3.695493205668753944e-06 6.387470421032048762e-06 5.602318651654059067e-06
1.650000000000000000e+04 3.904856930603273213e-05 1.409322430845350027e-05 2.156622031179722399e-06 2.613198603285127319e-06 1.518476783530786633e-04 2.978782447371486342e-07 1.982074536499567330e-05 1.175549755316751543e-06 2.121884062944445759e-05 6.150543413241393864e-06
1.700000000000000000e+04 4.168499435763806105e-05 1.339268419542349875e-05 1.806613568078319076e-06 2.060305632767267525e-06 1.452194555895403028e-04 3.003819699642917840e-07 1.951079866557847708e-05 9.703609293865156360e-07 2.241267247882205993e-05 6.233318345039151609e-06
1.750000000000000000e+04 3.257959906477481127e-05 1.013565633911639452e-05 1.463052171857270878e-06 5.764464958701864816e-07 1.404485810780897737e-04 4.015406318558234489e-07 3.566351733752526343e-05 1.859683493421471212e-06 3.331921107019297779e-05 4.864572474616579711e-06
1.800000000000000000e+04 2.980061435664538294e-05 9.866075743047986180e-06 1.436112484043405857e-06 3.963347694480034988e-07 1.379628520226106048e-04 4.752820359499310143e-07 4.689900015364401042e-05 2.212228991993470117e-06 4.388440356706269085e-05 4.770252417074516416e-06
1.850000000000000000e+04 4.116736818104982376e-05 1.476534180255839601e-05 1.241187305822677445e-06 2.880894726331462152e-06 2.503968426026403904e-04 4.316773924983863253e-07 8.208252256736159325e-05 5.202848115004599094e-06 5.136318577569909394e-06 7.140773959690704942e-06
1.900000000000000000e+04 4.087500201421789825e-05 1.909615639306139201e-05 1.104407601815182716e-06 2.286356220793095417e-06 2.401940437266603112e-04 4.970665372638904955e-07 7.323527097469195724e-05 7.451181318174349144e-06 4.412471298564923927e-06 7.814503078407142311e-06
1.950000000000000000e+04 2.411467903584707528e-05 5.597114522970514372e-06 1.484854692535009235e-06 1.144326233770698309e-06 5.414625775301828980e-05 6.161255328152037691e-07 2.637668330862652510e-05 2.819620476657291874e-06 1.257067287951940671e-05 4.610175892594270408e-06
2.000000000000000000e+04 2.184092954848892987e-05 5.299445547279901803e-06 1.004820660455152392e-06 8.959916044659621548e-07 5.454495840240269899e-05 6.061152930669777561e-07 2.603091525088530034e-05 2.045391738647595048e-06 1.560772579978220165e-05 4.646911747840931639e-06
2.050000000000000000e+04 2.569742537161801010e-05 7.082677257130853832e-06 8.787127967480046209e-07 4.722274979940266348e-07 9.852425137069076300e-05 4.340025441251782468e-07 1.338100355496862903e-05 1.342810264759464189e-06 1.363646515528671443e-05 5.706564024876570329e-06
2.100000000000000000e+04 2.492360181349795312e-05 8.399498619837686419e-05 7.706698283982404973e-07 9.336060884379548952e-07 9.999080793932080269e-05 4.854648523178184405e-07 1.187549569294787943e-04 1.423742219230916817e-06 9.762108675204217434e-06 5.219734248385066167e-06
2.150000000000000000e+04 2.572275843704119325e-05 1.414878897776361555e-05 1.305744376622897107e-06 5.696697940038575325e-07 1.909573620650917292e-04 5.899638040318677668e-07 1.207233890454517677e-05 2.087105713144410402e-06 1.036997855408117175e-05 5.507030437001958489e-06
2.200000000000000000e+04 2.519747431506402791e-05 1.418928695784416050e-05 1.022160404318128712e-06 4.400141619953501504e-07 1.868504623416811228e-04 5.847044235451903660e-07 1.419451291440054774e-05 1.700628558864991646e-06 1.251251069334102795e-05 5.394088475441094488e-06
2.250000000000000000e+04 2.103868064295966178e-05 8.720062396605499089e-06 6.261936960072489455e-07 4.203311902983841719e-07 1.001648342935368419e-04 6.185609890962950885e-07 1.454345328966155648e-05 1.598966036908677779e-06 1.554426853545010090e-05 5.247114586381940171e-06
2.300000000000000000e+04 1.908610101963859051e-05 8.400500519201159477e-06 6.386935069713217672e-07 3.431871107295592083e-07 1.003726283670403063e-04 6.252653292904142290e-07 1.240672463609371334e-05 1.512405788162141107e-06 1.833155238273320720e-06 5.621379841613816097e-06
2.350000000000000000e+04 2.893832606787327677e-05 4.951471055392175913e-06 6.271608867791655939e-07 2.728145034325279994e-07 6.938196747796609998e-05 6.317463885352481157e-07 1.543435973871964961e-05 9.771226814336841926e-07 9.480911103310063481e-06 5.647670604957966134e-06
2.400000000000000000e+04 2.942976425401866436e-05 4.777522008225787431e-06 5.885356131329899654e-07 2.777850056645547738e-07 6.517418660223484039e-05 5.788276666862657294e-07 1.500244343333179131e-05 1.020425429487659130e-06 1.768346555763855577e-05 5.703765964426565915e-06
2.450000000000000000e+04 1.919939859362784773e-05 6.795194622100098059e-06 9.725076779432129115e-07 2.953333932964596897e-07 7.116798224160447717e-05 3.319811696655960986e-07 2.461054646119009703e-05 1.186954705190146342e-06 7.848655513953417540e-06 4.793521839019376785e-06
2.500000000000000000e+04 1.915852590173017234e-05 6.436655894503928721e-06 7.962582344589463901e-07 2.305435486960050184e-07 6.965707143535837531e-05 3.013966249909572070e-07 2.215571657870896161e-05 1.032371528708608821e-06 5.922749551245942712e-06 4.379872279969276860e-06
2.550000000000000000e+04 2.849733755283523351e-05 7.131086476874770597e-06 7.407797397718240973e-07 4.506223660882824333e-07 6.731491157552227378e-05 3.651001634352724068e-07 1.365087791782571003e-05 2.581384478617110290e-06 1.460108819628658239e-06 4.066660039825364947e-06
2.600000000000000000e+04 2.667071021278388798e-05 6.798681170039344579e-06 7.252599516505142674e-07 3.643061461389152100e-07 6.646865949733182788e-05 4.426605642038339283e-07 1.122607409342890605e-05 3.247936547268182039e-06 1.818751115933991969e-06 4.318054834584472701e-06
2.650000000000000000e+04 2.699193282751366496e-05 8.358279046660754830e-06 6.242636345632490702e-07 2.794646150050539291e-07 1.172378615592606366e-04 3.335547376082104165e-07 8.691818948136642575e-06 2.095013542202650569e-06 2.862001110770506784e-06 6.030022632330656052e-06
2.700000000000000000e+04 2.675220639503095299e-05 8.313902071677148342e-06 5.762771593254001345e-07 2.406420378520124359e-07 1.132688703364692628e-04 2.851248552815377479e-07 1.062750106939347461e-05 2.337008709218935110e-06 3.363361656738561578e-06 5.520405466086231172e-06
2.750000000000000000e+04 2.422963189019355923e-05 5.328134193405276164e-06 6.793091529289085884e-07 4.522119922967249295e-07 6.938690785318613052e-05 2.747226517385570332e-07 7.874894436099566519e-06 1.067574771695944946e-06 6.420748832169920206e-06 4.487786100071389228e-06
2.800000000000000000e+04 2.352226874791085720e-05 5.054404027760028839e-06 6.008471018503769301e-07 3.409842861401557457e-07 6.871108780615031719e-05 2.557400193836656399e-07 8.637205610284581780e-06 1.134618628384487238e-06 4.595083737513050437e-06 4.628288024832727388e-06
2.850000000000000000e+04 2.272609708597883582e-05 8.409287147514987737e-06 5.526853215087612625e-07 2.291703111723109032e-07 1.644405710976570845e-04 2.324283912003011210e-07 5.805597993457922712e-06 1.200614974550262559e-06 1.950430487340781838e-06 4.234534571878612041e-06
2.900000000000000000e+04 2.225647585873957723e-05 8.581577276345342398e-06 4.624849623269255972e-07 2.273452111012375099e-07 1.626223674975335598e-04 2.218797021669161040e-07 6.251748800423229113e-06 9.972028465199400671e-07 1.628058043934288435e-06 3.984955128544243053e-06
2.950000000000000000e+04 2.207820762123446912e-05 5.596194569079671055e-06 4.881333666162390728e-07 4.424641701916698366e-07 5.610948937828652561e-05 3.294128134712082101e-07 1.365903062833240256e-05 1.336764853476779535e-06 2.694920567591907457e-06 2.592818191260448657e-06
3.000000000000000000e+04 2.145961479982361197e-05 5.514084477908909321e-06 4.768505164065572899e-07 3.545311813013540814e-07 5.499507824424654245e-05 2.700893446672125719e-07 1.551019886392168701e-05 1.322237608292198274e-06 2.503475343473837711e-06 2.397935531917028129e-06
3.050000000000000000e+04 2.264358226966578513e-05 1.051277649821713567e-05 4.424119595114461845e-07 3.555591376880329335e-07 1.006569291348569095e-04 2.088171129344118526e-07 1.643632276682183146e-05 7.479139867427875288e-07 5.583608071901835501e-06 3.138128931823302992e-06
3.100000000000000000e+04 2.211998253187630326e-05 8.256284672825131565e-06 3.869603801831544843e-07 2.309473643435921986e-07 9.949988452717661858e-05 2.060161108374813921e-07 1.035835248330840841e-05 6.047656597729655914e-07 6.183237928780727088e-06 2.751832880676374771e-06
3.150000000000000000e+04 1.491596867708722129e-05 4.519014510151464492e-06 3.757630224754393566e-07 1.435288652373856166e-07 7.740749424556270242e-05 2.096735443046782166e-07 4.266831183485919610e-06 6.228090683180198539e-07 5.410496214608429000e-06 2.869159970941836946e-06
3.200000000000000000e+04 1.413951486028963700e-05 4.553829057840630412e-06 3.207172767361043952e-07 1.368706534776720218e-07 7.637947419425472617e-05 1.987232423061868758e-07 4.212653948343358934e-06 5.729256713493668940e-07 2.945846290458575822e-06 2.984320872201351449e-06
3.250000000000000000e+04 1.574518864799756557e-05 6.300556833593873307e-06 3.966257793308614055e-07 1.637599496007169364e-07 5.874068301636725664e-05 2.201231552589888452e-07 7.620595624757697806e-06 5.170860504222218879e-07 1.186698682431597263e-06 2.239558170913369395e-06
3.300000000000000000e+04 1.403135775035480037e-05 6.118371857155580074e-06 3.655091234122664900e-07 1.409311209954466904e-07 5.858635995537042618e-05 1.923688444094295846e-07 7.865923180361278355e-06 4.393619121856318088e-07 1.117776719183893874e-06 2.131011115125147626e-06
3.350000000000000000e+04 1.903547854453790933e-05 8.069791874731890857e-06 3.054612420783087146e-07 2.298899914876528783e-07 7.686856406508013606e-05 1.897799961625423748e-07 9.096247595152817667e-06 2.608807676551805343e-07 2.837670933786284877e-07 3.126111323581426404e-06
3.400000000000000000e+04 1.876592614280525595e-05 4.320686275605112314e-05 2.644702874476934085e-07 6.296695005403307732e-07 7.229382754303514957e-05 1.978342396569132688e-07 5.315087764756754041e-05 2.289245628617209150e-07 3.121284350982023170e-07 5.369317477743607014e-06
3.450000000000000000e+04 1.454016455681994557e-05 5.510291885002516210e-06 3.482643649022065802e-07 1.336971138243825408e-07 6.220955401659011841e-05 1.800462854362194776e-07 1.643866016820538789e-05 1.663910325078177266e-07 6.753145953553030267e-07 2.892063776016584598e-06
3.500000000000000000e+04 1.389029057463631034e-05 5.537865035876166075e-06 2.654152524428354809e-07 1.110892213773695403e-07 6.097538789617829025e-05 1.596403222947628819e-07 1.674751001701224595e-05 1.931677502398088109e-07 6.962703196222719271e-07 3.122425823676167056e-06
3.550000000000000000e+04 1.970839366549625993e-05 7.229903530969750136e-06 3.891011601808713749e-07 1.658671493487418047e-07 6.976714939810335636e-05 1.961501254754693946e-07 1.627878191357012838e-05 3.900821923252806300e-07 7.314378649425634649e-07 4.376998731459025294e-06
3.600000000000000000e+04 1.892820364446379244e-05 7.749147698632441461e-06 2.666194234279828379e-07 1.614003082295312197e-07 6.567987293237820268e-05 2.076824188179671182e-07 1.704022179183084518e-05 3.665508074846002273e-07 3.266864894158061361e-07 4.050422376167261973e-06
3.650000000000000000e+04 2.315576057299040258e-05 1.154636993305757642e-05 2.354130543835708522e-07 5.696064135918277316e-07 9.676733316155150533e-05 2.227921669373245095e-07 7.811405339452903718e-06 2.164465797704906436e-07 2.300282204714676482e-07 4.771638941747369245e-06
3.700000000000000000e+04 2.259225948364473879e-05 1.094659182854229584e-05 1.914920773060657666e-07 2.487739720891113393e-07 9.472172678215429187e-05 2.011915114508155966e-07 7.026305866020265967e-06 1.843866499484647647e-07 2.030215711101845955e-07 4.993414677301188931e-06
3.750000000000000000e+04 2.131880683009512722e-05 8.219127266784198582e-06 1.623608056888770079e-07 2.369340705854483531e-07 1.109225922846235335e-04 1.837321974562655669e-07 9.516100362816359848e-06 1.413754091572627658e-07 1.509377580077853054e-05 1.796043648027989548e-06
3.800000000000000000e+04 2.072352071991190314e-05 8.305973096867091954e-06 1.838275807131140027e-07 3.346062271702976432e-07 1.082155868061818182e-04 1.912074196752655553e-07 9.587016393197700381e-06 1.586325879543437622e-07 1.750027331581804901e-05 1.813051994759007357e-06
3.850000000000000000e+04 1.654802326811477542e-05 4.393602648633532226e-05 1.533780391582695302e-07 5.146671355760190636e-07 8.275810250779613853e-05 1.696973299658566248e-07 2.015875907090958208e-05 1.522729036196324159e-07 1.956632786459522322e-06 1.764860030561976600e-06
3.900000000000000000e+04 1.616661756997928023e-05 8.192824680008925498e-06 1.460189622548568877e-07 3.040294132006238215e-07 7.664818986086174846e-05 1.982620858598238556e-07 9.792554919840767980e-06 1.996965721673404914e-07 4.021342647320125252e-06 2.041599827862228267e-06
3.950000000000000000e+04 1.942370181495789438e-05 6.231064617168158293e-06 2.149497362324837013e-07 1.875628186098765582e-07 6.107542867539450526e-05 2.841177320078713819e-07 9.022907761391252279e-06 2.643421908032905776e-07 7.415529580612201244e-06 1.788569420568819623e-06
4.000000000000000000e+04 1.945755320775788277e-05 5.699524081137496978e-06 1.735240005018567899e-07 1.384851202601566911e-07 5.990044155623763800e-05 2.824338594109576661e-07 7.754313628538511693e-06 1.958659652245842153e-07 1.046239322022302076e-05 1.706598595774266869e-06
4.050000000000000000e+04 1.949492980202194303e-05 1.062297269527334720e-05 1.597609298187308013e-07 2.261113962731542415e-07 1.532808528281748295e-04 2.305295225824011141e-07 9.172393220069352537e-06 1.051186515610424976e-07 7.120911959646036848e-06 3.373166009623673744e-06
4.100000000000000000e+04 1.723154491628520191e-05 1.040063489199383184e-05 1.372035001168114832e-07 1.771874451605981449e-07 1.502703671576455235e-04 2.072261935381902731e-07 1.463923490518936887e-05 1.655144359347104910e-07 3.106609028691309504e-06 3.551657073330716230e-06
4.150000000000000000e+04 1.020536910800728947e-05 8.878427252057008445e-06 1.620614540343012777e-07 1.624911192266154103e-07 9.873716771835461259e-05 2.446553821755514946e-07 4.680491201725089923e-06 1.695871674201043788e-07 5.849645390298974235e-07 2.883216438931412995e-06
4.200000000000000000e+04 9.946029422280844301e-06 7.908476618467830122e-06 1.063002699197568290e-07 1.104509124161268119e-07 9.829502232605591416e-05 2.305330042418063385e-07 3.773981461563380435e-06 1.022104925141320564e-07 5.047074296271603089e-07 2.526071966713061556e-06
4.250000000000000000e+04 1.317267197009641677e-05 5.110842721478547901e-06 1.421067281626164913e-07 1.111394567487877794e-07 6.936513818800449371e-05 2.706028112697822507e-07 7.178357009252067655e-06 1.507174260950705502e-07 6.496414698631269857e-06 1.743836037348955870e-06
4.300000000000000000e+04 1.354255255137104541e-05 5.323164714354788885e-06 1.168177163890504744e-07 1.270715017653856194e-07 6.496892456198111176e-05 2.806118288845027564e-07 7.627123068232322112e-06 1.418762280991359148e-07 4.698709290096303448e-06 1.637651394048589282e-06
