# step, loss_train, loss_test, metrics_test
0.000000000000000000e+00 1.508679091930389404e-01 2.138514071702957153e-01 1.145187648944556713e-03 5.291906651109457016e-03 8.703687228262424469e-03 1.516814082860946655e-01 3.973575532436370850e-01 1.130786840803921223e-03 7.999185472726821899e-03 9.571018628776073456e-03
5.000000000000000000e+02 4.981026868335902691e-04 5.805730819702148438e-02 4.058997001266106963e-05 7.417900633299723268e-05 4.418481141328811646e-03 4.928795387968420982e-04 6.581030040979385376e-02 2.546267069192253985e-06 1.329864462604746222e-04 5.102061666548252106e-03
1.000000000000000000e+03 8.528216858394443989e-04 5.745283514261245728e-02 4.728082785732112825e-05 1.207031527883373201e-04 2.939989790320396423e-03 7.866849191486835480e-04 6.517129391431808472e-02 2.264075419589062221e-06 7.176084181992337108e-05 3.612970234826207161e-03
1.500000000000000000e+03 6.712637696182355285e-05 6.748986989259719849e-02 9.430450882064178586e-05 8.113930380204692483e-05 3.344993107020854950e-03 5.852785398019477725e-05 6.479926407337188721e-02 7.807819929439574480e-05 4.009039002994541079e-06 3.828077809885144234e-03
2.000000000000000000e+03 1.040765564539469779e-04 6.667864322662353516e-02 1.797030708985403180e-04 1.799630845198407769e-04 2.443052362650632858e-03 8.258246089098975062e-05 6.414980441331863403e-02 2.118586562573909760e-04 2.777338886517100036e-05 2.904138993471860886e-03
2.500000000000000000e+03 2.547750191297382116e-04 7.298332452774047852e-02 8.638870203867554665e-04 9.984466014429926872e-04 1.801922335289418697e-03 1.700153079582378268e-04 5.808844417333602905e-02 6.598578765988349915e-04 6.531011313199996948e-04 2.139063552021980286e-03
3.000000000000000000e+03 5.432406906038522720e-04 9.222491644322872162e-03 3.303606354165822268e-04 3.131882403977215290e-04 5.421333480626344681e-03 4.542379465419799089e-04 7.254671771079301834e-03 3.495262935757637024e-04 2.143834572052583098e-04 4.879750777035951614e-03
3.500000000000000000e+03 4.335185221862047911e-04 2.806778065860271454e-03 3.555087459972128272e-05 2.253637212561443448e-04 3.397827968001365662e-03 3.255155170336365700e-04 2.404767787083983421e-03 9.113818668993189931e-05 1.568014849908649921e-04 3.054999746382236481e-03
4.000000000000000000e+03 2.859040396288037300e-04 1.435238751582801342e-03 3.902852040482684970e-05 1.527345302747562528e-04 2.849132986739277840e-03 2.000854292418807745e-04 1.119381864555180073e-03 8.171364606823772192e-05 8.349918789463117719e-05 2.470104489475488663e-03
4.500000000000000000e+03 1.231596252182498574e-04 7.656667730771005154e-04 5.108756522531621158e-05 1.193253774545155466e-05 2.624161774292588234e-03 5.908387174713425338e-05 4.775249690283089876e-04 4.931660805596038699e-05 2.391999259998556226e-05 2.000613603740930557e-03
5.000000000000000000e+03 8.829745638649910688e-05 3.944927302654832602e-04 3.335212022648192942e-05 2.729817606450524181e-05 2.212614519521594048e-03 3.257502612541429698e-05 2.212497493019327521e-04 3.353200372657738626e-05 4.057375190313905478e-05 1.581416465342044830e-03
5.500000000000000000e+03 5.811831942992284894e-05 2.216772554675117135e-04 1.738237733661662787e-05 1.906040779431350529e-05 1.719970838166773319e-03 2.467726699251215905e-05 1.107034549931995571e-04 3.459020808804780245e-05 3.543613638612441719e-05 1.320727169513702393e-03
6.000000000000000000e+03 4.473567605600692332e-05 1.631235354579985142e-04 3.067719080718234181e-05 1.958292159542907029e-05 1.502382685430347919e-03 1.847800740506500006e-05 8.688164234627038240e-05 3.426153853069990873e-05 2.395180854364298284e-05 1.111765624955296516e-03
6.500000000000000000e+03 3.630922219599597156e-05 1.364211639156565070e-04 2.371700975345447659e-05 2.135583235940430313e-05 1.426528091542422771e-03 1.647991120989900082e-05 5.700526162399910390e-05 5.402056922321207821e-05 2.969371598737780005e-05 9.465910261496901512e-04
7.000000000000000000e+03 3.112333070021122694e-05 1.076534244930371642e-04 1.090054774977033958e-05 2.151299122488126159e-05 1.291438820771872997e-03 1.368017001368571073e-05 4.123315738979727030e-05 3.388284312677569687e-05 3.095401916652917862e-05 8.134914678521454334e-04
7.500000000000000000e+03 1.882553806353826076e-05 6.461083830799907446e-05 1.566041464684531093e-05 2.013622724916785955e-05 1.018550246953964233e-03 9.162446076516062021e-06 2.281973866047337651e-05 2.818967732309829444e-05 3.794318399741314352e-05 7.443128852173686028e-04
8.000000000000000000e+03 1.558718031446915120e-05 5.387919372878968716e-05 1.854469155659899116e-05 1.473080556024797261e-05 9.345412836410105228e-04 7.580414148833369836e-06 1.591865657246671617e-05 3.083203409914858639e-05 2.298635445185936987e-05 6.544010248035192490e-04
8.500000000000000000e+03 1.667606011324096471e-05 5.010220047552138567e-05 2.391146699665114284e-05 6.883083187858574092e-06 9.019802673719823360e-04 6.581632987945340574e-06 1.791712566046044230e-05 7.815087155904620886e-05 4.485871613724157214e-05 5.812799208797514439e-04
9.000000000000000000e+03 1.486816472606733441e-05 4.983063990948721766e-05 3.531440233928151429e-05 6.606527676922269166e-06 8.337344042956829071e-04 6.015987310092896223e-06 1.537312527943868190e-05 1.295903348363935947e-04 3.229860885767266154e-05 5.151077639311552048e-04
9.500000000000000000e+03 1.694596357992850244e-05 4.752437234856188297e-05 1.128021722252015024e-05 6.985243544477270916e-06 7.230892661027610302e-04 5.828101620863890275e-06 1.204497493745293468e-05 3.277068026363849640e-05 8.098614671325776726e-06 4.220862174406647682e-04
1.000000000000000000e+04 1.585119571245741099e-05 3.939023008570075035e-05 7.244930657179793343e-06 6.580487024621106684e-06 6.544653442688286304e-04 5.710626737709390000e-06 8.953482392826117575e-06 2.049191607511602342e-05 1.405862803949275985e-05 3.629593993537127972e-04
1.050000000000000000e+04 1.547562715131789446e-05 4.801067552762106061e-05 4.947077286487910897e-06 5.701170266547705978e-06 8.200400043278932571e-04 5.504760792973684147e-06 7.137408829294145107e-06 3.047924337806762196e-06 6.297316758718807250e-06 3.075757122132927179e-04
1.100000000000000000e+04 1.430911652278155088e-05 4.133023321628570557e-05 3.228775676689110696e-05 4.846828232984989882e-06 7.747100898995995522e-04 4.905134119326248765e-06 1.221133061335422099e-05 4.291309960535727441e-05 1.023330969474045560e-05 2.761614159680902958e-04
1.150000000000000000e+04 1.024709945340873674e-05 1.888430233520921320e-05 4.456697752175386995e-06 3.341526507938397117e-06 4.199965333100408316e-04 3.774179049287340604e-06 5.393000265030423179e-06 7.335570444411132485e-06 1.114995120587991551e-05 2.360904327360913157e-04
1.200000000000000000e+04 9.141043847193941474e-06 1.839749529608525336e-05 6.482453954959055409e-06 6.916881829965859652e-06 3.857214178424328566e-04 3.252675696785445325e-06 7.529504728154279292e-06 9.697572750155813992e-06 1.542119025543797761e-05 2.071132912533357739e-04
1.250000000000000000e+04 1.102010264730779454e-05 2.530544043111149222e-05 1.519175043540599290e-06 2.455597950756782666e-06 5.381616647355258465e-04 2.836634621417033486e-06 5.115032763569615781e-06 9.164929224425577559e-07 4.028715920867398381e-06 1.767883804859593511e-04
1.300000000000000000e+04 1.086730753740994260e-05 2.432997462165076286e-05 1.166963443210988771e-06 1.962925580301089212e-06 5.053454660810530186e-04 2.677667680472950451e-06 5.610016614809865132e-06 4.016186778699193383e-07 2.922544808825477958e-06 1.537959178676828742e-04
1.350000000000000000e+04 7.588318567286478356e-06 1.364318086416460574e-05 4.799154339707456529e-06 1.654025709285633639e-06 2.808614808600395918e-04 2.684873834368772805e-06 7.330774678848683834e-06 7.111207651178119704e-06 1.767615799508348573e-06 1.427294482709839940e-04
1.400000000000000000e+04 6.977340035518864170e-06 1.562256329634692520e-05 1.672985308687202632e-05 1.588226223248057067e-05 2.667665539775043726e-04 2.498104777259868570e-06 6.155076789582381025e-06 1.938321474881377071e-05 1.138074730988591909e-05 1.292896777158603072e-04
1.450000000000000000e+04 8.992516086436808109e-06 2.503411815268918872e-05 1.107559796764689963e-06 4.405312665767269209e-06 5.763561930507421494e-04 2.724202204262837768e-06 4.908040864393115044e-06 7.959671393109601922e-07 1.883401751001656521e-06 1.045368044287897646e-04
1.500000000000000000e+04 9.371517990075517446e-06 2.427939580229576677e-05 9.785288739294628613e-07 3.256556283304234967e-06 5.451330216601490974e-04 2.629260507092112675e-06 4.947829893353627995e-06 1.443296241632197052e-06 1.831441977628855966e-06 8.975878881756216288e-05
1.550000000000000000e+04 8.773597983235958964e-06 1.685448660282418132e-05 5.143223006598418579e-06 4.003339654445881024e-06 3.320845135021954775e-04 2.500669552318868227e-06 6.933956228749593720e-06 1.237198193848598748e-05 3.824071427516173571e-06 7.765145710436627269e-05
1.600000000000000000e+04 8.913672900234814733e-06 1.617325688130222261e-05 4.166688995610456914e-06 4.246869593771407381e-06 3.111113328486680984e-04 2.345459051866782829e-06 7.181018645496806130e-06 8.576841537433210760e-06 5.603519184660399333e-06 6.734541966579854488e-05
1.650000000000000000e+04 9.075644811673555523e-06 3.646851473604328930e-05 6.290891906246542931e-05 1.126887764257844537e-05 4.425892548169940710e-04 2.026795073106768541e-06 3.600436320994049311e-05 6.110236427048221231e-05 2.070337541226763278e-05 6.864455644972622395e-05
1.700000000000000000e+04 9.013489034259691834e-06 1.683375376160256565e-05 5.051683274359675124e-06 2.816933829308254644e-06 4.194581124465912580e-04 1.800636709958780557e-06 7.115078915376216173e-06 2.277297653563437052e-06 5.525913820747518912e-06 5.008387597627006471e-05
1.750000000000000000e+04 8.703966159373521805e-06 1.501062979514244944e-05 1.507212687101855408e-06 2.841451077983947471e-06 3.395517705939710140e-04 1.923673607961973175e-06 5.866623268957482651e-06 3.487461981421802193e-06 4.516308763413690031e-06 4.314595571486279368e-05
1.800000000000000000e+04 8.788537343207281083e-06 1.396569223288679495e-05 1.115773784476914443e-06 1.646165742386074271e-06 3.290254971943795681e-04 1.730811277411703486e-06 4.865267783316085115e-06 3.988129719800781459e-06 3.832138190773548558e-06 3.810003181570209563e-05
1.850000000000000000e+04 1.002777662506559864e-05 2.144140307791531086e-05 6.820007456553867087e-06 4.072142928635003045e-06 5.000964156351983547e-04 1.807032276701647788e-06 4.354451448307372630e-06 3.828817170870024711e-06 3.807420398516114801e-06 3.582304998417384923e-05
1.900000000000000000e+04 1.016143050946993753e-05 2.163207682315260172e-05 5.213270469539565966e-06 2.880596184695605189e-06 4.880818014498800039e-04 1.681530875430325978e-06 4.087237357452977449e-06 5.683102699549635872e-06 3.098858542216476053e-06 3.296820068499073386e-05
1.950000000000000000e+04 9.980223694583401084e-06 1.013265773508464918e-05 1.806691102501645219e-06 6.099527922742709052e-07 1.793464180082082748e-04 1.403165924784843810e-06 8.054668796830810606e-06 1.463073431295924820e-06 2.642695335453026928e-06 2.951121678052004427e-05
2.000000000000000000e+04 1.017156682792119682e-05 9.360344847664237022e-06 1.287947156924929004e-06 5.689750537385407370e-07 1.712439407128840685e-04 1.291886178478307556e-06 6.358345217449823394e-06 6.923423825355712324e-07 3.207579311492736451e-06 2.654339732544030994e-05
2.050000000000000000e+04 1.112689642468467355e-05 1.285256075789220631e-05 8.183469617506489158e-07 5.735605554946232587e-07 2.899118990171700716e-04 1.393321213072340470e-06 4.745501883007818833e-06 6.320100283119245432e-07 1.297405560762854293e-06 2.601795495138503611e-05
2.100000000000000000e+04 1.196697212435537949e-05 1.192367926705628633e-05 1.110902303480543196e-06 6.136011734270141460e-07 2.764152304735034704e-04 1.351532887383655179e-06 3.788823278227937408e-06 1.516380621069401968e-06 1.165360345112276264e-06 2.392689748376142234e-05
2.150000000000000000e+04 1.359512407361762598e-05 1.489098485762951896e-05 2.712891728151589632e-06 1.271784526579722296e-06 3.193250449839979410e-04 1.038035293277062010e-06 7.864742656238377094e-06 2.224783202109392732e-06 5.012649126001633704e-06 1.988024450838565826e-05
2.200000000000000000e+04 1.360490296065108851e-05 1.464816068619256839e-05 1.627562596695497632e-06 1.037955030369630549e-06 3.129105316475033760e-04 1.032791828947665635e-06 8.854639418132137507e-06 3.094109615631168708e-06 5.579027856583707035e-06 1.836804585764184594e-05
2.250000000000000000e+04 1.125208927987841889e-05 7.722706868662498891e-06 1.411941752849088516e-06 5.964266733826661948e-07 1.961125672096386552e-04 1.125814037550298963e-06 3.457986167632043362e-06 3.073331299674464390e-06 7.550685495516518131e-06 1.592702392372302711e-05
2.300000000000000000e+04 1.147186958405654877e-05 7.728006494289729744e-06 1.239526227436726913e-06 4.943309477312141098e-07 1.918406487675383687e-04 1.111413098442426417e-06 3.281207909822114743e-06 3.550281235220609233e-06 6.436170679080532864e-06 1.483421874581836164e-05
2.350000000000000000e+04 1.324739605479408056e-05 1.319596685789292678e-05 4.889628257842559833e-07 4.803999331670638639e-07 2.325510431546717882e-04 1.100154008781828452e-06 2.952872364403447136e-06 5.330900421540718526e-06 5.737307674280600622e-06 1.644662188482470810e-05
2.400000000000000000e+04 1.407557738275500014e-05 1.276402235816931352e-05 6.577964200005226303e-07 4.911682367492176127e-07 2.205084165325388312e-04 1.035037030305829830e-06 3.576931248971959576e-06 6.191728061821777374e-06 6.615196525672217831e-06 1.589444036653731018e-05
2.450000000000000000e+04 1.396593961544567719e-05 1.069454083335585892e-05 2.748159204202238470e-06 5.544546297642227728e-07 1.836325536714866757e-04 1.021010689328250010e-06 7.027782430668594316e-06 3.731365723069757223e-06 3.373823574293055572e-06 1.503135354141704738e-05
2.500000000000000000e+04 1.441939457436092198e-05 1.055684879247564822e-05 1.982410594791872427e-06 5.032306944485753775e-07 1.764295739121735096e-04 1.066775212166248821e-06 7.529345111834118143e-06 3.845916580758057535e-06 3.481162821117322892e-06 1.448126386094372720e-05
2.550000000000000000e+04 1.726273330859839916e-05 8.491210792271886021e-06 2.339191496503190137e-06 1.000029328679374885e-06 1.759627339197322726e-04 9.794014204089762643e-07 6.113639756222255528e-06 6.925421530468156561e-06 2.482797071934328414e-06 1.140947006206260994e-05
2.600000000000000000e+04 1.716810038487892598e-05 7.464973350579384714e-06 1.632298335607629269e-06 7.874293146414856892e-07 1.706027542240917683e-04 9.481305482950119767e-07 4.198233000352047384e-06 5.518106263480149209e-06 2.891652002290356904e-06 9.552029041515197605e-06
2.650000000000000000e+04 1.660747147980146110e-05 1.453715776733588427e-05 1.077760430234775413e-06 5.390493242884986103e-07 2.523926668800413609e-04 1.124805862673383672e-06 3.004585778398904949e-06 3.175470283167669550e-06 2.731356516960659064e-06 1.456643167330184951e-05
2.700000000000000000e+04 1.725145921227522194e-05 1.440440973965451121e-05 1.056979613167641219e-06 5.331028773980506230e-07 2.456430811434984207e-04 1.144038833444938064e-06 2.804877112794201821e-06 3.568464762793155387e-06 2.888037897719186731e-06 1.484483891545096412e-05
2.750000000000000000e+04 1.407335821568267420e-05 7.797272701282054186e-06 9.747036529006436467e-07 5.859577072442334611e-07 1.441084023099392653e-04 9.443230624128773343e-07 2.751532974798465148e-06 2.728485014813486487e-06 2.066674824163783342e-06 9.736304491525515914e-06
2.800000000000000000e+04 1.407672789355274290e-05 7.128299785108538345e-06 9.048179094861552585e-07 5.848991122547886334e-07 1.411408884450793266e-04 9.012829877974581905e-07 2.476085228408919647e-06 3.153371153530315496e-06 2.358873643970582634e-06 9.061342097993474454e-06
2.850000000000000000e+04 1.209590936923632398e-05 9.803848115552682430e-06 6.162329668768506963e-07 1.425083837602869608e-06 2.538812113925814629e-04 1.010776031762361526e-06 1.530394456494832411e-06 1.357228256892994978e-06 1.796925403141358402e-06 8.443918886769097298e-06
2.900000000000000000e+04 1.206043725687777624e-05 1.014207373373210430e-05 5.050400773143337574e-07 1.208229150506667793e-06 2.517943503335118294e-04 1.039847916217695456e-06 2.101562358802766539e-06 1.643004793550062459e-06 1.659238591855682898e-06 8.222188625950366259e-06
2.950000000000000000e+04 1.625271033844910562e-05 8.799821443972177804e-06 6.302599103946704417e-06 8.014276318135671318e-07 1.433025900041684508e-04 9.180865276903205086e-07 5.894351488677784801e-06 1.099159089790191501e-05 4.974521743861259893e-06 1.232547128893202171e-05
3.000000000000000000e+04 1.661393798713106662e-05 5.613259872916387394e-06 5.397758400249585975e-07 5.524776156562438700e-07 1.383147173328325152e-04 9.257194051315309480e-07 2.131544988515088335e-06 7.428146091115195304e-06 3.389702897038660012e-06 9.603325452189892530e-06
3.050000000000000000e+04 1.712565790512599051e-05 5.419397894002031535e-06 7.296074500118265860e-07 8.644760214338020887e-07 1.812580012483522296e-04 1.004125920189835597e-06 3.536161784722935408e-06 6.491292424470884725e-06 5.999151198921026662e-06 6.125802883616415784e-06
3.100000000000000000e+04 1.645419433771166950e-05 5.531570877792546526e-06 5.967268066342512611e-07 7.482839237127336673e-07 1.795513962861150503e-04 1.042505232362600509e-06 3.856159764836775139e-06 7.218023711175192147e-06 5.965536729490850121e-06 5.846845851920079440e-06
3.150000000000000000e+04 1.169921415566932410e-05 4.043970420752884820e-06 4.159197146691440139e-07 3.626329316830378957e-07 1.284898025915026665e-04 1.087946202460443601e-06 3.004766540470882319e-06 4.752072072733426467e-06 1.376893806082080118e-06 5.952532319497549906e-06
3.200000000000000000e+04 1.152036566054448485e-05 3.797915951508912258e-06 3.617506365571898641e-07 2.995693080265482422e-07 1.278007548535242677e-04 1.024157654683222063e-06 2.742474634942482226e-06 4.692889888247009367e-06 1.355916197098849807e-06 5.905385023652343079e-06
3.250000000000000000e+04 1.561712633701972663e-05 3.847903826681431383e-06 6.399815788427076768e-07 2.803939764817187097e-07 8.892267942428588867e-05 1.015286670735804364e-06 3.739016619874746539e-06 1.341103256891074125e-06 3.288947937107877806e-06 5.795336164737818763e-06
3.300000000000000000e+04 1.552455432829447091e-05 6.021177796355914325e-06 5.084299118607304990e-06 8.939839517552172765e-07 8.861540845828130841e-05 1.058649331753258593e-06 5.253245035419240594e-06 6.874015980429248884e-06 4.716919647762551904e-06 7.140346497180871665e-06
3.350000000000000000e+04 1.690946919552516192e-05 6.682914317934773862e-06 7.960136940710071940e-07 3.015610161583026638e-07 1.558323565404862165e-04 1.060289037013717461e-06 3.525004331095260568e-06 1.560401983624615241e-06 9.636088407205534168e-07 6.779923751309979707e-06
3.400000000000000000e+04 1.707583396637346596e-05 7.094308330124476925e-06 6.534566523441753816e-07 2.976217956529580988e-07 1.526736305095255375e-04 9.781471135283936746e-07 3.194653345417464152e-06 1.677310592640424147e-06 7.900238756519684102e-07 7.062262284307507798e-06
3.450000000000000000e+04 1.612537562323268503e-05 7.598205684189451858e-06 6.980894795560743660e-07 5.532388058782089502e-07 1.317944261245429516e-04 9.405845844412397128e-07 1.719889041851274669e-06 2.545590405134134926e-06 1.637464265513699502e-06 1.114316546590998769e-05
3.500000000000000000e+04 1.645699740038253367e-05 7.593564532726304606e-06 5.176283934815728571e-07 5.442009296530159190e-07 1.284777681576088071e-04 9.381525956086989027e-07 1.783595962479012087e-06 3.267946112828212790e-06 1.420005105501331855e-06 1.156779944722075015e-05
3.550000000000000000e+04 1.949773468368221074e-05 8.568671546527184546e-06 6.353128014779940713e-07 3.158407935188733973e-07 1.543394610052928329e-04 9.727056067276862450e-07 2.369670482949004509e-06 3.254434659538674168e-06 1.156305870608775876e-06 1.037749007082311437e-05
3.600000000000000000e+04 1.976326529984362423e-05 8.622005225333850831e-06 6.049223202353459783e-07 2.826149341217387700e-07 1.517486234661191702e-04 9.721946980789653026e-07 2.128738060491741635e-06 3.361907147336751223e-06 1.172709289676276967e-06 1.023232016450492665e-05
3.650000000000000000e+04 1.730795884213875979e-05 1.002063709165668115e-05 3.538022610882762820e-06 3.113573541213554563e-07 2.000301028601825237e-04 9.749990113050444052e-07 2.411291006865212694e-06 4.889467618340859190e-06 1.015928205561067443e-06 1.092508227884536609e-05
3.700000000000000000e+04 1.770410744938999414e-05 1.079203138942830265e-05 3.791290055232821032e-07 2.633588280787080294e-07 1.956792257260531187e-04 9.834620868787169456e-07 2.815906555042602122e-06 1.645974634811864235e-06 1.144903308158973232e-06 1.086162228602916002e-05
3.750000000000000000e+04 2.089871668431442231e-05 1.017928207147633657e-05 4.345367869973415509e-07 2.973266362005233532e-07 2.112177462549880147e-04 9.682918289399822243e-07 5.164175490790512413e-06 7.465155249519739300e-06 1.402859311383508611e-06 8.781562428339384496e-06
3.800000000000000000e+04 2.096569005516357720e-05 9.388977559865452349e-06 5.252392156762653030e-07 2.903650226926401956e-07 2.090235502691939473e-04 9.707795243230066262e-07 4.175686626695096493e-06 8.352849363291170448e-06 1.469484232075046748e-06 8.705955224286299199e-06
3.850000000000000000e+04 1.633611464058049023e-05 6.794993623771006241e-06 8.044814308050263207e-07 3.808073358868568903e-07 1.741612068144604564e-04 1.049049501489207614e-06 4.473643912206171080e-06 9.403632247995119542e-06 1.402764837621361949e-06 9.643030352890491486e-06
3.900000000000000000e+04 1.610237632121425122e-05 6.483609922725008801e-06 6.119520890024432447e-07 3.741280352187459357e-07 1.722460729070007801e-04 1.038099753714050166e-06 4.523216830421006307e-06 1.138201787398429587e-05 1.490058366471203044e-06 9.835318451223429292e-06
3.950000000000000000e+04 1.877626891655381769e-05 7.016908512014197186e-06 8.056454134930390865e-07 5.238936751084111165e-07 1.400490000378340483e-04 9.737883601701469161e-07 3.954738986067241058e-06 1.370823497381934430e-06 1.878796865639742464e-06 1.073374187399167567e-05
4.000000000000000000e+04 1.891208557935897261e-05 6.993293027335312217e-06 6.513040489153354429e-07 4.890856644124141894e-07 1.382196496706455946e-04 1.013076371236820705e-06 3.792966253968188539e-06 6.260730174290074501e-07 1.761153839652251918e-06 1.054831318469950929e-05
4.050000000000000000e+04 1.643984796828590333e-05 9.175939339911565185e-06 3.790890445998229552e-07 5.384856081036559772e-07 2.426621067570522428e-04 9.583390010448056273e-07 3.313434035590034910e-06 2.869968511731713079e-06 2.774919494186178781e-06 8.270024409284815192e-06
4.100000000000000000e+04 1.672509097261354327e-05 1.035987588693387806e-05 2.573023493823711760e-06 6.140346044958278071e-07 2.404354163445532322e-04 9.485505643169744872e-07 3.608491169870831072e-06 4.954439191351411864e-06 2.942567334685008973e-06 1.066107233782531694e-05
4.150000000000000000e+04 1.455669371352996677e-05 6.265768206503707916e-06 5.319568572303978726e-07 6.078636829442984890e-07 1.373430859530344605e-04 1.049894081006641500e-06 4.668245310313068330e-06 1.351895889456500299e-06 3.291300572527688928e-06 6.186086011439329013e-06
4.200000000000000000e+04 1.351852824882371351e-05 6.574257895408663899e-06 9.423139317732420750e-07 5.590796945398324169e-07 1.373355626128613949e-04 1.006113052426371723e-06 4.761497166327899322e-06 1.456226186746789608e-06 3.591439281080965884e-06 6.054914592823479325e-06
4.250000000000000000e+04 1.743697976053226739e-05 6.217268492036964744e-06 3.754836086500290548e-07 6.286205689320922829e-07 1.501608203398063779e-04 1.028404881253663916e-06 8.437964424956589937e-06 5.990033514535753056e-06 2.981767238452448510e-06 7.110724254744127393e-06
