# step, loss_train, loss_test, metrics_test
0.000000000000000000e+00 2.163056284189224243e-01 7.266990840435028076e-02 1.904962584376335144e-02 3.744077868759632111e-03 2.848815172910690308e-03 2.177114337682723999e-01 1.336059570312500000e-01 3.851544111967086792e-02 9.295823838328942657e-05 3.773920470848679543e-03
5.000000000000000000e+02 4.111215530429035425e-04 5.627460405230522156e-02 2.194913831772282720e-04 2.582704764790832996e-04 1.588635845109820366e-03 2.935380616690963507e-04 6.391399353742599487e-02 2.153732639271765947e-04 1.610190083738416433e-04 2.211120212450623512e-03
1.000000000000000000e+03 2.812505990732461214e-04 5.273376032710075378e-02 6.663596141152083874e-04 7.157892687246203423e-04 7.365960627794265747e-04 1.341413008049130440e-04 5.950994789600372314e-02 2.483354473952203989e-04 2.484225551597774029e-04 1.292513567022979259e-03
1.500000000000000000e+03 1.817293959902599454e-04 1.548841828480362892e-03 1.697253028396517038e-04 1.326501514995470643e-04 4.575195722281932831e-03 1.231549831572920084e-04 1.302596065215766430e-03 5.882474943064153194e-04 6.726331776008009911e-05 3.925409633666276932e-03
2.000000000000000000e+03 1.669918274274095893e-04 5.975961685180664062e-04 5.655313725583255291e-05 4.962116145179606974e-05 3.181353444233536720e-03 8.446059655398130417e-05 2.824021212290972471e-04 2.902683918364346027e-04 6.565781222889199853e-05 2.517043612897396088e-03
2.500000000000000000e+03 7.159020606195554137e-05 2.632733958307653666e-04 1.415769384038867429e-05 1.275617341889301315e-05 2.107464708387851715e-03 2.318539554835297167e-05 1.486088585807010531e-04 6.768620369257405400e-05 2.224747004220262170e-05 1.790981972590088844e-03
3.000000000000000000e+03 3.914163971785455942e-05 1.699376880424097180e-04 1.413272457284620032e-05 7.310100500035332516e-06 1.722335699014365673e-03 1.251501544174971059e-05 9.188213152810931206e-05 4.434259972185827792e-05 7.494131295970873907e-06 1.415900536812841892e-03
3.500000000000000000e+03 4.660101330955512822e-05 1.804139174055308104e-04 1.556332244945224375e-05 5.604038051387760788e-06 1.584803801961243153e-03 1.335327669949037954e-05 6.793350621592253447e-05 6.282870162976905704e-05 7.463926067430293187e-06 1.144589739851653576e-03
4.000000000000000000e+03 3.955930515076033771e-05 1.381094043608754873e-04 1.730912663333583623e-05 5.866425908607197925e-06 1.424121903255581856e-03 1.014116151054622605e-05 4.095496115041896701e-05 6.695376214338466525e-05 4.504187018028460443e-06 9.800249245017766953e-04
4.500000000000000000e+03 4.418388925842009485e-05 2.945082087535411119e-04 3.661894152173772454e-05 1.286412007175385952e-04 1.573132583871483803e-03 1.095974766940344125e-05 1.408134558005258441e-04 2.136259863618761301e-04 1.966060808626934886e-04 9.391677449457347393e-04
5.000000000000000000e+03 3.762764754355885088e-05 1.004665246000513434e-04 1.455322762922151014e-05 1.025930305331712589e-05 1.325475634075701237e-03 8.129398338496685028e-06 2.177327951358165592e-05 1.726531045278534293e-04 7.902081961219664663e-06 6.616119644604623318e-04
5.500000000000000000e+03 2.305740963493008167e-05 9.970868268283084035e-05 1.419232739863218740e-05 3.899671810358995572e-06 1.083939103409647942e-03 5.780892024631612003e-06 5.306613456923514605e-05 3.402151560294441879e-05 5.262074864731403068e-06 7.013535941950976849e-04
6.000000000000000000e+03 1.828951099014375359e-05 7.331738015636801720e-05 1.767934736562892795e-05 4.433082267496502027e-06 9.320919634774327278e-04 4.852956408285535872e-06 3.458767241681925952e-05 3.401610592845827341e-05 4.161895049037411809e-06 5.659388843923807144e-04
6.500000000000000000e+03 1.829616849136073142e-05 6.743313133483752608e-05 1.181286552309757099e-05 2.341911795156192966e-06 9.170505800284445286e-04 4.617812010110355914e-06 4.988589353160932660e-05 3.714421109179966152e-05 1.331941894022747874e-05 4.701695579569786787e-04
7.000000000000000000e+03 1.782331855793017894e-05 6.294974446063861251e-05 1.295432230108417571e-05 2.566810508142225444e-06 8.504312718287110329e-04 4.239822828822070733e-06 4.908088885713368654e-05 3.092210317845456302e-05 1.624953983991872519e-05 4.090848669875413179e-04
7.500000000000000000e+03 1.210762547998456284e-05 5.567928383243270218e-05 1.926531876961234957e-05 5.737996161769842729e-06 6.400652928277850151e-04 3.431212235227576457e-06 3.361064955242909491e-05 1.295919264521216974e-05 1.179474020318593830e-05 3.720607783179730177e-04
8.000000000000000000e+03 1.334270382358226925e-05 4.194875509710982442e-05 1.578700175741687417e-05 5.278983735479414463e-06 5.817837663926184177e-04 3.604515995903057046e-06 2.507737735868431628e-05 1.376672571495873854e-05 1.213499945151852444e-05 3.165817761328071356e-04
8.500000000000000000e+03 1.540206721983850002e-05 5.100845737615600228e-05 3.483770706225186586e-05 9.571315786160994321e-06 5.831827875226736069e-04 3.577060397219611332e-06 3.363804353284649551e-05 3.505731001496315002e-05 1.006137790682259947e-05 2.862977853510528803e-04
9.000000000000000000e+03 1.548162254039198160e-05 3.465827103354968131e-05 1.202699149871477857e-05 1.930566895680385642e-06 5.420475499704480171e-04 2.269634251206298359e-06 2.900367508118506521e-05 1.463022545067360625e-05 1.208054982271278277e-05 2.394578477833420038e-04
9.500000000000000000e+03 2.046477311523631215e-05 1.535526098450645804e-04 5.244100611889734864e-05 8.469527529086917639e-06 5.792971351183950901e-04 2.563298494351329282e-06 1.916171022458001971e-04 1.332857791567221284e-04 8.740348675928544253e-06 2.944793959613889456e-04
1.000000000000000000e+04 2.203913209086749703e-05 1.008968538371846080e-04 1.828610584198031574e-05 3.071104856644524261e-06 4.510323633439838886e-04 2.285683194713783450e-06 6.122062768554314971e-05 6.085524728405289352e-05 2.405486611678497866e-06 1.974110782612115145e-04
1.050000000000000000e+04 2.280724402226042002e-05 7.845733489375561476e-05 5.491005595104070380e-06 1.376439172418031376e-06 6.482207681983709335e-04 3.468275053819525056e-06 6.327986193355172873e-05 3.486049990897299722e-06 9.698462235974147916e-06 1.796913711586967111e-04
1.100000000000000000e+04 2.788935489661525935e-05 4.604207788361236453e-05 4.971313956048106775e-06 2.699352762647322379e-06 5.540768033824861050e-04 3.123288934148149565e-06 3.298205047030933201e-05 1.397109144818386994e-06 6.238460173335624859e-06 1.210505070048384368e-04
1.150000000000000000e+04 2.660105383256450295e-05 1.837161471485160291e-05 7.816960874151845928e-07 8.876581887307111174e-07 2.564723545219749212e-04 2.672722757779411040e-06 1.745518056850414723e-05 2.590116491774097085e-05 9.340585165773518384e-06 1.044132295646704733e-04
1.200000000000000000e+04 2.733794099185615778e-05 1.642116512812208384e-05 1.095654511118482333e-06 9.880536708806175739e-07 2.439603558741509914e-04 2.474065468049957417e-06 1.890164458018261939e-05 5.771613723482005298e-05 5.817043984279735014e-06 9.229958232026547194e-05
1.250000000000000000e+04 2.931443123088683933e-05 2.380396290391217917e-05 6.586393510588095523e-07 2.352179080844507553e-06 4.021775675937533379e-04 2.347863983231945895e-06 1.672532562224660069e-05 2.164392526537994854e-06 4.538467692327685654e-06 8.217689173761755228e-05
1.300000000000000000e+04 3.070734601351432502e-05 2.130600114469416440e-05 8.281680834443250205e-07 2.532885218897718005e-06 3.760332474485039711e-04 2.437586999803897925e-06 1.483254072809359059e-05 2.489760618118452840e-06 5.297739335219375789e-06 7.036372699076309800e-05
1.350000000000000000e+04 2.794419560814276338e-05 1.189123941003344953e-05 1.838493972172727808e-06 1.310545144406205509e-06 1.904287055367603898e-04 1.660171278672351036e-06 8.960672857938334346e-06 3.336817026138305664e-04 4.737273229693528265e-06 5.794460594188421965e-05
1.400000000000000000e+04 3.133434802293777466e-05 1.205881824716925621e-03 1.086144984583370388e-04 1.264610727957915515e-05 6.602752837352454662e-04 2.147599388990784064e-06 1.319148228503763676e-03 7.889942498877644539e-04 1.950333353306632489e-05 5.551943904720246792e-04
1.450000000000000000e+04 3.933985135518014431e-05 2.209979356848634779e-05 8.529050887773337308e-07 1.791901922842953354e-06 4.212265193928033113e-04 1.692169803391152527e-06 1.722142042126506567e-05 1.295304100494831800e-04 3.838977590930880979e-06 4.309402720537036657e-05
1.500000000000000000e+04 4.081969746039249003e-05 3.908995495294220746e-05 1.923730678754509427e-06 2.612953494462999515e-06 3.984728537034243345e-04 1.909348156914347783e-06 3.667947021313011646e-05 9.058447903953492641e-05 1.042702024278696626e-05 4.285822433303110301e-05
1.550000000000000000e+04 4.538733264780603349e-05 2.195678098360076547e-05 3.539754970915964805e-06 3.604165613069199026e-06 2.194124244851991534e-04 1.501749011367792264e-06 2.885777030314784497e-05 1.486522432969650254e-05 2.900822209994657896e-06 3.461676897131837904e-05
1.600000000000000000e+04 4.337026985012926161e-05 1.491757120675174519e-05 1.752450884850986768e-06 2.127604375345981680e-06 2.081492566503584385e-04 1.683068830971023999e-06 2.111316644004546106e-05 2.697287982300622389e-06 1.054694394042599015e-06 2.752296859398484230e-05
1.650000000000000000e+04 4.928149792249314487e-05 3.849081986118108034e-04 8.632815297460183501e-05 3.787241894315229729e-06 4.378409357741475105e-04 2.272233814437640831e-06 4.711188666988164186e-04 9.789212526811752468e-06 1.942160452017560601e-06 1.150408133980818093e-04
1.700000000000000000e+04 4.749012441607192159e-05 4.635225195670500398e-05 9.007382686831988394e-06 2.758109303613309748e-06 3.212396404705941677e-04 2.036409114225534722e-06 5.496464291354641318e-05 3.522887936924234964e-06 6.644888230766810011e-07 3.583451325539499521e-05
1.750000000000000000e+04 3.343253411003388464e-05 3.664294199552386999e-04 1.199341113533591852e-05 2.062803832814097404e-05 2.651020768098533154e-04 2.121814532074495219e-06 4.254505038261413574e-04 1.875312045740429312e-05 9.863731065706815571e-06 7.848741370253264904e-05
1.800000000000000000e+04 3.075111453654244542e-05 3.128121534246020019e-05 2.851461431419011205e-06 3.542471176842809655e-06 2.432016917737200856e-04 1.249085926247062162e-06 5.183657412999309599e-05 8.056731530814431608e-06 9.340605515717470553e-07 3.238470162614248693e-05
1.850000000000000000e+04 5.658928785123862326e-05 1.981147033802699298e-05 7.233894052660616580e-07 2.605536337796365842e-06 3.775318909902125597e-04 1.164142531706602313e-06 9.729743396746926010e-06 1.502906911809986923e-06 6.857979997221264057e-07 2.151412627426907420e-05
1.900000000000000000e+04 5.317060276865959167e-05 5.097534813103266060e-05 5.190450792724732310e-06 3.661691835077363066e-06 3.527919179759919643e-04 9.658886028773849830e-07 5.261986007099039853e-05 6.522311196022201329e-06 6.381700359270325862e-07 2.386494452366605401e-05
1.950000000000000000e+04 3.029609251825604588e-05 1.194274864246835932e-05 1.338270521955564618e-06 5.888139185117324814e-07 1.032991203828714788e-04 6.553146363330597524e-07 1.266713570657884702e-05 1.187032353300310206e-06 3.450880967648117803e-07 1.965774390555452555e-05
2.000000000000000000e+04 2.660553218447603285e-05 1.109562435885891318e-05 1.727914764160232153e-06 5.404107810136338230e-07 1.034693486872129142e-04 5.524286166291858535e-07 1.083058396034175530e-05 7.952543796818645205e-07 3.786171873798593879e-07 2.067089917545672506e-05
2.050000000000000000e+04 3.349498365423642099e-05 1.142243490903638303e-05 6.159468171063053887e-07 7.136933390938793309e-07 1.783061597961932421e-04 6.371893732648459263e-07 1.929792597366031259e-05 2.476491260949842399e-07 1.538483473950691405e-07 2.231054713774938136e-05
2.100000000000000000e+04 3.428561467444524169e-05 1.150524985860101879e-05 6.189718533278210089e-07 5.139052063896087930e-07 1.632079656701534986e-04 6.313227345344785135e-07 2.351171497139148414e-05 2.060188677432961413e-07 1.418591892843323876e-07 2.051497540378477424e-05
2.150000000000000000e+04 2.870757271011825651e-05 3.050925624847877771e-05 3.120937890344066545e-06 8.020842869882471859e-07 2.365942491451278329e-04 8.172203251888277009e-07 4.258121771272271872e-05 3.728006959136109799e-06 3.003139227075735107e-06 1.361831164103932679e-05
2.200000000000000000e+04 2.871485776267945766e-05 1.331408020632807165e-05 1.709629486867925152e-06 7.037795626274601091e-07 2.323809021618217230e-04 5.185822260500572156e-07 2.313467120984569192e-05 2.807029204632272013e-06 5.018038791604340076e-06 1.116352723329328001e-05
2.250000000000000000e+04 3.064157135668210685e-05 9.485229384154081345e-06 1.574586292463209247e-07 2.337478008485049941e-06 1.395386789226904511e-04 1.404827003170794342e-06 1.240418623638106510e-05 1.131580916080565657e-06 2.561522251198766753e-06 1.274157420994015411e-05
2.300000000000000000e+04 2.800052970997057855e-05 9.725489690026734024e-06 2.104360277144223801e-07 1.320815385952300858e-06 1.322686730418354273e-04 7.492906775041774381e-07 1.487660756538389251e-05 1.713532128633232787e-06 1.444361714675324038e-06 1.247898126166546717e-05
2.350000000000000000e+04 3.405454845051281154e-05 2.736250644375104457e-05 1.486558176111429930e-06 2.652384694101783680e-07 1.344982156297191978e-04 4.753501343657262623e-07 3.018318238900974393e-05 5.289775344863301143e-06 1.287459099330590107e-06 2.308896364411339164e-05
2.400000000000000000e+04 3.295190981589257717e-05 1.546377170598134398e-04 3.316268021080759354e-06 5.655037398355489131e-07 9.793454955797642469e-05 4.171518526163708884e-07 1.701549481367692351e-04 6.714354185533011332e-06 3.145612026855815202e-06 1.561115459480788559e-05
2.450000000000000000e+04 2.368221612414345145e-05 8.085657100309617817e-06 2.395420324319275096e-07 4.752409381580946501e-07 1.027758989948779345e-04 5.356949372981034685e-07 1.281859476875979453e-05 1.529075916550937109e-06 4.211293855860276381e-07 1.102375335904071108e-05
2.500000000000000000e+04 2.241722540929913521e-05 8.914079444366507232e-06 2.349437835391654517e-07 2.462367376665497432e-07 9.755612700246274471e-05 5.839559094056312460e-07 1.799782148736994714e-05 9.612084568288992159e-07 2.373256080545615987e-07 9.179788321489468217e-06
2.550000000000000000e+04 3.077801738982088864e-05 6.555585514433914796e-06 3.507673227431951091e-07 2.012808977269742172e-07 9.758677333593368530e-05 3.632301570632989751e-07 1.575146779941860586e-05 5.022865821047162171e-07 6.256004780880175531e-07 5.934377895755460486e-06
2.600000000000000000e+04 2.758868322416674346e-05 6.346307145577156916e-06 1.184375619800448476e-07 2.178655904572224244e-07 8.914765930967405438e-05 2.916993082635599421e-07 1.506345142843201756e-05 3.098187164596311050e-07 5.963074727333150804e-07 5.497719030245207250e-06
2.650000000000000000e+04 2.183589822379872203e-05 3.774581127800047398e-04 7.280223599082091823e-06 2.351928969801519997e-06 1.246934116352349520e-04 6.877064606669591740e-07 4.331273376010358334e-04 5.139049221725144889e-07 3.311117211524106096e-07 1.541245001135393977e-05
2.700000000000000000e+04 2.114545168296899647e-05 4.333017568569630384e-05 6.014496420903014950e-07 2.464990984663018025e-07 1.234294031746685505e-04 4.795752488462312613e-07 3.854434908134862781e-05 2.988742551224277122e-07 1.086506131287023891e-06 1.019620412989752367e-05
2.750000000000000000e+04 1.932298255269415677e-05 6.599374955840175971e-06 1.610792139672412304e-07 3.734652409548289143e-07 7.393016130663454533e-05 4.486711304707569070e-07 1.323605192737886682e-05 9.342782192334198044e-08 6.097861273701710161e-07 5.986721589579246938e-06
2.800000000000000000e+04 1.597014852450229228e-05 1.036153935274342075e-05 3.363778375842230162e-07 4.846226602239767089e-07 8.321370114572346210e-05 4.170511829215683974e-07 1.962197711691260338e-05 3.596508406644716160e-07 1.147584569594073400e-07 1.982900903385598212e-05
2.850000000000000000e+04 2.371773371123708785e-05 2.064084401354193687e-05 2.008913725148886442e-06 3.642269916781515349e-07 2.885671274270862341e-04 5.306831099005648866e-07 4.155349597567692399e-05 1.346957901660061907e-06 1.103062885476902011e-07 1.138321749749593437e-04
2.900000000000000000e+04 2.300745836691930890e-05 1.193839125335216522e-05 2.881460261505708331e-07 2.495772832844522782e-07 1.765002525644376874e-04 4.101350157270644559e-07 1.878845614555757493e-05 7.410564961674026563e-08 1.541189789122654474e-07 5.593987680185819045e-06
2.950000000000000000e+04 1.385611994919599965e-05 2.423784644633997232e-05 1.945520295976166381e-07 8.127630053422763012e-07 6.442943413276225328e-05 3.427721821935847402e-07 2.707782914512790740e-05 7.171496463342919014e-08 3.448943175499152858e-07 5.498842256201896816e-06
3.000000000000000000e+04 1.329240421910071746e-05 8.035248356463853270e-06 9.551493462822691072e-08 1.489557632794458186e-07 5.882570258108898997e-05 2.520031046060466906e-07 1.934153078764211386e-05 8.723641542474069865e-08 6.009625508340832312e-07 3.288218977104406804e-06
3.050000000000000000e+04 1.725523179629817605e-05 2.601299092930275947e-05 8.709069447832007427e-07 7.882152885940740816e-07 1.595413195900619030e-04 1.527569679637963418e-07 4.469741543289273977e-05 6.223602895261137746e-07 5.240784730631276034e-07 5.804509783047251403e-05
3.100000000000000000e+04 1.903600059449672699e-05 8.276228982140310109e-06 1.483999625406795531e-07 7.421989778322313214e-08 9.930296801030635834e-05 7.376591071306393133e-08 3.525114516378380358e-05 3.807568589309084928e-07 6.244592754001132562e-08 3.986297542724059895e-06
3.150000000000000000e+04 1.041899759002262726e-05 5.823910669278120622e-06 2.861707457668671850e-07 1.213499842833698494e-07 7.593297050334513187e-05 8.258945172201492824e-08 1.222175615112064406e-05 1.145403416558110621e-06 5.044841600465588272e-06 3.909284714609384537e-06
3.200000000000000000e+04 9.333104571851436049e-06 6.528486665047239512e-06 3.262662175984587520e-07 7.316004513313600910e-08 7.194966747192665935e-05 8.651128524661544361e-08 1.089910892915213481e-05 1.430787392564525362e-06 4.055641511513385922e-06 4.230595095577882603e-06
3.250000000000000000e+04 1.424812580808065832e-05 6.168040727061452344e-06 2.061649979623325635e-07 1.361883334993763128e-07 5.498954124050214887e-05 1.297810854339331854e-07 1.249698289029765874e-05 1.043366182784666307e-06 3.651403517324069981e-07 2.724947989918291569e-06
3.300000000000000000e+04 1.180900744657265022e-05 5.561469151871278882e-06 2.078159297980164411e-07 1.160224556429056975e-07 5.638528455165214837e-05 1.309488055767360493e-07 1.429981239198241383e-05 1.151512265096243937e-06 2.942493324553652201e-07 3.861101959046209231e-06
3.350000000000000000e+04 1.204463023896096274e-05 6.660676717729074880e-06 5.127819804329192266e-07 1.773446882680218550e-07 7.462457142537459731e-05 2.115765909138644929e-07 1.036204957927111536e-05 2.490286874490266200e-07 7.610289287640625844e-08 2.985618039019755088e-06
3.400000000000000000e+04 1.161261388915590942e-05 6.566629508597543463e-06 3.699003059409733396e-07 1.194732703879708424e-07 7.215288496809080243e-05 2.559443146310513839e-07 1.041038194671273232e-05 1.528873241340988898e-07 6.341221592265355866e-08 2.745500069067929871e-06
3.450000000000000000e+04 1.653404069656971842e-05 8.221847565437201411e-06 2.204552629336831160e-07 1.033912795378455485e-07 5.959864211035892367e-05 2.036336610444777762e-07 1.450332820240873843e-05 1.747682034647368710e-07 2.068288296186437947e-07 3.940476290154037997e-06
3.500000000000000000e+04 1.463521311961812899e-05 7.284683306352235377e-06 2.414432742625649553e-07 1.160391391863413446e-07 5.724250513594597578e-05 1.781640719400456874e-07 1.345384043816011399e-05 1.989747744346459513e-07 1.053277358664672647e-07 3.923085841961437836e-06
3.550000000000000000e+04 1.662570684857200831e-05 1.114369388233171776e-05 2.447609688260854455e-07 2.262499663174821762e-07 6.551516707986593246e-05 1.426184894626203459e-07 1.049467209668364376e-05 5.444949806587828789e-07 2.429394498904002830e-07 6.601307632081443444e-06
3.600000000000000000e+04 1.478143349231686443e-05 1.183299264084780589e-05 2.280609692206780892e-07 2.257726805510174017e-07 6.139399192761629820e-05 1.746194158158687060e-07 8.515464287484064698e-06 7.931382697279332206e-07 1.862954945863748435e-07 8.320748747792094946e-06
3.650000000000000000e+04 1.653035724302753806e-05 1.062073260982288048e-05 2.420603095742990263e-07 2.162069705491376226e-07 7.486120739486068487e-05 4.043799890496302396e-07 7.259694029926322401e-06 3.990568302469910122e-07 4.862809177552662732e-08 1.232251452165655792e-05
3.700000000000000000e+04 1.555445123813115060e-05 1.014334338833577931e-05 2.681845501228963258e-07 1.461221472709439695e-07 6.326048605842515826e-05 4.565881397411430953e-07 7.481674856535391882e-06 3.571537661173351808e-07 5.516233514413215744e-08 1.662138311075977981e-05
3.750000000000000000e+04 1.522410730103729293e-05 1.731072916300036013e-05 1.477871194310864666e-07 2.183613787565263920e-07 1.095115876523777843e-04 3.683130955778324278e-07 3.288614971097558737e-05 4.320673667734808987e-07 2.241015266690737917e-07 1.690288263489492238e-05
3.800000000000000000e+04 1.495182823418872431e-05 1.746773923514410853e-04 5.788518251392815728e-07 4.196789120669563999e-07 2.546257164794951677e-04 4.569145630739512853e-07 2.084433217532932758e-04 1.267512743652332574e-06 1.586387270435807295e-07 1.738680002745240927e-04
3.850000000000000000e+04 1.522678485343931243e-05 5.572169811784988269e-06 1.130051643372098624e-07 1.368813684621272841e-07 6.222018419066444039e-05 1.667848721353948349e-07 8.355932550330180675e-06 1.281095478589122649e-07 6.026425580785144120e-08 2.883216666305088438e-06
3.900000000000000000e+04 1.455033270758576691e-05 1.085841140593402088e-04 4.066438634708902100e-07 3.601851403800537810e-07 1.328604557784274220e-04 2.801771188387647271e-07 1.635765365790575743e-04 1.598292556082014926e-07 4.614684030457283370e-07 6.825596938142552972e-05
3.950000000000000000e+04 1.509926005383022130e-05 7.608211035403655842e-06 1.135092801973769383e-07 1.457168679053211235e-07 4.497140253079123795e-05 1.681538321918196743e-07 1.345331384072778746e-05 1.120750354743904609e-07 1.715253290512919193e-07 3.523332225086051039e-06
4.000000000000000000e+04 1.233964576385915279e-05 3.094136263825930655e-05 5.635922093460976612e-07 3.186414403444359777e-07 5.246288492344319820e-05 2.202505129389464855e-07 2.389915607636794448e-05 2.995924717197340215e-07 8.121026695562250097e-08 1.449444516765652224e-05
4.050000000000000000e+04 1.820943543862085789e-05 2.788337951642461121e-05 1.892565393291079090e-07 1.002351126544454019e-07 1.290826621698215604e-04 2.440153821225976571e-07 8.800632713246159256e-06 2.076570382314457675e-07 4.656979513129044790e-08 7.722968803136609495e-06
4.100000000000000000e+04 1.616780537005979568e-05 1.106548734242096543e-05 6.083518400146203930e-08 9.582000615182550973e-08 1.261961442651227117e-04 2.681679802662984002e-07 6.019378361088456586e-06 1.265802751504452317e-07 5.893870635986786510e-08 6.694860985589912161e-06
4.150000000000000000e+04 7.016768449830124155e-06 1.695247337920591235e-04 2.325447781004186254e-07 1.325105927207914647e-07 2.112038491759449244e-04 1.120101842388976365e-07 1.718415878713130951e-04 1.243252967242369778e-07 2.005887580480703036e-07 1.196928642457351089e-04
4.200000000000000000e+04 5.993436388962436467e-06 6.677775672869756818e-05 1.456303806435244041e-07 5.424002580411979579e-08 1.317057758569717407e-04 8.046992405752462219e-08 5.996759864501655102e-05 7.773791566023646737e-08 1.011014987284397648e-07 4.409354005474597216e-05
4.250000000000000000e+04 1.063023864844581112e-05 8.097915269900113344e-06 1.141113230573864712e-07 1.702116136925724277e-08 5.741865243180654943e-05 1.612969526831875555e-07 8.322790563397575170e-06 6.800232910109116347e-08 8.298955123109408305e-08 3.270420620538061485e-06
4.300000000000000000e+04 9.527478141535539180e-06 7.334022939176065847e-06 1.652402090712712379e-07 1.765390322816529078e-08 5.403911200119182467e-05 8.380126814699906390e-08 1.004971363727236167e-05 4.830025801538795349e-08 2.113028756411949871e-07 3.074021606153110042e-06
4.350000000000000000e+04 8.447766049357596785e-06 9.137202141573652625e-06 9.864427141792475595e-08 1.176710782146983547e-07 8.454053022433072329e-05 6.768439675397530664e-08 5.284361122903646901e-06 9.640864817583860713e-08 1.035446430819320085e-07 1.669131847847893368e-06
4.400000000000000000e+04 7.826965884305536747e-06 9.111319741350598633e-06 1.135162648324694601e-07 6.735618285347300116e-08 8.332815923495218158e-05 7.647515332109833253e-08 5.534220235858811066e-06 1.124480561998097983e-07 4.470436465453531127e-08 1.802343604140332900e-06
4.450000000000000000e+04 1.491196962888352573e-05 1.598820199433248490e-05 1.356802812324531260e-07 5.218661840444838163e-07 4.370784881757572293e-05 2.334803497205939493e-07 1.485588381910929456e-05 1.401340483653257252e-07 7.789246581069164677e-08 9.419165508006699383e-06
4.500000000000000000e+04 1.215871634485665709e-05 7.840745638532098383e-06 4.644512330287398072e-08 1.171278967149191885e-07 3.391558857401832938e-05 9.008962109646745375e-08 7.294389888556906953e-06 7.266328339028405026e-08 4.387165120078861946e-08 3.142989726256928407e-06
4.550000000000000000e+04 1.045281169353984296e-05 8.853521649143658578e-06 6.347381287241660175e-08 7.460845097284618532e-08 7.747194467810913920e-05 1.388099661880914937e-07 7.876902600401081145e-06 1.406692859973190934e-07 1.978005911951186135e-06 3.332715550641296431e-06
4.600000000000000000e+04 9.371075066155754030e-06 1.449928822694346309e-05 1.309581847408480826e-07 7.359534492934471928e-08 7.810952956788241863e-05 1.539918059734191047e-07 1.775712735252454877e-05 1.061762446852299036e-07 2.454166178722516634e-06 8.811742191028315574e-06
4.650000000000000000e+04 1.213658924825722352e-05 3.366345481481403112e-05 3.876802736613171874e-07 1.131209899085661164e-07 4.095410258742049336e-05 1.603813473138870904e-07 4.307338167564012110e-05 2.657137088135641534e-07 2.697946968055475736e-07 1.618655915081035346e-05
4.700000000000000000e+04 9.258960744773503393e-06 1.440774030925240368e-05 7.272241475675400579e-08 6.032659882748703239e-08 2.639262311276979744e-05 1.350277329947857652e-07 1.929462268890347332e-05 4.532040165372563933e-08 3.442668230491108261e-07 4.680915481003466994e-06
4.750000000000000000e+04 6.366887191688874736e-06 3.468577233434189111e-06 7.686753633606713265e-08 6.318832390661555110e-08 4.214579348627012223e-06 1.253021082447958179e-07 7.497872047679265961e-06 5.989563334196645883e-08 8.997108125186059624e-07 2.545395091146929190e-06
4.800000000000000000e+04 5.608721039607189596e-06 3.963502877013524994e-06 1.079538520798450918e-07 3.938455961360887159e-08 5.909094852540874854e-06 1.118175774195151462e-07 7.249763712025014684e-06 1.669088618427849724e-07 3.919629762094700709e-06 4.475466084841173142e-06
4.850000000000000000e+04 4.284775968699250370e-06 6.988588665990391746e-06 6.635303861912689172e-08 5.288594095986809407e-08 1.075659565685782582e-05 1.532236098000794300e-07 1.849928230512887239e-05 7.732545270755508682e-08 4.964261961504234932e-07 7.414306764985667542e-06
4.900000000000000000e+04 4.298019575799116865e-06 3.324432100271224044e-06 2.906491403109612293e-08 1.044479418510491087e-07 5.002417310606688261e-06 3.663088534722191980e-07 7.655537046957761049e-06 3.556243655111757107e-08 1.990001123886031564e-07 8.927317480811325368e-07
4.950000000000000000e+04 1.054690801538527012e-05 4.967224413121584803e-06 1.007051153578686353e-07 6.096598781368811615e-08 2.006963586609344929e-05 1.366598496588267153e-07 5.367421636037761346e-06 3.074896781640745758e-08 2.182997178579171305e-07 1.174641329271253198e-05
5.000000000000000000e+04 8.908756171877030283e-06 4.308146799303358421e-06 1.128430255903367652e-07 4.049636714853477315e-08 1.692467412794940174e-05 8.706314247319824062e-08 4.401724254421424121e-06 2.760916650856870547e-08 3.290975598702061689e-07 1.752293974277563393e-05
5.050000000000000000e+04 1.449639421480242163e-05 9.499103725829627365e-06 3.530562509013179806e-08 1.747255282680271193e-07 9.185200178762897849e-05 1.141617786970527959e-07 1.188034184451680630e-05 6.223867643484481960e-08 1.517933924333192408e-06 4.238936526235193014e-06
5.100000000000000000e+04 1.381952642987016588e-05 1.001633245323318988e-05 9.933303601883380907e-08 3.613291710280464031e-08 8.796018664725124836e-05 8.846512855598120950e-08 1.098367283702827990e-05 1.540256704402054311e-07 3.016949676748481579e-06 5.339963081496534869e-06
5.150000000000000000e+04 7.948548045533243567e-06 2.509338446543551981e-05 3.621676469833801093e-08 5.659294899373890075e-08 3.735330756171606481e-05 5.468668717867330997e-08 3.506962821120396256e-05 4.160300992595011849e-09 5.023485982746933587e-07 2.659717392816673964e-05
5.200000000000000000e+04 6.139651304692961276e-06 4.652734332921681926e-06 3.400980119749874575e-08 2.223265838097177038e-08 1.725450238154735416e-05 5.426466742619595607e-08 1.330364921159343794e-05 6.031834587361117883e-09 2.052388197171239881e-07 8.041779437917284667e-06
5.250000000000000000e+04 8.026509021874517202e-06 3.702580443132319488e-06 1.125438302551629022e-07 1.006900518518705212e-07 1.283831261389423162e-05 4.921877305719135620e-08 1.556758797960355878e-05 4.590794233649830858e-08 5.632387356513390841e-08 3.755597617782768793e-06
5.300000000000000000e+04 6.799626135034486651e-06 3.553858050509006716e-06 5.574692352183774346e-08 7.811765811993609532e-08 1.101309680962003767e-05 4.280623500108049484e-08 1.060800968843977898e-05 1.466164700758554318e-08 2.633047380129482917e-08 4.118504875805228949e-06
5.350000000000000000e+04 4.464989160624099895e-06 2.535763451305683702e-05 9.455337135477748234e-08 1.856303413205750985e-07 4.775379420607350767e-05 5.552195148084138054e-08 1.571659049659501761e-05 4.978409506861680711e-08 1.193436549584703243e-08 2.380655314482282847e-05
5.400000000000000000e+04 3.655259661172749475e-06 7.736142833891790360e-06 5.365818722680160135e-08 1.620456515638579731e-07 2.889972893171943724e-05 4.477782766798554803e-08 3.306948201498016715e-06 8.586608757354952104e-09 1.139007999029217899e-08 7.721692782070022076e-06
5.450000000000000000e+04 1.084692030417500064e-05 5.192446224100422114e-06 3.855230801264042384e-08 3.907781476186755754e-08 3.181773718097247183e-05 5.862060703520910465e-08 4.024788267997791991e-06 1.869692312084225705e-08 3.772228467369131977e-07 2.691797635634429753e-05
5.500000000000000000e+04 8.150957910402212292e-06 5.264306309982202947e-06 1.309962627260574664e-08 4.946553744389348140e-08 2.519095141906291246e-05 3.983444685218273662e-08 2.814237859638524242e-06 1.486981915377327823e-08 5.815777512907516211e-07 4.342340980656445026e-05
5.550000000000000000e+04 8.287755008495878428e-06 6.029993983247550204e-06 7.601638429832746624e-08 1.470044850293561467e-07 2.102672806358896196e-05 3.762731637380056782e-08 4.468995030038058758e-06 1.101713653639535551e-08 2.215381833536866907e-08 3.688348215291625820e-06
5.600000000000000000e+04 8.344371963175944984e-06 1.301074953516945243e-04 3.934589187792880693e-07 1.194360521594717284e-07 1.243479346157982945e-04 1.327445602328225505e-07 1.285742910113185644e-04 2.008034272193981451e-07 3.480494825680580107e-08 1.032669606502167881e-04
5.650000000000000000e+04 5.134723323862999678e-06 2.308630882907891646e-06 3.450377761282652500e-08 8.733177736530706170e-09 4.386722139315679669e-06 4.181300639061191760e-08 2.247264774268842302e-06 5.041522399551467970e-08 4.453784452351783330e-09 1.718955559226742480e-06
5.700000000000000000e+04 3.868465682899113744e-06 1.825069261940370779e-06 1.472908728317179339e-08 1.245195946353305771e-08 4.443205398274585605e-06 3.131390258204191923e-08 1.699613449090975337e-06 2.406153143397204985e-08 1.212196831801293229e-08 1.338461288469261490e-06
5.750000000000000000e+04 4.496013843890978023e-06 4.624631856131600216e-06 8.678364338265964761e-08 2.497007400847905956e-08 1.924667594721540809e-05 3.345559207446058281e-08 1.016913756757276133e-05 4.472164860658267571e-08 1.943970850959431118e-08 7.740196110717079137e-07
5.800000000000000000e+04 3.908719918399583548e-06 4.828225428354926407e-06 6.028689369941275800e-08 2.919481012497726624e-08 1.783152583811897784e-05 2.409628763189175515e-08 9.521389984001871198e-06 2.420096123501025431e-08 1.161046903064288927e-08 9.511753660262911581e-07
5.850000000000000000e+04 3.738752866411232390e-06 7.699768502789083868e-06 1.849564945644033287e-08 2.933170506480564654e-08 4.129791705054230988e-05 4.408244436149288958e-08 1.087512555386638269e-05 1.945601191266632668e-08 3.421934380298807810e-08 3.503553443806595169e-06
5.900000000000000000e+04 4.087278284714557230e-06 4.008789619547314942e-05 3.507422974280416383e-08 3.325034114709524147e-08 4.731618173536844552e-05 5.710630190947085794e-08 4.999059819965623319e-05 6.678070008092618082e-08 2.745898441958161129e-08 1.204801174026215449e-05
5.950000000000000000e+04 3.419547965677338652e-06 5.381418304750695825e-06 1.982736641537030664e-08 2.240012086929255020e-08 4.152783367317169905e-05 3.121245839565744973e-08 4.626594090950675309e-06 1.711929442649307020e-08 4.189969260437464982e-09 1.227572170137136709e-06
6.000000000000000000e+04 3.694634187922929414e-06 1.201429950015153736e-05 1.872939634495196515e-07 8.868634182590540149e-08 5.596722621703520417e-05 9.416523027994117001e-08 1.630974475119728595e-05 3.804760524417361012e-07 3.241058976755084586e-09 1.545644408906809986e-05
6.050000000000000000e+04 8.983474799606483430e-06 1.761878047545906156e-05 1.300047181018726405e-08 5.429729199590838107e-08 6.583396316273137927e-05 6.186011347608655342e-08 1.352583058178424835e-05 2.168009238801005267e-08 2.413257149669334467e-08 8.529934348189271986e-06
6.100000000000000000e+04 8.198138857551384717e-06 1.246226838702568784e-05 5.416740123109775595e-08 4.271112175047164783e-08 5.189176226849667728e-05 4.311706902626610827e-08 1.191006413137074560e-05 1.176084918341757657e-08 2.978538482523163111e-08 8.516528396285139024e-06
6.150000000000000000e+04 6.327532901195809245e-06 1.071086262527387589e-05 7.704012006115590339e-08 6.240358629838738125e-07 2.517354369047097862e-05 7.197408535830618348e-08 3.133262725896202028e-05 2.223909589815775689e-08 8.746565072215162218e-08 4.542366696114186198e-06
6.200000000000000000e+04 5.526988388737663627e-06 3.771124056584085338e-06 3.144100801932836475e-08 2.118651138971472392e-07 1.944844007084611803e-05 4.994805635760712903e-08 1.550827619212213904e-05 7.966336923459493846e-09 1.307785453263932141e-07 2.055837057923781686e-06
6.250000000000000000e+04 8.958179023466072977e-06 2.778266434688703157e-06 9.075870366359595209e-08 1.056860412518290104e-07 2.383924220339395106e-05 6.258568419070797972e-08 7.180895408964715898e-06 2.624918238325335551e-08 8.712117249842776801e-08 1.916238943522330374e-06
6.300000000000000000e+04 5.819440957566257566e-06 3.191589485140866600e-06 1.017971271721762605e-07 1.393773203517412185e-07 1.883231198007706553e-05 7.108976518566123559e-08 1.029126178764272481e-05 5.048929097029031254e-08 7.916000299701408949e-09 2.711784418352181092e-06
6.350000000000000000e+04 5.172443707124330103e-06 2.073404857583227567e-06 1.690343331972599117e-08 3.075930976592644583e-07 4.561563855531858280e-06 5.610643682985028136e-08 3.948004632547963411e-06 1.237029501055531000e-08 7.907735799506099283e-09 9.417864816896326374e-07
6.400000000000000000e+04 6.464194939326262102e-06 4.634205470210872591e-05 4.895034777518958435e-08 2.608142324334039586e-07 5.006623177905566990e-05 2.378917685064152465e-07 4.544693729258142412e-05 5.945471670543156506e-08 2.748936012153535557e-08 4.733953755930997431e-05
6.450000000000000000e+04 5.206979039940051734e-06 4.906826234218897298e-06 1.268674338916753186e-07 3.017322569576208480e-08 3.990222103311680257e-05 4.149243437723271200e-08 8.654834346089046448e-06 4.968866562649054686e-08 1.339512056830471920e-08 5.268322183837881312e-06
6.500000000000000000e+04 4.215872650092933327e-06 2.569845491962041706e-06 2.458973824559507193e-08 1.657168446911327919e-08 2.914293509093113244e-05 1.926266257612496702e-08 1.406729188602184877e-05 6.025858922953375441e-09 7.402884083518301850e-09 1.141893790190806612e-06
6.550000000000000000e+04 6.681182640022598207e-06 4.070314389537088573e-06 5.227167587662506776e-09 5.145621262414579178e-09 5.968287223367951810e-05 2.247328190208008891e-08 2.621267958602402359e-05 8.335739321019275394e-10 2.378187069496107142e-08 1.347430725218146108e-06
6.600000000000000000e+04 5.457096904137870297e-06 4.613829787558643147e-06 1.130138915783618359e-08 2.641460383756566443e-09 5.338574555935338140e-05 2.008485289195505175e-08 2.270128425152506679e-05 3.573730755768167455e-10 1.953204531446317560e-08 2.151374474124168046e-06
6.650000000000000000e+04 3.180575504302396439e-06 8.956428246165160090e-06 2.810190480317942274e-08 1.632744606183678115e-08 1.262680143554462120e-05 1.492210230935597792e-07 1.515985331934643909e-05 3.186408026323306331e-09 8.433150355813268106e-08 2.238366278106695972e-06
6.700000000000000000e+04 2.648216195666464046e-06 3.508113650241284631e-06 1.305616681435139981e-08 4.562034749966414893e-09 1.167946629720972851e-05 1.502402113828793517e-08 1.095795778383035213e-05 2.650771824264097631e-10 1.896647461308020866e-08 1.599190227352664806e-06
