# step, loss_train, loss_test, metrics_test
0.000000000000000000e+00 5.229372978210449219e-01 2.533467411994934082e-01 9.810640662908554077e-02 1.200479418039321899e-01 9.828086197376251221e-02 5.252293348312377930e-01 6.247348189353942871e-01 7.931124418973922729e-02 1.355160772800445557e-01 9.692781418561935425e-02
5.000000000000000000e+02 6.720157107338309288e-04 5.803277343511581421e-02 3.259378354414366186e-05 4.507690755417570472e-05 4.206662531942129135e-03 6.748498417437076569e-04 6.575217843055725098e-02 6.185605161590501666e-05 4.576371065923012793e-05 4.894163925200700760e-03
1.000000000000000000e+03 9.230200084857642651e-04 5.776612833142280579e-02 3.670648948173038661e-05 6.991691770963370800e-05 3.633589483797550201e-03 8.814171305857598782e-04 6.535473465919494629e-02 5.744170994148589671e-05 6.857093831058591604e-05 4.327655769884586334e-03
1.500000000000000000e+03 4.168090817984193563e-04 6.855178624391555786e-02 9.673297608969733119e-05 7.993897452251985669e-05 4.381691105663776398e-03 3.782624844461679459e-04 6.498049199581146240e-02 2.490094921085983515e-04 7.035174803604604676e-06 4.904780536890029907e-03
2.000000000000000000e+03 2.481489791534841061e-04 6.753196567296981812e-02 1.049435813911259174e-04 6.023010064382106066e-05 3.296300536021590233e-03 2.129731437889859080e-04 6.501770764589309692e-02 2.639844024088233709e-04 1.019841784000163898e-05 3.785347333177924156e-03
2.500000000000000000e+03 1.443312357878312469e-04 8.033806830644607544e-02 9.360547119285911322e-05 1.047833575285039842e-04 3.039883216843008995e-03 1.129005831899121404e-04 6.458719819784164429e-02 1.750637748045846820e-04 2.903682070609647781e-05 3.417952451854944229e-03
3.000000000000000000e+03 1.434222504030913115e-04 7.983587682247161865e-02 1.882099022623151541e-04 1.928036363096907735e-04 2.560724969953298569e-03 1.000775446300394833e-04 6.414960324764251709e-02 2.570927899796515703e-04 6.606961687793955207e-05 2.941395854577422142e-03
3.500000000000000000e+03 1.789065427146852016e-03 6.128336116671562195e-02 1.283819437958300114e-04 2.040541294263675809e-04 7.800418534316122532e-04 8.178952266462147236e-04 6.943213194608688354e-02 1.128262592828832567e-04 5.316412425599992275e-04 1.428832416422665119e-03
4.000000000000000000e+03 1.631298568099737167e-03 6.035513430833816528e-02 3.178653132636100054e-04 3.086904471274465322e-04 6.606256938539445400e-04 4.596194776240736246e-04 7.122191041707992554e-02 7.963474490679800510e-05 9.663927485235035419e-04 1.302065909840166569e-03
4.500000000000000000e+03 7.578080112580209970e-05 5.207262933254241943e-02 1.194173964904621243e-04 1.916973415063694119e-04 1.044581178575754166e-03 5.121497815707698464e-05 6.744437664747238159e-02 5.141592919244430959e-05 1.061303119058720767e-04 1.545113977044820786e-03
5.000000000000000000e+03 7.023269427008926868e-05 5.094691365957260132e-02 1.363021438010036945e-04 3.149057738482952118e-04 9.758571977727115154e-04 3.400787318241782486e-05 6.638500094413757324e-02 2.231096186733338982e-05 1.092583333957009017e-04 1.448856783099472523e-03
5.500000000000000000e+03 3.492727119009941816e-04 9.407427161931991577e-03 3.739929888979531825e-05 7.500188803533092141e-05 7.387438789010047913e-03 3.349909966345876455e-04 9.968367405235767365e-03 4.080405051354318857e-05 6.248296267585828900e-05 7.191923912614583969e-03
6.000000000000000000e+03 4.650680057238787413e-04 1.891002524644136429e-03 6.236040644580498338e-05 3.198605190846137702e-05 5.079471040517091751e-03 4.160622484050691128e-04 9.769601747393608093e-04 8.261910988949239254e-05 4.737295603263191879e-05 4.727413412183523178e-03
6.500000000000000000e+03 3.739235107786953449e-04 7.689769845455884933e-04 8.551702921977266669e-05 5.476142177940346301e-05 4.057802259922027588e-03 3.160992346238344908e-04 1.677169639151543379e-04 1.112182799261063337e-04 5.197695281822234392e-05 3.544788807630538940e-03
7.000000000000000000e+03 2.825342817232012749e-04 6.042885943315923214e-04 1.015403977362439036e-04 9.322922414867207408e-05 3.576180199161171913e-03 2.265938092023134232e-04 1.254157250514253974e-04 6.142332131275907159e-05 6.437015690607950091e-05 3.057671710848808289e-03
7.500000000000000000e+03 2.339369239052757621e-04 4.632497148122638464e-04 1.207096574944444001e-04 1.160122410510666668e-04 3.163527464494109154e-03 1.662589347688481212e-04 1.264804450329393148e-04 4.146202263655140996e-05 4.167797669651918113e-05 2.883673412725329399e-03
8.000000000000000000e+03 1.921549846883863211e-04 4.044189117848873138e-04 8.198653085855767131e-05 8.417596836807206273e-05 2.924196654930710793e-03 1.297461276408284903e-04 1.134448466473259032e-04 3.408877819310873747e-05 3.017630842805374414e-05 2.646120265126228333e-03
8.500000000000000000e+03 1.445750531274825335e-04 3.328202292323112488e-04 1.097575841413345188e-05 5.415109990281052887e-05 2.641500206664204597e-03 9.513252007309347391e-05 8.849790174281224608e-05 2.739682531682774425e-05 1.884988159872591496e-05 2.452735556289553642e-03
9.000000000000000000e+03 1.230509806191548705e-04 2.941218845080584288e-04 1.151194646809017286e-05 3.144799484289251268e-05 2.433008747175335884e-03 7.658910180907696486e-05 9.322517871623858809e-05 3.528032902977429330e-05 2.122353362210560590e-05 2.226283308118581772e-03
9.500000000000000000e+03 1.479610800743103027e-04 3.352572093717753887e-04 1.335510296485153958e-05 3.402764195925556123e-05 2.215126529335975647e-03 9.101797331823036075e-05 1.013312576105818152e-04 7.108537829481065273e-05 4.223503492539748549e-05 1.878675771877169609e-03
1.000000000000000000e+04 1.344732008874416351e-04 3.065021592192351818e-04 1.956628148036543280e-05 4.102436287212185562e-05 2.078500343486666679e-03 7.975543121574446559e-05 8.866488497005775571e-05 9.196217433782294393e-05 5.455174687085673213e-05 1.749248709529638290e-03
1.050000000000000000e+04 1.089890211005695164e-04 3.098760207649320364e-04 6.536417640745639801e-05 6.116768054198473692e-05 2.386476844549179077e-03 5.783957021776586771e-05 8.778930350672453642e-05 6.537215813295915723e-05 5.306045568431727588e-05 1.704664551652967930e-03
1.100000000000000000e+04 1.018070106511004269e-04 2.959737612400203943e-04 4.696756514022126794e-05 3.605084566515870392e-05 2.254002261906862259e-03 5.209531809668987989e-05 7.893421570770442486e-05 4.783495751325972378e-05 3.241213562432676554e-05 1.584980520419776440e-03
1.150000000000000000e+04 7.608682062709704041e-05 2.201376628363505006e-04 1.707553747110068798e-05 1.571016582602169365e-05 1.682077068835496902e-03 4.269913551979698241e-05 5.818584031658247113e-05 2.365810178162064403e-05 1.650002559472341090e-05 1.481236307881772518e-03
1.200000000000000000e+04 6.816889072069898248e-05 1.989256852539256215e-04 1.246645842911675572e-05 1.298042207054095343e-05 1.571677625179290771e-03 3.699475564644671977e-05 6.145419320091605186e-05 2.309672709088772535e-05 1.784994674380868673e-05 1.374223269522190094e-03
1.250000000000000000e+04 6.555286381626501679e-05 1.742001331876963377e-04 2.859231790353078395e-05 2.657429649843834341e-05 1.565384445711970329e-03 3.026498779945541173e-05 6.545829091919586062e-05 3.225575346732512116e-05 2.827403295668773353e-05 1.325616845861077309e-03
1.300000000000000000e+04 5.940709888818673790e-05 1.653541548876091838e-04 2.315285018994472921e-05 1.962846363312564790e-05 1.491729170083999634e-03 2.589297946542501450e-05 6.476752605522051454e-05 2.608065733511466533e-05 2.224007221229840070e-05 1.245480845682322979e-03
1.350000000000000000e+04 3.914199260179884732e-05 1.633704669075086713e-04 2.284245783812366426e-05 1.486715518694836646e-05 1.376543776132166386e-03 1.873131986940279603e-05 7.030290726106613874e-05 5.597448762273415923e-05 2.117659641953650862e-05 1.180033781565725803e-03
1.400000000000000000e+04 3.386845128261484206e-05 1.528328284621238708e-04 2.562115696491673589e-05 1.506155422248411924e-05 1.285996986553072929e-03 1.601484655111562461e-05 6.888449570396915078e-05 5.828815483255311847e-05 2.307686372660100460e-05 1.097619067877531052e-03
1.450000000000000000e+04 4.826059739571064711e-05 1.703097077552229166e-04 4.160751632298342884e-05 3.476527490420266986e-05 1.583902747370302677e-03 1.933994826686102897e-05 4.603807974490337074e-05 1.295811525778844953e-04 4.048415939905680716e-05 9.932179236784577370e-04
1.500000000000000000e+04 4.610024552675895393e-05 1.609391329111531377e-04 3.706327333929948509e-05 3.500912862364202738e-05 1.517400145530700684e-03 1.834940485423430800e-05 4.345500201452523470e-05 1.231310743605718017e-04 4.360204184195026755e-05 9.317560470663011074e-04
1.550000000000000000e+04 4.371243630885146558e-05 1.441595231881365180e-04 9.410947677679359913e-05 3.559935430530458689e-05 1.288779312744736671e-03 1.778428668330889195e-05 3.284544072812423110e-05 5.172033343114890158e-05 2.421528915874660015e-05 8.988970657810568810e-04
1.600000000000000000e+04 4.212484418530948460e-05 1.326582714682444930e-04 7.614360947627574205e-05 3.446829214226454496e-05 1.240789657458662987e-03 1.777498437149915844e-05 3.372202991158701479e-05 5.547427645069546998e-05 2.483648313500452787e-05 8.519017719663679600e-04
1.650000000000000000e+04 3.959680179832503200e-05 1.187020243378356099e-04 5.478005186887457967e-05 3.341815681778825819e-05 1.353709609247744083e-03 1.475474346079863608e-05 4.135566996410489082e-05 4.354857446742244065e-05 2.125643186445813626e-05 8.178653661161661148e-04
1.700000000000000000e+04 3.686570926220156252e-05 1.081119553418830037e-04 4.691989306593313813e-05 3.003680467372760177e-05 1.284398720599710941e-03 1.357575365545926616e-05 4.194022039882838726e-05 3.918705260730348527e-05 1.771016468410380185e-05 7.507925038225948811e-04
1.750000000000000000e+04 2.868611591111402959e-05 9.559548198012635112e-05 2.089739064103923738e-05 1.517094824521336704e-05 1.038004411384463310e-03 1.180497656605439261e-05 4.058324702782556415e-05 3.480870145722292364e-05 2.455163848935626447e-05 6.684948457404971123e-04
1.800000000000000000e+04 2.592527562228497118e-05 8.715024887351319194e-05 1.917789086292032152e-05 1.514731138740899041e-05 9.717558859847486019e-04 1.039823928294936195e-05 3.699814260471612215e-05 3.080836540902964771e-05 2.532143298594746739e-05 6.054186378605663776e-04
1.850000000000000000e+04 2.767893965938128531e-05 8.657066064188256860e-05 5.550498462980613112e-05 2.371879963902756572e-05 1.152529730461537838e-03 1.094319395633647218e-05 3.008628664247225970e-05 1.218418328789994121e-04 2.283543472003657371e-05 5.644782213494181633e-04
1.900000000000000000e+04 2.642630352056585252e-05 9.215029422193765640e-05 4.831842306884936988e-05 1.896885078167542815e-05 1.087719923816621304e-03 1.069916106644086540e-05 3.615949390223249793e-05 7.866974920034408569e-05 1.992797115235589445e-05 5.116494721733033657e-04
1.950000000000000000e+04 2.463931559759657830e-05 5.414786573965102434e-05 1.732150485622696579e-05 1.534792318125255406e-05 7.312996312975883484e-04 9.308399057772476226e-06 3.432510129641741514e-05 1.040415918396320194e-05 1.853751928138080984e-05 4.498750204220414162e-04
2.000000000000000000e+04 2.209507874795235693e-05 4.853179780184291303e-05 1.112490372179308906e-05 1.277979663427686319e-05 6.753719644621014595e-04 8.321516361320391297e-06 3.307864608359523118e-05 7.532979907409753650e-06 1.690182034508325160e-05 4.020249180030077696e-04
2.050000000000000000e+04 1.892546060844324529e-05 6.344715802697464824e-05 3.982102953159483150e-06 3.350611450514406897e-06 8.141446742229163647e-04 7.466945589840179309e-06 2.376721749897114933e-05 7.863218343118205667e-06 8.285117473860736936e-06 3.474882687442004681e-04
2.100000000000000000e+04 1.727856943034566939e-05 5.338207847671583295e-05 5.153595338924787939e-06 6.515635050163837150e-06 7.634634966962039471e-04 6.571643552888417616e-06 2.741385469562374055e-05 4.840627298108302057e-06 1.150406933447811753e-05 3.087982186116278172e-04
2.150000000000000000e+04 1.494471325713675469e-05 4.917499973089434206e-05 4.109519522899063304e-06 4.049101335112936795e-06 6.796504603698849678e-04 5.605440946965245530e-06 1.744431210681796074e-05 7.658690265088807791e-06 2.914460083047742955e-06 2.745325036812573671e-04
2.200000000000000000e+04 1.423335925210267305e-05 4.414043360156938434e-05 2.651693648658692837e-06 4.491582330956589431e-06 6.474574911408126354e-04 5.121932190377265215e-06 1.560654891363810748e-05 5.074050022813025862e-06 2.307853037564200349e-06 2.460301038809120655e-04
2.250000000000000000e+04 1.500321741332300007e-05 2.545318420743569732e-05 3.267028205300448462e-06 1.834363865782506764e-05 4.931337316520512104e-04 6.233785370568512008e-06 1.196979519590968266e-05 2.064792170131113380e-06 2.242687332909554243e-05 2.262849884573370218e-04
2.300000000000000000e+04 1.454305674997158349e-05 2.732621032919269055e-05 3.028877927135908976e-06 1.229670669999904931e-05 4.650288319680839777e-04 5.797875473945168778e-06 1.158945815404877067e-05 1.701450401014881209e-06 2.674240204214584082e-05 2.052890340564772487e-04
2.350000000000000000e+04 1.570384847582317889e-05 4.005592563771642745e-05 6.386196673702215776e-06 1.724549292703159153e-05 5.442534456960856915e-04 4.961646482115611434e-06 1.312106724071782082e-05 3.375801725269411691e-06 6.679464422632008791e-05 1.850508851930499077e-04
2.400000000000000000e+04 1.522590901004150510e-05 5.032183980802074075e-05 2.199142272729659453e-06 1.732257987896446139e-05 5.508912727236747742e-04 4.345283286966150627e-06 3.201248546247370541e-05 8.545280252292286605e-06 7.792660471750423312e-05 1.915166649268940091e-04
2.450000000000000000e+04 1.438649178453488275e-05 3.235815529478713870e-05 7.269026355061214417e-06 2.412659341644030064e-05 4.625775036402046680e-04 4.049657036375720054e-06 1.320553656114498153e-05 2.190853228967171162e-05 2.638454498082865030e-05 1.492193550802767277e-04
2.500000000000000000e+04 1.408228672516997904e-05 2.946572203654795885e-05 5.097423127153888345e-06 2.082315040752291679e-05 4.364727064967155457e-04 3.844118509732652456e-06 1.503029579907888547e-05 1.326697474723914638e-05 3.017888411704916507e-05 1.352026592940092087e-04
2.550000000000000000e+04 1.377298940496984869e-05 2.217619839939288795e-05 4.089169124199543148e-06 1.501099450251786038e-05 3.751439799088984728e-04 3.413451167944003828e-06 9.651470463722944260e-06 2.368672085140133277e-06 9.995291293307673186e-06 1.241917925653979182e-04
2.600000000000000000e+04 1.376547243125969544e-05 2.131008477590512484e-05 2.941973662018426694e-06 1.171678013633936644e-05 3.615158202592283487e-04 3.090392056037671864e-06 9.020149263960774988e-06 1.901341192933614366e-06 6.921901331224944443e-06 1.140344393206760287e-04
2.650000000000000000e+04 1.427732877345988527e-05 3.192250369465909898e-05 1.073972498488728888e-06 7.057134553178912029e-06 4.941250081174075603e-04 3.196535999450134113e-06 1.488378256908617914e-05 3.075547283515334129e-06 1.441240237909369171e-05 1.031040665111504495e-04
2.700000000000000000e+04 1.477559089835267514e-05 3.260519588366150856e-05 4.357033049018355086e-06 6.442485755542293191e-06 4.699970304500311613e-04 3.299628133390797302e-06 1.340247217740397900e-05 3.709476459334837273e-06 1.485672146372962743e-05 9.342304110759869218e-05
2.750000000000000000e+04 1.151412652689032257e-05 1.904541568364948034e-05 4.841558620682917535e-07 5.135698756930651143e-06 2.892157062888145447e-04 2.867674993467517197e-06 7.072212611092254519e-06 4.391947641124716029e-06 1.685203460510820150e-05 8.980455459095537663e-05
2.800000000000000000e+04 1.125469225371489301e-05 1.884443918243050575e-05 4.839516236643248703e-07 5.908595539949601516e-06 2.839788503479212523e-04 2.640707180034951307e-06 7.993427971086930484e-06 3.455467094681807794e-06 2.063233296212274581e-05 8.600072033004835248e-05
2.850000000000000000e+04 1.203983447339851409e-05 2.012402546824887395e-05 8.145209449139656499e-07 8.703274943400174379e-06 3.936742141377180815e-04 2.881302179957856424e-06 6.039397703716531396e-06 1.371279040540684946e-06 1.861009695858228952e-05 7.435015140799805522e-05
2.900000000000000000e+04 1.217958197230473161e-05 2.007419425353873521e-05 6.521934210468316451e-07 6.951951945666223764e-06 3.841744037345051765e-04 2.757201400527264923e-06 6.219413080543745309e-06 1.325039988842036109e-06 1.535951741971075535e-05 6.888584903208538890e-05
2.950000000000000000e+04 1.291163243877235800e-05 1.638729918340686709e-05 1.326864548900630325e-06 1.555799030938942451e-06 2.976430114358663559e-04 2.470193066983483732e-06 7.737738087598700076e-06 1.804581188480369747e-06 1.268436335521982983e-05 6.720506644342094660e-05
3.000000000000000000e+04 1.356263601337559521e-05 3.454752732068300247e-05 1.890859266495681368e-06 1.796898868633434176e-05 3.010943473782390356e-04 2.575686721684178337e-06 2.574853533587884158e-05 2.562794179539196193e-06 1.768757283571176231e-05 8.246178185800090432e-05
3.050000000000000000e+04 1.481572689954191446e-05 1.197863093693740666e-05 5.967693255115591455e-07 3.531505399223533459e-06 2.852869802154600620e-04 2.008151341215125285e-06 5.099089321447536349e-06 1.605993134035088588e-06 3.050357236134004779e-06 5.660550232278183103e-05
3.100000000000000000e+04 1.455309120501624420e-05 1.173071359517052770e-05 4.780428639605815988e-07 2.503976475054514594e-06 2.799196518026292324e-04 1.950886371560045518e-06 4.350300514488480985e-06 2.650479700605501421e-06 3.690176072268513963e-06 5.295874143484979868e-05
3.150000000000000000e+04 1.014379267871845514e-05 1.122846333601046354e-05 4.629038357961690053e-06 2.860303311535972171e-06 2.236991713289171457e-04 1.945601297848043032e-06 3.137393377983244136e-06 7.064008059387560934e-06 1.162106582341948524e-05 4.973753675585612655e-05
3.200000000000000000e+04 1.012772827380103990e-05 1.021341904561268166e-05 5.388283170759677887e-07 4.908642381451500114e-07 2.180028532166033983e-04 1.732739633553137537e-06 4.074883236171444878e-06 1.874235294963000342e-06 1.317923943133791909e-05 4.658113175537437201e-05
3.250000000000000000e+04 1.457250891689909622e-05 1.067589346348540857e-05 6.794526257181132678e-07 1.880552417787839659e-06 1.703913003439083695e-04 1.385449195367982611e-06 6.251980266824830323e-06 5.544652026401308831e-07 3.504639607854187489e-06 4.545112824416719377e-05
3.300000000000000000e+04 1.474693635827861726e-05 9.728128134156577289e-06 5.828006806041230448e-07 8.959786441664618906e-07 1.650370541028678417e-04 1.345851046608004253e-06 4.952059953211573884e-06 4.958187673764768988e-07 9.022631957122939639e-07 4.280736175132915378e-05
3.350000000000000000e+04 1.625780896574724466e-05 1.471425639465451241e-05 5.411162646851153113e-07 1.213314362757955678e-06 2.665681822691112757e-04 1.440586174794589169e-06 7.900305718067102134e-06 5.237100140220718458e-07 2.569624030002159998e-06 4.124202678212895989e-05
3.400000000000000000e+04 1.693605372565798461e-05 1.753929063852410764e-05 5.378834089242445771e-07 2.494143927833647467e-06 2.595550322439521551e-04 1.512366679889964871e-06 8.394322321692015976e-06 5.634975082102755550e-07 1.242196390194294509e-06 4.075324250152334571e-05
3.450000000000000000e+04 1.262605292140506208e-05 1.749392140482086688e-05 2.358402980462415144e-06 8.658606020617298782e-06 2.442644035909324884e-04 1.673553356340562459e-06 4.815401553059928119e-06 2.049074964816099964e-06 5.133465037943096831e-06 3.852215741062536836e-05
3.500000000000000000e+04 1.294463982048910111e-05 1.424887341272551566e-05 4.554335077955329325e-07 1.219134105667762924e-06 2.370660804444923997e-04 1.621415322006214410e-06 5.278909156913869083e-06 1.195003619613999035e-06 2.471345624144305475e-06 3.391810969333164394e-05
3.550000000000000000e+04 1.638416688365396112e-05 1.458500901208026335e-05 6.088707209528365638e-07 4.710730650003824849e-07 2.601323940325528383e-04 1.634810928408114705e-06 5.201005023991456255e-06 2.317618964298162609e-06 5.454182883113389835e-07 3.362960342201404274e-05
3.600000000000000000e+04 1.681294816080480814e-05 1.437049741070950404e-05 6.208531431184383109e-07 4.284675299004447879e-07 2.546724281273782253e-04 1.675463863648474216e-06 4.742824330605799332e-06 2.372179096710169688e-06 5.805716796203341801e-07 3.238022691220976412e-05
3.650000000000000000e+04 1.620574403204955161e-05 1.352743311144877225e-05 4.364788708244304871e-07 2.781739851798192831e-07 3.154870937578380108e-04 1.688017619017045945e-06 3.508449708533589728e-06 8.473851380585983861e-07 3.781277939651772613e-07 2.946063614217564464e-05
3.700000000000000000e+04 1.622486888663843274e-05 1.348258228972554207e-05 3.689060292799695162e-07 2.773856238036387367e-07 3.102337359450757504e-04 1.738064838718855754e-06 3.517588538670679554e-06 6.776394343432912137e-07 4.526706618435127893e-07 2.831040546880103648e-05
3.750000000000000000e+04 1.981002060347236693e-05 1.640797381696756929e-05 4.407400808759120991e-07 3.451698376011336222e-07 3.209034330211579800e-04 1.758828716447169427e-06 3.568423608157900162e-06 4.949802701048611198e-07 2.212859044448123313e-06 3.001461482199374586e-05
3.800000000000000000e+04 2.032100201176945120e-05 1.532980604679323733e-05 4.640780559839186026e-07 2.439904278617177624e-07 3.157698083668947220e-04 1.650708099987241440e-06 2.863839199562789872e-06 5.228109785093693063e-07 2.529895482439314947e-06 2.896910336858127266e-05
3.850000000000000000e+04 1.640273694647476077e-05 1.263376816496020183e-05 7.886796424827480223e-07 2.958468598990293685e-07 2.752360887825489044e-04 1.517813188911532052e-06 4.301215540181146935e-06 1.593608772054722067e-06 1.164397644970449619e-06 2.662647966644726694e-05
3.900000000000000000e+04 1.650218291615601629e-05 1.593631168361753225e-05 2.267266381750232540e-06 4.364915469068364473e-07 2.722146746236830950e-04 1.454079551876930054e-06 8.807342055661138147e-06 4.668962446885416284e-06 1.488029965912573971e-06 2.812070852087344974e-05
3.950000000000000000e+04 2.011125070566777140e-05 1.189620343211572617e-05 3.827689738500339445e-07 8.961223443293420132e-07 2.229675883427262306e-04 1.590036845300346613e-06 2.491436589480144903e-06 1.244115196641359944e-06 6.032771580066764727e-07 2.428066545689944178e-05
4.000000000000000000e+04 2.011382639466319233e-05 1.154844903794582933e-05 3.701191531035874505e-07 8.879690653884608764e-07 2.205468335887417197e-04 1.649882847232220229e-06 2.725083277255180292e-06 9.335655590803071391e-07 9.606743560652830638e-07 2.323659464309457690e-05
4.050000000000000000e+04 1.985362541745416820e-05 1.478902868257137015e-05 2.957806373160565272e-06 2.251077148684998974e-06 3.287482832092791796e-04 1.529328869764867704e-06 3.903121523762820289e-06 3.487113872324698605e-06 7.552352485618030187e-07 2.143730853276792914e-05
4.100000000000000000e+04 1.988403528230264783e-05 1.630115002626553178e-05 1.465832838221103884e-06 1.242929556610761210e-06 3.239021170884370804e-04 1.434166051694774069e-06 3.926676981791388243e-06 2.611840045574354008e-06 1.828239760470751207e-06 2.126975232386030257e-05
4.150000000000000000e+04 1.225505820912076160e-05 8.850961421558167785e-06 2.113355321853305213e-06 7.100130119397363160e-07 1.863520737970247865e-04 1.266698632207408082e-06 2.188881353504257277e-06 3.699953140312572941e-06 4.015697925296990434e-07 1.845981751102954149e-05
4.200000000000000000e+04 1.213026189361698925e-05 8.530633749614935368e-06 4.661178252263198374e-07 2.599240076506248442e-07 1.839042233768850565e-04 1.156857592832238879e-06 2.667177341209026054e-06 1.346193471363221761e-06 6.316129201877629384e-07 1.735732621455099434e-05
4.250000000000000000e+04 2.036694058915600181e-05 1.108336073230020702e-05 2.346910008554914384e-07 2.180457698841564707e-07 2.314409357495605946e-04 1.173878104054892901e-06 2.760854613370611332e-06 7.940020054775231984e-07 9.717409739096183330e-07 1.903936754388269037e-05
4.300000000000000000e+04 2.075279553537257016e-05 1.100674944609636441e-05 2.240293923705394263e-07 1.949682513213701895e-07 2.285084920004010201e-04 1.172685188066679984e-06 2.741880962275899947e-06 7.383508204839017708e-07 9.366210065309132915e-07 1.880616582639049739e-05
