# step, loss_train, loss_test, metrics_test
0.000000000000000000e+00 6.481592077761888504e-03 6.848859786987304688e-02 1.233874857425689697e-01 5.188795551657676697e-02 2.629450708627700806e-02 6.409497465938329697e-03 7.767181098461151123e-02 1.304535418748855591e-01 7.337470352649688721e-02 2.664447948336601257e-02
5.000000000000000000e+02 2.029100432991981506e-03 5.988792702555656433e-02 4.592897603288292885e-04 9.809323819354176521e-04 3.644135547801852226e-03 1.931566512212157249e-03 6.577994674444198608e-02 1.999706961214542389e-03 2.407677005976438522e-03 4.369323607534170151e-03
1.000000000000000000e+03 1.162935048341751099e-03 5.834801867604255676e-02 3.314507775940001011e-04 7.338189752772450447e-04 4.146309103816747665e-03 1.088781980797648430e-03 6.521030515432357788e-02 1.461257343180477619e-03 1.372921164147555828e-03 4.816684406250715256e-03
1.500000000000000000e+03 6.184818921610713005e-04 6.888177245855331421e-02 2.666970831342041492e-04 5.078713875263929367e-04 5.713737569749355316e-03 5.503650754690170288e-04 6.465866416692733765e-02 1.524970866739749908e-03 9.791509946808218956e-04 6.247415207326412201e-03
2.000000000000000000e+03 4.697419353760778904e-04 6.880147755146026611e-02 2.004505658987909555e-04 3.770120092667639256e-04 5.663367919623851776e-03 4.214919172227382660e-04 6.479022651910781860e-02 1.086954260244965553e-03 5.616591661237180233e-04 6.195643916726112366e-03
2.500000000000000000e+03 4.959494108334183693e-04 8.166676014661788940e-02 1.475901372032240033e-04 2.586084592621773481e-04 5.850532092154026031e-03 4.450125852599740028e-04 6.478253751993179321e-02 5.948464386165142059e-04 2.166047197533771396e-04 6.261435803025960922e-03
3.000000000000000000e+03 4.846573865506798029e-04 8.161190897226333618e-02 1.038368864101357758e-04 2.131345390807837248e-04 5.618893075734376907e-03 4.280283465050160885e-04 6.486345082521438599e-02 3.864686877932399511e-04 1.179133396362885833e-04 6.039037834852933884e-03
3.500000000000000000e+03 1.737493555992841721e-03 6.527350097894668579e-02 5.188181603443808854e-05 1.850748230936005712e-04 3.177907085046172142e-03 1.605980331078171730e-03 6.490203738212585449e-02 2.309781266376376152e-04 2.595483238110318780e-05 3.787744324654340744e-03
4.000000000000000000e+03 2.189919352531433105e-03 6.464027613401412964e-02 6.471730011980980635e-05 1.732243108563125134e-04 2.644945634528994560e-03 1.948522171005606651e-03 6.510403752326965332e-02 1.412796700606122613e-04 2.342978223168756813e-05 3.268637927249073982e-03
4.500000000000000000e+03 4.103374376427382231e-04 5.393286794424057007e-02 7.110499427653849125e-05 1.901070063468068838e-04 2.569961827248334885e-03 3.462609893176704645e-04 6.705705821514129639e-02 1.534452603664249182e-04 3.198308695573359728e-05 3.205113578587770462e-03
5.000000000000000000e+03 2.515317464713007212e-04 5.372468382120132446e-02 6.949148519197478890e-05 1.776851277099922299e-04 2.529820892959833145e-03 2.187788195442408323e-04 6.741739809513092041e-02 1.694154198048636317e-04 2.104483246512245387e-05 3.145043738186359406e-03
5.500000000000000000e+03 3.071406390517950058e-04 5.850128456950187683e-02 7.477907638531178236e-05 7.722387817921116948e-05 2.246993128210306168e-03 2.696972806006669998e-04 6.639455258846282959e-02 1.850937405833974481e-04 3.565904989955015481e-05 2.801018068566918373e-03
6.000000000000000000e+03 2.144509635400027037e-04 5.819158628582954407e-02 7.368338992819190025e-05 3.934120104531757534e-05 1.953692175447940826e-03 1.946126722032204270e-04 6.620243191719055176e-02 1.495095057180151343e-04 2.359493237236165442e-06 2.497227396816015244e-03
6.500000000000000000e+03 1.019130286294966936e-04 5.894259735941886902e-02 1.699761050986126065e-04 3.772064155782572925e-05 2.245432930067181587e-03 9.632873843656852841e-05 6.605259329080581665e-02 1.250412897206842899e-04 5.663845149683766067e-05 2.778803929686546326e-03
7.000000000000000000e+03 9.712046448839828372e-05 5.865198001265525818e-02 1.890129497041925788e-04 5.562865044339559972e-05 2.135816030204296112e-03 8.731325215194374323e-05 6.604810804128646851e-02 9.992122068069875240e-05 1.397424493916332722e-04 2.648543333634734154e-03
7.500000000000000000e+03 1.224105362780392170e-04 7.234013825654983521e-02 1.587362930877134204e-04 1.016945243463851511e-04 2.156460192054510117e-03 1.147928633145056665e-04 6.439076364040374756e-02 1.437922765035182238e-04 1.529303408460691571e-04 2.668303903192281723e-03
8.000000000000000000e+03 7.870912668295204639e-05 7.199673354625701904e-02 2.101326826959848404e-04 1.312827225774526596e-04 1.940251560881733894e-03 7.177630322985351086e-05 6.401425600051879883e-02 2.465711440891027451e-04 1.588118466315791011e-04 2.449722494930028915e-03
8.500000000000000000e+03 2.665574538696091622e-05 5.560151860117912292e-02 1.603131386218592525e-04 1.033899388858117163e-04 1.355950604192912579e-03 2.419200791337061673e-05 6.556198745965957642e-02 2.248156961286440492e-04 6.345198198687285185e-05 1.939544919878244400e-03
9.000000000000000000e+03 2.101820609823334962e-05 5.521226301789283752e-02 2.090942434733733535e-04 1.625449658604338765e-04 1.222489518113434315e-03 1.663382136030122638e-05 6.521052867174148560e-02 2.469582832418382168e-04 7.740145520074293017e-05 1.797853503376245499e-03
9.500000000000000000e+03 7.043527148198336363e-05 5.208769440650939941e-02 2.503759751562029123e-04 3.959584282711148262e-04 8.558460394851863384e-04 4.476190588320605457e-05 6.300351023674011230e-02 4.201005504000931978e-04 1.999560190597549081e-04 1.460987608879804611e-03
1.000000000000000000e+04 8.821081428322941065e-05 4.792406037449836731e-02 4.871430573984980583e-04 1.305919489823281765e-03 7.798872538842260838e-04 5.084344229544512928e-05 5.739512667059898376e-02 4.806381475646048784e-04 6.158510223031044006e-04 1.345885568298399448e-03
1.050000000000000000e+04 2.823094546329230070e-04 3.180368617177009583e-02 8.360575302504003048e-04 2.062205458059906960e-03 1.691812998615205288e-03 1.837683084886521101e-04 3.599113970994949341e-02 7.344318437390029430e-04 1.409896882250905037e-03 1.868151593953371048e-03
1.100000000000000000e+04 4.405823710840195417e-04 6.991185247898101807e-03 5.621297750622034073e-04 1.034095068462193012e-03 3.112198086455464363e-03 2.983275626320391893e-04 8.237232454121112823e-03 4.774688277393579483e-04 7.862860220484435558e-04 2.637334167957305908e-03
1.150000000000000000e+04 4.113496397621929646e-04 1.360144698992371559e-03 1.519816432846710086e-04 1.860668999142944813e-04 2.880792133510112762e-03 2.708708343561738729e-04 1.378103392198681831e-03 3.581462369766086340e-04 2.746051759459078312e-04 2.698451280593872070e-03
1.200000000000000000e+04 2.622634347062557936e-04 9.129180107265710831e-04 1.334544940618798137e-04 1.191049668705090880e-04 2.341092331334948540e-03 1.462432264816015959e-04 8.795649046078324318e-04 3.159618936479091644e-04 1.071999577106907964e-04 2.152992412447929382e-03
1.250000000000000000e+04 1.967973657883703709e-04 7.589192246086895466e-04 9.870842768577858806e-05 7.635147630935534835e-05 2.000373555347323418e-03 1.060626091202721000e-04 6.225577672012150288e-04 1.672372163739055395e-04 4.374762647785246372e-05 1.865003374405205250e-03
1.300000000000000000e+04 1.634990039747208357e-04 6.266088457778096199e-04 6.910070806043222547e-05 3.106820804532617331e-05 1.707608462311327457e-03 7.208387978607788682e-05 4.997190553694963455e-04 1.113845937652513385e-04 1.937739943969063461e-05 1.510315807536244392e-03
1.350000000000000000e+04 1.081083391909487545e-04 4.693633527494966984e-04 4.605526191880926490e-05 3.427934279898181558e-05 1.458178739994764328e-03 3.910921805072575808e-05 4.288551572244614363e-04 1.737316633807495236e-04 2.438157753203995526e-05 1.188442227430641651e-03
1.400000000000000000e+04 8.330045238835737109e-05 3.843828453682363033e-04 2.381274498475249857e-05 3.906006531906314194e-05 1.178653445094823837e-03 2.635531927808187902e-05 3.985216026194393635e-04 1.070214348146691918e-04 2.917214078479446471e-05 9.400747949257493019e-04
1.450000000000000000e+04 6.430398934753611684e-05 3.731950419023633003e-04 2.193521868321113288e-05 3.543099592206999660e-05 1.361933071166276932e-03 1.826543302740901709e-05 3.552396374288946390e-04 5.855860581505112350e-05 4.993886614101938903e-05 7.340795709751546383e-04
1.500000000000000000e+04 4.246718526701442897e-05 3.206821274943649769e-04 1.957107451744377613e-05 1.461789361201226711e-05 1.179709332063794136e-03 1.089206125470809639e-05 3.277088399045169353e-04 4.984643965144641697e-05 4.074855314684100449e-05 5.577147821895778179e-04
1.550000000000000000e+04 3.600765921873971820e-05 2.795223263092339039e-04 9.985374163079541177e-06 1.776808312570210546e-05 8.184083271771669388e-04 7.473959612980252132e-06 2.517555840313434601e-04 1.702595000097062439e-05 2.328096343262586743e-05 4.036815080326050520e-04
1.600000000000000000e+04 2.735382804530672729e-05 2.380876976530998945e-04 5.180321295483736321e-06 2.150092041119933128e-05 7.009557448327541351e-04 5.142731879459461197e-06 2.218134322902187705e-04 8.277417691715527326e-06 2.949845838884357363e-05 3.034777182620018721e-04
1.650000000000000000e+04 2.044817665591835976e-05 2.127148909494280815e-04 3.049278575417702086e-06 1.754608274495694786e-05 7.421858608722686768e-04 3.853561338473809883e-06 2.467291778884828091e-04 3.578303903850610368e-06 4.333969991421326995e-05 2.324864908587187529e-04
1.700000000000000000e+04 1.312686435994692147e-05 1.749283401295542717e-04 2.962078724522143602e-06 1.455697565688751638e-05 6.683689425699412823e-04 2.855015281966188923e-06 1.982366375159472227e-04 2.181189302064012736e-06 2.679271892702672631e-05 1.766345521900802851e-04
1.750000000000000000e+04 7.807628207956440747e-06 1.315845438512042165e-04 3.875942638842388988e-06 8.240952411142643541e-06 5.125612951815128326e-04 2.278581405334989540e-06 1.500484941061586142e-04 3.322640395708731376e-06 9.958185728464741260e-06 1.428208342986181378e-04
1.800000000000000000e+04 5.787321697425795719e-06 1.027854741550981998e-04 4.848354819841915742e-06 5.001947101845871657e-06 4.699983983300626278e-04 1.690677322585543152e-06 1.156353682745248079e-04 3.922315954696387053e-06 5.205370598559966311e-06 1.056252367561683059e-04
1.850000000000000000e+04 8.105716915451921523e-06 8.397842611884698272e-05 5.277299806039081886e-06 3.674357685667928308e-06 6.077694124542176723e-04 1.711307277219020762e-06 9.558830788591876626e-05 5.317793693393468857e-06 7.709326382610015571e-06 6.823255534982308745e-05
1.900000000000000000e+04 7.641948286618571728e-06 7.363953773165121675e-05 3.684948978843749501e-06 3.320577661725110374e-06 5.549462512135505676e-04 1.414110442965466063e-06 8.998096745926886797e-05 5.048230377724394202e-06 3.484368789941072464e-06 4.547361459117382765e-05
1.950000000000000000e+04 9.802114618651103228e-06 5.537415199796669185e-05 2.216980874436558224e-06 2.661364305822644383e-06 2.183981996495276690e-04 1.199588609779311810e-06 9.159923502011224627e-05 1.989903012145077810e-06 2.026854872383410111e-06 3.583364741643890738e-05
2.000000000000000000e+04 7.525847195211099461e-06 4.170977990725077689e-05 1.631859390727186110e-06 2.348509724470204674e-06 1.998262741835787892e-04 1.055200641530973371e-06 6.158756150398403406e-05 1.678805801930138841e-06 2.210888851550407708e-06 2.854165904864203185e-05
2.050000000000000000e+04 6.230946382856927812e-06 3.165440648444928229e-05 5.329929422259738203e-07 2.077489853036240675e-06 3.048008074983954430e-04 9.296211942455556709e-07 4.868324322160333395e-05 1.361209115202655084e-06 2.747662620095070451e-06 2.335246608708985150e-05
2.100000000000000000e+04 8.493883797200396657e-06 2.348279122088570148e-05 4.894718017567356583e-07 1.107694515667390078e-06 2.657944569364190102e-04 8.142285992107645143e-07 4.033590448671020567e-05 1.242242660737247206e-06 2.436494241919717751e-06 2.117120857292320579e-05
2.150000000000000000e+04 7.532289600931107998e-06 2.516252970963250846e-05 3.679420615299022757e-06 2.106895408360287547e-06 3.071646206080913544e-04 7.761302072140097152e-07 2.967818181787151843e-05 6.005230716255027801e-06 2.542505171732045710e-06 1.743535722198430449e-05
2.200000000000000000e+04 8.443369551969226450e-06 2.242229493276681751e-05 2.669839886948466301e-06 1.459188638364139479e-06 2.980440040118992329e-04 7.553536534032900818e-07 2.705213410081341863e-05 3.391471864233608358e-06 2.052582885880838148e-06 1.647905628487933427e-05
2.250000000000000000e+04 1.199276266561355442e-05 1.907996738736983389e-05 1.989772499655373394e-06 1.665776949266728479e-06 1.829932007240131497e-04 7.362458518400671892e-07 3.794342410401441157e-05 1.091836907107790466e-06 7.640870535396970809e-06 1.359155339741846547e-05
2.300000000000000000e+04 1.286417682422325015e-05 1.802614133339375257e-05 1.562968805046693888e-06 1.247714408236788586e-06 1.767118519637733698e-04 6.918996859894832596e-07 3.675308835227042437e-05 1.178671368506911676e-06 3.716045512192067690e-06 1.314336259383708239e-05
2.350000000000000000e+04 1.313904067501425743e-05 1.771246752468869090e-05 1.386045823892345652e-06 9.278269317292142659e-07 1.867075916379690170e-04 6.993378747210954316e-07 2.648765621415805072e-05 1.678843773333937861e-06 4.545055162452626973e-06 1.877138129202648997e-05
2.400000000000000000e+04 1.528787652205210179e-05 1.553281617816537619e-05 1.265672267436457332e-06 1.018002876662649214e-06 1.663959264988079667e-04 6.654444746345689055e-07 2.633324584166985005e-05 2.407790589131764136e-06 6.045947884558700025e-06 1.906541183416265994e-05
2.450000000000000000e+04 2.098503136949148029e-05 1.647315912123303860e-05 8.882536235432780813e-07 1.609366677257639822e-06 1.432798599125817418e-04 6.425827905331971124e-07 4.304387402953580022e-05 1.476162765357003082e-06 2.469329729137825780e-06 1.442409666196908802e-05
2.500000000000000000e+04 2.109519300574902445e-05 1.645128213567659259e-05 7.559089567621413153e-07 1.219436285282426979e-06 1.374797575408592820e-04 6.959733127587242052e-07 4.378588710096664727e-05 1.428694417882070411e-06 2.804842097248183563e-06 1.330474151473026723e-05
2.550000000000000000e+04 2.491496707079932094e-05 1.275337672268506140e-05 1.142622977567953058e-06 9.953048447641776875e-07 1.397313899360597134e-04 7.688612981837650295e-07 4.202609488856978714e-05 2.287180450366577134e-06 3.550528163032140583e-06 1.174791759694926441e-05
2.600000000000000000e+04 2.541614048823248595e-05 1.204359250550623983e-05 1.038042114487325307e-06 9.615658882466959767e-07 1.353752595605328679e-04 7.763091502965835389e-07 4.115765113965608180e-05 2.230706741102039814e-06 3.602195420171483420e-06 1.110641642299015075e-05
2.650000000000000000e+04 2.351150760659947991e-05 1.739720028126612306e-05 1.223745130118913949e-06 8.367529176211974118e-07 2.049881441053003073e-04 1.157960582531813998e-06 2.527699689380824566e-05 2.385142806815565564e-06 2.265391458422527649e-06 1.266329491045325994e-05
2.700000000000000000e+04 2.401022356934845448e-05 1.664720548433251679e-05 1.169885081253596582e-06 8.008103691281576175e-07 1.959996152436360717e-04 1.100877398130251095e-06 2.725909507717005908e-05 2.869899162760702893e-06 2.252107606182107702e-06 1.144749057857552543e-05
2.750000000000000000e+04 1.957530002982821316e-05 1.094233721232740209e-05 7.432861366396537051e-07 1.589776729815639555e-06 1.122111862059682608e-04 6.200424422786454670e-07 2.065123953798320144e-05 2.000164613491506316e-06 1.986279585253214464e-06 9.345111720904242247e-06
2.800000000000000000e+04 2.044530447165016085e-05 9.576723641657736152e-06 4.898653855889278930e-07 1.279712023460888304e-06 1.095648185582831502e-04 5.686522968062490690e-07 1.999684718612115830e-05 1.921768898682785220e-06 1.363785713692777790e-06 8.306758900289423764e-06
2.850000000000000000e+04 2.426504761388059705e-05 1.379587774863466620e-05 6.635887075390201062e-07 1.527668473499943502e-06 2.289878175361081958e-04 6.900825155753409490e-07 2.152619526896160096e-05 1.178627144327037968e-06 7.867932367844332475e-07 5.635511570289963856e-06
2.900000000000000000e+04 2.364321699133142829e-05 1.336595687462249771e-05 6.472185418715525884e-07 1.421948127244831994e-06 2.267850941279903054e-04 6.158373935249983333e-07 1.949499528564047068e-05 1.097303879760147538e-06 5.804847091894771438e-07 5.071839495940366760e-06
2.950000000000000000e+04 2.612704520288389176e-05 7.504871064156759530e-06 3.109436761405959260e-07 1.164912987405841704e-06 1.023797085508704185e-04 6.408901640497788321e-07 2.015953941736370325e-05 3.985170224041212350e-06 8.910624273994471878e-07 5.807823981740511954e-06
3.000000000000000000e+04 2.653231967997271568e-05 7.634515895915683359e-06 3.475487915238772985e-07 9.792589708013110794e-07 9.935777779901400208e-05 6.597083483939059079e-07 2.106139982060994953e-05 4.612178145180223510e-06 1.590497959114145488e-06 5.526275344891473651e-06
3.050000000000000000e+04 2.450274223519954830e-05 1.052243078447645530e-05 7.440901867994398344e-07 5.157431246516352985e-07 1.526909472886472940e-04 5.331586407919530757e-07 2.836668863892555237e-05 1.710600713522580918e-06 3.200937896963296225e-07 3.743352635865448974e-06
3.100000000000000000e+04 2.338723243155982345e-05 9.526726898911874741e-06 6.027491394888784271e-07 4.949800995746045373e-07 1.513995084678754210e-04 5.686380859515338670e-07 2.636581848491914570e-05 1.427544475518516265e-06 2.770819662600843003e-07 3.540900934240198694e-06
3.150000000000000000e+04 1.657553730183281004e-05 6.039430445525795221e-06 4.191640812223340617e-07 1.002575800157501362e-06 1.070006328518502414e-04 5.797560902465193067e-07 1.885685560409910977e-05 3.436450469962437637e-06 3.563370455594849773e-06 3.370138983882497996e-06
3.200000000000000000e+04 1.653310209803748876e-05 5.607033472188049927e-06 4.191976756828807993e-07 6.828583991591585800e-07 1.057878180290572345e-04 4.894455400972219650e-07 1.740519655868411064e-05 3.618618848122423515e-06 5.905330908717587590e-06 3.144391939713386819e-06
3.250000000000000000e+04 2.134982423740439117e-05 6.341097105178050697e-06 5.666671540893730707e-07 1.299588063830015017e-07 7.243663276312872767e-05 4.513284181939525297e-07 1.354462801828049123e-05 1.221551997332426254e-06 8.699880709173157811e-07 3.060266863030847162e-06
3.300000000000000000e+04 2.025453431997448206e-05 6.156551080493954942e-06 4.925647658637899440e-07 1.293344098485249560e-07 7.265623571584001184e-05 4.965920652466593310e-07 1.338369929726468399e-05 1.120185061154188588e-06 1.142276119026064407e-06 3.099222340097185224e-06
3.350000000000000000e+04 2.683515231183264405e-05 8.275920663436409086e-06 3.778493180561781628e-07 6.394291176547994837e-07 1.160688043455593288e-04 5.995280503157118801e-07 1.768601759977173060e-05 1.719955434964504093e-06 8.723282576283963863e-07 3.924884822481544688e-06
3.400000000000000000e+04 2.745674282778054476e-05 8.167742635123431683e-06 3.752525685740693007e-07 5.421064201982517261e-07 1.126327988458797336e-04 6.154690481707802974e-07 1.826450716180261225e-05 1.761990006343694404e-06 9.877709317152039148e-07 3.854746410070220008e-06
3.450000000000000000e+04 2.560361645009834319e-05 8.034508027776610106e-06 6.514738402074726764e-07 5.696191465176525526e-07 9.582204074831679463e-05 5.593365131062455475e-07 2.481759838701691478e-05 4.544986609289480839e-07 1.160302190328366123e-06 4.695549705502344295e-06
3.500000000000000000e+04 2.565167778811883181e-05 8.474246897094417363e-06 5.700063638869323768e-07 5.243838927526667248e-07 9.290952584706246853e-05 6.042548079676635098e-07 3.073962579946964979e-05 8.111428542179055512e-07 8.792625294518074952e-07 4.558544787869323045e-06
3.550000000000000000e+04 3.054240733035840094e-05 1.028938731906237081e-05 6.621901889047876466e-07 1.113608391278830823e-06 1.160461470135487616e-04 5.861685963282070588e-07 2.014760320889763534e-05 8.624996326034306549e-07 3.386812522876425646e-06 4.022589564556255937e-06
3.600000000000000000e+04 3.013697460119146854e-05 1.018099555949447677e-05 5.930905331297253724e-07 9.562730838297284208e-07 1.141473912866786122e-04 5.781323011433414649e-07 1.973958751477766782e-05 1.325589323641906958e-06 4.880138476437423378e-06 4.003008598374435678e-06
3.650000000000000000e+04 3.179751729476265609e-05 1.286196402361383662e-05 4.866741392106632702e-07 7.931357117740844842e-07 1.514730101916939020e-04 5.664714421982353088e-07 1.471796531404834241e-05 1.286547671952575911e-06 1.864867300582773169e-07 4.907179572910536081e-06
3.700000000000000000e+04 3.219279460608959198e-05 1.340182552667101845e-05 4.729868976482975995e-07 5.713100676985050086e-07 1.491432922193780541e-04 5.508003368959180079e-07 1.515131953055970371e-05 1.595198455106583424e-06 1.734002665898515261e-07 5.077066816738806665e-06
3.750000000000000000e+04 3.447797644184902310e-05 1.187383440992562100e-05 4.165257507793285185e-07 3.543386242199630942e-07 1.587717706570401788e-04 5.019433046982157975e-07 2.503120595065411180e-05 1.793693968465959188e-06 1.835139983086264692e-06 3.792498546317801811e-06
3.800000000000000000e+04 3.567433304851874709e-05 1.128880012402078137e-05 3.576656126824673265e-07 3.114967910278210184e-07 1.554587797727435827e-04 4.881968607151065953e-07 2.470403342158533633e-05 1.792155103430559393e-06 2.069343054245109670e-06 3.445860784268006682e-06
3.850000000000000000e+04 2.807430064422078431e-05 7.685483979003038257e-06 2.251618553827938740e-07 3.959802086228592088e-07 1.256762479897588491e-04 4.874742103311291430e-07 2.772905281744897366e-05 2.354055368414265104e-06 1.240778829014743678e-06 2.653908723004860803e-06
3.900000000000000000e+04 2.795872751448769122e-05 7.883013495302293450e-06 1.831699449894585996e-07 2.377517915874705068e-07 1.223750441567972302e-04 4.763405172525381204e-07 2.982277510454878211e-05 2.990930852320161648e-06 1.236919842995121144e-06 2.495884018571814522e-06
3.950000000000000000e+04 2.859456981241237372e-05 1.063764375430764630e-05 6.347746079882199410e-07 8.863560765348665882e-07 1.001119890133850276e-04 4.944389502270496450e-07 2.201253664679825306e-05 4.794095275428844616e-06 5.629849056276725605e-06 3.366234977875137702e-06
4.000000000000000000e+04 2.747818507486954331e-05 9.990031685447320342e-06 5.360280965760466643e-07 7.306734914891421795e-07 1.001583877950906754e-04 5.249044079391751438e-07 1.927709854498971254e-05 5.365721790440147743e-06 6.831636710558086634e-06 3.572365812942734919e-06
4.050000000000000000e+04 2.981101897603366524e-05 1.418351075699320063e-05 2.870792741305194795e-07 4.689670731750084087e-07 1.972583850147202611e-04 5.052062306276638992e-07 2.487338861101306975e-05 5.604963916994165629e-06 2.575253120085108094e-06 3.284812464698916301e-06
4.100000000000000000e+04 3.019586984009947628e-05 1.404975591867696494e-05 2.933736311661050422e-07 3.341972671933035599e-07 1.948044373420998454e-04 4.931564490107120946e-07 2.576698352640960366e-05 5.615323971142061055e-06 1.694050979494932108e-06 3.074067308261874132e-06
4.150000000000000000e+04 1.598521521373186260e-05 8.965017514128703624e-06 5.727285383727576118e-07 5.325277925294358283e-07 1.205840162583626807e-04 4.217120590510603506e-07 2.370259062445256859e-05 2.527070819269283675e-06 1.743227215911247185e-07 1.403703777214104775e-06
4.200000000000000000e+04 1.557406721985898912e-05 8.071694537647999823e-06 4.227867691497522173e-07 4.753437679028138518e-07 1.197199235321022570e-04 4.201546914828213630e-07 2.064078398689161986e-05 2.187879317716578953e-06 1.663256625761277974e-07 1.524671688457601704e-06
4.250000000000000000e+04 2.699355172808282077e-05 7.003304290265077725e-06 4.943328235640365165e-07 7.833759241293591913e-08 1.134562116931192577e-04 4.376460083221900277e-07 2.773016421997454017e-05 2.036576461250660941e-06 9.212092209054389969e-07 1.346739736618474126e-06
4.300000000000000000e+04 2.649591078807134181e-05 7.081378498696722090e-06 5.191468517296016216e-07 7.732195683729514712e-08 1.115608101827092469e-04 4.255532246588700218e-07 2.965290696010924876e-05 1.828022163863352034e-06 7.588554353787912987e-07 1.278191348319523968e-06
