# step, loss_train, loss_test, metrics_test
0.000000000000000000e+00 1.988369598984718323e-02 1.237557306885719299e-01 4.841390252113342285e-02 1.781896129250526428e-02 2.360603027045726776e-02 1.997516304254531860e-02 1.076839417219161987e-01 3.141033276915550232e-02 1.463145297020673752e-02 2.493164874613285065e-02
5.000000000000000000e+02 5.968142766505479813e-03 7.102330774068832397e-02 2.317824837518855929e-04 1.264752936549484730e-03 8.859876543283462524e-04 5.938117392361164093e-03 7.419292628765106201e-02 7.082113879732787609e-04 2.077904762700200081e-03 1.793445087969303131e-03
1.000000000000000000e+03 3.891085740178823471e-03 6.582807749509811401e-02 1.988249568967148662e-04 9.857453405857086182e-04 1.653315615840256214e-03 3.863475518301129341e-03 7.105151563882827759e-02 5.276905139908194542e-04 1.656170585192739964e-03 2.477192319929599762e-03
1.500000000000000000e+03 2.083173254504799843e-03 7.511089742183685303e-02 1.545694831293076277e-04 6.812690407969057560e-04 3.097314387559890747e-03 2.063967054709792137e-03 6.833959370851516724e-02 3.928318910766392946e-04 1.322181313298642635e-03 3.788804868236184120e-03
2.000000000000000000e+03 1.067237230017781258e-03 7.177308946847915649e-02 4.653860378311946988e-05 3.143456706311553717e-04 4.434695467352867126e-03 1.043947180733084679e-03 6.693425029516220093e-02 1.381050387863069773e-04 7.593890186399221420e-04 5.055017303675413132e-03
2.500000000000000000e+03 7.590744062326848507e-04 8.319699764251708984e-02 8.870882084011100233e-06 1.009625484584830701e-04 5.668162368237972260e-03 7.323903264477849007e-04 6.584129482507705688e-02 2.684620812942739576e-05 3.212297451682388783e-04 6.126011721789836884e-03
3.000000000000000000e+03 4.956374759785830975e-04 8.227145671844482422e-02 4.250527581461938098e-06 4.756752605317160487e-05 6.245339289307594299e-03 4.636597295757383108e-04 6.553763896226882935e-02 7.823830856068525463e-06 1.469187845941632986e-04 6.672299001365900040e-03
3.500000000000000000e+03 1.302180346101522446e-03 6.644175946712493896e-02 2.944737616417114623e-06 6.154054426588118076e-05 4.610117059201002121e-03 1.243482111021876335e-03 6.539115309715270996e-02 2.908141368607175536e-06 2.006995055126026273e-05 5.196825601160526276e-03
4.000000000000000000e+03 1.449059578590095043e-03 6.614890694618225098e-02 5.639550181513186544e-06 6.751791079295799136e-05 4.120174329727888107e-03 1.353776664473116398e-03 6.523502618074417114e-02 1.036905905493767932e-05 1.415696624462725595e-05 4.732966888695955276e-03
4.500000000000000000e+03 2.462613629177212715e-04 5.407279729843139648e-02 1.129529482568614185e-05 6.444439350161701441e-05 3.478922415524721146e-03 2.107637556036934257e-04 6.795718520879745483e-02 1.004756813927087933e-05 1.350485945295076817e-05 4.130069632083177567e-03
5.000000000000000000e+03 2.329722919967025518e-04 5.403854697942733765e-02 2.247667543997522444e-05 7.664383883820846677e-05 3.376166103407740593e-03 2.022307890001684427e-04 6.812562793493270874e-02 1.186558802146464586e-05 1.305890873481985182e-05 4.026491194963455200e-03
5.500000000000000000e+03 2.917032688856124878e-04 5.896821990609169006e-02 5.488108217832632363e-05 5.946721648797392845e-05 3.448731033131480217e-03 2.595653058961033821e-04 6.741550564765930176e-02 2.799951107590459287e-05 1.353825336991576478e-05 4.037325736135244370e-03
6.000000000000000000e+03 2.834273327607661486e-04 5.891089886426925659e-02 5.626942584058269858e-05 6.037636921973899007e-05 3.313533961772918701e-03 2.512222272343933582e-04 6.732661277055740356e-02 2.558327105361968279e-05 1.738172795739956200e-05 3.897519782185554504e-03
6.500000000000000000e+03 2.183099131798371673e-04 6.028636544942855835e-02 8.861263631843030453e-05 5.484302892000414431e-05 3.570088651031255722e-03 1.835007133195176721e-04 6.704257428646087646e-02 2.148258317902218550e-05 1.566032187838573009e-05 4.185179248452186584e-03
7.000000000000000000e+03 2.012536278925836086e-04 6.008161976933479309e-02 9.363071148982271552e-05 5.943902215221896768e-05 3.259399905800819397e-03 1.722891320241615176e-04 6.707291305065155029e-02 1.913014421006664634e-05 1.668428012635558844e-05 3.863324411213397980e-03
7.500000000000000000e+03 3.736311628017574549e-04 7.349998503923416138e-02 8.989291382022202015e-05 1.134167250711470842e-04 3.492775605991482735e-03 3.271591558586806059e-04 6.512948125600814819e-02 4.221938797854818404e-05 3.290878885309211910e-05 4.039874766021966934e-03
8.000000000000000000e+03 3.191129944752901793e-04 7.320480793714523315e-02 9.053311077877879143e-05 1.204579020850360394e-04 2.984917722642421722e-03 2.841718669515103102e-04 6.494084000587463379e-02 7.597327203257009387e-05 3.371015918673947453e-05 3.516396740451455116e-03
8.500000000000000000e+03 1.256871619261801243e-04 5.643049627542495728e-02 7.170376193244010210e-05 8.857902139425277710e-05 1.989996526390314102e-03 1.189907488878816366e-04 6.664054840803146362e-02 1.007801110972650349e-04 1.493206855229800567e-05 2.600533189252018929e-03
9.000000000000000000e+03 9.654913446865975857e-05 5.627083778381347656e-02 8.730280387680977583e-05 9.254456381313502789e-05 1.868895837105810642e-03 9.210310236085206270e-05 6.644978374242782593e-02 1.322467142017558217e-04 1.286971018998883665e-05 2.472864463925361633e-03
9.500000000000000000e+03 1.993534096982330084e-04 5.365046113729476929e-02 6.368549657054245472e-05 1.465570530854165554e-04 1.565745566040277481e-03 1.820533216232433915e-04 6.523903459310531616e-02 1.722674060147255659e-04 3.831931098829954863e-05 2.187740989029407501e-03
1.000000000000000000e+04 1.571952452650293708e-04 5.348676070570945740e-02 8.797227201284840703e-05 1.679661800153553486e-04 1.377740059979259968e-03 1.323250035056844354e-04 6.492010504007339478e-02 2.812638995237648487e-04 4.634373181033879519e-05 1.999046653509140015e-03
1.050000000000000000e+04 1.564100530231371522e-04 5.512395128607749939e-02 2.756526519078761339e-04 1.732799719320610166e-04 1.246327534317970276e-03 1.133340774686075747e-04 6.457733362913131714e-02 2.581018197815865278e-04 3.921563256881199777e-05 1.778678386472165585e-03
1.100000000000000000e+04 1.561395474709570408e-04 5.481681600213050842e-02 3.406384203117340803e-04 2.291916753165423870e-04 1.071613747626543045e-03 1.042498188326135278e-04 6.425675749778747559e-02 2.609200018923729658e-04 6.044979090802371502e-05 1.605797209776937962e-03
1.150000000000000000e+04 4.465792444534599781e-04 6.494692713022232056e-02 4.310875083319842815e-04 2.909802424255758524e-04 9.725186391733586788e-04 2.666242653504014015e-04 6.277593970298767090e-02 8.550098282285034657e-04 1.980469824047759175e-04 1.538473530672490597e-03
1.200000000000000000e+04 4.001474590040743351e-04 6.347630172967910767e-02 7.151444442570209503e-04 4.365889471955597401e-04 9.098863811232149601e-04 2.080437116092070937e-04 6.129763647913932800e-02 1.159506035037338734e-03 4.041264182887971401e-04 1.463896362110972404e-03
1.250000000000000000e+04 1.771343231666833162e-04 6.410576403141021729e-02 7.195386569947004318e-04 1.197902951389551163e-03 1.099131186492741108e-03 9.175593731924891472e-05 5.893791839480400085e-02 5.723535432480275631e-04 5.462820408865809441e-04 1.615832676179707050e-03
1.300000000000000000e+04 3.661423688754439354e-04 5.779228359460830688e-02 8.840858354233205318e-04 2.529094694182276726e-03 1.033625216223299503e-03 2.180577284889295697e-04 5.225066840648651123e-02 7.918090559542179108e-04 2.230814890936017036e-03 1.515915733762085438e-03
1.350000000000000000e+04 3.882479213643819094e-04 4.788180440664291382e-02 9.898652788251638412e-04 3.286195918917655945e-03 9.991399710997939110e-04 2.375391195528209209e-04 4.313804581761360168e-02 1.574584981426596642e-03 5.963053554296493530e-03 1.442030305042862892e-03
1.400000000000000000e+04 4.973509931005537510e-04 4.117242246866226196e-02 8.151368820108473301e-04 3.657110268250107765e-03 1.146806636825203896e-03 3.105332143604755402e-04 3.404841572046279907e-02 2.282015746459364891e-03 8.135874755680561066e-03 1.522102393209934235e-03
1.450000000000000000e+04 3.830135974567383528e-04 3.725367784500122070e-02 6.239110953174531460e-04 3.353816689923405647e-03 1.594527508132159710e-03 2.299702755408361554e-04 3.282659128308296204e-02 1.227130065672099590e-03 3.885542741045355797e-03 1.730196410790085793e-03
1.500000000000000000e+04 3.933279949706047773e-04 3.444387763738632202e-02 3.665260155685245991e-04 2.984280465170741081e-03 1.675434992648661137e-03 2.265383518533781171e-04 2.994485385715961456e-02 8.407112327404320240e-04 3.817886346951127052e-03 1.763719832524657249e-03
1.550000000000000000e+04 3.328225866425782442e-04 2.801625989377498627e-02 2.480713301338255405e-04 1.975388731807470322e-03 1.036072382703423500e-03 1.929997233673930168e-04 2.838974632322788239e-02 5.004181293770670891e-04 2.320945495739579201e-03 1.336731249466538429e-03
1.600000000000000000e+04 3.277299110777676105e-04 2.610816992819309235e-02 1.916565379360690713e-04 1.928866840898990631e-03 1.078256173059344292e-03 1.851890119723975658e-04 2.575143240392208099e-02 3.090325626544654369e-04 2.486228011548519135e-03 1.342197065241634846e-03
1.650000000000000000e+04 3.001946024596691132e-04 2.759779244661331177e-02 3.206247929483652115e-04 1.511002425104379654e-03 2.360461978241801262e-03 1.623140560695901513e-04 2.208731137216091156e-02 5.616894850390963256e-05 3.129680408164858818e-03 2.252928679808974266e-03
1.700000000000000000e+04 3.139623731840401888e-04 2.312586642801761627e-02 4.311688535381108522e-04 9.825293673202395439e-04 2.229618374258279800e-03 1.946542906807735562e-04 1.817272976040840149e-02 7.221137639135122299e-05 2.521069487556815147e-03 2.075241412967443466e-03
1.750000000000000000e+04 5.581719451583921909e-04 1.619304157793521881e-02 4.661205457523465157e-04 9.281734237447381020e-04 2.009233925491571426e-03 2.961591235361993313e-04 1.141261681914329529e-02 1.285819307668134570e-04 5.701501388102769852e-03 1.926578930579125881e-03
1.800000000000000000e+04 5.943257128819823265e-04 1.162299793213605881e-02 4.576354986056685448e-04 7.026392268016934395e-04 2.084369771182537079e-03 3.114599676337093115e-04 8.009742014110088348e-03 1.355324347969144583e-04 4.787391517311334610e-03 1.932968385517597198e-03
1.850000000000000000e+04 3.435393155086785555e-04 7.979418151080608368e-03 4.361259052529931068e-04 5.152463563717901707e-04 2.040142193436622620e-03 1.911781437229365110e-04 6.994498893618583679e-03 1.479892380302771926e-04 1.674748724326491356e-03 1.747951144352555275e-03
1.900000000000000000e+04 2.949354820884764194e-04 5.347637925297021866e-03 2.988847845699638128e-04 4.649350303225219250e-04 2.204706426709890366e-03 1.509932917542755604e-04 4.696909803897142410e-03 1.019981355057097971e-04 1.234916853718459606e-03 1.826943946070969105e-03
1.950000000000000000e+04 2.611686650197952986e-04 3.637417918071150780e-03 1.426405797246843576e-04 4.294888931326568127e-04 2.318397630006074905e-03 1.210107657243497670e-04 2.424341393634676933e-03 1.030014682328328490e-04 1.454786164686083794e-03 2.044522901996970177e-03
2.000000000000000000e+04 2.205515338573604822e-04 2.498605987057089806e-03 8.563466690247878432e-05 3.616673348005861044e-04 2.362426370382308960e-03 1.004807127173990011e-04 1.670107594691216946e-03 1.032853688229806721e-04 1.013007364235818386e-03 2.030138159170746803e-03
2.050000000000000000e+04 1.769121154211461544e-04 1.716119819320738316e-03 4.290536162443459034e-05 1.993832702282816172e-04 2.590401563793420792e-03 7.566108251921832561e-05 1.767024979926645756e-03 6.362667772918939590e-05 3.923807817045599222e-04 1.981348032131791115e-03
2.100000000000000000e+04 1.467129768570885062e-04 1.467422349378466606e-03 3.312198896310292184e-05 1.981151144718751311e-04 2.517742337659001350e-03 6.161172495922073722e-05 1.534436130896210670e-03 4.305137917981483042e-05 3.200394567102193832e-04 1.899971743114292622e-03
2.150000000000000000e+04 1.428425166523084044e-04 1.419346896000206470e-03 3.979976463597267866e-05 2.429060987196862698e-04 2.051261719316244125e-03 6.297288928180932999e-05 1.098104869015514851e-03 7.797173020662739873e-05 2.167903439840301871e-04 1.755129895173013210e-03
2.200000000000000000e+04 1.336629065917804837e-04 1.275873742997646332e-03 2.549203600210603327e-05 2.039060345850884914e-04 1.962847542017698288e-03 5.616210182779468596e-05 9.517043945379555225e-04 5.297151801642030478e-05 1.849048567237332463e-04 1.661413232795894146e-03
2.250000000000000000e+04 1.070848302333615720e-04 1.061802846379578114e-03 1.442648863303475082e-05 1.538578071631491184e-04 1.916264533065259457e-03 4.589937452692538500e-05 8.311475976370275021e-04 3.086188735323958099e-05 2.274625003337860107e-04 1.626296085305511951e-03
2.300000000000000000e+04 9.079379378817975521e-05 9.593047434464097023e-04 1.262249406863702461e-05 1.271735236514359713e-04 1.818264718167483807e-03 3.791064227698370814e-05 7.488111150451004505e-04 2.555046376073732972e-05 2.052765485132113099e-04 1.518023316748440266e-03
2.350000000000000000e+04 1.077679262380115688e-04 1.010927488096058369e-03 1.425339723937213421e-05 1.310463267145678401e-04 1.650416059419512749e-03 3.381085480214096606e-05 5.823693354614078999e-04 1.643518407945521176e-05 1.362101756967604160e-04 1.235350151546299458e-03
2.400000000000000000e+04 9.168421820504590869e-05 9.281286038458347321e-04 1.326862275163875893e-05 1.025511737680062652e-04 1.560257398523390293e-03 2.557743937359191477e-05 5.310019478201866150e-04 1.830177461670245975e-05 1.298499846598133445e-04 1.144154346548020840e-03
2.450000000000000000e+04 7.395634020213037729e-05 9.111394174396991730e-04 1.304914076172281057e-05 1.027736361720599234e-04 1.614501117728650570e-03 2.476213012414518744e-05 4.983211983926594257e-04 1.810281537473201752e-05 1.239583070855587721e-04 1.071475096978247166e-03
2.500000000000000000e+04 6.319853127934038639e-05 7.901229546405375004e-04 1.662633076193742454e-05 4.864068978349678218e-05 1.494688913226127625e-03 1.830016481108032167e-05 4.522817616816610098e-04 2.008792398555669934e-05 7.837431621737778187e-05 9.448624332435429096e-04
2.550000000000000000e+04 4.591343531501479447e-05 6.279046065174043179e-04 2.701738412724807858e-05 3.597983231884427369e-05 1.198211917653679848e-03 1.350716775050386786e-05 4.004675720352679491e-04 2.123557351296767592e-05 4.830968464375473559e-05 9.307807195000350475e-04
2.600000000000000000e+04 4.084640022483654320e-05 5.640900926664471626e-04 2.848466283467132598e-05 2.520971793273929507e-05 1.096860505640506744e-03 1.232867998623987660e-05 3.642738156486302614e-04 2.335799945285543799e-05 3.764330540434457362e-05 8.167742635123431683e-04
2.650000000000000000e+04 4.730648652184754610e-05 4.895239835605025291e-04 2.289666917931754142e-05 1.740745028655510396e-05 1.186492503620684147e-03 1.037459242070326582e-05 3.475247358437627554e-04 2.366673106735106558e-05 3.580182237783446908e-05 6.522356416098773479e-04
2.700000000000000000e+04 4.203526623314246535e-05 4.380357277113944292e-04 2.197648427681997418e-05 1.234799674421083182e-05 1.093537895940244198e-03 9.291032256442122161e-06 3.067114448640495539e-04 2.414514710835646838e-05 1.901163159345742315e-05 5.550508503802120686e-04
2.750000000000000000e+04 2.354432763240765780e-05 3.688005963340401649e-04 3.108769669779576361e-05 1.075516411219723523e-05 7.080273935571312904e-04 8.007698852452449501e-06 2.970968198496848345e-04 4.013503712485544384e-05 7.015126811893424019e-06 5.076254019513726234e-04
2.800000000000000000e+04 1.985483868338633329e-05 3.215449105482548475e-04 2.789496102195698768e-05 8.275581421912647784e-06 6.441589212045073509e-04 6.581276011274894699e-06 2.697683230508118868e-04 3.205714529030956328e-05 6.959516213100869209e-06 4.372713156044483185e-04
2.850000000000000000e+04 2.184963341278489679e-05 2.760908391792327166e-04 2.456795664329547435e-05 8.564339623262640089e-06 7.976983324624598026e-04 5.341003543435363099e-06 2.045276924036443233e-04 1.651071215746924281e-05 1.083889947040006518e-05 3.717643267009407282e-04
2.900000000000000000e+04 1.987307405215688050e-05 2.264560316689312458e-04 2.418343137833289802e-05 6.570293862750986591e-06 7.264711312018334866e-04 4.615388206730131060e-06 1.698049309197813272e-04 1.539974618935957551e-05 1.192819217976648360e-05 3.040146548300981522e-04
2.950000000000000000e+04 1.421305933035910130e-05 1.889414270408451557e-04 1.254482049262151122e-05 6.118223609519191086e-06 5.964891170151531696e-04 4.078798156115226448e-06 1.497996418038383126e-04 1.421151137037668377e-05 1.815092036849819124e-05 2.371680166106671095e-04
3.000000000000000000e+04 1.276426428375998512e-05 1.460320927435532212e-04 1.253093250852543861e-05 5.961997885606251657e-06 5.263772327452898026e-04 3.284516651547164656e-06 1.268132473342120647e-04 1.591557156643830240e-05 1.923706804518587887e-05 1.843080535763874650e-04
3.050000000000000000e+04 1.113658163376385346e-05 1.091274898499250412e-04 1.259300825040554628e-05 3.992894562543369830e-06 4.539081419352442026e-04 2.061314717138884589e-06 1.077311244443990290e-04 8.535525012121070176e-06 4.573215846903622150e-06 1.585755235282704234e-04
3.100000000000000000e+04 8.900249667931348085e-06 8.644245826872065663e-05 8.565060852561146021e-06 3.473532842690474354e-06 4.222027200739830732e-04 1.713354095045360737e-06 8.694652933627367020e-05 5.491926913236966357e-06 4.118184733670204878e-06 1.313415268668904901e-04
3.150000000000000000e+04 6.504013981611933559e-06 6.470501830335706472e-05 3.143633648505783640e-06 3.346674247950431891e-06 3.415215178392827511e-04 1.715208895802788902e-06 7.105097029125317931e-05 3.927006673620780930e-06 1.113580583478324115e-05 1.076084881788119674e-04
3.200000000000000000e+04 6.067487902328139171e-06 4.609618918038904667e-05 2.254216497021843679e-06 2.793465910144732334e-06 3.100360336247831583e-04 1.449388491892023012e-06 5.709552715416066349e-05 1.412828737556992564e-06 1.501986480434425175e-05 8.726373926037922502e-05
3.250000000000000000e+04 8.296863597934134305e-06 4.313711906434036791e-05 5.272806447464972734e-06 5.011094344808952883e-06 2.650516689755022526e-04 1.173709620161389466e-06 6.260757800191640854e-05 3.714343847605050541e-06 6.314069651125464588e-06 7.122081296984106302e-05
3.300000000000000000e+04 7.441467914759414271e-06 3.476842539384961128e-05 4.133287802687846124e-06 3.760326990231988020e-06 2.385029074503108859e-04 9.450640163777279668e-07 5.201953536015935242e-05 3.915208708349382505e-06 9.311082067142706364e-06 5.565944229601882398e-05
3.350000000000000000e+04 8.730880836083088070e-06 3.707157156895846128e-05 3.760764911930891685e-06 1.737996171868871897e-06 3.286113205831497908e-04 8.513006832799874246e-07 2.849071825039573014e-05 3.877209564961958677e-06 4.297853593016043305e-06 4.298503336030989885e-05
3.400000000000000000e+04 9.277567187382373959e-06 3.033529901586007327e-05 3.433077608860912733e-06 1.573276108501886483e-06 3.024362376891076565e-04 8.476732773488038220e-07 2.028964081546291709e-05 2.627206185934483074e-06 2.725767672018264420e-06 3.495814235066063702e-05
3.450000000000000000e+04 7.808932423358783126e-06 2.644803134899120778e-05 2.775356051643029787e-06 1.172281258732255083e-06 2.780121576506644487e-04 7.011084903751907405e-07 3.430237484280951321e-05 1.557555719955416862e-06 3.438796511545660906e-06 3.057420326513238251e-05
3.500000000000000000e+04 8.744251317693851888e-06 2.276255509059410542e-05 2.302248958585551009e-06 7.618937161169014871e-07 2.572937810327857733e-04 5.553364417210104875e-07 3.869790089083835483e-05 1.405110651830909774e-06 2.886908077925909311e-06 2.628703805385157466e-05
3.550000000000000000e+04 9.428364137420430779e-06 2.312968172191176564e-05 2.187305426559760235e-06 8.354818419320508838e-07 2.641463361214846373e-04 5.280773507365665864e-07 2.721974124142434448e-05 7.135571422622888349e-07 3.222044824724434875e-06 2.410453271295409650e-05
3.600000000000000000e+04 1.123299989558290690e-05 2.119002601830288768e-05 1.740582774800714105e-06 6.047202987247146666e-07 2.458016388118267059e-04 4.938136726195807569e-07 2.406027488177642226e-05 4.348309801116556628e-07 2.005968553930870257e-06 2.162032251362688839e-05
3.650000000000000000e+04 1.413685458828695118e-05 2.406934254395309836e-05 1.289786268898751587e-06 5.211795723880641162e-07 2.992610388901084661e-04 4.298097451282956172e-07 1.623276330064982176e-05 6.957538403185026255e-07 2.830311814250308089e-06 2.009062336583156139e-05
3.700000000000000000e+04 1.487728513893671334e-05 2.258631684526335448e-05 1.624891524443228263e-06 3.834078654563199962e-07 2.881784748751670122e-04 3.865530118218885036e-07 1.474422424507793039e-05 5.590047180703550112e-07 3.371512775629526004e-06 1.915710163302719593e-05
3.750000000000000000e+04 1.788310692063532770e-05 1.930263715621549636e-05 7.178100531746167690e-07 1.559099928272189572e-06 2.902399864979088306e-04 3.794803546952607576e-07 2.859445521607995033e-05 2.193982481912826188e-06 1.738171022225287743e-06 2.006359500228427351e-05
3.800000000000000000e+04 1.924942262121476233e-05 1.796837204892653972e-05 6.465637056862760801e-07 1.398369590788206551e-06 2.775448083411902189e-04 4.246523417350545060e-07 2.675619180081412196e-05 2.968252601931453682e-06 4.573296791932079941e-06 1.894354136311449111e-05
3.850000000000000000e+04 1.796216383809223771e-05 1.382517439196817577e-05 1.445705947844544426e-06 6.784298420825507492e-07 2.252543345093727112e-04 4.807852747035212815e-07 3.242707316530868411e-05 5.664030140906106681e-06 1.588095301485736854e-06 1.724750472931191325e-05
3.900000000000000000e+04 1.883098411781247705e-05 1.266100753127830103e-05 1.181583684228826314e-06 7.039196816549520008e-07 2.168782812077552080e-04 5.147477963873825502e-07 2.876581129385158420e-05 5.503685770236188546e-06 1.413128075000713579e-06 1.649436671868897974e-05
3.950000000000000000e+04 1.877303293440490961e-05 1.310223888140171766e-05 1.001894247565360274e-06 6.753955403837608173e-07 1.821978949010372162e-04 5.267465326141973492e-07 1.859101212176028639e-05 1.390871830153628252e-06 7.482511591661022976e-06 1.521808735560625792e-05
4.000000000000000000e+04 1.893177613965235651e-05 1.224980769620742649e-05 8.540731641915044747e-07 5.055141514276328962e-07 1.759494189172983170e-04 5.216712111177912448e-07 1.691653960733674467e-05 1.557757286718697287e-06 1.062948285834863782e-05 1.441788663214538246e-05
4.050000000000000000e+04 2.131519431713968515e-05 1.599879760760813951e-05 9.964131777451257221e-07 6.874994369354681112e-07 2.780582290142774582e-04 4.954374617227585986e-07 1.016891019389731809e-05 2.380799060119898058e-06 1.716143560770433396e-05 1.183918993774568662e-05
4.100000000000000000e+04 2.194828812207560986e-05 1.520264595455955714e-05 9.057702641257492360e-07 5.587683062913129106e-07 2.719541953410953283e-04 4.867685561293910723e-07 1.014548161037964746e-05 2.403229700576048344e-06 1.917749250424094498e-05 1.148974843090400100e-05
4.150000000000000000e+04 1.420189437340013683e-05 9.355720067105721682e-06 9.083929057851491962e-07 4.552134953428321751e-07 1.550215965835377574e-04 5.324861263034108561e-07 8.596346560807432979e-06 9.109404572882340290e-07 1.101413204196433071e-06 8.375412107852753252e-06
4.200000000000000000e+04 1.317110582021996379e-05 8.829405487631447613e-06 7.219915687528555281e-07 4.223026337513147155e-07 1.537371863378211856e-04 5.455076461657881737e-07 7.486067261197604239e-06 9.294421943195629865e-07 9.227271107192791533e-07 7.305818144232034683e-06
4.250000000000000000e+04 2.027219306910410523e-05 9.087669241125695407e-06 8.236492590185662266e-07 2.786721893244248349e-07 1.751003874232992530e-04 6.397341962838254403e-07 1.226064523507375270e-05 1.271090468435431831e-06 2.670165258678025566e-06 8.656616046209819615e-06
4.300000000000000000e+04 2.078592842735815793e-05 8.559773959859739989e-06 8.593543725510244258e-07 1.999654557494068285e-07 1.706675975583493710e-04 6.902698714839061722e-07 1.189550221170065925e-05 1.588114628248149529e-06 6.693686827929923311e-06 8.778910341789014637e-06
4.350000000000000000e+04 1.787615292414557189e-05 8.494585017615463585e-06 1.845943188527598977e-06 2.563279622336267494e-06 1.485138636780902743e-04 6.251232207432622090e-07 7.278990324266487733e-06 1.510666152171324939e-06 8.338819498021621257e-06 5.905929810978705063e-06
4.400000000000000000e+04 1.705228169157635421e-05 7.148476015572668985e-06 1.503531620983267203e-06 2.204415068263188004e-06 1.485282846260815859e-04 5.595078960141108837e-07 7.181379260146059096e-06 1.668619574957119767e-06 7.530321909143822268e-06 5.354571840143762529e-06
4.450000000000000000e+04 2.046637928287964314e-05 9.368329301651101559e-06 6.392089062501327135e-07 1.105446585825120565e-06 1.912667939905077219e-04 5.473331725625030231e-07 6.655943707301048562e-06 2.543847585911862552e-06 1.019287424242065754e-06 9.096578651224263012e-06
4.500000000000000000e+04 2.234408020740374923e-05 9.608533218852244318e-06 4.928270982418325730e-07 9.910810376823064871e-07 1.821206096792593598e-04 6.202458280313294381e-07 7.140305569919291884e-06 2.460389850966748782e-06 9.564954552843119018e-07 8.976796380011364818e-06
4.550000000000000000e+04 2.895141733461059630e-05 1.121220884670037776e-05 6.434531201193749439e-07 3.437197904077038402e-07 2.513853542041033506e-04 6.202432132340618409e-07 9.311055691796354949e-06 2.748808128671953455e-06 3.171822413605696056e-07 9.530080205877311528e-06
4.600000000000000000e+04 3.015331822098232806e-05 1.102834357880055904e-05 6.289877205745142419e-07 2.875859195228258613e-07 2.406389394309371710e-04 6.428603001040755771e-07 1.015513862512307242e-05 3.328769707877654582e-06 3.580947236514475662e-07 9.336651601188350469e-06
4.650000000000000000e+04 2.210598540841601789e-05 8.341375178133603185e-06 4.502568060615885770e-07 2.097756208740975126e-07 1.062889859895221889e-04 6.683688980047008954e-07 1.823264756239950657e-05 1.900222287076758221e-06 3.115883373538963497e-07 5.285398401611018926e-06
4.700000000000000000e+04 1.969997902051545680e-05 7.541535524069331586e-06 3.111001944944291608e-07 1.976419667926165857e-07 1.068725032382644713e-04 6.164234491734532639e-07 1.798669654817786068e-05 1.733321141728083603e-06 5.427837095339782536e-07 4.390989943203749135e-06
4.750000000000000000e+04 2.085317464661784470e-05 4.704351795226102695e-06 5.445818942462210543e-07 1.238182534279985703e-07 5.685765790985897183e-05 4.977705430064816028e-07 7.772647222736850381e-06 1.356457687506917864e-06 4.005409664387116209e-06 5.475233592733275145e-06
4.800000000000000000e+04 2.074844815069809556e-05 4.537032509688287973e-06 4.636793846657383256e-07 1.083257785694513586e-07 5.545150997932069004e-05 4.645108617751247948e-07 6.872191079310141504e-06 1.429748976988776121e-06 5.036793481849599630e-06 5.480315849126782268e-06
4.850000000000000000e+04 1.772641553543508053e-05 4.431989054864970967e-06 4.035617848785477690e-07 1.787676637832191773e-07 7.406152872135862708e-05 5.114314376442052890e-07 7.103900315996725112e-06 9.410877055415767245e-07 1.788692202353558969e-06 6.272920018091099337e-06
4.900000000000000000e+04 1.763335058058146387e-05 4.169754902250133455e-06 3.731382207661226857e-07 1.852374964528280543e-07 6.919657607795670629e-05 5.306920911607448943e-07 8.541507668269332498e-06 8.366890256183978636e-07 1.359695488645229489e-06 6.121842034190194681e-06
4.950000000000000000e+04 2.074818075925577432e-05 6.403654424502747133e-06 7.620353699167026207e-07 1.162916873909125570e-06 9.218277409672737122e-05 5.204744297770957928e-07 8.156921467161737382e-06 4.095134045201120898e-06 3.994501639681402594e-06 6.179007868922781199e-06
5.000000000000000000e+04 1.968541982932947576e-05 6.736196610290789977e-06 4.678818754655367229e-07 5.487219141286914237e-07 8.998683915706351399e-05 4.397749933104933007e-07 5.795634024252649397e-06 4.705922947323415428e-06 2.576787437646999024e-06 6.466754712164402008e-06
5.050000000000000000e+04 2.996723196702077985e-05 1.221477668877923861e-05 3.536678718774055596e-07 2.495463036211731378e-07 1.940137444762513041e-04 4.369440205209684791e-07 1.772765790519770235e-05 1.877423642326903064e-06 2.750250359895289876e-06 6.255663720367010683e-06
5.100000000000000000e+04 2.874504207284189761e-05 1.266155322809936479e-05 2.932738709660043241e-07 1.696476203960628482e-07 1.911011349875479937e-04 4.123012899981404189e-07 2.251660589536186308e-05 1.571854681969853118e-06 2.377901182626374066e-06 6.437041520257480443e-06
5.150000000000000000e+04 2.043678796326275915e-05 8.271445949503686279e-06 8.097069894574815407e-07 1.696549389862411772e-07 1.249964407179504633e-04 4.481923383536923211e-07 1.446750593459000811e-05 1.002056478682789020e-06 6.583135814253182616e-07 7.302451649593422189e-06
5.200000000000000000e+04 2.068306457658763975e-05 7.677095709368586540e-06 8.415431693720165640e-07 1.123383128742716508e-07 1.220999693032354116e-04 4.880358801528927870e-07 1.256382711289916188e-05 9.886142606774228625e-07 8.073387789409025572e-07 7.398543402814539149e-06
5.250000000000000000e+04 2.022313310590106994e-05 6.530631708301370963e-06 2.239106606793939136e-07 1.677450711667916039e-07 1.184387874673120677e-04 5.397328095568809658e-07 8.886913747119251639e-06 2.352187948417849839e-06 1.562921966069552582e-06 6.709046829200815409e-06
5.300000000000000000e+04 2.127034713339526206e-05 6.190341991896275431e-06 2.169059030165954027e-07 1.449212589932358242e-07 1.147421062341891229e-04 5.505309559339366388e-07 8.490759682899806648e-06 1.736780404826276936e-06 1.028437964123440906e-06 6.539316473208600655e-06
5.350000000000000000e+04 2.093485090881586075e-05 6.385994765878422186e-06 6.145656357148254756e-07 4.017820742774347309e-07 1.137580766226164997e-04 4.727901341539109126e-07 1.208433604915626347e-05 2.892990778491366655e-06 3.228829655199660920e-06 4.870837074122391641e-06
5.400000000000000000e+04 1.984827395062893629e-05 6.713684797432506457e-06 5.553761752707941923e-07 2.775629184270655969e-07 1.125858616433106363e-04 5.038964445702731609e-07 1.382485879730666056e-05 1.954905883394530974e-06 4.432342848303960636e-06 4.622935648512793705e-06
5.450000000000000000e+04 3.004361497005447745e-05 8.567350050725508481e-06 3.747284722521726508e-07 3.253290401517006103e-07 1.344146003248170018e-04 4.602579224410874303e-07 8.316784260387066752e-06 1.226990207214839756e-06 2.463479177094995975e-06 4.466550763027044013e-06
5.500000000000000000e+04 2.831073106790427119e-05 8.596709449193440378e-06 2.329941679590774584e-07 2.679143733530509053e-07 1.329020160483196378e-04 4.241825308781699277e-07 8.561421054764650762e-06 1.383722747050342150e-06 2.046254166998551227e-06 4.683916813519317657e-06
5.550000000000000000e+04 2.115434290317352861e-05 7.198145794973243028e-06 3.016351968199160183e-07 6.826592766628891695e-07 1.004359146463684738e-04 4.753771065679757157e-07 5.507875357579905540e-06 7.246866971399867907e-06 6.921158728800946847e-06 4.166347935097292066e-06
5.600000000000000000e+04 1.902983422041870654e-05 6.990211204538354650e-06 1.962541773536941037e-07 4.126672763504757313e-07 1.000480478978715837e-04 4.462090714696387295e-07 5.638766197080258280e-06 7.446321433235425502e-06 7.613814887008629739e-06 4.273877493687905371e-06
5.650000000000000000e+04 1.174738918052753434e-05 5.130961199029115960e-06 1.751650984260777477e-07 2.858686798390408512e-07 3.085953721893019974e-05 4.684013958922150778e-07 1.027973576128715649e-05 1.162567627943644766e-06 7.061779001560353208e-07 3.034450401173671708e-06
5.700000000000000000e+04 1.152235199697315693e-05 4.244071988068753853e-06 1.516072813956270693e-07 2.310897002644196618e-07 3.055306660826317966e-05 4.785740088664169889e-07 9.030375622387509793e-06 1.640840650907193776e-06 6.902715767864719965e-07 3.074569576710928231e-06
5.750000000000000000e+04 1.265564242203254253e-05 3.372199671503040008e-06 7.659018592676147819e-07 2.586531024917348986e-07 6.533435953315347433e-05 4.528225758804182988e-07 1.227960638061631471e-05 4.753918005917512346e-07 8.099015644802420866e-07 2.783519448712468147e-06
5.800000000000000000e+04 1.249180786544457078e-05 3.511343493300955743e-06 6.259269298425351735e-07 2.376278587234992301e-07 6.479587318608537316e-05 4.720792503576376475e-07 1.136263472290011123e-05 2.302540877963110688e-07 8.772278761171037331e-07 2.592336841189535335e-06
5.850000000000000000e+04 1.138740844908170402e-05 4.781486040883464739e-06 4.318293065352918347e-07 9.341742384094686713e-07 1.353261177428066730e-04 5.219810077505826484e-07 7.072106654959497973e-06 6.129019425316073466e-07 1.368490757158724591e-06 3.725885107996873558e-06
5.900000000000000000e+04 1.171329222415806726e-05 4.567166342894779518e-06 3.788444757901743287e-07 7.716486152276047505e-07 1.335846609435975552e-04 5.201946464694628958e-07 6.884455615363549441e-06 8.017437949092709459e-07 8.652500582684297115e-07 3.809052486758446321e-06
5.950000000000000000e+04 1.346005956293083727e-05 4.043170065415324643e-06 1.966517686469160253e-07 2.763524094007152598e-07 9.829141345107927918e-05 5.016822797188069671e-07 8.404535947192925960e-06 1.194467358800466172e-06 3.312108844966132892e-07 2.855964794434839860e-06
6.000000000000000000e+04 1.249875185749260709e-05 3.815208856394747272e-06 1.844130537165256101e-07 1.863463410245458363e-07 9.822638821788132191e-05 4.739964083455561195e-07 8.180183613148983568e-06 1.396417815158201847e-06 6.172039093144121580e-07 2.844853497663279995e-06
6.050000000000000000e+04 1.442221764591522515e-05 4.041188731207512319e-06 2.082797010416470584e-07 1.072053805728501175e-07 1.171363328467123210e-04 4.380569862405536696e-07 1.101563702832208946e-05 7.121045655367197469e-07 6.171788982101134025e-07 3.278184976807096973e-06
6.100000000000000000e+04 1.432132194167934358e-05 3.917793947039172053e-06 2.017892200001369929e-07 8.683279872911953134e-08 1.158143422799184918e-04 4.205405161883390974e-07 1.097003314498579130e-05 6.953304705348273274e-07 8.193660505639854819e-07 3.353679176143486984e-06
6.150000000000000000e+04 1.208579669764731079e-05 4.866406470682704821e-06 3.072568404149933485e-07 1.156100992716346809e-07 7.968287536641582847e-05 4.238866324612899916e-07 1.390208581142360345e-05 3.728366095856472384e-07 6.920375312802207191e-07 4.455121143109863624e-06
6.200000000000000000e+04 1.208260346174938604e-05 5.012313977204030380e-06 2.249877155691137887e-07 1.127205422335464391e-07 7.668932812521234155e-05 4.320337154695153004e-07 1.460453586332732812e-05 4.045874959501816193e-07 7.428523645103268791e-07 4.525353688222821802e-06
6.250000000000000000e+04 2.003591180255170912e-05 3.753420287466724403e-06 2.855302625448530307e-07 9.774267937245895155e-07 6.822504656156525016e-05 3.922775420051038964e-07 2.084102015942335129e-05 3.303839832824451150e-07 1.010707478599215392e-06 2.799324875013553537e-06
6.300000000000000000e+04 1.780879028956405818e-05 3.735021437023533508e-06 2.622703334509424167e-07 7.583813612654921599e-07 6.853540980955585837e-05 3.864065547531936318e-07 2.329347080376464874e-05 4.007450797871570103e-07 1.128061057897866704e-06 2.672919208634993993e-06
6.350000000000000000e+04 1.200330098072299734e-05 3.888319497491465881e-06 1.456578644365436048e-07 6.658632969447353389e-07 4.671193892136216164e-05 4.169784517671359936e-07 8.478533345623873174e-06 5.113686256663640961e-07 3.600740114961809013e-07 2.918987547673168592e-06
6.400000000000000000e+04 1.230360248882789165e-05 3.149005578961805440e-06 1.556924189571873285e-07 5.592311822510964703e-07 4.580492168315686285e-05 3.833971504718647338e-07 7.799784725648351014e-06 6.474291467384318821e-07 5.498110340340645052e-07 2.930044274762622081e-06
6.450000000000000000e+04 1.177642025140812621e-05 4.541894668363966048e-06 3.516782669521489879e-07 4.635594166302325903e-07 1.170102186733856797e-04 3.309007468033087207e-07 5.489595878316322342e-06 1.987143377846223302e-06 1.301395741393207572e-06 3.682265059978817590e-06
6.500000000000000000e+04 1.259644704987294972e-05 4.609834377333754674e-06 3.556475292043614900e-07 3.947839388729335042e-07 1.129634983954019845e-04 3.090347320267028408e-07 5.781740583188366145e-06 1.665236254666524474e-06 1.399740654051129241e-06 3.609877239796333015e-06
6.550000000000000000e+04 1.804293060558848083e-05 4.990016805095365271e-06 1.723257696539803874e-07 6.830625665088518872e-08 1.246093597728759050e-04 3.400298282940639183e-07 7.046834070933982730e-06 6.679051693936344236e-07 2.741689286267501302e-06 2.384091885687666945e-06
6.600000000000000000e+04 1.621729461476206779e-05 4.855530278291553259e-06 1.401035660819616169e-07 5.849512163536019216e-08 1.249015622306615114e-04 3.315790308988653123e-07 6.865040177217451856e-06 9.697755558590870351e-07 3.036280531887314282e-06 2.463536930008558556e-06
6.650000000000000000e+04 9.077453796635381877e-06 3.164506324537796900e-06 4.456948659026238602e-07 1.595783771790593164e-07 6.677002966171130538e-05 3.641488603989273543e-07 5.762492946814745665e-06 3.667741736990137724e-07 3.801381467383180279e-07 3.126230922134709544e-06
6.700000000000000000e+04 9.188467629428487271e-06 2.991234850924229249e-06 3.729125523932452779e-07 1.492346939357958036e-07 6.557397136930376291e-05 3.499067133816424757e-07 5.439365395432105288e-06 2.795559623791632475e-07 2.725983563323097769e-07 3.058336233152658679e-06
