# step, loss_train, loss_test, metrics_test
0.000000000000000000e+00 4.001434519886970520e-02 6.283788383007049561e-02 1.440803986042737961e-03 3.746174625121057034e-04 1.165739377029240131e-03 4.046967625617980957e-02 6.469078361988067627e-02 1.229621353559195995e-03 1.919143251143395901e-04 2.151741646230220795e-03
5.000000000000000000e+02 4.908028640784323215e-04 5.807092413306236267e-02 3.017133531102444977e-05 1.413036952726542950e-04 4.345778841525316238e-03 5.132650840096175671e-04 6.618488579988479614e-02 3.397545015104697086e-06 3.287553845439106226e-04 5.022789817303419113e-03
1.000000000000000000e+03 7.018474279902875423e-04 5.765687674283981323e-02 3.082578041357919574e-05 1.120284650824032724e-04 3.510930342599749565e-03 6.796841626055538654e-04 6.549829244613647461e-02 5.292567948345094919e-06 2.106461033690720797e-04 4.186206497251987457e-03
1.500000000000000000e+03 3.678830689750611782e-04 6.822893768548965454e-02 8.206267375499010086e-05 9.502792818238958716e-05 4.182105418294668198e-03 3.381946589797735214e-04 6.508240848779678345e-02 5.305930972099304199e-05 5.829588189953938127e-05 4.686792846769094467e-03
2.000000000000000000e+03 2.585929760243743658e-04 6.755112111568450928e-02 9.566974767949432135e-05 1.089058350771665573e-04 3.530310699716210365e-03 2.376970660407096148e-04 6.497706472873687744e-02 6.395498348865658045e-05 3.683498653117567301e-05 4.013353493064641953e-03
2.500000000000000000e+03 2.194471162511035800e-04 7.997767627239227295e-02 9.171207057079300284e-05 2.217554138042032719e-04 3.367370460182428360e-03 2.006846043514087796e-04 6.460759788751602173e-02 6.947718793526291847e-05 6.753304478479549289e-05 3.730250289663672447e-03
3.000000000000000000e+03 1.316907582804560661e-04 7.920479029417037964e-02 1.884658995550125837e-04 3.669060533866286278e-04 2.856573089957237244e-03 1.079111461876891553e-04 6.401851028203964233e-02 1.223404688062146306e-04 1.065979013219475746e-04 3.217130200937390327e-03
3.500000000000000000e+03 1.431411132216453552e-03 6.084180250763893127e-02 3.207130066584795713e-04 4.573261539917439222e-04 8.698916644789278507e-04 1.002402394078671932e-03 6.319208443164825439e-02 6.882526795379817486e-04 8.874033228494226933e-04 1.474356511607766151e-03
4.000000000000000000e+03 1.341657596640288830e-03 4.982602223753929138e-02 5.863926489837467670e-04 1.070765196345746517e-03 1.119870226830244064e-03 9.012906812131404877e-04 4.986563697457313538e-02 1.543230027891695499e-03 3.593740286305546761e-03 1.619612448848783970e-03
4.500000000000000000e+03 2.262675407109782100e-04 3.481004014611244202e-02 2.213294355897232890e-04 8.752108551561832428e-04 2.670236630365252495e-03 2.159851283067837358e-04 4.079902172088623047e-02 1.307119382545351982e-04 1.393736456520855427e-03 2.932949457317590714e-03
5.000000000000000000e+03 3.678284119814634323e-04 2.613924071192741394e-02 8.816901390673592687e-05 9.408118203282356262e-04 3.467834088951349258e-03 3.260094381403177977e-04 3.008137084543704987e-02 2.895194920711219311e-04 1.859843381680548191e-03 3.579492913559079170e-03
5.500000000000000000e+03 3.226593544241040945e-04 1.142260339111089706e-02 2.458643284626305103e-04 5.009397864341735840e-04 4.966399632394313812e-03 2.684585051611065865e-04 1.112466119229793549e-02 6.632174336118623614e-05 1.629413920454680920e-03 4.845690447837114334e-03
6.000000000000000000e+03 3.785788139794021845e-04 4.415097646415233612e-03 1.718946296023204923e-04 2.150815562345087528e-04 4.823184572160243988e-03 3.088677476625889540e-04 3.350018523633480072e-03 8.817861817078664899e-05 3.523836203385144472e-04 4.542345646768808365e-03
6.500000000000000000e+03 2.820881782099604607e-04 2.280986169353127480e-03 1.115764971473254263e-04 1.111567107727751136e-04 4.249253310263156891e-03 2.291464188601821661e-04 1.820493489503860474e-03 8.028651791391894221e-05 7.621719123562797904e-05 3.802432445809245110e-03
7.000000000000000000e+03 2.154020912712439895e-04 1.596766407601535320e-03 5.328045517671853304e-05 9.433200466446578503e-05 3.459032159298658371e-03 1.633514038985595107e-04 1.174645381979644299e-03 5.402884562499821186e-05 9.456635598326101899e-05 2.989459317177534103e-03
7.500000000000000000e+03 1.924138196045532823e-04 1.016746973618865013e-03 5.660452370648272336e-05 4.951323717250488698e-05 2.688755281269550323e-03 1.226736203534528613e-04 7.565388805232942104e-04 4.545708361547440290e-05 1.265625269297743216e-05 2.454931847751140594e-03
8.000000000000000000e+03 1.308439386775717139e-04 6.937835132703185081e-04 5.299328404362313449e-05 2.810677142406348139e-05 2.196268178522586823e-03 7.595527858939021826e-05 5.697260494343936443e-04 3.263691542088054121e-05 2.928705907834228128e-05 1.974997110664844513e-03
8.500000000000000000e+03 9.530594979878515005e-05 5.185764748603105545e-04 4.146906212554313242e-05 5.575369141297414899e-05 1.925584278069436550e-03 5.292540299706161022e-05 4.002825007773935795e-04 6.074563498259522021e-05 1.066049953806214035e-04 1.722363173030316830e-03
9.000000000000000000e+03 7.551716407760977745e-05 3.830851637758314610e-04 2.213108746218495071e-05 6.079757440602406859e-05 1.672776183113455772e-03 3.625422687036916614e-05 3.226545522920787334e-04 3.460510197328403592e-05 1.200666738441213965e-04 1.452120370231568813e-03
9.500000000000000000e+03 6.975085125304758549e-05 3.484286426100879908e-04 1.178166894533205777e-05 5.423890615929849446e-05 1.495536649599671364e-03 3.219227437512017787e-05 2.319471386726945639e-04 2.200125345552805811e-05 1.112142053898423910e-04 1.125277485698461533e-03
1.000000000000000000e+04 5.882209006813354790e-05 2.623811597004532814e-04 1.841397170210257173e-05 3.208557973266579211e-05 1.242118305526673794e-03 2.399267577857244760e-05 1.682174624875187874e-04 3.478996950434520841e-05 8.593496750108897686e-05 8.930059848353266716e-04
1.050000000000000000e+04 5.108490222482942045e-05 2.132347290171310306e-04 2.893167766160331666e-05 5.024681377108208835e-05 1.366371405310928822e-03 1.721572516544256359e-05 1.349206577287986875e-04 2.821191083057783544e-05 7.196411024779081345e-05 7.376548019237816334e-04
1.100000000000000000e+04 4.122522295801900327e-05 1.660074049141258001e-04 2.329011476831510663e-05 2.646372922754380852e-05 1.193610136397182941e-03 1.344706470263190567e-05 1.030407147482037544e-04 1.975264603970572352e-05 6.251476588658988476e-05 5.982833099551498890e-04
1.150000000000000000e+04 2.920012229878921062e-05 1.209854963235557079e-04 5.474335011967923492e-06 5.539778157981345430e-06 7.230130722746253014e-04 1.089839224732713774e-05 8.439796511083841324e-05 6.366646630340255797e-06 4.494212043937295675e-05 5.147415795363485813e-04
1.200000000000000000e+04 2.366734770475886762e-05 9.578471508575603366e-05 3.476221991149941459e-06 6.066949026717338711e-06 6.330575561150908470e-04 9.142923772742506117e-06 6.752889748895540833e-05 3.866722181555815041e-06 4.247827382641844451e-05 4.273809609003365040e-04
1.250000000000000000e+04 2.795789077936206013e-05 7.841191109037026763e-05 3.350503220644895919e-06 1.152207732957322150e-05 7.308606291189789772e-04 8.145428182615432888e-06 4.895486563327722251e-05 3.831445610558148474e-06 3.015586844412609935e-05 3.501872706692665815e-04
1.300000000000000000e+04 2.566653711255639791e-05 6.230524741113185883e-05 3.219330665160669014e-06 9.553541531204245985e-06 6.626392132602632046e-04 6.942384061403572559e-06 4.213073043501935899e-05 4.521546543401200324e-06 2.832799509633332491e-05 2.858569496311247349e-04
1.350000000000000000e+04 1.330516806774539873e-05 4.743759927805513144e-05 2.581159378678421490e-06 4.880907454207772389e-06 3.952537372242659330e-04 5.175545084057375789e-06 5.843263716087676585e-05 1.831359077186789364e-05 2.987242260132916272e-05 2.462161355651915073e-04
1.400000000000000000e+04 1.015245197777403519e-05 3.802717401413246989e-05 2.927357400039909407e-06 2.546972609707154334e-06 3.475143457762897015e-04 4.287554929760517552e-06 4.801083559868857265e-05 3.043561810045503080e-05 2.414174559817183763e-05 2.018831291934475303e-04
1.450000000000000000e+04 1.201206669065868482e-05 3.963583731092512608e-05 1.289213014388224110e-05 4.812748102267505601e-06 6.712277536280453205e-04 4.587351668305927888e-06 3.260280209360644221e-05 1.320459614362334833e-05 1.690092176431789994e-05 1.560070959385484457e-04
1.500000000000000000e+04 1.085433996195206419e-05 3.724208363564684987e-05 1.001366854325169697e-05 4.593950961861992255e-06 6.113951676525175571e-04 3.763530912692658603e-06 3.381038186489604414e-05 1.301720385527005419e-05 1.527369386167265475e-05 1.219927798956632614e-04
1.550000000000000000e+04 7.885682862251996994e-06 2.909797876782249659e-05 1.168155267805559561e-05 4.724746759166009724e-06 3.727367147803306580e-04 3.074599817409762181e-06 2.660686004674062133e-05 1.473739939683582634e-05 2.640053935465402901e-05 9.642790246289223433e-05
1.600000000000000000e+04 6.754567948519252241e-06 2.735552880039904267e-05 7.613031812070403248e-06 3.111491423624102026e-06 3.292535257060080767e-04 2.407371994195273146e-06 3.006091537827160209e-05 7.397902663797140121e-06 2.981631769216619432e-05 7.624189311172813177e-05
1.650000000000000000e+04 6.789482540625613183e-06 3.008206113008782268e-05 8.009480552573222667e-06 2.709085265450994484e-06 4.500004579313099384e-04 2.058214477074216120e-06 2.668080560397356749e-05 3.862914581986842677e-06 1.347469606116646901e-05 6.099894744693301618e-05
1.700000000000000000e+04 5.907262675464153290e-06 2.664988278411328793e-05 6.720691999362315983e-06 2.303848077644943260e-06 4.196439986117184162e-04 1.708378590592474211e-06 2.347375630051828921e-05 6.322346507658949122e-06 1.356739721813937649e-05 4.859737600781954825e-05
1.750000000000000000e+04 5.211274583416525275e-06 2.359767313464544713e-05 3.887202183250337839e-06 2.562496320024365559e-06 3.387416654732078314e-04 1.236869934473361354e-06 2.205321106885094196e-05 3.608911129049374722e-06 5.864935246790992096e-06 4.045293098897673190e-05
1.800000000000000000e+04 5.297601092024706304e-06 2.100642086588777602e-05 2.867286639229860157e-06 2.081455249935970642e-06 3.238746139686554670e-04 1.047841919898928609e-06 1.770365815900731832e-05 2.942124638138921000e-06 3.910011855623451993e-06 3.408101474633440375e-05
1.850000000000000000e+04 6.347104317683260888e-06 2.640333150338847190e-05 1.039422204485163093e-05 2.747304279182571918e-06 4.784900229424238205e-04 1.232823933605686761e-06 7.248637757584219798e-06 2.768046761048026383e-05 1.293445257033454254e-05 3.246736378059722483e-05
1.900000000000000000e+04 7.018974429229274392e-06 2.669741479621734470e-05 6.890448275953531265e-06 1.976029807337909006e-06 4.558010550681501627e-04 1.138168727266020142e-06 6.741050583514152095e-06 1.911121398734394461e-05 1.395302297169109806e-05 2.912801028287503868e-05
1.950000000000000000e+04 7.533590633101994172e-06 1.858509858720935881e-05 1.342264340564724989e-06 1.598507424205308780e-06 1.595094508957117796e-04 1.080226297744957265e-06 2.459074130456428975e-05 4.113670001970604062e-06 1.330926806986099109e-05 2.286066046508494765e-05
2.000000000000000000e+04 7.638775969098787755e-06 1.659986628510523587e-05 9.534968512525665574e-07 1.319193529525364283e-06 1.502773520769551396e-04 9.944831163011258468e-07 2.008695446420460939e-05 4.101977992831962183e-06 1.074497868103208020e-05 2.041480547632090747e-05
2.050000000000000000e+04 9.330871762358583510e-06 1.719505780783947557e-05 1.484371068727341481e-06 1.376992941004573368e-06 2.432265027891844511e-04 9.228322142007527873e-07 1.379065452056238428e-05 2.456206630085944198e-06 4.132674348511500284e-06 2.349387978028971702e-05
2.100000000000000000e+04 1.083022289094515145e-05 1.494009393354644999e-05 1.353228867628786247e-06 1.445773477826151066e-06 2.260641776956617832e-04 9.199207511301210616e-07 1.123167203331831843e-05 2.358120127610163763e-06 1.965877345355693251e-06 2.258702625113073736e-05
2.150000000000000000e+04 1.190917646454181522e-05 1.595927096786908805e-05 2.250863417430082336e-06 1.837560034800844733e-06 2.904523862525820732e-04 9.379238008477841504e-07 1.788299778127111495e-05 7.710804311500396580e-06 3.963809831475373358e-06 1.769620030245278031e-05
2.200000000000000000e+04 1.229428926308173686e-05 1.461043757444713265e-05 2.050115426754928194e-06 1.399428811055258848e-06 2.842744870577007532e-04 8.958597845776239410e-07 1.518122917332220823e-05 6.050962838344275951e-06 3.352248086230247281e-06 1.681750291027128696e-05
2.250000000000000000e+04 9.892205525829922408e-06 1.178522325062658638e-05 2.160030589948291890e-06 8.000318416634399910e-07 1.685462484601885080e-04 8.881048643161193468e-07 1.182852429337799549e-05 3.734168330993270501e-06 1.624818105483427644e-05 1.331660951109370217e-05
2.300000000000000000e+04 1.050221817422425374e-05 1.150365733337821439e-05 1.485518168919952586e-06 5.682047117261390667e-07 1.636527740629389882e-04 9.249798154087329749e-07 1.110812172555597499e-05 3.104447387158870697e-06 2.406464409432373941e-05 1.290712407353566960e-05
2.350000000000000000e+04 1.246899046236649156e-05 1.314176552114076912e-05 9.680928769739693962e-07 7.878584256104659289e-07 1.713138481136411428e-04 9.494567052570346277e-07 7.553481736977118999e-06 3.153623083562706597e-06 2.163489398299134336e-06 2.106594911310821772e-05
2.400000000000000000e+04 1.436082675354555249e-05 1.212077313539339229e-05 9.875348041532561183e-07 5.700318865820008796e-07 1.565746933920308948e-04 9.875949444904108532e-07 6.934234079380985349e-06 5.991168109176214784e-06 1.589780481481284369e-06 2.234404746559448540e-05
2.450000000000000000e+04 1.398037602484691888e-05 1.189900922327069566e-05 2.325404238945338875e-06 1.316078964919142891e-06 1.396450097672641277e-04 1.028858719109848607e-06 1.540969242341816425e-05 5.241270173428347334e-06 2.255347453683498316e-06 1.554653499624691904e-05
2.500000000000000000e+04 1.389527733408613130e-05 1.149522995547158644e-05 1.486985752308100928e-06 1.126518100136308931e-06 1.339422160526737571e-04 1.030367798193765339e-06 1.970072662516031414e-05 5.578719992627156898e-06 1.794791955944674555e-06 1.531757880002260208e-05
2.550000000000000000e+04 1.917427107400726527e-05 8.870561941876076162e-06 1.548400291540019680e-06 1.480278569943038747e-06 1.305317709920927882e-04 9.931329714163439348e-07 1.394563423673389480e-05 4.166179678577464074e-06 4.501450234783987980e-07 1.432167755410773680e-05
2.600000000000000000e+04 1.902341136883478612e-05 8.653828444948885590e-06 1.451090838600066490e-06 1.358811800855619367e-06 1.249733177246525884e-04 9.851796676230151206e-07 1.273461475648218766e-05 4.289932348910951987e-06 9.237525659955281299e-07 1.414325288351392373e-05
2.650000000000000000e+04 1.802749648049939424e-05 1.297713606618344784e-05 7.578933036711532623e-07 4.720406820979405893e-07 1.955758489202708006e-04 1.138158154390112031e-06 6.281493824644712731e-06 4.915317731502000242e-06 2.052510353678371757e-06 1.750173578329849988e-05
2.700000000000000000e+04 1.889366831164807081e-05 1.292253728024661541e-05 7.324749162762600463e-07 3.559131585006980458e-07 1.867345272330567241e-04 1.121481659538403619e-06 6.054779532860266045e-06 5.798224719910649583e-06 2.334737246201257221e-06 1.730562144075520337e-05
2.750000000000000000e+04 1.720387808745726943e-05 1.056596465787151828e-05 1.519509055469825398e-06 6.859049790364224464e-07 1.136162900365889072e-04 1.026597715281241108e-06 8.414536750933621079e-06 1.313212032982846722e-05 1.717342684059985913e-06 1.327743939327774569e-05
2.800000000000000000e+04 1.698684536677319556e-05 9.639634299674071372e-06 1.105539809032052290e-06 5.200547548156464472e-07 1.100609297282062471e-04 1.039668404700933024e-06 1.038400569086661562e-05 1.426927792635979131e-05 1.862961539700336289e-06 1.179434184450656176e-05
2.850000000000000000e+04 1.472891653975239024e-05 1.007740138447843492e-05 8.431316587120818440e-07 8.302957894557039253e-07 2.203970216214656830e-04 1.117572082875994965e-06 1.034513752529164776e-05 4.561989499052288011e-06 4.205384357192087919e-06 9.839800441113766283e-06
2.900000000000000000e+04 1.491651346441358328e-05 1.125517610489623621e-05 7.611492378600814845e-07 6.104718295318889432e-07 2.171411179006099701e-04 1.081267214431136381e-06 9.139905159827321768e-06 5.657756446453277022e-06 6.339963420032290742e-06 9.455628969590179622e-06
2.950000000000000000e+04 1.834345675888471305e-05 7.741875378997065127e-06 8.546334697712154593e-07 1.098957454814808443e-06 1.011774293147027493e-04 1.122509274864569306e-06 1.259075634152395651e-05 5.379321919463109225e-06 1.062479805113980547e-05 9.130808393820188940e-06
3.000000000000000000e+04 1.785723179636988789e-05 8.777539733273442835e-06 1.156688767878222279e-06 8.545326863895752467e-07 9.935243724612519145e-05 1.158327222583466209e-06 2.063567990262527019e-05 6.190362910274416208e-06 7.560247013316256925e-06 8.944478395278565586e-06
3.050000000000000000e+04 1.941539267136249691e-05 7.198122148110996932e-06 1.130694272433174774e-06 1.279565822187578306e-06 1.468027330702170730e-04 1.015915472635242622e-06 1.351851005892967805e-05 6.519645467051304877e-06 5.591947228822391480e-06 6.571810899913543835e-06
3.100000000000000000e+04 1.850929220381658524e-05 7.172161076596239582e-06 9.384402801515534520e-07 1.017553017845784780e-06 1.453356526326388121e-04 9.845213071457692422e-07 1.229508598044048995e-05 9.163450158666819334e-06 6.180765467433957383e-06 6.179275715112453327e-06
3.150000000000000000e+04 1.175323814095463604e-05 4.823826657229801640e-06 7.171030915742448997e-07 1.599792653905751649e-07 1.037657712004147470e-04 1.013379687719861977e-06 9.680326911620795727e-06 3.010482942045200616e-06 1.732754935801494867e-05 5.852742106071673334e-06
3.200000000000000000e+04 1.151857941295020282e-05 4.786398676515091211e-06 6.316751068879966624e-07 1.330106300656552776e-07 1.027071266435086727e-04 9.540896144244470634e-07 9.837935067480430007e-06 4.148073912801919505e-06 1.718802923278417438e-05 5.607438652077689767e-06
3.250000000000000000e+04 1.592554690432734787e-05 6.955367098271381110e-06 6.679578632429183926e-07 1.914224156962518464e-07 7.299105345737189054e-05 8.732852165849180892e-07 7.994419320311862975e-06 2.514994548619142734e-06 4.146779247093945742e-06 5.342391432350268587e-06
3.300000000000000000e+04 1.499189420428592712e-05 6.946953362785279751e-06 5.723148888137075119e-07 1.873083732562008663e-07 7.255432865349575877e-05 8.237834094870777335e-07 9.002787919598631561e-06 1.913105734274722636e-06 3.758029606615309604e-06 5.306877028488088399e-06
3.350000000000000000e+04 1.756766687321942300e-05 7.879864824644755572e-06 4.876052912550221663e-07 2.903414042521035299e-07 1.101981397368945181e-04 8.981180030787072610e-07 1.105465435102814808e-05 3.529732339302427135e-06 1.190323700939188711e-06 7.328116680582752451e-06
3.400000000000000000e+04 1.715137113933451474e-05 8.093994438240770251e-06 5.071264013167819940e-07 3.015694574060034938e-07 1.068600977305322886e-04 9.677467005531070754e-07 1.449771298211999238e-05 2.910879857154213823e-06 9.584939562046201900e-07 7.392626230284804478e-06
3.450000000000000000e+04 1.634362342883832753e-05 8.009387784113641828e-06 8.918175353755941615e-07 1.025959932121622842e-06 8.978685946203768253e-05 8.761165304349560756e-07 1.202096518682083115e-05 4.210944553051376715e-06 2.540540663176216185e-06 9.340749784314539284e-06
3.500000000000000000e+04 1.632590829103719443e-05 8.396737030125223100e-06 7.598344495818309952e-07 7.772784442749980371e-07 8.672566764289513230e-05 7.947866720314777922e-07 1.550954766571521759e-05 4.988577074982458726e-06 2.456966058161924593e-06 9.215813406626693904e-06
3.550000000000000000e+04 1.895790228445548564e-05 7.226198249554727226e-06 5.790731165689066984e-07 1.379644913868105505e-07 1.105266492231748998e-04 8.719023867342912126e-07 1.303819590248167515e-05 5.680542926711495966e-06 2.066509523501736112e-06 7.409639692923519760e-06
3.600000000000000000e+04 1.830788460210897028e-05 7.107170858944300562e-06 5.729447138946852647e-07 1.178498507670155959e-07 1.077229389920830727e-04 8.447160553259891458e-07 1.145597525464836508e-05 6.467089406214654446e-06 1.770492985997407231e-06 7.389019629044923931e-06
3.650000000000000000e+04 2.024833702307660133e-05 9.604875231161713600e-06 6.019319016559165902e-07 2.872840525469655404e-07 1.409134129062294960e-04 8.294233566630282439e-07 7.200365871540270746e-06 9.843385669228155166e-06 9.603087391951703466e-07 8.997964869195129722e-06
3.700000000000000000e+04 2.083646359096746892e-05 9.987898010876961052e-06 4.500727754930267110e-07 2.082768304489945876e-07 1.376909785903990269e-04 8.473431307720602490e-07 7.447313691955059767e-06 9.543859050609171391e-06 9.953868129741749726e-07 8.927472663344815373e-06
3.750000000000000000e+04 2.218324698333162814e-05 1.091097328753676265e-05 1.245155885953863617e-06 6.016270504005660769e-07 1.506507396697998047e-04 7.818113658686343115e-07 1.393473030475433916e-05 1.617343332327436656e-05 1.660359657762455754e-06 6.417632448574295267e-06
3.800000000000000000e+04 2.258182576042599976e-05 1.026677000481868163e-05 1.016537794384930748e-06 5.194758614379679784e-07 1.466711546527221799e-04 7.673380650885519572e-07 1.536570562166161835e-05 2.249682438559830189e-05 1.713399228719936218e-06 5.986793439660687000e-06
3.850000000000000000e+04 1.392040212522260845e-05 7.097171419445658103e-06 7.582571583952812944e-07 1.775914313384419074e-07 1.169099414255470037e-04 7.229850211842858698e-07 1.544277256471104920e-05 8.352673830813728273e-06 6.587179655070940498e-07 5.471529220812954009e-06
3.900000000000000000e+04 1.383171093038981780e-05 7.597590865771053359e-06 5.908871685278427321e-07 1.627689130145881791e-07 1.136994760599918664e-04 7.019988288448075764e-07 1.596506626810878515e-05 1.378988508804468438e-05 5.174858301870699506e-07 5.193006472836714238e-06
3.950000000000000000e+04 1.882834294519852847e-05 7.313174137379974127e-06 1.160303327196743339e-06 2.931396352323645260e-07 9.244265675079077482e-05 6.319638146123907063e-07 1.163516299129696563e-05 1.038191749103134498e-05 1.756507231220894028e-06 5.443913323688320816e-06
4.000000000000000000e+04 1.799673918867483735e-05 7.125137017283122987e-06 1.252636934623296838e-06 1.720618740819190862e-07 9.092077380046248436e-05 6.135354624348110519e-07 1.122488993132719770e-05 7.073005235724849626e-06 2.614631284814095125e-06 5.560915269597899169e-06
4.050000000000000000e+04 1.945423173310700804e-05 1.039466587826609612e-05 3.484026933620043565e-07 2.183879388439891045e-07 1.856652088463306427e-04 6.014396944920008536e-07 1.336281547992257401e-05 4.822414666705299169e-06 2.049305976470350288e-06 5.368925485527142882e-06
4.100000000000000000e+04 1.948274802998639643e-05 1.043929023580858484e-05 3.089884899054595735e-07 2.290260567860968877e-07 1.830381952458992600e-04 6.119606723586912267e-07 1.334525586571544409e-05 5.284114195092115551e-06 1.712510311335790902e-06 5.164617959962924942e-06
4.150000000000000000e+04 1.201692884933436289e-05 8.413071554969064891e-06 9.715564601719961502e-07 1.913115141860544099e-07 1.164475179393775761e-04 6.083914172450022306e-07 1.070587495632935315e-05 3.459724439380806871e-06 3.315527237646165304e-06 4.121432993997586891e-06
4.200000000000000000e+04 1.065902779373573139e-05 8.043985872063785791e-06 7.627370450791204348e-07 1.303763212945341365e-07 1.167425652965903282e-04 5.639444111693592276e-07 1.055272696248721331e-05 3.425507884458056651e-06 3.652231953310547397e-06 4.061040726810460910e-06
4.250000000000000000e+04 1.383001927024452016e-05 5.284691724227741361e-06 5.230958208812808152e-07 7.603449603266199119e-08 1.077750421245582402e-04 5.882289997316547669e-07 1.319821603829041123e-05 8.755282578931655735e-06 9.484429756412282586e-05 3.461611186139634810e-06
4.300000000000000000e+04 1.356347911496413872e-05 5.256184522295370698e-06 2.996147259182180278e-07 8.252214200865637395e-08 1.056513428920879960e-04 5.826992719448753633e-07 1.110881657950812951e-05 1.055593293131096289e-05 9.152905840892344713e-05 3.307579390821047127e-06
