# step, loss_train, loss_test, metrics_test
0.000000000000000000e+00 2.848940193653106689e-01 2.675687372684478760e-01 1.233112998306751251e-02 3.297602757811546326e-02 3.125214250758290291e-03 2.891124188899993896e-01 4.933524131774902344e-01 1.479100435972213745e-03 2.806932106614112854e-02 3.960379865020513535e-03
5.000000000000000000e+02 3.139721229672431946e-04 5.635682120919227600e-02 2.186414931202307343e-04 2.669488312676548958e-04 6.398108089342713356e-04 1.613678468856960535e-04 6.562946736812591553e-02 7.803564949426800013e-05 2.673859708011150360e-04 1.274141715839505196e-03
1.000000000000000000e+03 1.271435176022350788e-04 5.893361940979957581e-02 1.471676048822700977e-03 1.816352450987324119e-04 7.155844941735267639e-03 1.121727764257229865e-04 6.842741370201110840e-02 9.273910109186545014e-05 1.553185284137725830e-04 7.755401544272899628e-03
1.500000000000000000e+03 6.401402788469567895e-05 3.225086256861686707e-04 8.347577022504992783e-06 1.600388827682763804e-06 5.202897591516375542e-04 1.885958795355691109e-06 6.688170833513140678e-04 3.777432993956608698e-06 2.465312491040094756e-06 1.561433164170011878e-04
2.000000000000000000e+03 2.498564026609528810e-05 8.090142364380881190e-05 2.675657469808356836e-06 3.069133754252106883e-06 4.400777688715606928e-04 3.414872082885267446e-07 2.014710044022649527e-04 1.732862187964201439e-06 8.977862080428167246e-07 9.890369256027042866e-05
2.500000000000000000e+03 1.438680737919639796e-05 1.255884999409317970e-04 2.702655592656810768e-06 2.958810682684998028e-06 2.912792260758578777e-04 1.146197590173869685e-07 2.201812312705442309e-04 4.572320051465794677e-07 2.403088501523598097e-07 4.807311051990836859e-05
3.000000000000000000e+03 1.895164496090728790e-05 1.183917484013363719e-04 1.957143922481918707e-06 1.632011390029219911e-06 3.065335622522979975e-04 8.032854026396307745e-08 1.441838830942288041e-04 4.434648701590049313e-07 3.995058861505640380e-08 4.484979945118539035e-05
3.500000000000000000e+03 5.153183883521705866e-05 1.620388939045369625e-04 8.597728083259426057e-06 1.192861645904486068e-06 5.564854363910853863e-04 2.636189266880251125e-09 2.090760099235922098e-04 2.776597511910949834e-06 5.225334689384908415e-07 1.836063311202451587e-04
4.000000000000000000e+03 4.012374483863823116e-05 7.473114965250715613e-05 3.759499350053374656e-06 9.275879619963234290e-07 4.178183444309979677e-04 2.195370329971524370e-09 7.289087807293981314e-05 1.289355509470624384e-06 7.659026834971882636e-08 9.167753159999847412e-05
4.500000000000000000e+03 2.825892079272307456e-05 5.805791806778870523e-05 1.481788331147981808e-06 7.247797952913970221e-07 5.145329632796347141e-04 1.748140854296309499e-09 7.200909021776169538e-05 3.411878424230962992e-07 7.014093483803662821e-08 3.672573802759870887e-05
5.000000000000000000e+03 2.458669587213080376e-05 6.202515942277386785e-05 9.522688060314976610e-07 4.488255740398017224e-07 4.703056765720248222e-04 5.468441810485558108e-10 8.859066292643547058e-05 2.368530260810075561e-07 2.359858974898543238e-08 2.112600304826628417e-05
5.500000000000000000e+03 5.661964678438380361e-06 2.468154416419565678e-04 4.858057423007267062e-07 2.537343561925808899e-07 2.638585283420979977e-04 1.454121933974761305e-09 3.525281790643930435e-04 1.382274774641700787e-07 1.727832028564080247e-07 2.637279976624995470e-05
6.000000000000000000e+03 6.636504167545353994e-06 7.503842061851173639e-05 2.659163556018029340e-07 2.594571810732304584e-07 2.669921086635440588e-04 2.160026602027187437e-10 8.442717080470174551e-05 7.303734861352495500e-08 2.010499144944333239e-08 1.098294796975096688e-05
6.500000000000000000e+03 1.974131373572163284e-05 2.301378117408603430e-04 5.225033206102125405e-08 8.864937228736380348e-08 2.040705439867451787e-04 7.471784302381934140e-11 3.145781229250133038e-04 4.059476310658283182e-08 1.150110762182521285e-08 2.271584889967925847e-05
7.000000000000000000e+03 3.548854147084057331e-05 4.772548854816704988e-04 1.289606075260962825e-07 8.418749786187618156e-08 3.512192342896014452e-04 4.516159946010844806e-10 7.066002581268548965e-04 1.163217930866267125e-07 5.623557086664732196e-08 7.098400965332984924e-05
7.500000000000000000e+03 1.471098221372812986e-05 3.798961188294924796e-05 1.327202738821142702e-07 7.476179462173604406e-07 1.018745533656328917e-04 2.969475498826312787e-10 3.687637581606395543e-05 6.552454578923061490e-08 5.087738585984880046e-08 5.064629476692061871e-06
8.000000000000000000e+03 1.278867603105027229e-05 2.103948281728662550e-05 9.963579827854118776e-08 7.967220199134317227e-07 1.289161155000329018e-04 4.247354690178894998e-10 2.159639007004443556e-05 5.855708096191847289e-08 1.076092814855655888e-07 3.689236336867907085e-06
8.500000000000000000e+03 1.600431278347969055e-05 4.734164976980537176e-04 6.411927415683749132e-07 9.391027333549573086e-07 2.643718034960329533e-04 5.788389212391109595e-10 4.092790186405181885e-04 2.817754420902929269e-07 8.862270561849072692e-08 1.965276896953582764e-05
9.000000000000000000e+03 1.589854036865290254e-05 1.184944812848698348e-05 4.907716402158257551e-07 8.970128533292154316e-07 2.362161321798339486e-04 1.549949391055349679e-09 4.732230809167958796e-05 4.086951150839013280e-07 5.834659333459057962e-08 2.764658120213425718e-06
9.500000000000000000e+03 2.134886017302051187e-05 1.335786328127142042e-05 4.301570015741162933e-07 1.323502374361851253e-06 1.543495309306308627e-04 6.193759283235067414e-09 3.052756801480427384e-05 6.754770538464072160e-07 7.545511948592320550e-08 1.569323558214819059e-06
1.000000000000000000e+04 3.423031375859864056e-05 1.649232290219515562e-04 9.922526089667371707e-08 2.383251711535194772e-07 1.741713203955441713e-04 1.182437481261899848e-09 1.033878797898069024e-04 1.410377166166654206e-07 1.431319596179037035e-08 1.874419103842228651e-05
1.050000000000000000e+04 2.950841553683858365e-05 2.523201328585855663e-05 6.146586883915006183e-08 1.797294260086346185e-07 1.575358910486102104e-04 1.528794757454932096e-09 4.790921229869127274e-05 3.442493934358026308e-08 1.511760530092942645e-07 3.806411314144497737e-06
1.100000000000000000e+04 2.009742820519022644e-05 1.751705713104456663e-05 1.133855462853716745e-07 1.243482756763114594e-07 6.535504508065059781e-05 2.085083439240520420e-09 3.731638207682408392e-05 2.742527840382535942e-07 3.118415747849212494e-07 7.436629402945982292e-06
1.150000000000000000e+04 5.154474820301402360e-06 5.728004452976165339e-06 2.900786455484194448e-08 7.090029896517080488e-08 1.165518551715649664e-05 4.934744279871949857e-10 1.522583261248655617e-05 1.634711850329040317e-07 2.060023831518265069e-07 8.046833499975036830e-06
1.200000000000000000e+04 2.201799134127213620e-06 3.833834853139705956e-06 6.268180197110950758e-09 8.342637869418467744e-08 5.199102815822698176e-06 9.675330536751403088e-10 9.858053999778348953e-06 2.777908925111205463e-08 6.668046239610703196e-07 2.343317646591458470e-05
1.250000000000000000e+04 2.118005795637145638e-06 3.408433940421673469e-06 4.243594986519383383e-08 7.027299631090500043e-08 7.999728950380813330e-07 5.995690610660631137e-10 9.728435543365776539e-06 5.144174863858097524e-08 9.027982628140307497e-08 2.913463104050606489e-04
1.300000000000000000e+04 1.456436052649223711e-06 2.595190608190023340e-06 2.381063879397515848e-08 7.109183997044965508e-08 4.769333372678374872e-07 3.812842264139248982e-10 7.140309662645449862e-06 1.812578531712460972e-08 3.079847488152154256e-08 3.251229354646056890e-04
1.350000000000000000e+04 6.662477517238585278e-06 5.039632014813832939e-06 2.713332847292804217e-08 2.307451474337085529e-08 7.904000813141465187e-05 1.839493446453843717e-09 2.051193223451264203e-05 8.004495555269386386e-08 9.344176099546075420e-09 5.817761916659947019e-07
1.400000000000000000e+04 5.293652520776959136e-06 4.239833288011141121e-06 3.103410195492983803e-09 6.208184188949417148e-09 3.216783079551532865e-05 4.212212800780434918e-10 6.141875928733497858e-06 1.807498861694512016e-08 4.771572026385229037e-09 8.385039791392046027e-07
1.450000000000000000e+04 6.264043804549146444e-06 1.230545603903010488e-05 7.952564828883623704e-08 6.288657061759295175e-08 8.560645801480859518e-05 1.951271505484797331e-10 3.149355688947252929e-05 1.270437195444173994e-07 7.747333441443515767e-09 6.736891918990295380e-06
1.500000000000000000e+04 1.527299718873109668e-05 1.399739176122238860e-05 8.523562655682326294e-08 4.342164672266335401e-08 8.738103497307747602e-05 2.493466544351008451e-11 3.820547863142564893e-05 5.505196654098654108e-08 5.193997409946859989e-08 2.301617314515169710e-05
1.550000000000000000e+04 1.772690552570566069e-06 3.587178798625245690e-05 4.442050993702650885e-08 2.775354168704780022e-08 7.743019523331895471e-06 3.775020226970404735e-12 1.963739487109705806e-04 3.090162437047183630e-08 8.306666465784928732e-09 2.023424603976309299e-04
1.600000000000000000e+04 3.924635620933258906e-06 2.365811087656766176e-04 3.286761085519174230e-08 1.709262953397683305e-08 4.598840678227134049e-05 4.160941881846402790e-13 4.374832205940037966e-04 1.536141347457942175e-08 2.085685651964652720e-10 3.197407058905810118e-04
1.650000000000000000e+04 4.479082937880463078e-10 1.279804515838623047e+01 4.467598166413289107e-11 7.332895957112839369e-10 1.141240215301513672e+01 1.619812894926297986e-10 1.286668968200683594e+01 4.062861158615760360e-11 8.577420024247217611e-11 1.142736244201660156e+01
1.700000000000000000e+04 4.479082937880463078e-10 1.279804515838623047e+01 4.467598166413289107e-11 7.332895957112839369e-10 1.141240215301513672e+01 1.619812894926297986e-10 1.286668968200683594e+01 4.062861158615760360e-11 8.577420024247217611e-11 1.142736244201660156e+01
1.750000000000000000e+04 4.212382942458958723e-10 1.264003276824951172e+01 4.011336054987602040e-11 2.100385421144324027e-09 1.141240119934082031e+01 1.619812894926297986e-10 1.286668968200683594e+01 4.062861158615760360e-11 8.577420024247217611e-11 1.142736244201660156e+01
1.800000000000000000e+04 4.212382942458958723e-10 1.264003276824951172e+01 4.011336054987602040e-11 2.100385421144324027e-09 1.141240119934082031e+01 1.619812894926297986e-10 1.286668968200683594e+01 4.062861158615760360e-11 8.577420024247217611e-11 1.142736244201660156e+01
1.850000000000000000e+04 4.134563247326639157e-10 1.247857856750488281e+01 4.121191235495480498e-11 9.659754107715912141e-10 1.141240215301513672e+01 1.619812894926297986e-10 1.286668968200683594e+01 4.062861158615760360e-11 8.577420024247217611e-11 1.142736244201660156e+01
1.900000000000000000e+04 4.134563247326639157e-10 1.247857856750488281e+01 4.121191235495480498e-11 9.659754107715912141e-10 1.141240215301513672e+01 1.619812894926297986e-10 1.286668968200683594e+01 4.062861158615760360e-11 8.577420024247217611e-11 1.142736244201660156e+01
1.950000000000000000e+04 4.009625409473471791e-10 1.273900032043457031e+01 7.619157388338848591e-11 6.525933127221605901e-10 1.141240119934082031e+01 1.619812894926297986e-10 1.286668968200683594e+01 4.062861158615760360e-11 8.577420024247217611e-11 1.142736244201660156e+01
2.000000000000000000e+04 4.009625409473471791e-10 1.273900032043457031e+01 7.619157388338848591e-11 6.525933127221605901e-10 1.141240119934082031e+01 1.619812894926297986e-10 1.286668968200683594e+01 4.062861158615760360e-11 8.577420024247217611e-11 1.142736244201660156e+01
2.050000000000000000e+04 4.336700443197116783e-10 1.281856060028076172e+01 5.032802299909100441e-11 3.232033529698696839e-10 1.141240310668945312e+01 1.619812894926297986e-10 1.286668968200683594e+01 4.062861158615760360e-11 8.577420024247217611e-11 1.142736244201660156e+01
2.100000000000000000e+04 4.336700443197116783e-10 1.281856060028076172e+01 5.032802299909100441e-11 3.232033529698696839e-10 1.141240310668945312e+01 1.619812894926297986e-10 1.286668968200683594e+01 4.062861158615760360e-11 8.577420024247217611e-11 1.142736244201660156e+01
2.150000000000000000e+04 4.067333969626218959e-10 1.271507930755615234e+01 6.234057020604311106e-11 5.457244101059188779e-10 1.141240406036376953e+01 1.619812894926297986e-10 1.286668968200683594e+01 4.062861158615760360e-11 8.577420024247217611e-11 1.142736244201660156e+01
2.200000000000000000e+04 4.067333969626218959e-10 1.271507930755615234e+01 6.234057020604311106e-11 5.457244101059188779e-10 1.141240406036376953e+01 1.619812894926297986e-10 1.286668968200683594e+01 4.062861158615760360e-11 8.577420024247217611e-11 1.142736244201660156e+01
2.250000000000000000e+04 4.587482338447301800e-10 1.307034015655517578e+01 5.731803226494136538e-11 4.318398139080414921e-10 1.141240119934082031e+01 1.619812894926297986e-10 1.286668968200683594e+01 4.062861158615760360e-11 8.577420024247217611e-11 1.142736244201660156e+01
2.300000000000000000e+04 4.587482338447301800e-10 1.307034015655517578e+01 5.731803226494136538e-11 4.318398139080414921e-10 1.141240119934082031e+01 1.619812894926297986e-10 1.286668968200683594e+01 4.062861158615760360e-11 8.577420024247217611e-11 1.142736244201660156e+01
