# step, loss_train, loss_test, metrics_test
0.000000000000000000e+00 5.091567058116197586e-03 1.255084574222564697e-01 7.908178959041833878e-04 2.401262056082487106e-03 4.900217056274414062e-03 5.177979357540607452e-03 1.601186990737915039e-01 1.190686132758855820e-03 5.673464387655258179e-03 5.934872198849916458e-03
5.000000000000000000e+02 4.316843842389062047e-05 2.038853417616337538e-04 3.694114639074541628e-05 4.689667548518627882e-05 1.575388247147202492e-03 3.727067678482853808e-06 3.695319173857569695e-04 1.248321728780865669e-03 3.595122689148411155e-05 1.343825599178671837e-03
1.000000000000000000e+03 6.540684262290596962e-05 7.185772119555622339e-05 1.038336449710186571e-05 7.270768037415109575e-06 9.863147279247641563e-04 1.521037461316154804e-06 1.020810377667658031e-04 1.264416612684726715e-03 2.032680640695616603e-06 7.277093827724456787e-04
1.500000000000000000e+03 4.639207691070623696e-05 1.288494531763717532e-04 1.813881681300699711e-05 8.892727237252984196e-06 8.065309957601130009e-04 6.889312089697341435e-07 2.671516267582774162e-04 2.222445073130074888e-05 1.152809454652015120e-05 4.586388822644948959e-04
2.000000000000000000e+03 1.897456968436017632e-05 7.021047349553555250e-05 1.194978358398657292e-05 1.475669250794453546e-06 4.883878864347934723e-04 1.076771383168306784e-07 1.671549835009500384e-04 3.072076651733368635e-06 1.015938323689624667e-06 1.471526338718831539e-04
2.500000000000000000e+03 1.532417081762105227e-05 4.319733707234263420e-04 1.057609260897152126e-04 3.516460856189951301e-05 8.619662839919328690e-04 1.110181671037935303e-07 4.662576538976281881e-04 8.066881855484098196e-05 2.044828579528257251e-05 4.888874245807528496e-04
3.000000000000000000e+03 2.090168709401041269e-05 7.305343024199828506e-05 1.663355760683771223e-05 1.469610992899106350e-06 4.740399599540978670e-04 2.082742689424321725e-08 1.355759741272777319e-04 1.302256623603170738e-05 7.129302730390918441e-07 8.854360930854454637e-05
3.500000000000000000e+03 2.540656350902281702e-05 4.606691800290718675e-05 3.642864157882286236e-06 1.190448642773844767e-06 3.573274589143693447e-04 4.079420889979701315e-08 4.783003896591253579e-05 2.484406832081731409e-05 2.446871860684041167e-07 1.607780905032996088e-05
4.000000000000000000e+03 2.887413211283273995e-05 4.439202166395261884e-05 3.166029955536941998e-06 1.098877987715241034e-06 2.746751124504953623e-04 2.881176008884267503e-08 4.857137173530645669e-05 1.313594202656531706e-05 5.813918164676579181e-07 6.617563030886230990e-06
4.500000000000000000e+03 7.374892447842285037e-05 2.214050909969955683e-04 6.431743531720712781e-05 3.870949058182304725e-06 7.752433884888887405e-04 3.364326417454321927e-08 3.537020238582044840e-04 5.168745337869040668e-05 3.137611429337994196e-06 1.569974847370758653e-04
5.000000000000000000e+03 6.670269067399203777e-05 5.542456710827536881e-05 2.285521986777894199e-06 1.561273165862075984e-06 3.158489707857370377e-04 5.503579103560696240e-08 2.619938095449469984e-05 1.313812117587076500e-05 1.470972506467660423e-06 3.812189788732212037e-06
5.500000000000000000e+03 2.845149538188707083e-05 5.278154640109278262e-05 5.172323653823696077e-07 3.559399317509814864e-07 1.303610333707183599e-04 5.918345991062778921e-08 6.683317042188718915e-05 2.145357484550913796e-06 8.148316510414588265e-07 4.689965408033458516e-06
6.000000000000000000e+03 2.853160367521923035e-05 3.834954986814409494e-05 3.666541772417986067e-07 2.430449796975153731e-07 1.228771434398368001e-04 3.511826207613921724e-08 4.377166624180972576e-05 6.299767392192734405e-07 4.518603304859425407e-07 3.972512786276638508e-06
6.500000000000000000e+03 4.231845014146529138e-05 2.080129888781812042e-05 3.984682450663967757e-07 1.083891092434896564e-07 1.154632045654579997e-04 5.707931904908036813e-08 3.203835876774974167e-05 1.172617203337722458e-06 2.163389183351682732e-07 6.801156359870219603e-06
7.000000000000000000e+03 4.818054003408178687e-05 3.245176048949360847e-05 4.076077857462223619e-07 1.160180929105081304e-07 1.054243984981440008e-04 8.983796107031594147e-08 5.670477185049094260e-05 1.276089165003213566e-06 1.452197579965286423e-07 9.539457096252590418e-06
7.500000000000000000e+03 8.739117038203403354e-05 4.133032052777707577e-04 1.181470724986866117e-05 6.651567673543468118e-05 5.722367204725742340e-04 1.387908525884995470e-07 1.044858363457024097e-03 1.035164223139872774e-05 2.757210495474282652e-05 1.297471026191487908e-04
8.000000000000000000e+03 2.661159669514745474e-05 2.251203550258651376e-04 2.067746294187600142e-07 6.095085609558736905e-07 1.033139051287434995e-04 3.190344344261575316e-08 2.425736165605485439e-04 1.748126408074313076e-07 2.297863233025054797e-07 1.821942078095162287e-06
8.500000000000000000e+03 4.226208693580701947e-05 4.454743611859157681e-05 1.771229221958492417e-06 2.125655782947433181e-06 2.190630912082269788e-04 4.171742773451114772e-08 1.081178197637200356e-04 4.378009180072695017e-06 1.229834992955147754e-06 4.882322173216380179e-06
9.000000000000000000e+03 4.347620051703415811e-05 1.997055005631409585e-05 2.220277110609458759e-06 2.789180143736302853e-06 2.178041177103295922e-04 5.193059138264288777e-08 1.980091110453940928e-05 3.464217797954916023e-06 5.850739057677856181e-07 1.373320355924079195e-05
9.500000000000000000e+03 1.705552131170406938e-05 1.366167562082409859e-04 3.432968753713794285e-07 7.903281584731303155e-07 8.925748261390253901e-05 1.175206847392473719e-07 8.846526179695501924e-05 2.480462853782228194e-06 2.822471287799999118e-07 8.743676517042331398e-06
1.000000000000000000e+04 3.183945591445080936e-05 9.240359213436022401e-05 1.036071495263968245e-07 9.304849299951456487e-07 1.243637670995667577e-04 1.043167685566004366e-07 9.503620094619691372e-05 7.204513394754030742e-07 2.759950916697562207e-07 5.446238446893403307e-06
1.050000000000000000e+04 3.207255940651521087e-05 4.729400097858160734e-05 1.054484755513840355e-06 2.269907781737856567e-06 1.733170356601476669e-04 3.087385280764465278e-08 3.440854561631567776e-05 3.873336481774458662e-06 8.194709266717836726e-07 3.463341954557108693e-06
1.100000000000000000e+04 1.903495103761088103e-05 4.547378921415656805e-05 4.467575820399360964e-07 1.069667860065237619e-06 1.008465696941129863e-04 1.912034797157957655e-08 8.270641410490497947e-05 8.159445314959157258e-07 1.725189520129788434e-07 7.763579560560174286e-06
1.150000000000000000e+04 2.090627276629675180e-05 5.211303869145922363e-05 2.182551725127268583e-06 4.032634478789987043e-06 7.962513336678966880e-05 4.946365095293003833e-09 1.130424934672191739e-04 3.503839252516627312e-06 3.128285470666014589e-06 9.441603651794139296e-06
1.200000000000000000e+04 1.976276507775764912e-05 9.153699465969111770e-06 4.886810529569629580e-07 4.339731560776272090e-07 8.956266538007184863e-05 4.145810361677604305e-09 1.891884858196135610e-05 1.168236281046119984e-06 2.404774477327009663e-07 7.604224947499460541e-07
1.250000000000000000e+04 2.452620356052648276e-05 1.139424512075493112e-05 3.965230916946893558e-07 1.981898236635970534e-07 7.501952495658770204e-05 8.994251032845568261e-08 2.339631828363053501e-05 2.897110391586465994e-07 4.234461243868281599e-07 1.506005537521559745e-05
1.300000000000000000e+04 8.291334779642056674e-06 1.296711070608580485e-05 8.234555082253791625e-08 6.180309952696916298e-08 2.632024006743449718e-05 2.571740331802629953e-08 1.911895196826662868e-05 6.745095788573962636e-07 1.803630738095307606e-07 9.338713425677269697e-05
1.350000000000000000e+04 3.107464635832002386e-06 5.627302925859112293e-06 4.602920711249680608e-08 8.934799922144520679e-08 1.012166376312961802e-05 3.944720106119348202e-09 7.697314686083700508e-06 5.842019277224608231e-07 7.677608238054745016e-08 1.082884637071401812e-06
1.400000000000000000e+04 1.701301698631141335e-06 4.116845957469195127e-06 3.681718396819633199e-08 5.715876483236570493e-08 7.235345947265159339e-06 2.672611687515313861e-09 6.349893283186247572e-06 1.242882717633619905e-06 8.412336427454647492e-08 1.025715846481034532e-06
1.450000000000000000e+04 2.570106335042510182e-05 3.049065708182752132e-05 2.240430632127754507e-07 4.193808536001597531e-07 1.411255798302590847e-04 2.245904973108281411e-08 7.575209747301414609e-05 2.803865584155573742e-08 1.264522666133416351e-06 4.452835128176957369e-06
1.500000000000000000e+04 1.675200110184960067e-05 5.062136551714502275e-05 4.959071731036601705e-08 2.475391340794885764e-07 8.827501733321696520e-05 1.146487260683670684e-08 8.905944559955969453e-05 1.487674012423667591e-06 2.736846127504577453e-08 3.718546622621943243e-06
1.550000000000000000e+04 2.142171751984278671e-06 1.427937877451768145e-05 8.667360873459983850e-08 5.400450220349739539e-08 4.841831923840800300e-06 8.795179029519317737e-10 2.534345730964560062e-05 4.204643175853561843e-07 2.140373212000667991e-08 1.365869393339380622e-04
1.600000000000000000e+04 1.950578507603495382e-06 2.360034841331071220e-06 8.433912057626002934e-08 4.193700675614309148e-08 2.310908485014806502e-06 1.028953588999570457e-09 1.016806982079287991e-05 5.073520696896594018e-07 3.829241990160880960e-08 1.849572436185553670e-04
1.650000000000000000e+04 2.479098156982217915e-06 3.045320227101910859e-06 4.809955811424515559e-08 4.491288407848514908e-08 3.141369688819395378e-06 1.578180031103215697e-09 5.691866135748568922e-06 1.775103442014369648e-08 1.577690937892839429e-07 2.119323653460014611e-05
1.700000000000000000e+04 2.398954848104040138e-06 3.118095719401026145e-06 4.329669422986626159e-08 6.536879482155200094e-08 2.267375521114445291e-06 3.069653420340046068e-09 4.487597379920771345e-06 1.699521590126096271e-08 8.018966468625876587e-08 1.575835085532162338e-05
1.750000000000000000e+04 1.994858939724508673e-05 1.254317794519010931e-05 1.906533952933386900e-06 1.679684032751538325e-06 3.862785524688661098e-04 1.917314484956023080e-08 2.807671626214869320e-05 2.038130560322315432e-06 1.169815959656261839e-06 2.311313210157095455e-06
1.800000000000000000e+04 9.040836630447302014e-06 1.052341576723847538e-05 1.639215270188287832e-07 2.842882054210349452e-07 5.808558489661663771e-05 7.951066471889589593e-09 8.537469511793460697e-06 1.559377551529905759e-06 1.516329177775332937e-07 1.348569185211090371e-06
1.850000000000000000e+04 2.781292323561501689e-06 6.687615496048238128e-06 2.924400064330257010e-07 1.329491965407214593e-07 1.532185706309974194e-05 1.089884502092353102e-10 1.644898657104931772e-05 1.944231087236403255e-07 8.916914850942703197e-08 2.286620656377635896e-05
1.900000000000000000e+04 2.513246954549686052e-06 3.740971806109882891e-05 8.280668595261886367e-08 3.039271518900932278e-07 1.474443160986993462e-05 4.143459741978716693e-10 3.845036189886741340e-05 3.572458595613170473e-08 5.397025404363375856e-08 5.993013473926112056e-06
1.950000000000000000e+04 6.113904419180471450e-06 3.255487172282300889e-06 6.396965801513943006e-08 1.044128410399025597e-07 1.708237869024742395e-05 4.293852384762431029e-09 6.649180704698665068e-06 8.082047031621186761e-08 1.609482147557628196e-08 1.514855512141366489e-06
2.000000000000000000e+04 3.282345915067708120e-06 2.238271918031387031e-06 1.916121661338365811e-08 6.374534677888732404e-08 1.326128858636366203e-05 4.890984284244836999e-10 4.537745553534477949e-06 4.978955203682744468e-08 1.503538626934641798e-08 2.027009486482711509e-06
2.050000000000000000e+04 1.164380864793201908e-05 1.029333943733945489e-04 1.243479541557235279e-09 9.760933750158073963e-08 1.078138393495464697e-05 6.238214389497898082e-10 1.434800797142088413e-04 2.302106505425172145e-09 8.246675520240387414e-08 4.031087428302271292e-06
2.100000000000000000e+04 1.009871198220935185e-06 2.071267999781412072e-06 4.481060411620774175e-09 1.659685722188442014e-08 4.603954494086792693e-06 5.003867459274502494e-11 4.882081611867761239e-06 1.002072735900583211e-07 4.730683400566704222e-08 3.718593006851733662e-06
2.150000000000000000e+04 2.721031887631397694e-05 2.746187601587735116e-05 5.475951638800324872e-07 3.339323200179933337e-07 3.087946970481425524e-04 1.197276144893066885e-08 6.766140722902491689e-05 2.413159734260261757e-07 2.728960737385932589e-07 4.294868176657473668e-06
2.200000000000000000e+04 2.928705907834228128e-05 1.316259840677957982e-05 1.987495039657005691e-07 3.922080509255465586e-07 2.412859466858208179e-04 2.306435575860632525e-08 1.689958844508510083e-05 2.752151431195670739e-07 3.626927309596794657e-07 4.261984940967522562e-06
2.250000000000000000e+04 2.367659180890768766e-05 7.326102604565676302e-06 2.734984434482612414e-07 4.321674111906759208e-07 1.359523594146594405e-04 2.169713120281357988e-08 8.203914148907642812e-06 1.094283106795046479e-06 1.230069983648718335e-07 2.433166173432255164e-06
2.300000000000000000e+04 1.898523078125435859e-05 6.447722626035101712e-06 1.785397358844420523e-07 2.245654684429609915e-07 1.249196357093751431e-04 1.890623302358562796e-08 4.916894795314874500e-06 8.485968692184542306e-07 3.341975798321072944e-07 2.169607569157960825e-06
2.350000000000000000e+04 2.012969889619853348e-05 6.190036401676479727e-06 1.245287535311945248e-07 1.433551943819111330e-07 6.369427865138277411e-05 1.312913600060028330e-08 3.693428425322053954e-06 1.625037384656025097e-06 2.617048835418245289e-07 2.292051931362948380e-06
2.400000000000000000e+04 1.657675602473318577e-05 5.385866188589716330e-06 1.286896917918056715e-07 8.916747873399799573e-08 5.422157119028270245e-05 1.055520915116403557e-08 3.560542609193362296e-06 1.997633944483823143e-06 7.606968210893683136e-08 1.499243239777570125e-06
2.450000000000000000e+04 1.126370352722005919e-05 9.384541954204905778e-06 2.069918707547913073e-07 2.061910322481708135e-07 7.524775719502940774e-05 3.825023853210041125e-09 1.803776285669300705e-05 2.377109495910190162e-07 9.570729275765188504e-08 2.999054686370072886e-06
2.500000000000000000e+04 9.727000360726378858e-06 3.836044197669252753e-05 4.992453739305346971e-08 1.594147391870137653e-07 5.529935515369288623e-05 4.007167042630044307e-09 4.332832759246230125e-05 2.478683711615303764e-07 1.756985028578128549e-07 7.786178684909828007e-06
2.550000000000000000e+04 4.025916859973222017e-05 2.471095467626582831e-05 5.536158482755126897e-07 5.477844524648389779e-07 3.533777489792555571e-04 8.303374876561520068e-09 8.107592293526977301e-05 1.616513145563658327e-06 7.104948736014193855e-07 8.363256711163558066e-06
2.600000000000000000e+04 3.979077155236154795e-05 3.319971146993339062e-04 2.083870458591263741e-05 4.492112566367723048e-05 4.762991156894713640e-04 2.481592042968827627e-09 2.509523474145680666e-04 1.127696123148780316e-05 1.450523413950577378e-04 2.007014554692432284e-04
