# step, loss_train, loss_test, metrics_test
0.000000000000000000e+00 7.815738208591938019e-03 7.257220894098281860e-02 9.552922099828720093e-02 2.448556385934352875e-02 1.195247005671262741e-02 7.876122370362281799e-03 9.648347645998001099e-02 6.003073975443840027e-02 2.696887403726577759e-02 1.280618924647569656e-02
5.000000000000000000e+02 6.836931570433080196e-04 5.842515081167221069e-02 3.311791078886017203e-05 1.807311055017635226e-04 4.467487800866365433e-03 7.082459051162004471e-04 6.717535853385925293e-02 7.351108069997280836e-05 2.312221186002716422e-04 5.156351719051599503e-03
1.000000000000000000e+03 6.114785792306065559e-04 5.777939781546592712e-02 5.425525523605756462e-05 2.103936567436903715e-04 3.947394434362649918e-03 6.349086179398000240e-04 6.611441820859909058e-02 1.142840264947153628e-04 2.593431563582271338e-04 4.632374271750450134e-03
1.500000000000000000e+03 6.037708371877670288e-04 6.774930655956268311e-02 9.346570732304826379e-05 1.603380223968997598e-04 4.587680567055940628e-03 5.595862166956067085e-04 6.521931290626525879e-02 1.074710307875648141e-04 6.732179463142529130e-05 5.111020058393478394e-03
2.000000000000000000e+03 7.399959722533822060e-04 6.726311892271041870e-02 1.034283704939298332e-04 2.019835228566080332e-04 3.663971321657299995e-03 6.690495647490024567e-04 6.505228579044342041e-02 7.524677494075149298e-05 5.273535862215794623e-05 4.181716591119766235e-03
2.500000000000000000e+03 5.376818007789552212e-04 7.972127944231033325e-02 1.408558018738403916e-04 3.790504706557840109e-04 3.000419121235609055e-03 4.558740183711051941e-04 6.426621228456497192e-02 7.097955676726996899e-05 1.766910281730815768e-04 3.400365123525261879e-03
3.000000000000000000e+03 3.311341279186308384e-04 7.892969250679016113e-02 1.956705236807465553e-04 4.334389814175665379e-04 2.463769633322954178e-03 2.494025975465774536e-04 6.382148712873458862e-02 6.416528049157932401e-05 2.615064440760761499e-04 2.844789763912558556e-03
3.500000000000000000e+03 1.521542784757912159e-03 6.038072332739830017e-02 1.911081490106880665e-04 4.598261439241468906e-04 6.215370376594364643e-04 8.294319268316030502e-04 6.439262628555297852e-02 5.720226326957345009e-04 1.611770014278590679e-03 1.277179573662579060e-03
4.000000000000000000e+03 1.295070745982229710e-03 2.109146490693092346e-02 2.207543730037286878e-04 2.408931730315089226e-03 1.534669310785830021e-03 8.748562540858983994e-04 1.599085889756679535e-02 5.393611500039696693e-04 8.498863317072391510e-03 1.731819473206996918e-03
4.500000000000000000e+03 6.040306179784238338e-04 1.119885942898690701e-03 1.980165689019486308e-04 1.151550386566668749e-04 3.112394362688064575e-03 3.517259319778531790e-04 5.474005010910332203e-04 2.019959647441282868e-04 1.354609557893127203e-04 2.545055933296680450e-03
5.000000000000000000e+03 2.503339492250233889e-04 5.519521073438227177e-04 1.018784678308293223e-04 6.559964822372421622e-05 2.085116459056735039e-03 9.731638419907540083e-05 6.340591935440897942e-04 1.456520840292796493e-04 6.440561264753341675e-05 1.537141273729503155e-03
5.500000000000000000e+03 1.167248701676726341e-04 3.533104318194091320e-04 7.036453462205827236e-05 3.550756446202285588e-05 1.312340027652680874e-03 3.326899604871869087e-05 3.212582378182560205e-04 1.184941065730527043e-04 2.722507269936613739e-05 9.626524988561868668e-04
6.000000000000000000e+03 6.967221997911110520e-05 2.891401236411184072e-04 4.060609353473410010e-05 4.531464219326153398e-05 1.001642551273107529e-03 1.593306842551100999e-05 2.657016157172620296e-04 6.280092202359810472e-05 4.318727587815374136e-05 6.724957493133842945e-04
6.500000000000000000e+03 5.279459946905262768e-05 2.702902129385620356e-04 2.988099367939867079e-05 2.765679892036132514e-05 8.958454709500074387e-04 1.185803193948231637e-05 2.738345065154135227e-04 5.111602513352409005e-05 2.606228918011765927e-05 4.362412437330931425e-04
7.000000000000000000e+03 3.862353332806378603e-05 2.176817506551742554e-04 2.529131052142474800e-05 9.510905329079832882e-06 6.815477390773594379e-04 7.295624982361914590e-06 2.179436851292848587e-04 3.483864929876290262e-05 1.187484940601279959e-05 2.458559174556285143e-04
7.500000000000000000e+03 7.555152933491626754e-06 1.550340966787189245e-04 9.005459105537738651e-06 4.684604846261208877e-06 3.702819522004574537e-04 2.888577910198364407e-06 2.233927079942077398e-04 8.497800990880932659e-06 5.409790901467204094e-06 1.220917620230466127e-04
8.000000000000000000e+03 5.551044523599557579e-06 1.180909384856931865e-04 6.405343356163939461e-06 3.323936198285082355e-06 2.721105702221393585e-04 1.763850377756170928e-06 1.789224479580298066e-04 1.270780785489478149e-06 3.040802766918204725e-06 5.586937186308205128e-05
8.500000000000000000e+03 1.640145092096645385e-05 8.708707900950685143e-05 3.947873210563557222e-06 3.065530563617357984e-06 3.340023686178028584e-04 1.341739448434964288e-06 1.479301718063652515e-04 3.552388307070941664e-06 1.950295882124919444e-06 2.853894329746253788e-05
9.000000000000000000e+03 1.821067417040467262e-05 6.908532668603584170e-05 2.904784878410282545e-06 2.930751634266925976e-06 2.968570624943822622e-04 1.215973043144913390e-06 1.201369886985048652e-04 6.779279374313773587e-06 9.827683697949396446e-07 1.451632670068647712e-05
9.500000000000000000e+03 1.393090406054398045e-05 5.362222873372957110e-05 3.855844170175259933e-06 2.801170921884477139e-06 1.767867652233690023e-04 1.055341954270261340e-06 8.290792902698740363e-05 7.567280590592417866e-06 1.257442136193276383e-06 9.339252756035421044e-06
1.000000000000000000e+04 1.723026252875570208e-05 4.179117604508064687e-05 3.060136123167467304e-06 2.414001755823846906e-06 1.564156846143305302e-04 1.042911094373266678e-06 6.519677117466926575e-05 7.226010893646162003e-06 4.266548785381019115e-07 7.464406280632829294e-06
1.050000000000000000e+04 2.274831058457493782e-05 4.098933641216717660e-05 2.994465148731251247e-06 2.702435722312657163e-06 2.441346732666715980e-04 9.618383955967146903e-07 7.101285882527008653e-05 4.715079285233514383e-06 1.120574893320736010e-06 9.347927516500931233e-06
1.100000000000000000e+04 2.947466055047698319e-05 3.677835411508567631e-05 2.243681137770181522e-06 2.476740746715222485e-06 2.185526973335072398e-04 9.086040790862170979e-07 6.906404451001435518e-05 3.498933892842615023e-06 9.819378874453832395e-07 8.878128028300125152e-06
1.150000000000000000e+04 2.346141627640463412e-05 2.783822674246039242e-05 1.313908796873874962e-06 2.438724550302140415e-06 8.296834857901558280e-05 8.663591302138229366e-07 5.008617154089733958e-05 3.205229404557030648e-06 1.607772219358594157e-06 7.461590485036140308e-06
1.200000000000000000e+04 2.047867201326880604e-05 2.428334482829086483e-05 1.089693000722036231e-06 2.214201913375291042e-06 8.054174395510926843e-05 8.463935614599904511e-07 4.450619599083438516e-05 2.809176976370508783e-06 2.186239271395606920e-06 7.713492777838837355e-06
1.250000000000000000e+04 2.779460919555276632e-05 1.825543040467891842e-05 9.285914188694732729e-07 1.914024778670864180e-06 1.447450486011803150e-04 8.952096095526940189e-07 3.352286512381397188e-05 1.921055172715568915e-06 8.592744507041061297e-07 9.672005944594275206e-06
1.300000000000000000e+04 2.976944233523681760e-05 1.854649053711909801e-05 7.847970096008793917e-07 1.637162768020061776e-06 1.351842947769910097e-04 8.545701462026045192e-07 3.185319656040519476e-05 1.846205123001709580e-06 6.819157079007709399e-07 1.001049713522661477e-05
1.350000000000000000e+04 1.981993045774288476e-05 3.048231337743345648e-05 5.375168257160112262e-07 4.081848601344972849e-07 5.799248538096435368e-05 7.465156386388116516e-07 3.212146839359775186e-05 1.823377942855586298e-06 3.590845665257802466e-07 2.387054564678692259e-06
1.400000000000000000e+04 1.717820850899443030e-05 2.653686897247098386e-05 3.982198393259750446e-07 2.837966519564361079e-07 5.967489050817675889e-05 6.518396276078419760e-07 3.126081719528883696e-05 1.202200678562803660e-06 3.870973728226090316e-07 2.137453293471480720e-06
1.450000000000000000e+04 3.377323082531802356e-05 3.012997694895602763e-05 1.044942337102838792e-06 1.190157604469277430e-06 2.143734891433268785e-04 7.209381465145270340e-07 5.111944847158156335e-05 1.321747618021618109e-06 7.797532362019410357e-07 6.155190931167453527e-06
1.500000000000000000e+04 3.441259104874916375e-05 2.888024209823925048e-05 7.906241421551385429e-07 1.206919932883465663e-06 2.075998781947419047e-04 8.186346462935034651e-07 4.947991692461073399e-05 1.332649617324932478e-06 1.430510451427835505e-06 6.447338819270953536e-06
1.550000000000000000e+04 2.456654146953951567e-05 1.928531310113612562e-05 1.160459873972286005e-06 4.528541239778860472e-07 1.028452534228563309e-04 7.480819590455212165e-07 3.680037843878380954e-05 5.357924237614497542e-07 2.214154051216610242e-07 4.793842890649102628e-06
1.600000000000000000e+04 2.283114918100181967e-05 1.859213080024346709e-05 8.285143167086062022e-07 4.250998983934550779e-07 1.003349680104292929e-04 8.186575541913043708e-07 3.315798676339909434e-05 4.629467582617508015e-07 4.050459949667128967e-07 5.028609393775695935e-06
1.650000000000000000e+04 2.746251084317918867e-05 2.556253093644045293e-05 5.223753305472200736e-07 1.270714960810437333e-06 1.531003799755126238e-04 8.371857234124036040e-07 2.918299105658661574e-05 3.395468013422942022e-07 8.600496244071109686e-07 5.673377927450928837e-06
1.700000000000000000e+04 3.221224687877111137e-05 2.558028063504025340e-05 5.474994395626708865e-07 9.417217938789690379e-07 1.422141358489170671e-04 8.777112725510960445e-07 3.220643338863737881e-05 4.560842796763608931e-07 8.707688721187878400e-07 5.363015134207671508e-06
1.750000000000000000e+04 2.895779653044883162e-05 2.114341259584762156e-05 3.882974795033078408e-07 4.902429964204202406e-07 1.358589652227237821e-04 1.039561652760312427e-06 5.046317892265506089e-05 5.247300691735290457e-07 1.254352241630840581e-06 3.641378043539589271e-06
1.800000000000000000e+04 2.677851443877443671e-05 2.012478944379836321e-05 3.458171988768299343e-07 4.310693384468322620e-07 1.346432836726307869e-04 1.145441956396098249e-06 5.556106407311744988e-05 5.748499916080618277e-07 1.173246459984511603e-06 3.704544269567122683e-06
1.850000000000000000e+04 3.623848897404968739e-05 2.829484037647489458e-05 8.737144980841549113e-07 6.113870085755479522e-07 2.345566754229366779e-04 1.268709183932514861e-06 6.606125680264085531e-05 5.278357662064081524e-07 8.556497732570278458e-07 6.173465408210176975e-06
1.900000000000000000e+04 3.711107638082467020e-05 2.882999433495569974e-05 5.711885364689806011e-07 5.208539164414105471e-07 2.245474752271547914e-04 1.559771135362097993e-06 7.041363278403878212e-05 5.939353968642535619e-07 5.418270347945508547e-07 6.414043582481099293e-06
1.950000000000000000e+04 3.396953979972749949e-05 1.711306867946404964e-05 3.830222681244777050e-07 1.663110651861643419e-06 5.333924855221994221e-05 2.397265689069172367e-06 6.586602103197947145e-05 9.937884897226467729e-07 7.805946893313375767e-07 2.514563675504177809e-06
2.000000000000000000e+04 3.027629827556665987e-05 1.520040586910909042e-05 3.461774156221508747e-07 1.289942474613781087e-06 5.444604175863787532e-05 1.969963705050759017e-06 6.687115092063322663e-05 1.010319920169422403e-06 8.706666108082572464e-07 2.382906359343905933e-06
2.050000000000000000e+04 2.446831422275863588e-05 1.441986478312173858e-05 3.901946570294967387e-07 3.391197935798118124e-07 9.311235771747305989e-05 1.506407670603948645e-06 5.430154487839899957e-05 9.331326964456820861e-07 6.933531722097541206e-07 4.659547812480013818e-06
2.100000000000000000e+04 2.482072704879101366e-05 1.477267960581230000e-05 3.396331180738343392e-07 2.904219229549198644e-07 8.676289144204929471e-05 1.606467435522063170e-06 4.963421088177710772e-05 7.421298278131871484e-07 6.913762717886129394e-07 4.785027158504817635e-06
2.150000000000000000e+04 2.282984678458888084e-05 2.115579627570696175e-05 2.318410281532123918e-07 1.752356524775677826e-06 1.783827901817858219e-04 1.231067585649725515e-06 4.255582098267041147e-05 6.752385388608672656e-07 1.480260380049003288e-06 4.856150553678162396e-06
2.200000000000000000e+04 2.250498073408380151e-05 2.070140544674359262e-05 2.317219269798442838e-07 1.416065856574277859e-06 1.740736479405313730e-04 1.048308490680938121e-06 3.869592183036729693e-05 4.482180600007268367e-07 1.792949547052558046e-06 4.901061856799060479e-06
2.250000000000000000e+04 2.650473106768913567e-05 1.650644844630733132e-05 2.472840776590601308e-07 6.873713118693558499e-07 9.808046888792887330e-05 1.141248503699898720e-06 4.512574741966091096e-05 9.754288754493245506e-08 1.199019379782839678e-06 4.381336111691780388e-06
2.300000000000000000e+04 2.276047780469525605e-05 1.570903259562328458e-05 2.599979609385627555e-07 5.951542902948858682e-07 9.899080032482743263e-05 1.083701477000431623e-06 3.725917486008256674e-05 1.327988314869799069e-07 1.224602556249010377e-06 4.635747245629318058e-06
2.350000000000000000e+04 2.566035618656314909e-05 9.649619642004836351e-06 2.855817626823409228e-07 1.931508535335524357e-07 6.790179031668230891e-05 1.066770892066415399e-06 2.249340468551963568e-05 8.809736300463555381e-07 4.891314802080160007e-07 5.728417363570770249e-06
2.400000000000000000e+04 2.529915400373283774e-05 1.002322005660971627e-05 2.514223638172552455e-07 1.919721768217641511e-07 6.425287574529647827e-05 1.017718886942020617e-06 2.310389936610590667e-05 1.466862499910348561e-06 5.016720479034120217e-07 6.695368483633501455e-06
2.450000000000000000e+04 1.789043380995281041e-05 1.788500958355143666e-05 1.260941644432023168e-07 3.091763574047945440e-07 7.367732905549928546e-05 8.657094667796627618e-07 4.977585194865241647e-05 3.191055100160156144e-07 8.507865913998102769e-07 3.813469220403931104e-06
2.500000000000000000e+04 1.776458702806849033e-05 1.650393824093043804e-05 1.187214309084083652e-07 2.597114985292137135e-07 7.205788278952240944e-05 7.801640435900480952e-07 5.146572220837697387e-05 3.053147850096138427e-07 8.104099151751142927e-07 3.496328417895711027e-06
2.550000000000000000e+04 2.602557287900708616e-05 1.157956467068288475e-05 4.134818141210416798e-07 1.151049218606203794e-06 6.133741408120840788e-05 7.668452894904476125e-07 7.084424578351899981e-05 3.450721237641118933e-07 8.132844868669053540e-07 5.614888777927262709e-06
2.600000000000000000e+04 2.399134427832905203e-05 1.101606449083192274e-05 3.699816488733631559e-07 1.036010417010402307e-06 6.046891940059140325e-05 7.023465400379791390e-07 6.951656541787087917e-05 2.695569776278716745e-07 7.878387009441212285e-07 5.855628387507749721e-06
2.650000000000000000e+04 2.088475775963161141e-05 1.691744728304911405e-05 2.253597841672672075e-07 1.372101792185276281e-07 1.084576360881328583e-04 5.772063218500989024e-07 2.492515704943798482e-05 2.621308681227674242e-07 1.557026962473173626e-06 7.361002190009457991e-06
2.700000000000000000e+04 2.126118488376960158e-05 1.632883686397690326e-05 1.905364825915967231e-07 1.633555370972317178e-07 1.044503442244604230e-04 5.730196903641626704e-07 2.478256647009402514e-05 2.055496395314548863e-07 2.011595825024414808e-06 6.871794539620168507e-06
2.750000000000000000e+04 1.922224510053638369e-05 1.183713357022497803e-05 2.108250214405416045e-07 3.215663753053377150e-07 7.382668991340324283e-05 5.824933282383426558e-07 2.680997386050876230e-05 3.180463181706727482e-07 4.166644430370070040e-06 3.957098215323640034e-06
2.800000000000000000e+04 1.902383519336581230e-05 1.135746242653112859e-05 1.505225100117968395e-07 2.808119745623116614e-07 7.122399256331846118e-05 5.479756168824678753e-07 2.959418998216278851e-05 4.670066005019180011e-07 4.431912202562671155e-06 3.863470283249625936e-06
2.850000000000000000e+04 1.906906618387438357e-05 1.521965168649330735e-05 2.175558080352857360e-07 6.369790526150609367e-07 1.602655975148081779e-04 4.622375797680433607e-07 2.698985190363600850e-05 2.341825933172003715e-07 3.293559302619541995e-06 4.354441443865653127e-06
2.900000000000000000e+04 1.883268487290479243e-05 1.523560422356240451e-05 1.789977517319130129e-07 6.014111590957327280e-07 1.560288801556453109e-04 4.481453288462944329e-07 2.561636210884898901e-05 2.004298522706449148e-07 2.774237145786173642e-06 4.322497261455282569e-06
2.950000000000000000e+04 1.555003291286993772e-05 1.352409708488266915e-05 3.016368168573535513e-07 6.719112661812687293e-07 5.774934106739237905e-05 5.511170684258104302e-07 3.830829155049286783e-05 4.083510418695368571e-07 2.941296543212956749e-06 2.032910060734138824e-06
3.000000000000000000e+04 1.407737636327510700e-05 1.187325506180059165e-05 2.273875168157246662e-07 3.466166731413977686e-07 5.687208613380789757e-05 5.275146577332634479e-07 3.854860915453173220e-05 8.042654258133552503e-07 5.830363079439848661e-06 2.183726564908283763e-06
3.050000000000000000e+04 1.656021049711853266e-05 1.251882531505543739e-05 1.748327917994174641e-07 5.708906769541499671e-07 9.443380258744582534e-05 4.690186585776245920e-07 1.625195727683603764e-05 1.437076775800960604e-06 4.075612196174915880e-06 3.750044015760067850e-06
3.100000000000000000e+04 1.605555007699877024e-05 1.977399551833514124e-05 1.568746910152185592e-07 4.318500828048854601e-07 8.971680654212832451e-05 4.442333363385841949e-07 1.725634501781314611e-05 1.531202883597870823e-06 3.333539098093751818e-06 4.592134700942551717e-06
3.150000000000000000e+04 1.077828073903219774e-05 7.403648396575590596e-06 2.385489779044291936e-07 1.901346138311055256e-07 7.024285878287628293e-05 3.602958145165757742e-07 1.647939643589779735e-05 1.901729547171271406e-06 6.824387583037605509e-06 3.877625658788019791e-06
3.200000000000000000e+04 1.020106083160499111e-05 7.378730515483766794e-06 1.891165197775990237e-07 1.250174932465597522e-07 6.908494833623990417e-05 3.308027487491926877e-07 1.662204886088147759e-05 2.022045009653083980e-06 7.330345397349447012e-06 3.921469215129036456e-06
3.250000000000000000e+04 1.036043522617546842e-05 9.786544069356750697e-06 1.739518040722032310e-07 2.219429546812534682e-07 5.893251363886520267e-05 3.120327960459690075e-07 2.743895856838207692e-05 1.299585619563004002e-06 3.224962199510628125e-07 2.312976448592962697e-06
3.300000000000000000e+04 9.363866411149501801e-06 8.425882697338238358e-06 1.583043882646961720e-07 1.688264461563449004e-07 5.819110447191633284e-05 3.018167831214668695e-07 1.893580883916001767e-05 1.178380671262857504e-06 2.247372634656130685e-07 2.431328312013647519e-06
3.350000000000000000e+04 1.238519416801864281e-05 7.988550351001322269e-06 1.389392139117262559e-07 2.217991124098261935e-07 7.380894385278224945e-05 3.232147207654634258e-07 1.738612445478793234e-05 1.506909939053002745e-07 7.072594030432810541e-07 3.432565790717490017e-06
3.400000000000000000e+04 1.137038179876981303e-05 8.117292964016087353e-06 8.650177818481097347e-08 1.184684137456315511e-07 7.016293238848447800e-05 3.178259646574588260e-07 2.238213892269413918e-05 8.949889718223857926e-08 2.536880003844999010e-07 3.347524398122914135e-06
3.450000000000000000e+04 1.035046625474933535e-05 9.088483238883782178e-06 1.976438142037295620e-07 2.157850360617885599e-07 6.033556928741745651e-05 2.821118698648206191e-07 2.941492857644334435e-05 4.759856153668806655e-07 3.132674919470446184e-07 3.389901621630997397e-06
3.500000000000000000e+04 9.529941962682642043e-06 8.975408491096459329e-06 1.606115631602733629e-07 1.569008247770398157e-07 5.886576400371268392e-05 2.575038422492070822e-07 2.955724812636617571e-05 4.968352982359647285e-07 2.074771714433154557e-07 3.847389052680227906e-06
3.550000000000000000e+04 1.435207650501979515e-05 3.944890340790152550e-05 2.252897246535212616e-07 4.327993110564420931e-07 6.322619447018951178e-05 2.697088632430677535e-07 6.621564534725621343e-05 2.259853090436081402e-06 4.835140316572505981e-06 3.705170911416644230e-06
3.600000000000000000e+04 1.418403098796261474e-05 7.249035661516245455e-06 1.747696529719178216e-07 1.700878584642850910e-07 5.416913336375728250e-05 2.767820035387558164e-07 1.851994238677434623e-05 2.667260105226887390e-06 2.382691718594287522e-06 5.693212187907192856e-06
3.650000000000000000e+04 1.740568404784426093e-05 1.132380111812381074e-05 1.662903770238699508e-07 1.114887737685421598e-07 8.786871330812573433e-05 2.504441170003701700e-07 1.668600270932074636e-05 3.942842852211470017e-07 8.096920112166117178e-08 5.643634722218848765e-06
3.700000000000000000e+04 1.711289951344951987e-05 1.073753173841396347e-05 1.118327972449151275e-07 8.688284935942647280e-08 8.630957017885521054e-05 2.327732744333843584e-07 1.622924355615396053e-05 3.238668000449251849e-07 1.033502243785733299e-07 5.533821422432083637e-06
3.750000000000000000e+04 1.362584771413821727e-05 1.086359679902670905e-05 1.254010157936136238e-07 2.191987533706196700e-07 1.000128104351460934e-04 2.278360682339553023e-07 2.221319664386101067e-05 6.707531383653986268e-07 7.716495247223065235e-07 1.694673301244620234e-06
3.800000000000000000e+04 1.322577190876472741e-05 1.095463630917947739e-05 1.277402219557188801e-07 1.831458007472974714e-07 9.715094347484409809e-05 2.390495410509174690e-07 2.368438617850188166e-05 7.579760676890145987e-07 1.347462898593221325e-06 1.627627625566674396e-06
3.850000000000000000e+04 8.670154784340411425e-06 1.011674339679302648e-05 3.256365914694470121e-07 1.428673783721023938e-07 6.900829612277448177e-05 2.235737639466606197e-07 2.763109296211041510e-05 1.670792357799655292e-07 3.733773041858512443e-07 2.034548060692031868e-06
3.900000000000000000e+04 8.485772923449985683e-06 1.018984039546921849e-05 2.711202853333816165e-07 1.043333810457625077e-07 6.606968236155807972e-05 1.840221841575839790e-07 2.932737515948247164e-05 2.017928153463799390e-07 1.752786999986710725e-07 1.938373543453053571e-06
3.950000000000000000e+04 1.394408536725677550e-05 8.802816410025116056e-06 1.196700623040669598e-07 1.461815486436535139e-07 5.136244726600125432e-05 1.951999735183562734e-07 2.658115590747911483e-05 5.460278202917834278e-07 9.891943619777521235e-08 1.970458470168523490e-06
4.000000000000000000e+04 1.308707669522846118e-05 7.836429176677484065e-06 1.078350209127165726e-07 1.120988954994572850e-07 4.994730988983064890e-05 1.796339716975126066e-07 2.530721940274816006e-05 5.657885822074604221e-07 5.589453877519190428e-08 1.775931536940333899e-06
4.050000000000000000e+04 1.121102377510396764e-05 1.193073057947913185e-05 1.798875643999053864e-07 7.424562653568500536e-08 1.477518526371568441e-04 2.049098952738859225e-07 1.749529837979935110e-05 7.154735044423432555e-07 2.810257058172282996e-07 3.562367965059820563e-06
4.100000000000000000e+04 1.014740428217919543e-05 1.084922860172810033e-05 1.548832955222678720e-07 9.133037792707909830e-08 1.458263286622241139e-04 1.762271324423636543e-07 1.686542782408650964e-05 7.566179078821733128e-07 2.063803066221225890e-07 3.353932697791606188e-06
4.150000000000000000e+04 5.242136012384435162e-06 7.326937975449254736e-06 9.936121614373405464e-08 4.881887605279189302e-08 9.307162690674886107e-05 1.295696989700445556e-07 1.017622435028897598e-05 6.374982035595166963e-07 5.970137095800964744e-08 2.080799731629667804e-06
4.200000000000000000e+04 5.125238658365560696e-06 1.263817557628499344e-05 5.756867338391202793e-08 5.300527305962532409e-08 9.314977796748280525e-05 1.243392233618578757e-07 2.101894278894178569e-05 5.037350092607084662e-07 3.083045996277178347e-08 1.416613031324231997e-06
4.250000000000000000e+04 9.292203685618005693e-06 3.932084837288130075e-06 6.061422652692272095e-08 3.590078279103181558e-08 5.676915679941885173e-05 1.251108869837480597e-07 1.620233342691790313e-05 2.681564410522696562e-07 2.172602719952010375e-08 1.938693003467051312e-06
4.300000000000000000e+04 9.286909516958985478e-06 3.886498689098516479e-06 5.724619356328730646e-08 4.238222572894301265e-08 5.466044967761263251e-05 1.189782352639667806e-07 1.785172207746654749e-05 2.301678421190445079e-07 1.967996610119371326e-08 1.948990529854199849e-06
4.350000000000000000e+04 1.294724734179908410e-05 8.261540642706677318e-06 2.657903621638979530e-07 2.262719505097265937e-07 8.528435137122869492e-05 1.071486437353996735e-07 1.763619729899801314e-05 1.054709386494323553e-07 3.988290586676157545e-08 9.453555094296461903e-07
4.400000000000000000e+04 1.048475405696080998e-05 7.045258826110512018e-06 1.875416870689150528e-07 1.622284742097690469e-07 8.514208457199856639e-05 9.961161850924327155e-08 1.458162205381086096e-05 1.132310316620532831e-07 2.255076658741472784e-08 9.180892561744258273e-07
4.450000000000000000e+04 1.193528532894561067e-05 7.973490028234664351e-06 1.086032952457571810e-07 2.771242577637167415e-07 6.194131128722801805e-05 9.710033310739163426e-08 1.367720142297912389e-05 2.108031935676990543e-07 3.623233268967851473e-08 1.277305159419483971e-06
4.500000000000000000e+04 1.110926950786961243e-05 7.491564701922470704e-06 9.877533102553570643e-08 1.417340484977103188e-07 5.691181650036014616e-05 8.990290467636441463e-08 1.520103705843212083e-05 1.651136187774682185e-07 1.415038841656723889e-08 1.211432390846312046e-06
4.550000000000000000e+04 1.702240297163370997e-05 1.022320429910905659e-05 1.912515870117204031e-07 1.271472029884535004e-07 9.947795479092746973e-05 8.883165492079569958e-08 1.979311673494521528e-05 1.947322800788242603e-07 3.939406099107145565e-07 2.186476876886445098e-06
4.600000000000000000e+04 1.506147418695036322e-05 9.645570571592543274e-06 1.543894825317693176e-07 6.900709337287480594e-08 9.572954877512529492e-05 8.308298049541917862e-08 1.897443871712312102e-05 8.926806316367219551e-08 3.365712473168969154e-07 2.089930376314441673e-06
4.650000000000000000e+04 8.171504305209964514e-06 3.085985736106522381e-05 2.280836355339488364e-07 1.381920782250745106e-07 4.739854921353980899e-05 8.248206029293214669e-08 2.431840766803361475e-05 5.714110216104018036e-07 1.079916529533875291e-07 6.519045996355998795e-07
4.700000000000000000e+04 7.594832823087926954e-06 5.013438567402772605e-06 1.661462079027842265e-07 1.389148849284538301e-07 3.852479130728170276e-05 8.670828322010493139e-08 1.361364593321923167e-05 6.537081844726344571e-07 1.598526182533532847e-07 1.044192231347551569e-06
4.750000000000000000e+04 6.602217581530567259e-06 2.342299922020174563e-06 7.566735860109474743e-08 2.272930643698600761e-08 1.071872520697070286e-05 8.972187259814745630e-08 5.887692168471403420e-06 2.581048192951129749e-07 1.513340492920178804e-07 2.469834271323634312e-06
4.800000000000000000e+04 5.514618351298850030e-06 1.696559252195584122e-06 9.334729611509828828e-08 2.205859139792210044e-08 9.538055564917158335e-06 6.879839986595470691e-08 5.527756002265959978e-06 2.121515478847868508e-07 6.504661769213271327e-07 2.385236712143523619e-06
4.850000000000000000e+04 3.449452151471632533e-06 2.598510945972520858e-06 4.656292063032196893e-08 1.964009896937568556e-07 7.666434612474404275e-06 7.010525848727411358e-08 1.146149861597223207e-05 1.351002367755427258e-07 3.927823968297161628e-07 1.571742473061021883e-06
4.900000000000000000e+04 2.965358135043061338e-06 2.369956746406387538e-06 4.720553192782972474e-08 1.489060252879426116e-07 6.725520506734028459e-06 6.928511453452301794e-08 1.048734793585026637e-05 1.305187282696351758e-07 3.039217233435920207e-07 1.591809791534615215e-06
4.950000000000000000e+04 1.083827555703464895e-05 5.334977686288766563e-06 6.195234192318821442e-08 1.886273253148829099e-07 3.304271740489639342e-05 6.609948854929825757e-08 8.051834811340086162e-06 2.010145863096113317e-07 5.450930729011815856e-08 8.052753400988876820e-06
5.000000000000000000e+04 9.368402061227243394e-06 5.255432824924355373e-06 9.753653529287475976e-08 1.495243253657463356e-07 3.083746196352876723e-05 5.980749762102277600e-08 6.649107490375172347e-06 1.603191179810892208e-07 2.818615207900165842e-08 9.824488188314717263e-06
5.050000000000000000e+04 1.720385989756323397e-05 1.125947710534092039e-05 6.781338157679783762e-08 1.086601812971821346e-07 1.146085487562231719e-04 8.206786361597551149e-08 1.592126682226080447e-05 5.107505174350990274e-08 2.256015818602463696e-07 2.180715455324389040e-06
5.100000000000000000e+04 1.644871190364938229e-05 1.000827160169137642e-05 5.812828263174196763e-08 8.892130409776655142e-08 1.125959606724791229e-04 5.929149438088643365e-08 1.349113790638512000e-05 8.013398655748460442e-08 3.077990697875065962e-07 2.177019723603734747e-06
5.150000000000000000e+04 9.510135896562132984e-06 3.775753157242434099e-06 1.008935939239563595e-07 5.710214168175298255e-08 3.694456245284527540e-05 5.281629711362256785e-08 9.948149454430676997e-06 9.079571583470169571e-08 1.142547390031722898e-07 2.188654434576164931e-06
5.200000000000000000e+04 8.541919669369235635e-06 4.306048595026368275e-06 8.944812179834116250e-08 4.767232653080100135e-08 3.131419725832529366e-05 5.920397683212286211e-08 1.547105239296797663e-05 1.295465210660040611e-07 3.728079036591225304e-07 1.851304318734037224e-06
5.250000000000000000e+04 9.500457053945865482e-06 4.268541943019954488e-06 1.264236288989195600e-07 3.130596581968347891e-08 2.710041553655173630e-05 8.016753128003983875e-08 1.735250043566338718e-05 1.051359959092224017e-06 2.611932359286583960e-07 1.134923763856932055e-06
5.300000000000000000e+04 8.952618372859433293e-06 4.283187990949954838e-06 8.961647068872480304e-08 4.702216216401211568e-08 2.220133865193929523e-05 8.258517425474565243e-08 1.821791374823078513e-05 1.702857275631686207e-06 5.259257704892661422e-07 1.172851966657617595e-06
5.350000000000000000e+04 7.220261068141553551e-06 4.328747309045866132e-06 5.137161451784777455e-08 1.944724914437756524e-07 5.182252425584010780e-05 7.242333310841786442e-08 3.531675974954850972e-05 1.445932298338448163e-07 3.845215346132135892e-08 8.912728048926510382e-07
5.400000000000000000e+04 6.249483249121112749e-06 1.817353404476307333e-05 5.205306052857849863e-08 9.285973590067442274e-08 5.192820754018612206e-05 6.562370202800593688e-08 1.875561792985536158e-05 1.659598751757584978e-07 4.783667861829599133e-08 6.806804435655067209e-07
5.450000000000000000e+04 1.057589724950958043e-05 1.041989708028268069e-05 2.495434330285206670e-07 4.882980420006788336e-08 6.037181447027251124e-05 6.840669897201223648e-08 1.847549356170929968e-05 4.466533027880359441e-07 6.411399340322532225e-07 4.807739060197491199e-06
5.500000000000000000e+04 1.042872554535279050e-05 1.019565024762414396e-05 1.263178290855648811e-07 3.421061833819294407e-08 5.809463982586748898e-05 6.346479608509980608e-08 1.688415431999601424e-05 2.378472743203019490e-07 6.207276896930125076e-07 5.640823474095668644e-06
5.550000000000000000e+04 8.577246262575499713e-06 4.026181613880908117e-06 6.064514934678300051e-08 1.432237297649407992e-07 3.613936132751405239e-05 4.535607445177447516e-08 9.408485311723779887e-06 4.230021772855252493e-07 5.773756583948852494e-08 2.526250227674609050e-06
5.600000000000000000e+04 7.265152817126363516e-06 4.162121058470802382e-06 3.752852251182048349e-08 1.161564853191521252e-07 3.178631959599442780e-05 5.131937541591469198e-08 1.119640546676237136e-05 5.376280114433029667e-07 5.767961752667360997e-08 2.532557573431404307e-06
5.650000000000000000e+04 4.629075647244462743e-06 2.970273726532468572e-06 5.615673259740106005e-08 1.432079415053522098e-07 7.120928785298019648e-06 5.724166740606051462e-08 9.701057933853007853e-06 5.880883335862563399e-08 4.803899500416264345e-08 7.396353680633183103e-07
5.700000000000000000e+04 4.261329650034895167e-06 2.208680598414503038e-06 3.623383193485096854e-08 1.066719406139782222e-07 7.055343303363770247e-06 5.688646353974036174e-08 7.938043381727766246e-06 5.296941196775151184e-08 5.047839479743743141e-08 6.200218081175989937e-07
5.750000000000000000e+04 5.937490186624927446e-06 3.373559138708515093e-06 7.782794853028462967e-08 1.080689138177604036e-08 3.165181624353863299e-05 5.517696521906145790e-08 2.323672561033163220e-05 1.158062374884138990e-07 1.405794449738095864e-07 6.871758273518935312e-07
5.800000000000000000e+04 4.700256795331370085e-06 2.980917315653641708e-06 6.953996489755809307e-08 2.200532911444952333e-08 2.941173079307191074e-05 5.534910130222669977e-08 2.893550845328718424e-05 1.008052663564740214e-07 6.056828993905583047e-08 6.217100576577649917e-07
5.850000000000000000e+04 6.122005288489162922e-06 4.599832664098357782e-06 1.020479203361901455e-07 1.199895081072099856e-07 4.531063677859492600e-05 5.502204203367000446e-08 7.839940735721029341e-06 3.353382282966776984e-07 3.298757178527012002e-07 1.789211751201946754e-06
5.900000000000000000e+04 5.240903647063532844e-06 5.690279976988676935e-06 9.419292723578109872e-08 1.680652275126703898e-07 3.687074786284938455e-05 6.387052309264618088e-08 8.124167834466788918e-06 4.408622089613345452e-07 7.798168439876462799e-07 1.950842033693334088e-06
