# step, loss_train, loss_test, metrics_test
0.000000000000000000e+00 5.453111603856086731e-02 5.975892767310142517e-02 2.530758734792470932e-03 1.193266245536506176e-03 8.824435062706470490e-04 5.492216721177101135e-02 6.539706140756607056e-02 2.274231985211372375e-03 1.801812439225614071e-03 1.848395331762731075e-03
5.000000000000000000e+02 6.443959427997469902e-04 5.649439245462417603e-02 1.852309360401704907e-04 1.174222124973312020e-04 1.710798009298741817e-03 5.880161770619452000e-04 6.413477659225463867e-02 1.884306402644142509e-04 5.564865932683460414e-05 2.323104068636894226e-03
1.000000000000000000e+03 7.370670209638774395e-04 1.751808822154998779e-02 7.975504850037395954e-04 2.176824025809764862e-03 1.573861576616764069e-03 4.569713200908154249e-04 1.732475683093070984e-02 1.162095693871378899e-03 2.052730415016412735e-03 1.812192844226956367e-03
1.500000000000000000e+03 1.144843918154947460e-04 3.715242783073335886e-04 1.690064709691796452e-05 8.625438567833043635e-06 1.160807791166007519e-03 1.890748717414680868e-05 4.856550658587366343e-04 4.538038410828448832e-05 1.551579771330580115e-05 7.338469731621444225e-04
2.000000000000000000e+03 2.321574356756173074e-05 2.359922946197912097e-04 1.086722113541327417e-05 6.467715138569474220e-06 5.990845966152846813e-04 2.408868567727040499e-06 3.303867706563323736e-04 1.452024662285111845e-05 8.425035957770887762e-06 2.554156526457518339e-04
2.500000000000000000e+03 1.371717553411144763e-05 1.428606774425134063e-04 6.070077233744086698e-06 4.453111614566296339e-06 4.146353749092668295e-04 2.062125304291839711e-06 1.705974136712029576e-04 1.007853916235035285e-05 2.161456450266996399e-06 1.177610247395932674e-04
3.000000000000000000e+03 9.877886441245209426e-06 1.065513715730048716e-04 3.378761675776331685e-06 2.639258354975027032e-06 3.129229589831084013e-04 2.392242322457605042e-06 1.397595478920266032e-04 7.000611276453128085e-06 1.726515506561554503e-06 5.334125671652145684e-05
3.500000000000000000e+03 1.306987178395502269e-05 7.574447954539209604e-05 2.673808012332301587e-06 2.493849933671299368e-06 2.875047503039240837e-04 1.892326167762803379e-06 1.114672922994941473e-04 2.892787051678169519e-06 2.430913582429639064e-06 2.756625144684221596e-05
4.000000000000000000e+03 1.168625385616905987e-05 5.072835847386159003e-05 1.419259547219553497e-06 1.215544557453540619e-06 2.360008802497759461e-04 1.599288111719943117e-06 7.781698514008894563e-05 1.127883388107875362e-05 6.116161443969758693e-07 1.892414184112567455e-05
4.500000000000000000e+03 2.120988574461080134e-05 4.566901770886033773e-05 1.527575932414038107e-06 1.284509494325902779e-06 3.148686955682933331e-04 1.123041784012457356e-06 5.043854253017343581e-05 4.151011125941295177e-06 4.585963608860765817e-07 1.992657780647277832e-05
5.000000000000000000e+03 3.000250944751314819e-05 3.458324863458983600e-05 1.982490402951953001e-06 1.060042336575861555e-06 2.733099681790918112e-04 9.505272373644402251e-07 3.492464747978374362e-05 2.333755446670693345e-06 5.621539003186626360e-07 1.874594454420730472e-05
5.500000000000000000e+03 1.550675733597017825e-05 1.933162639033980668e-05 1.136437504101195373e-06 5.216804765950655565e-07 1.497779157944023609e-04 7.969551347741798963e-07 1.958851134986616671e-05 2.808895033012959175e-06 5.033826937506091781e-07 1.066446657205233350e-05
6.000000000000000000e+03 1.652335777180269361e-05 1.734331635816488415e-05 9.043814657161419746e-07 3.661044445379957324e-07 1.406205847160890698e-04 7.437414524247287773e-07 2.214579944848082960e-05 3.124085878880578093e-06 3.018738823357125511e-07 8.531142157153226435e-06
6.500000000000000000e+03 1.975717532332055271e-05 1.316818725172197446e-05 1.158434201897762250e-06 1.927741095641977154e-07 1.274700334761291742e-04 7.037795626274601091e-07 2.619246697577182204e-05 1.209877609653631225e-06 1.021862203742784914e-06 1.461089686927152798e-05
7.000000000000000000e+03 2.375225631112698466e-05 1.287261875404510647e-05 7.828450065971992444e-07 1.549127119915283401e-07 1.155781937995925546e-04 7.353174282798136119e-07 2.726694037846755236e-05 2.501665221643634140e-06 6.834917485321057029e-07 1.342422092420747504e-05
7.500000000000000000e+03 1.646444798097945750e-05 1.493663603469030932e-05 2.284716856593149714e-06 2.788856932056660298e-07 7.437122258124873042e-05 8.470387342640606221e-07 2.801525079121347517e-05 1.679517708907951601e-06 2.797219167405273765e-07 5.811818482470698655e-06
8.000000000000000000e+03 1.844619873736519367e-05 1.430715201422572136e-05 1.462362206439138390e-06 2.079745087257833802e-07 6.899650179548189044e-05 6.827252150287677068e-07 3.127999661955982447e-05 1.895881723612546921e-06 2.452436547173419967e-07 5.579191565630026162e-06
8.500000000000000000e+03 3.000019387400243431e-05 2.008905539696570486e-05 3.227863771826378070e-07 3.178133454184717266e-07 1.696282706689089537e-04 6.490683972515398636e-07 5.390877049649134278e-05 2.235133933936594985e-06 5.653548100781335961e-07 4.461399839783553034e-06
9.000000000000000000e+03 3.091369217145256698e-05 1.932721170305740088e-05 3.087745881202863529e-07 2.393073543771606637e-07 1.614858047105371952e-04 6.961762437640572898e-07 5.979273555567488074e-05 9.276700438931584358e-06 5.573595558416855056e-07 3.968700639234157279e-06
9.500000000000000000e+03 2.259409666294232011e-05 1.054204185493290424e-04 1.215235215568100102e-06 4.522055405686842278e-07 9.233683522325009108e-05 8.157811066666909028e-07 1.088315839297138155e-04 1.361737122351769358e-05 8.609088695266109426e-07 7.837386874598450959e-06
1.000000000000000000e+04 1.899335984489880502e-05 1.418039937561843544e-05 6.937970056242193095e-07 2.665450153926940402e-07 9.411641076439991593e-05 7.771372452225477900e-07 1.407638228556606919e-05 1.163390697911381721e-05 1.487220743001671508e-06 4.064264885528245941e-06
1.050000000000000000e+04 3.482955071376636624e-05 1.858882205851841718e-05 1.030463522511126939e-06 3.916644288892712211e-07 1.627078017918393016e-04 6.405041403922950849e-07 2.375731673964764923e-05 4.135424205742310733e-06 6.731286816830106545e-07 7.001176527410279959e-06
1.100000000000000000e+04 3.323299824842251837e-05 1.825221261242404580e-05 1.150494540524960030e-06 3.727256796537403716e-07 1.564884587423875928e-04 5.174094326321210247e-07 2.414736081846058369e-05 3.694252427521860227e-06 1.900961024148273282e-07 6.776615009584929794e-06
1.150000000000000000e+04 1.447885097149992362e-05 1.038745358528103679e-05 3.858549177948589204e-07 2.516412109798693564e-07 6.173749716253951192e-05 5.069340431873570196e-07 1.371193866361863911e-05 2.058689278783276677e-05 1.627463007025653496e-06 3.828511580650229007e-06
1.200000000000000000e+04 1.525087554909987375e-05 1.007264017971465364e-05 2.800602487695869058e-07 1.532768294509878615e-07 5.824182153446599841e-05 4.069423198416188825e-07 1.177132344309939072e-05 2.374763607804197818e-05 8.653051963847246952e-07 4.127882220927858725e-06
1.250000000000000000e+04 1.505356522102374583e-05 7.650770385225769132e-06 4.873294869867095258e-07 1.693408933078899281e-07 1.081063965102657676e-04 2.972268475787132047e-07 1.296570371778216213e-05 1.893330022539885249e-06 4.363868981727136998e-07 6.164937985886353999e-06
1.300000000000000000e+04 1.489670648879837245e-05 8.325656381202861667e-06 3.272975845902692527e-07 1.966231621963743237e-07 1.032931686495430768e-04 1.961044659992694505e-07 1.278377658309182152e-05 8.152703685482265428e-07 2.806237660024635261e-07 5.821018476126482710e-06
1.350000000000000000e+04 1.599475035618524998e-05 1.352110848529264331e-05 1.141582757213654986e-07 6.734008906050803489e-08 3.843489321297965944e-05 2.180053968459105818e-07 1.859782059909775853e-05 6.138546268630307168e-06 2.713990170377655886e-07 1.352388608211185783e-06
1.400000000000000000e+04 1.319269995292415842e-05 1.185375003842636943e-05 1.134647362732721376e-07 5.463946095574101491e-08 4.019488915218971670e-05 2.269642749297418050e-07 1.638000867387745529e-05 9.057493116415571421e-06 2.394791636106674559e-07 1.318784597970079631e-06
1.450000000000000000e+04 2.527694960008375347e-05 1.347775105386972427e-05 1.677337451155835879e-07 3.250034694701753324e-07 1.629417092772200704e-04 2.336922619861070416e-07 1.630953738640528172e-05 1.509587491455022246e-06 1.484398922002583276e-06 5.799903647130122408e-06
1.500000000000000000e+04 2.290160045959055424e-05 3.618720438680611551e-05 1.619528404717129888e-07 3.853507166695635533e-07 1.599137904122471809e-04 4.380784162094641943e-07 7.022498903097584844e-05 3.710318026151071535e-07 1.535767637506069150e-06 4.525743861449882388e-06
1.550000000000000000e+04 1.204948875965783373e-05 1.047103887685807422e-05 4.488993852191924816e-07 1.955632029648768366e-07 7.019709300948306918e-05 4.664879895699414192e-07 3.462043969193473458e-05 2.382224977282021428e-07 3.292749966021801811e-07 2.643706466187722981e-06
1.600000000000000000e+04 1.098943357646930963e-05 9.362168384541291744e-06 3.380169744104932761e-07 1.204358710538144805e-07 6.730829045409336686e-05 3.976315383624751121e-07 3.825291059911251068e-05 3.325804129872267367e-07 3.042833611743844813e-07 2.363893372603342868e-06
1.650000000000000000e+04 2.481288356648292392e-05 1.284914742427645251e-05 4.728378257823351305e-07 1.127040150095126592e-07 8.985047315945848823e-05 3.433023323395900661e-07 2.044303437287453562e-05 1.816464759940572549e-06 1.373346663058327977e-07 2.946020231320289895e-06
1.700000000000000000e+04 2.430410677334293723e-05 1.189164231618633494e-05 3.540382635947025847e-07 7.888051101190285408e-08 8.534528024028986692e-05 3.088138953444286017e-07 2.089183362841140479e-05 1.965123601621598937e-06 1.650764431815332500e-07 2.793951580315479077e-06
1.750000000000000000e+04 2.078911893477197737e-05 9.648058039601892233e-06 1.643701210696235648e-07 5.693388871463866963e-08 9.126379882218316197e-05 3.427373087561136344e-07 4.082678060512989759e-05 3.309468638690304942e-06 4.129567798827338265e-07 2.503139512555208057e-06
1.800000000000000000e+04 1.809810237318743020e-05 8.959010301623493433e-06 1.593250544829061255e-07 5.865614483013814606e-08 8.932125638239085674e-05 3.068258820349001326e-07 3.972453487222082913e-05 3.381368969712639228e-06 5.226539769864757545e-07 2.464850012984243222e-06
1.850000000000000000e+04 2.750630301306955516e-05 1.606900514161679894e-05 9.755817700352054089e-07 1.229580561812326778e-06 1.701055152807384729e-04 2.334037958462431561e-07 5.461097680381499231e-05 5.007173058402258903e-06 2.314087055310665164e-07 4.082220129930647090e-06
1.900000000000000000e+04 2.382274396950379014e-05 1.523293849459150806e-05 5.331871761882212013e-07 9.420720061825704761e-07 1.547139108879491687e-04 2.230778193279547850e-07 5.251054608379490674e-05 5.815768417960498482e-06 3.076237931054492947e-07 2.978340944537194446e-06
1.950000000000000000e+04 9.984813914343249053e-06 7.496188118238933384e-06 8.938792461776756682e-08 2.136676044983687461e-07 3.047491190955042839e-05 1.872906949529351550e-07 2.387102176726330072e-05 7.003677183092804626e-06 7.659173775209637824e-07 1.201613827106484678e-06
2.000000000000000000e+04 8.877697837306186557e-06 6.193101853568805382e-06 6.781625927487766603e-08 1.740062458566171699e-07 2.982405931106768548e-05 1.669321108010990429e-07 1.979783883143682033e-05 6.750206921424251050e-06 1.036585558722435962e-06 1.194124251924222335e-06
2.050000000000000000e+04 1.144830457633361220e-05 5.180337211641017348e-06 1.362113266623055097e-07 3.069733907068439294e-07 5.238128869677893817e-05 1.772674664834994473e-07 1.682627043919637799e-05 2.956646483198710484e-07 4.862716878051287495e-07 2.771311983451596461e-06
2.100000000000000000e+04 8.994915333460085094e-06 4.898986844636965543e-06 1.030432130733061058e-07 1.795379915847661323e-07 5.065821460448205471e-05 1.598409653524868190e-07 1.734898251015692949e-05 1.760444234832903021e-07 2.118711819321106304e-07 2.468009597578202374e-06
2.150000000000000000e+04 1.116543171519879252e-05 1.178641196020180359e-05 4.496835970257961890e-07 1.603327177690516692e-07 1.540938683319836855e-04 1.512996590236070915e-07 1.641701783228199929e-05 3.516592414598562755e-06 1.798530320229474455e-07 2.962757889690692537e-06
2.200000000000000000e+04 1.066658478521276265e-05 6.186674727359786630e-05 5.051865628047380596e-07 4.371259763047419256e-07 1.587062870385125279e-04 1.287116901949048042e-07 5.867269646842032671e-05 2.836822432072949596e-06 3.947535844872618327e-07 3.161629820169764571e-06
2.250000000000000000e+04 1.012932898447616026e-05 6.397563538484973833e-06 5.332727255336067174e-07 1.603325188170856563e-07 7.966048724483698606e-05 9.930511168931843713e-08 1.729580253595486283e-05 9.727666565595427528e-07 2.956415528387879021e-06 2.557096422606264241e-06
2.300000000000000000e+04 9.684558790468145162e-06 5.989673354633850977e-06 2.830229846040310804e-07 1.412715704418587848e-07 7.632478082086890936e-05 8.945090002043798449e-08 1.509510184405371547e-05 2.674882352948770858e-06 2.908117494371253997e-06 2.839797843989799730e-06
2.350000000000000000e+04 1.489011265221051872e-05 4.569589691527653486e-06 3.918331117347406689e-07 5.501308208977206959e-08 2.850256169040221721e-05 6.727023560415545944e-08 1.270739721803693101e-05 2.713993671932257712e-05 2.560213260949240066e-06 1.565161142025317531e-06
2.400000000000000000e+04 1.249948309123283252e-05 4.152600922679994255e-06 1.745329853974908474e-07 2.757722405988261016e-08 2.561590554250869900e-05 6.607679381431807997e-08 1.191318096971372142e-05 5.596032224275404587e-06 1.915258280860143714e-06 1.061623152054380625e-06
2.450000000000000000e+04 7.890653250797186047e-06 4.122994141653180122e-06 5.456774943013442680e-07 5.900372457290359307e-08 5.125122333993203938e-05 6.795534801540270564e-08 1.335564502369379625e-05 9.723232778924284503e-07 9.169542067866132129e-07 1.376662567054154351e-06
2.500000000000000000e+04 6.822460818511899561e-06 3.163602741551585495e-05 5.503883357960148714e-07 1.613339151163017959e-07 5.399071960709989071e-05 7.451630779087281553e-08 5.389406214817427099e-05 1.288803787247161381e-06 1.065168476088729221e-06 2.685012759684468620e-06
2.550000000000000000e+04 8.788177183305379003e-06 4.326227099227253348e-06 3.777184929276700132e-07 3.812353384091693442e-07 3.367942917975597084e-05 9.451892424294783268e-08 1.337222420261241496e-05 1.032010231938329525e-06 5.056259055891132448e-07 2.202353016400593333e-06
2.600000000000000000e+04 8.226790669141337276e-06 4.657450517697725445e-06 3.097272838203934953e-07 1.904848261347069638e-07 2.966824285977054387e-05 9.633255615426605800e-08 1.404588147124741226e-05 6.683224000880727544e-07 1.941665459526120685e-07 2.073177256534108892e-06
2.650000000000000000e+04 5.889000931347254664e-06 5.647009402309777215e-06 1.604508952368632890e-07 7.401445145660545677e-08 6.197568291099742055e-05 1.205373223456263077e-07 8.413156137976329774e-06 1.762882448019809090e-06 2.608124418657098431e-07 2.250306579298921861e-06
2.700000000000000000e+04 5.379070444178069010e-06 1.296191294386517256e-05 2.282240529893897474e-07 5.421848214837154956e-08 5.509395850822329521e-05 1.048338873488319223e-07 1.145318856288213283e-05 4.056057150592096150e-06 1.574744885601830902e-07 3.028933633686392568e-06
2.750000000000000000e+04 9.441291695111431181e-06 3.939181624446064234e-06 5.942479219811502844e-08 6.346228786924257292e-08 2.906587360484991223e-05 1.087411405364946404e-07 8.152772352332249284e-06 1.460536850572680123e-06 5.747467071159917396e-07 1.146161480392038357e-06
2.800000000000000000e+04 7.324264970520744100e-06 3.654546617326559499e-06 6.521509021695237607e-08 6.252509621162971598e-08 2.641998253238853067e-05 9.860439575959389913e-08 7.282053502422058955e-06 1.982210505957482383e-06 1.200001804591011023e-07 1.122815092458040453e-06
2.850000000000000000e+04 9.869637324300128967e-06 9.593814866093453020e-06 1.127144386714462598e-07 1.911729867742906208e-07 1.124025729950517416e-04 7.736706209016119828e-08 4.245101081323809922e-06 1.675652242738578934e-06 1.639646711737441365e-06 2.446271764711127616e-06
2.900000000000000000e+04 9.418929039384238422e-06 2.079627483908552676e-05 1.203816282213665545e-07 1.118897685614683724e-07 1.045507378876209259e-04 7.572477045414416352e-08 1.026693280437029898e-05 2.279339014421566390e-06 1.408830826221674215e-06 4.322751010477077216e-06
2.950000000000000000e+04 7.470676337106851861e-06 3.302122649984085001e-06 1.419439001892897068e-07 9.309234627608020674e-08 3.225879845558665693e-05 1.657075614502900862e-07 1.410690765624167398e-05 1.210166942655632738e-06 2.406799239906831644e-06 7.175124778768804390e-07
3.000000000000000000e+04 6.010652668919647112e-06 2.626848754516686313e-06 8.986452826320601162e-08 7.566166715378130903e-08 2.888272138079628348e-05 1.320347138289434952e-07 1.137913932325318456e-05 3.313400611659744754e-06 2.813895889630657621e-06 6.028116104062064551e-07
3.050000000000000000e+04 1.095074640033999458e-05 3.951472990593174472e-06 7.496279863516974729e-08 1.441986796635319479e-07 4.985116538591682911e-05 8.145003249637738918e-08 1.167015307146357372e-05 5.461527507577557117e-06 1.197125811813748442e-06 1.229206077368871775e-06
3.100000000000000000e+04 8.871484169503673911e-06 5.749749107053503394e-06 1.207592816854230477e-07 8.976387988468559342e-08 4.165890641161240637e-05 1.037557879612904799e-07 1.042793428496224806e-05 1.197059282276313752e-05 1.078984041669173166e-06 5.816994530505326111e-07
3.150000000000000000e+04 5.623668585030827671e-06 4.030946001876145601e-06 6.350840209279340343e-08 3.918748348041845020e-08 4.727696796180680394e-05 9.752452712064041407e-08 2.635774944792501628e-05 3.670794740173732862e-06 1.617478233129077125e-06 1.207596710628422443e-06
3.200000000000000000e+04 4.745120804727775976e-06 4.114223429496632889e-06 5.383551737736524956e-08 2.392088482849885622e-08 4.427703970577567816e-05 9.613482632175873732e-08 2.430780841677915305e-05 3.031145752174779773e-06 6.632080840063281357e-08 1.429876419933862053e-06
3.250000000000000000e+04 4.375530807010363787e-06 4.506083314481656998e-06 1.758186272127204575e-07 3.039626861323085905e-08 4.521732262219302356e-05 8.206336588045815006e-08 9.748956472321879119e-06 3.276041979916044511e-07 1.183073194965800212e-07 1.528406983197783120e-06
3.300000000000000000e+04 3.735035079444060102e-06 3.831024514511227608e-06 1.301222738447904703e-07 2.328820336572334782e-08 4.428817555890418589e-05 7.647395250387489796e-08 8.125663043756503612e-06 2.535435328354651574e-07 8.990818400889111217e-08 1.516015686320315581e-06
3.350000000000000000e+04 5.421361038315808401e-06 3.250825784562039189e-06 6.771934124571998836e-08 1.647992604603132349e-07 4.104855906916782260e-05 1.069392823183079599e-07 1.519382476544706151e-05 1.932180708763553412e-07 9.264865070690575521e-07 7.183443813119083643e-07
3.400000000000000000e+04 4.664756488637067378e-06 3.028670562343904749e-06 4.795963803871927666e-08 1.349365845726424595e-07 3.333536733407527208e-05 8.422518504858089727e-08 1.776317549229133874e-05 1.488520524617342744e-07 8.478588142679654993e-07 9.260325555260351393e-07
3.450000000000000000e+04 5.945686552877305076e-06 3.139104364890954457e-06 1.652543915042770095e-07 6.396530238816922065e-08 3.985777584603056312e-05 6.760405568684291211e-08 2.111562935169786215e-05 2.946186725694133202e-07 6.043674147804267704e-07 7.475497341147274710e-07
3.500000000000000000e+04 4.571048975776648149e-06 2.913793650805018842e-06 1.461211951436780510e-07 5.333321695388804073e-08 3.719389496836811304e-05 8.370435722326874384e-08 2.361592669331002980e-05 1.944979999279894400e-07 1.062619162439659704e-06 7.172000096034025773e-07
3.550000000000000000e+04 6.144910457805963233e-06 3.669573288789251819e-06 6.424088638823377551e-08 2.536395804497715289e-08 2.507767021597828716e-05 8.156295905337174190e-08 1.289039846597006544e-05 6.781778552067407873e-07 4.959789293934591115e-06 1.930476173583883792e-06
3.600000000000000000e+04 4.958057161275064573e-06 3.196910711267264560e-06 6.974349986421657377e-08 2.596915926744713943e-08 2.104688246618025005e-05 7.073072083585429937e-08 1.077797696780180559e-05 6.504724865408206824e-07 4.273910235497169197e-06 1.923932586578303017e-06
3.650000000000000000e+04 5.601480097539024428e-06 4.031266144011169672e-06 8.603296919318381697e-08 1.579031163601030130e-07 3.497016223263926804e-05 1.033311676224002440e-07 9.467381460126489401e-06 3.695303405493177706e-07 2.583908838005299913e-07 3.316990387247642502e-06
3.700000000000000000e+04 5.761181455454789102e-06 3.326251089674769901e-06 7.880369423673982965e-08 9.003066736568143824e-08 3.070927414228208363e-05 8.649804783544823295e-08 7.973275387485045940e-06 6.604331019843812101e-07 3.138232500532467384e-07 4.379312031232984737e-06
3.750000000000000000e+04 9.182112989947199821e-06 5.558323664445197210e-06 1.231649378041765885e-07 2.090771289431359037e-07 8.217830327339470387e-05 8.793768557779912953e-08 1.207008608616888523e-05 3.034399185253278119e-07 4.863467438553925604e-06 1.013455062093271408e-06
3.800000000000000000e+04 7.564579391328152269e-06 4.905958121526055038e-06 9.373791698408240336e-08 1.242161999925883720e-07 7.823640771675854921e-05 9.091554886708763661e-08 1.281794538954272866e-05 2.121431919022143120e-07 6.064010904083261266e-06 7.701469257881399244e-07
3.850000000000000000e+04 4.538641860563075170e-06 4.818121851712930948e-06 2.668067224931292003e-07 1.081692246884813358e-07 4.681648351834155619e-05 1.223140912998132990e-07 1.581251308380160481e-05 1.009811853691644501e-06 2.020326974161434919e-06 1.929671043399139307e-06
3.900000000000000000e+04 4.809508027392439544e-06 4.489181264943908900e-06 1.087912764319298731e-07 8.082649571861111326e-08 4.177463051746599376e-05 1.160449798476292926e-07 1.476189936511218548e-05 3.388263849046779796e-06 1.870539449555508327e-06 2.441460537738748826e-06
3.950000000000000000e+04 5.459899512061383575e-06 9.562326158629730344e-05 1.384334922249763622e-07 2.464207909724791534e-06 3.335525980219244957e-05 8.336262879993228125e-08 1.090727382688783109e-04 7.813521278876578435e-07 2.317941380169941112e-06 1.549393164168577641e-05
4.000000000000000000e+04 3.722632754943333566e-06 1.862835802057816181e-06 8.402903972637432162e-08 3.853309493706547073e-08 1.349685317109106109e-05 8.248590432913260884e-08 1.425516620656708255e-05 8.273674438896705396e-07 1.859143480942293536e-06 8.053330589063989464e-07
4.050000000000000000e+04 9.285300620831549168e-06 1.413013433193555102e-05 6.677196040527633158e-08 4.345612012457422679e-07 9.995773871196433902e-05 9.508602971664004144e-08 1.694780439720489085e-05 9.488902037446678150e-07 6.627079528698232025e-06 4.983701728633604944e-06
4.100000000000000000e+04 8.573750164941884577e-06 1.315681220148690045e-05 7.718420391711333650e-08 1.717724273930798518e-07 8.935033838497474790e-05 9.977915738090814557e-08 1.700573557172901928e-05 8.077852839960542042e-07 1.375392912450479344e-05 5.804819920740555972e-06
4.150000000000000000e+04 3.398846956770285033e-06 6.740338449162663892e-06 1.281055261870278628e-07 6.262596485839821980e-08 6.511581887025386095e-05 1.172526538084639469e-07 1.137710296461591497e-05 2.217575030272200820e-07 2.544076949106965913e-07 6.123001185187604278e-06
4.200000000000000000e+04 2.730425194386043586e-06 6.920769919815938920e-06 1.129206594896459137e-07 5.556888638125201396e-08 5.961623901384882629e-05 9.953156165920518106e-08 8.041928595048375428e-06 2.377355485805310309e-07 2.581680291768861935e-07 7.443944468832341954e-06
4.250000000000000000e+04 5.700857855117646977e-06 4.166043709119549021e-06 9.062508610213626525e-08 5.018146254087696434e-08 4.212365092826075852e-05 7.280892333483279799e-08 7.589980668853968382e-06 4.159744548815069720e-06 7.180232159953447990e-07 5.868951689080859069e-07
4.300000000000000000e+04 4.440932571014855057e-06 3.176231075485702604e-06 6.928754459067931748e-08 4.198410863409662852e-08 4.028841431136243045e-05 6.842981292720651254e-08 7.484609795938013121e-06 4.467443886824185029e-06 9.267556606573634781e-07 6.090580768614017870e-07
4.350000000000000000e+04 7.905814527475740761e-06 6.377240879373857751e-06 2.762971575975825544e-07 3.208334646842558868e-07 5.658794179907999933e-05 9.386380384057702031e-08 1.746088128129485995e-05 1.229549866366141941e-07 6.986905987105274107e-07 1.624694732527132146e-06
4.400000000000000000e+04 6.537215995194856077e-06 6.766817023162730038e-06 2.476394911354873329e-07 2.948807207303616451e-07 4.819202513317577541e-05 7.336657148471203982e-08 1.820750730985309929e-05 2.319463163757973234e-07 3.946785795960749965e-07 2.539972228987608105e-06
4.450000000000000000e+04 5.683592462446540594e-06 4.050780717079760507e-06 1.077152234074674197e-07 3.443185789819835918e-07 1.257922122022137046e-05 7.004455682135812822e-08 8.784660167293623090e-06 2.424139609047415433e-07 4.028201487926708069e-07 1.787215978765743785e-06
4.500000000000000000e+04 4.374639502202626318e-06 2.650352598720928654e-06 9.847914128613410867e-08 3.355329738496948266e-07 1.054589029081398621e-05 6.892095427701860899e-08 7.042904599074972793e-06 1.632855202160499175e-07 3.436186091221316019e-07 1.604745875738444738e-06
4.550000000000000000e+04 1.105636238207807764e-05 1.648070792725775391e-05 1.059098551081660844e-07 1.142467169756855583e-07 6.506034696940332651e-05 7.503227550387236988e-08 1.149313266068929806e-05 5.592282832367345691e-07 8.087355126917827874e-06 2.167865886804065667e-06
4.600000000000000000e+04 9.083403710974380374e-06 5.758573934144806117e-06 5.331264318897410703e-08 9.226248920413127053e-08 6.072072574170306325e-05 7.466082507789906231e-08 1.274464830203214660e-05 4.520423146914254175e-07 1.230975976795889437e-05 1.300476583310228307e-06
4.650000000000000000e+04 3.115813115073251538e-06 2.692674570425879210e-06 7.076245367443334544e-08 6.784181749708295683e-08 1.129325391957536340e-05 7.558374193195049884e-08 6.622653017984703183e-06 2.591362431303423364e-07 4.371263742086739512e-07 6.552353397637489252e-07
4.700000000000000000e+04 2.585341235317173414e-06 1.900567076518200338e-05 1.353865144437804702e-07 1.487043874703886104e-07 1.049853108270326629e-05 6.742061486875172704e-08 1.532306487206369638e-05 3.495794658192608040e-07 6.971927746235451195e-07 1.421449610461422708e-06
4.750000000000000000e+04 3.813700232058181427e-06 2.044354914687573910e-06 6.232782823190063937e-08 5.585723883427817782e-08 2.902259666370810010e-06 6.146517250726901693e-08 7.152674243116052821e-06 1.052915905574991484e-07 9.403707963429042138e-07 3.802794935836573131e-06
4.800000000000000000e+04 2.970226887555327266e-06 2.033687223956803791e-06 4.364039085658077965e-08 4.550451038198843889e-08 2.788007805065717548e-06 7.417214220595269580e-08 9.136273547483142465e-06 9.345055929088630364e-08 2.013870698647224344e-06 4.072221145179355517e-06
4.850000000000000000e+04 1.574257680658774916e-06 6.438013770093675703e-06 7.092093312621727819e-08 1.275365946185047505e-07 3.784781483773258515e-06 6.450297718174624606e-08 7.211972842924296856e-06 1.757456828954673256e-07 4.028413229661964579e-07 1.976972271222621202e-06
4.900000000000000000e+04 1.498758365414687432e-06 8.377720064345339779e-07 4.406824771763240278e-08 4.008908405239708372e-08 2.289863459736807272e-06 5.680143999597930815e-08 5.015876013203524053e-06 1.407686625043425011e-07 4.533838762199593475e-07 4.893798859484377317e-07
4.950000000000000000e+04 2.634608790685888380e-06 2.813017090375069529e-06 4.782130247349414276e-08 7.646728050758611062e-08 1.040789993567159399e-05 6.639770333549677161e-08 4.725995040644193068e-06 1.350034608549322002e-07 4.363142579677514732e-06 3.879521955241216347e-06
5.000000000000000000e+04 2.350031081732595339e-06 7.744115464447531849e-06 7.168524973621970275e-08 1.917946406138071325e-07 7.702543371124193072e-06 5.628483634723124851e-08 5.041447820985922590e-06 1.293597620133368764e-07 3.546771495166467503e-06 4.817413355340249836e-06
5.050000000000000000e+04 7.601603556395275518e-06 5.396300821303157136e-06 8.909345439178650849e-08 6.402999730426017777e-08 5.248944944469258189e-05 6.720404144289204851e-08 9.721692549646832049e-06 1.951161578972460120e-07 1.688944962552341167e-06 1.289209080823638942e-06
5.100000000000000000e+04 4.281999281374737620e-06 4.266201813152292743e-06 8.083430458327711676e-08 5.186676332868955797e-08 4.987148713553324342e-05 5.479949649611626228e-08 7.172853656811639667e-06 2.394907028246962000e-07 7.222992053357302211e-07 2.008581532209063880e-06
5.150000000000000000e+04 2.661209919097018428e-06 2.399855247858795337e-06 4.368203221361000033e-08 7.462800510893430328e-08 2.434217549307504669e-06 4.464640568357935990e-08 1.982059256988577545e-05 2.555199500875460217e-07 1.963182114650408039e-07 1.452051037631463259e-06
5.200000000000000000e+04 1.924482603499200195e-06 1.320905880675127264e-06 3.539220472248416627e-08 6.588421541664502001e-08 1.761585735948756337e-06 4.530711095185324666e-08 1.498871733929263428e-05 2.352133918748222641e-07 1.769076334312558174e-07 9.993545972974970937e-07
5.250000000000000000e+04 1.841168682403804269e-06 1.275260274269385263e-06 5.114420886798143329e-08 6.825089826634211931e-08 5.378909463615855202e-06 4.226538052876094298e-08 3.487789172140765004e-06 1.424548088380106492e-07 1.313713227091284352e-07 1.961440290187965729e-07
5.300000000000000000e+04 1.570729750710597727e-06 1.101500970435154159e-06 4.445315582302100665e-08 4.733942304824267922e-08 4.231028015055926517e-06 3.954269800487963948e-08 3.141798742944956757e-06 1.000021754293811682e-07 1.675411311907737399e-07 1.965379397006472573e-07
5.350000000000000000e+04 2.087771463266108185e-06 2.475645487720612437e-06 3.944880333506262104e-08 5.631320476595647051e-08 2.852139186870772392e-05 4.676731890640439815e-08 2.907985617639496922e-06 1.743144224519710406e-07 5.944490339970798232e-07 1.674927489148103632e-06
5.400000000000000000e+04 1.792096782082808204e-06 2.690467681532027200e-06 3.046623220370747731e-08 5.268594094332001987e-08 2.532228063500951976e-05 4.156704846991488012e-08 4.238198471284704283e-06 2.503990401692135492e-07 3.632780760653986363e-07 2.697960781006258912e-06
5.450000000000000000e+04 3.084761829086346552e-06 4.294175596442073584e-06 5.652826828850265883e-08 6.106138528139126720e-08 1.952183265530038625e-05 4.609895043472533871e-08 4.897543021797901019e-06 2.556333527081733337e-07 7.753076260996749625e-07 2.622298234200570732e-05
5.500000000000000000e+04 2.836949533957522362e-06 3.865599865093827248e-06 5.730538532588980161e-08 4.496225969319311844e-08 1.266553135792491958e-05 5.168851302528310043e-08 4.301249646232463419e-06 3.538083319654106162e-07 5.602330475085182115e-07 3.699109220178797841e-05
5.550000000000000000e+04 5.315654561854898930e-06 1.653426011216652114e-06 5.511967060556344222e-08 5.121814439235095051e-08 1.090928617486497387e-05 3.054224961829277163e-08 3.448296183705679141e-06 2.307809836565866135e-06 2.648290546858333983e-07 4.163354788033757359e-06
5.600000000000000000e+04 4.457763679965864867e-06 1.129857537307543680e-06 5.117749779515179398e-08 4.553294630227355810e-08 6.928990842425264418e-06 2.462222958854454191e-08 2.511795855753007345e-06 3.211568127881037071e-06 3.106617612047557486e-07 2.449172143315081485e-06
5.650000000000000000e+04 2.710185526666464284e-06 1.635099238228576723e-06 2.624474682022537309e-08 2.060927073443963309e-07 4.548494416667381302e-06 2.237610807753753761e-08 2.661985718077630736e-06 1.882235096672957297e-07 1.838642731399886543e-07 9.794748621061444283e-07
5.700000000000000000e+04 1.880563900158449542e-06 1.346055910289578605e-06 2.350924255267727858e-08 1.464910752702053287e-07 4.109213932679267600e-06 3.246611868235049769e-08 2.330462166355573572e-06 1.108118041770467244e-07 1.734150600896100514e-07 7.131087045308959205e-07
5.750000000000000000e+04 1.531166731183475349e-06 1.348660316580208018e-05 3.280500138203024107e-08 5.800286473345295235e-08 5.826342203363310546e-06 4.450032164982076210e-08 6.056285656086402014e-06 6.540224006812422886e-08 2.211704099863709416e-07 7.616284847244969569e-07
5.800000000000000000e+04 1.384885877087072004e-06 1.022343212753185071e-06 2.985605362937349128e-08 4.840339329348353203e-08 2.346197334190947004e-06 4.443729295644516242e-08 6.065221896278671920e-06 5.274559811141443788e-08 1.062188488276660792e-07 1.139822813911450794e-07
5.850000000000000000e+04 2.208712203355389647e-06 3.926294994016643614e-06 4.002058773266981007e-08 3.942331261441722745e-08 1.249132401426322758e-05 2.958029021726815699e-08 4.316751528676832095e-06 2.910387877363973530e-07 2.068934179533243878e-07 2.173016611095590633e-07
5.900000000000000000e+04 1.717384975563618354e-06 8.619844606982951518e-07 3.364198519761885109e-08 2.105788077244596934e-08 9.607126230548601598e-06 2.207140425980469445e-08 3.020332997039076872e-06 4.118558933896565577e-07 2.508641330223326804e-07 3.266199257723201299e-07
