# step, loss_train, loss_test, metrics_test
0.000000000000000000e+00 1.275096205063164234e-03 7.381908595561981201e-02 3.606657311320304871e-02 3.334152325987815857e-02 5.721307825297117233e-03 1.282966695725917816e-03 8.717694133520126343e-02 3.274777159094810486e-02 3.277627378702163696e-02 6.562933791428804398e-03
5.000000000000000000e+02 1.178250908851623535e+00 1.251397228240966797e+01 1.080053138732910156e+01 4.944338798522949219e+00 2.370735549926757812e+01 1.180841684341430664e+00 1.542600917816162109e+01 9.281619071960449219e+00 4.072399139404296875e+00 2.338063621520996094e+01
1.000000000000000000e+03 1.177590250968933105e+00 1.251101589202880859e+01 1.079947566986083984e+01 4.944188117980957031e+00 2.370504188537597656e+01 1.180179119110107422e+00 1.542147731781005859e+01 9.281041145324707031e+00 4.072516918182373047e+00 2.337834358215332031e+01
1.500000000000000000e+03 1.193429589271545410e+00 1.184197711944580078e+01 1.116053676605224609e+01 5.109332084655761719e+00 2.345262908935546875e+01 1.179114699363708496e+00 1.541420078277587891e+01 9.280095100402832031e+00 4.072698116302490234e+00 2.337466621398925781e+01
2.000000000000000000e+03 1.191905260086059570e+00 1.183534908294677734e+01 1.115781974792480469e+01 5.108890056610107422e+00 2.344734382629394531e+01 1.177608251571655273e+00 1.540386009216308594e+01 9.278709411621093750e+00 4.072937011718750000e+00 2.336938858032226562e+01
2.500000000000000000e+03 1.204833984375000000e+00 1.240461826324462891e+01 1.094731044769287109e+01 4.990602493286132812e+00 2.324188041687011719e+01 1.175626754760742188e+00 1.539013195037841797e+01 9.276724815368652344e+00 4.073218345642089844e+00 2.336230850219726562e+01
3.000000000000000000e+03 1.202167987823486328e+00 1.239248847961425781e+01 1.094254875183105469e+01 4.989916801452636719e+00 2.323244476318359375e+01 1.173024177551269531e+00 1.537193489074707031e+01 9.274046897888183594e+00 4.073578357696533203e+00 2.335283851623535156e+01
3.500000000000000000e+03 1.191182136535644531e+00 1.303760337829589844e+01 1.095222473144531250e+01 4.948850631713867188e+00 2.338511848449707031e+01 1.169475913047790527e+00 1.534721279144287109e+01 9.270488739013671875e+00 4.074096202850341797e+00 2.334003829956054688e+01
4.000000000000000000e+03 1.186509370803833008e+00 1.301521682739257812e+01 1.094378185272216797e+01 4.947674751281738281e+00 2.336828804016113281e+01 1.164885640144348145e+00 1.531501865386962891e+01 9.265850067138671875e+00 4.074771881103515625e+00 2.332323455810546875e+01
4.500000000000000000e+03 1.166096329689025879e+00 1.326171493530273438e+01 1.106603717803955078e+01 4.942732810974121094e+00 2.365551757812500000e+01 1.158784270286560059e+00 1.527251911163330078e+01 9.259891510009765625e+00 4.075736045837402344e+00 2.330123901367187500e+01
5.000000000000000000e+03 1.158190131187438965e+00 1.322309970855712891e+01 1.105130290985107422e+01 4.940811157226562500e+00 2.362674331665039062e+01 1.150926947593688965e+00 1.521770858764648438e+01 9.252131462097167969e+00 4.076951503753662109e+00 2.327276802062988281e+01
5.500000000000000000e+03 1.157875895500183105e+00 1.260671615600585938e+01 1.091295242309570312e+01 5.143276214599609375e+00 2.330044555664062500e+01 1.140994787216186523e+00 1.514811801910400391e+01 9.241969108581542969e+00 4.078396797180175781e+00 2.323637962341308594e+01
6.000000000000000000e+03 1.144977211952209473e+00 1.254599094390869141e+01 1.088931179046630859e+01 5.138630867004394531e+00 2.325341415405273438e+01 1.128273606300354004e+00 1.505875205993652344e+01 9.228862762451171875e+00 4.080238819122314453e+00 2.318956756591796875e+01
6.500000000000000000e+03 1.143178343772888184e+00 1.188304233551025391e+01 1.075234985351562500e+01 5.121069908142089844e+00 2.311657142639160156e+01 1.111737728118896484e+00 1.494362735748291016e+01 9.212786674499511719e+00 4.082948207855224609e+00 2.313009834289550781e+01
7.000000000000000000e+03 1.121536850929260254e+00 1.178474712371826172e+01 1.071571159362792969e+01 5.113865852355957031e+00 2.304039955139160156e+01 1.090672492980957031e+00 1.479653835296630859e+01 9.192059516906738281e+00 4.086353778839111328e+00 2.305391120910644531e+01
7.500000000000000000e+03 1.082067131996154785e+00 1.191992759704589844e+01 1.078113746643066406e+01 5.104945182800292969e+00 2.312273979187011719e+01 1.065812945365905762e+00 1.461646270751953125e+01 9.162461280822753906e+00 4.088817119598388672e+00 2.295526313781738281e+01
8.000000000000000000e+03 1.050148606300354004e+00 1.176708030700683594e+01 1.071657371520996094e+01 5.092454433441162109e+00 2.299596595764160156e+01 1.034339189529418945e+00 1.438744258880615234e+01 9.124104499816894531e+00 4.091678142547607422e+00 2.282931518554687500e+01
8.500000000000000000e+03 1.003909349441528320e+00 1.172417545318603516e+01 1.054906177520751953e+01 4.915520668029785156e+00 2.301423072814941406e+01 9.958761930465698242e-01 1.410218906402587891e+01 9.073518753051757812e+00 4.094073772430419922e+00 2.266846656799316406e+01
9.000000000000000000e+03 9.553429484367370605e-01 1.148358249664306641e+01 1.044461536407470703e+01 4.895729064941406250e+00 2.280700111389160156e+01 9.476532936096191406e-01 1.374183368682861328e+01 9.007899284362792969e+00 4.096433639526367188e+00 2.246392059326171875e+01
9.500000000000000000e+03 8.857939839363098145e-01 1.196288776397705078e+01 1.046984577178955078e+01 4.825863838195800781e+00 2.235595130920410156e+01 8.794169425964355469e-01 1.324819660186767578e+01 8.927801132202148438e+00 4.104028701782226562e+00 2.220078468322753906e+01
1.000000000000000000e+04 8.019592761993408203e-01 1.151733875274658203e+01 1.029458713531494141e+01 4.799739837646484375e+00 2.202191352844238281e+01 7.960414886474609375e-01 1.263383769989013672e+01 8.822763442993164062e+00 4.111590385437011719e+00 2.186857223510742188e+01
