# step, loss_train, loss_test, metrics_test
0.000000000000000000e+00 8.247607201337814331e-02 7.074774056673049927e-02 1.518120430409908295e-02 1.400462258607149124e-02 2.215738967061042786e-02 8.331911265850067139e-02 6.960736215114593506e-02 1.228337734937667847e-02 1.289380155503749847e-02 2.305428124964237213e-02
5.000000000000000000e+02 9.502914035692811012e-04 5.724954605102539062e-02 9.280158701585605741e-05 2.691835397854447365e-04 3.329475875943899155e-03 8.759085321798920631e-04 6.504423171281814575e-02 5.875186616322025657e-05 1.665335585130378604e-04 4.025680944323539734e-03
1.000000000000000000e+03 7.857969612814486027e-04 5.584125593304634094e-02 3.331776533741503954e-04 3.408685442991554737e-04 2.124491380527615547e-03 6.787532474845647812e-04 6.342445313930511475e-02 2.636550925672054291e-04 1.698265259619802237e-04 2.776507288217544556e-03
1.500000000000000000e+03 1.048040110617876053e-03 6.492470856755971909e-03 1.441441563656553626e-04 6.614448502659797668e-04 6.254896521568298340e-03 9.476981358602643013e-04 4.457644652575254440e-03 5.266155349090695381e-04 1.223818515427410603e-03 6.017599254846572876e-03
2.000000000000000000e+03 3.932769759558141232e-04 6.337646627798676491e-04 4.081892257090657949e-05 8.481442637275904417e-05 2.912560943514108658e-03 2.950867637991905212e-04 3.157259197905659676e-04 4.197223097435198724e-05 1.073162493412382901e-04 2.333514858037233353e-03
2.500000000000000000e+03 1.376601576339453459e-04 2.488886821083724499e-04 4.635873847291804850e-05 2.691231384233105928e-05 1.770216855220496655e-03 7.956333865877240896e-05 2.157502021873369813e-04 6.113392737461254001e-05 6.487621431006118655e-05 1.353977364487946033e-03
3.000000000000000000e+03 7.312784146051853895e-05 1.554448826937004924e-04 2.589866198832169175e-05 2.843380207195878029e-05 1.266418257728219032e-03 2.749008126556873322e-05 1.124903865274973214e-04 6.025813127052970231e-05 6.145110819488763809e-05 8.784031961113214493e-04
3.500000000000000000e+03 7.593872578581795096e-05 1.247521577170118690e-04 2.801159462251234800e-05 1.794422496459446847e-05 9.721780661493539810e-04 1.504774354543769732e-05 7.000003824941813946e-05 1.275610702577978373e-04 7.845683285268023610e-06 5.425605340860784054e-04
4.000000000000000000e+03 4.976085983798839152e-05 1.735489931888878345e-04 2.104451959894504398e-05 1.317808801104547456e-05 6.830611964687705040e-04 7.663110409339424223e-06 1.627773890504613519e-04 9.109987149713560939e-05 1.161237196356523782e-05 2.982390869874507189e-04
4.500000000000000000e+03 3.671860758913680911e-05 5.884184429305605590e-05 1.103546856029424816e-05 6.692092938465066254e-06 7.016749004833400249e-04 3.413391368667362258e-06 5.970701386104337871e-05 2.036605656030587852e-05 1.121846162277506664e-05 1.532027381472289562e-04
5.000000000000000000e+03 2.893384225899353623e-05 4.556824569590389729e-05 9.706641321827191859e-06 4.032677225040970370e-06 5.350396386347711086e-04 1.863054308159917127e-06 5.405996853369288146e-05 1.130456712417071685e-05 9.317822332377545536e-06 5.308213803800754249e-05
5.500000000000000000e+03 1.398285985487746075e-05 2.526046409911941737e-05 7.509069291700143367e-06 1.587337237651809119e-06 2.666202490217983723e-04 1.174796807390521280e-06 1.819554017856717110e-05 7.201939752121688798e-06 3.514830041240202263e-06 2.626232890179380774e-05
6.000000000000000000e+03 1.584345955052413046e-05 2.289842450409196317e-05 4.882283519691554829e-06 4.051642463309690356e-06 2.217041910625994205e-04 1.019934416035539471e-06 1.913528103614225984e-05 9.732791113492567092e-06 2.998362333528348245e-06 1.459094346500933170e-05
6.500000000000000000e+03 2.057988967862911522e-05 2.747979306150227785e-05 5.856381903868168592e-06 1.740107791192713194e-06 2.100562123814597726e-04 6.458448069679434411e-07 3.531323091010563076e-05 7.816695870133116841e-06 2.607215719763189554e-06 1.566246828588191420e-05
7.000000000000000000e+03 1.887802864075638354e-05 2.576974293333478272e-05 6.298782409430714324e-06 1.526183041278272867e-06 1.675754901953041553e-04 5.125356210555764847e-07 5.113874067319557071e-05 7.720775101915933192e-06 9.015680006996262819e-06 1.608175625733565539e-05
7.500000000000000000e+03 1.653151775826700032e-05 2.391814996371977031e-05 5.141055680724093691e-06 7.182172225839167368e-07 9.549662354402244091e-05 8.796863539828336798e-07 3.465231930022127926e-05 5.459666226670378819e-06 1.264414663637580816e-06 9.440887879463844001e-06
8.000000000000000000e+03 1.731950942485127598e-05 2.144623067579232156e-05 4.208475729683414102e-06 4.992521098756697029e-07 8.705287473276257515e-05 8.351759674951608758e-07 4.440017437445931137e-05 5.554615654546068981e-06 1.589227622389444150e-06 8.236115718318615109e-06
8.500000000000000000e+03 2.682968261069618165e-05 2.090421367029193789e-05 3.940324859286192805e-06 1.013964038065751083e-06 1.834354479797184467e-04 7.205197221082926262e-07 9.897891868604347110e-05 1.002827048068866134e-05 2.126062827301211655e-05 7.570133220724528655e-06
9.000000000000000000e+03 2.619796032377053052e-05 1.983222318813204765e-05 3.061222514588735066e-06 1.026604195430991240e-06 1.708959607640281320e-04 7.336136604862986133e-07 1.077791748684830964e-04 9.505793059361167252e-06 3.026159356522839516e-05 6.799502443755045533e-06
9.500000000000000000e+03 2.515655251045245677e-05 1.428148516424698755e-05 2.457588379911612719e-06 1.133762680183281191e-06 1.026988829835318029e-04 7.545365292571659666e-07 3.426234616199508309e-05 8.757770046941004694e-06 2.465339093760121614e-06 5.677138233295409009e-06
1.000000000000000000e+04 2.341856270504649729e-05 1.412188339600106701e-05 1.965509454748826101e-06 6.153031790745444596e-07 9.945916099241003394e-05 7.005872362242371310e-07 2.742758624663110822e-05 8.566644282836932689e-06 2.195947217842331156e-06 5.484225766849704087e-06
1.050000000000000000e+04 3.766757072298787534e-05 1.742881977406796068e-05 2.328317805222468451e-06 5.428373128779639956e-07 1.800733152776956558e-04 8.143269383253937121e-07 7.447420648531988263e-05 6.277315151237417012e-06 1.522003276477335021e-05 6.120540092524606735e-06
1.100000000000000000e+04 3.774246215471066535e-05 1.769070149748586118e-05 2.019084831772488542e-06 5.875347710571077187e-07 1.723961613606661558e-04 7.931284358164703008e-07 7.711804937571287155e-05 5.203200089454185218e-06 2.126561776094604284e-05 5.926815447310218588e-06
1.150000000000000000e+04 1.838270509324502200e-05 1.172729935206007212e-05 1.662268005020450801e-06 3.402206516511796508e-07 6.148340617073699832e-05 8.858181104187679011e-07 1.992010220419615507e-05 6.484987352450843900e-06 2.613257947814418003e-06 4.793894277099752799e-06
1.200000000000000000e+04 1.697156221780460328e-05 1.120632259699050337e-05 1.486617748014396057e-06 2.243738066454170621e-07 6.007799311191774905e-05 7.184290780060109682e-07 1.841783341660629958e-05 6.358321115840226412e-06 3.904032382706645876e-06 4.889730007562320679e-06
1.250000000000000000e+04 2.337652767891995609e-05 1.356980192213086411e-05 1.184888787975069135e-06 5.338374648999888450e-07 1.169659735751338303e-04 3.588689878597506322e-07 3.103193375864066184e-05 3.263984808654640801e-06 7.589044798805844039e-06 6.778336683055385947e-06
1.300000000000000000e+04 2.364858119108248502e-05 1.278524541703518480e-05 1.162887997452344280e-06 3.754484794171730755e-07 1.147071379818953574e-04 3.255978526794933714e-07 3.032497806998435408e-05 2.685758545339922421e-06 9.165049050352536142e-06 6.710718025715323165e-06
1.350000000000000000e+04 1.527994027128443122e-05 1.834134491218719631e-05 1.044273972183873411e-06 1.853190099154744530e-07 4.200974581181071699e-05 4.316305535212450195e-07 1.823929414968006313e-05 5.048772436566650867e-06 1.052261723089031875e-05 2.824655211952631362e-06
1.400000000000000000e+04 1.420909939042758197e-05 8.093760698102414608e-06 8.200847219086426776e-07 1.322489566746298806e-07 4.264347080606967211e-05 3.731485094249364920e-07 1.955134939635172486e-05 5.422910362540278584e-06 1.022053857013816014e-05 2.068755520667764358e-06
1.450000000000000000e+04 2.774746462819166481e-05 1.299464838666608557e-05 1.962865326277096756e-06 8.231326660279592033e-07 1.717368722893297672e-04 5.390419346440467052e-07 2.102656617353204638e-05 4.057239948451751843e-06 1.584155711498169694e-06 4.361784249340416864e-06
1.500000000000000000e+04 2.488089012331329286e-05 7.500298670493066311e-05 1.855289838204043917e-06 1.597694677002436947e-06 1.751902018440887332e-04 6.151165621304244269e-07 1.183499916805885732e-04 6.053504876035731286e-06 1.826222728595894296e-06 3.641315515778842382e-06
1.550000000000000000e+04 1.446549777028849348e-05 7.977953828230965883e-06 1.964049943126155995e-06 2.373506504227407277e-06 7.825708598829805851e-05 4.745545254536409630e-07 3.228406058042310178e-05 3.600212721721618436e-06 4.849565812037326396e-06 2.784060825433698483e-06
1.600000000000000000e+04 1.408251500834012404e-05 7.691473001614212990e-06 1.979894250325742178e-06 1.753256356096244417e-06 7.500437641283497214e-05 4.088461764695239253e-07 3.529518653522245586e-05 4.404467745189322159e-06 4.830887974094366655e-06 2.547015355958137661e-06
1.650000000000000000e+04 3.624245800892822444e-05 9.167399184661917388e-06 2.564298711149604060e-06 2.357392077101394534e-06 1.045979079208336771e-04 4.081392148691520561e-07 2.294524347234982997e-05 4.961406830261694267e-06 2.815565039782086387e-06 2.546547875681426376e-06
1.700000000000000000e+04 3.486562491161748767e-05 8.887652256817091256e-06 2.388502934991265647e-06 1.193998741655377671e-06 9.908752690535038710e-05 4.130831143811519723e-07 2.416415009065531194e-05 5.952639639872359112e-06 1.630834049137774855e-06 2.723382067415514030e-06
1.750000000000000000e+04 2.295757076353766024e-05 8.039744898269418627e-06 1.570092081237817183e-06 2.316188130180307780e-07 9.801073611015453935e-05 3.892619133694097400e-07 3.753829514607787132e-05 1.738321043376345187e-05 7.712374099355656654e-06 2.218448344137868844e-06
1.800000000000000000e+04 2.199553455284330994e-05 7.769059266138356179e-06 1.243526867256150581e-06 1.193752439121453790e-07 9.432201477466151118e-05 3.136718191854015458e-07 4.073185118613764644e-05 2.112334550474770367e-05 5.936779416515491903e-06 2.212174877058714628e-06
1.850000000000000000e+04 2.950704583781771362e-05 1.618353780941106379e-05 3.214305934307049029e-06 2.145351345461676829e-06 1.762304309522733092e-04 3.455834587384742917e-07 8.946768502937629819e-05 1.991089629882480949e-05 4.250070560374297202e-06 2.565097702245111577e-06
1.900000000000000000e+04 2.751109059317968786e-05 1.600988616701215506e-05 2.667303078851546161e-06 1.527466793049825355e-06 1.667717733653262258e-04 4.050723134696454508e-07 9.065119957085698843e-05 2.052025774901267141e-05 4.291900950192939490e-06 2.196283503508311696e-06
1.950000000000000000e+04 1.284199061046820134e-05 6.997377568040974438e-06 1.577419538989488501e-06 5.329529813025146723e-07 3.096390719292685390e-05 2.835659813626989489e-07 2.268896787427365780e-05 1.024139328364981338e-05 1.650871126912534237e-05 1.395863250763795804e-06
2.000000000000000000e+04 1.194928154291119426e-05 5.530298949452117085e-06 1.239742800862586591e-06 3.073909908835048554e-07 3.016278969880659133e-05 2.501764697626640555e-07 1.682969741523265839e-05 8.329944648721721023e-06 1.645054180698934942e-05 1.562632519380713347e-06
2.050000000000000000e+04 1.803968916647136211e-05 7.800402272550854832e-06 6.883321361783600878e-07 3.003399910994630773e-07 6.724821287207305431e-05 2.731611914441600675e-07 1.996126775338780135e-05 3.119207576673943549e-06 2.113256414304487407e-05 2.556195340730482712e-06
2.100000000000000000e+04 1.634310137887950987e-05 7.572627509944140911e-06 5.746151714447478298e-07 2.204671005756608793e-07 6.272958853514865041e-05 2.656460083017009310e-07 2.304371264472138137e-05 2.744805669863126241e-06 1.918473572004586458e-05 2.915219738497398794e-06
2.150000000000000000e+04 1.961706220754422247e-05 1.158288068836554885e-05 1.130957798523013480e-06 1.933969855372197344e-07 1.578988594701513648e-04 2.738843818406166974e-07 1.323920241702580824e-05 8.198018804250750691e-06 2.828220203809905797e-05 3.819840458163525909e-06
2.200000000000000000e+04 1.696015351626556367e-05 1.206722845381591469e-05 9.393426694259687793e-07 1.059316332430171315e-07 1.555514027131721377e-04 2.915085417498630704e-07 1.154954861704027280e-05 6.917877726664301008e-06 2.585766014817636460e-05 3.671702643259777687e-06
2.250000000000000000e+04 1.588119266671128571e-05 6.862638656457420439e-06 1.118925183618557639e-06 5.907151603423699271e-07 8.261014590971171856e-05 3.109360875441780081e-07 1.221423917741049081e-05 2.618189910208457150e-06 1.276823604712262750e-05 2.348948555663810112e-06
2.300000000000000000e+04 1.535600131319370121e-05 6.758782546967267990e-06 9.151002586804679595e-07 3.347877850501390640e-07 8.192731911549344659e-05 2.925304443124332465e-07 1.165181947726523504e-05 2.255946583318291232e-06 7.851043847040273249e-06 2.478142732798005454e-06
2.350000000000000000e+04 1.607960257388185710e-05 5.165994934941409156e-06 3.851677661259600427e-07 5.452401197203471384e-08 3.675037805805914104e-05 2.608736622278229333e-07 1.417124531144509092e-05 1.020437503029825166e-05 3.067272700718604028e-05 2.205272721766959876e-06
2.400000000000000000e+04 1.597194386704359204e-05 4.648236426874063909e-06 3.618954451667377725e-07 6.316859213484349311e-08 3.229501453461125493e-05 2.750088583525212016e-07 1.131160297518363222e-05 1.429971871402813122e-05 3.205526809324510396e-05 1.843019276748236734e-06
2.450000000000000000e+04 1.286622682528104633e-05 5.621333912131376565e-06 9.267549216929182876e-07 4.761442369272117503e-07 5.039740062784403563e-05 2.344383176478004316e-07 1.028318729368038476e-05 4.296711267670616508e-06 3.538232931532547809e-06 1.250825221177365165e-06
2.500000000000000000e+04 1.226809399668127298e-05 4.325884674472035840e-06 7.073445544847345445e-07 1.104174529586998688e-07 4.864595393883064389e-05 2.417061466530867619e-07 9.711746315588243306e-06 4.929293481836793944e-06 7.328426363528706133e-07 1.137332901635090820e-06
2.550000000000000000e+04 2.042653977696318179e-05 5.586665793089196086e-06 7.520040412600792479e-07 8.712964358892349992e-07 4.070108116138726473e-05 2.736858846219547559e-07 1.299568612012080848e-05 1.659178678892203607e-06 1.220570311488700099e-06 1.850203375397541095e-06
2.600000000000000000e+04 1.821559635573066771e-05 5.201353360462235287e-06 6.606816782550595235e-07 6.367627634062955622e-07 3.801113780355080962e-05 2.585890968020976288e-07 1.089818852051394060e-05 1.919573833220056258e-06 1.048770172928925604e-06 2.368901277804980054e-06
2.650000000000000000e+04 1.582332879479508847e-05 5.882096047571394593e-06 3.928807927877642214e-07 8.245608285051275743e-08 7.090968574630096555e-05 2.556774916229187511e-07 3.609693521866574883e-06 1.973683311007334851e-06 5.170606982574099675e-07 1.729121891003160272e-06
2.700000000000000000e+04 1.378988690703408793e-05 5.784196218883153051e-06 3.804958907949185232e-07 8.481181623665179359e-08 6.365675653796643019e-05 2.657197626376728294e-07 3.435233793425140902e-06 2.107314685417804867e-06 4.999938028049655259e-07 1.632269572837685701e-06
2.750000000000000000e+04 1.481668186897877604e-05 5.782809694210300222e-06 5.206832156545715407e-07 3.320872394851903664e-07 4.635933146346360445e-05 2.859096923657489242e-07 7.078451744746416807e-06 2.517323991924058646e-06 7.780877808727382217e-07 1.846682948780653533e-06
2.800000000000000000e+04 1.362986586173065007e-05 2.480479270161595196e-05 4.358330158993339865e-07 3.445669278789864620e-07 4.349123264546506107e-05 2.848924793852347648e-07 2.570900142018217593e-05 1.842386041062127333e-06 2.639456226916081505e-07 2.815188963722903281e-06
2.850000000000000000e+04 1.574555972183588892e-05 1.144351790571818128e-05 3.672155628464679467e-07 3.525597378484235378e-07 1.356333377771079540e-04 2.376429506512067746e-07 5.136089839652413502e-06 3.350540680457925191e-07 4.900741146229847800e-07 2.702019628486596048e-06
2.900000000000000000e+04 1.533312388346530497e-05 1.133263413066742942e-05 3.230785239338729298e-07 1.966302249911677791e-07 1.308287464780732989e-04 2.174840290081192506e-07 4.954380528943147510e-06 3.617415984535909956e-07 1.351406012872757856e-06 2.745687424976495095e-06
2.950000000000000000e+04 9.941682947101071477e-06 3.036725502170156687e-06 1.521322445796613465e-07 3.490904987302201334e-07 3.790243863477371633e-05 2.163420305123509024e-07 7.270053629326866940e-06 2.189141696362639777e-06 1.476603301853174344e-05 1.142588530456123408e-06
3.000000000000000000e+04 9.416388820682186633e-06 2.939304977189749479e-06 1.315410713687015232e-07 1.827703357548671192e-07 3.575677328626625240e-05 1.990076299307474983e-07 7.109744274202967063e-06 3.277868700024555437e-06 8.671991963637992740e-06 8.991077038444927894e-07
3.050000000000000000e+04 1.240425626747310162e-05 1.294584071729332209e-04 3.789694176248303847e-07 7.351379736064700410e-07 5.221100582275539637e-05 2.033504813425679458e-07 9.252157906303182244e-05 7.835468750272411853e-06 2.151403890593428514e-07 6.402263807103736326e-06
3.100000000000000000e+04 1.185767541755922139e-05 4.786198587680701166e-06 3.660692584617208922e-07 1.185887512633598817e-07 5.084115764475427568e-05 2.066275897050218191e-07 7.256500339281046763e-06 6.770826075808145106e-06 1.759612047180780792e-07 1.074880856322124600e-06
3.150000000000000000e+04 1.009255447570467368e-05 4.612456905306316912e-06 1.461358181131799938e-07 7.910443144965029205e-08 5.631114618154242635e-05 2.217854273567354539e-07 7.802074833307415247e-06 4.587736384564777836e-06 1.203061174237518571e-06 1.068244273483287543e-06
3.200000000000000000e+04 8.016094398044515401e-06 1.294359935855027288e-05 1.516775682830484584e-07 1.260622184418025427e-07 5.274323484627529979e-05 2.269752741312913713e-07 1.626232187845744193e-05 5.181155756872612983e-06 6.389937880157958716e-06 1.999567984967143275e-06
3.250000000000000000e+04 1.010163941828068346e-05 7.260212896653683856e-06 5.422681965683295857e-07 2.820220856847299729e-07 4.849234028370119631e-05 1.833763718650516239e-07 1.028169117489596829e-05 2.066956767521332949e-06 1.994912963709793985e-06 2.290801603521686047e-06
3.300000000000000000e+04 8.810095096123404801e-06 5.948993930360302329e-06 4.396923145577602554e-07 1.170342969203375105e-07 4.649823313229717314e-05 1.622888987640180858e-07 8.429503395745996386e-06 1.893514649964345153e-06 9.310643349635938648e-07 2.427239451208151877e-06
3.350000000000000000e+04 9.334122296422719955e-06 4.329679086367832497e-06 1.662955355641315691e-07 9.351663976531199296e-08 5.240996688371524215e-05 1.528076580825654673e-07 8.218479706556536257e-06 5.584678319792146794e-07 2.828496690199244767e-06 1.440504092897754163e-06
3.400000000000000000e+04 8.810240615275688469e-06 4.015992544736946002e-06 1.616292308881384088e-07 9.474800322095688898e-08 4.639444159693084657e-05 1.440617865000604070e-07 7.643910066690295935e-06 4.751736923935823143e-07 2.482387799318530597e-06 1.212834263242257293e-06
3.450000000000000000e+04 6.434580882341833785e-06 3.831349658867111430e-06 3.704851962993416237e-07 1.428627314226105227e-07 4.334208642831072211e-05 1.375454417029686738e-07 4.933656327921198681e-06 1.114125211643113289e-06 1.245951239070564043e-06 1.150444404629524797e-06
3.500000000000000000e+04 6.117963948781834915e-06 3.517200866554048844e-06 2.630078199672425399e-07 1.357768013576787780e-07 4.174966670689173043e-05 1.300511627277955995e-07 5.205627985560568050e-06 1.047960381583834533e-06 1.175362626781861763e-06 1.063498416442598682e-06
3.550000000000000000e+04 1.093877563107525930e-05 3.297568810012307949e-06 2.319753633628351963e-07 1.067818828914823825e-07 3.107618249487131834e-05 1.174487707089610922e-07 6.162118552310857922e-06 1.444283043383620679e-06 5.371843599277781323e-06 1.097842186936759390e-06
3.600000000000000000e+04 8.928243005357217044e-06 1.123721631302032620e-05 2.691934639642568072e-07 2.405853081199893495e-07 2.741086973401252180e-05 1.166110408234999340e-07 1.829300890676677227e-05 6.051458285583066754e-07 6.205279987625544891e-07 1.039045059769705404e-06
3.650000000000000000e+04 1.045931003318401054e-05 4.093789357284549624e-06 1.426190010533900931e-07 1.250563883559152600e-07 3.808506517088972032e-05 1.240932760993018746e-07 3.347087613292387687e-06 3.981607221703598043e-07 6.656545536998237367e-08 1.534492866994696669e-06
3.700000000000000000e+04 9.376373782288283110e-06 3.870640284731052816e-06 1.185614877385887667e-07 7.647380328990038834e-08 3.162425491609610617e-05 1.170768442193548253e-07 3.724487214640248567e-06 1.382116579407011159e-06 1.055482314882283390e-07 1.935320142365526408e-06
3.750000000000000000e+04 1.238739514519693330e-05 7.938549970276653767e-06 1.270507397066467092e-07 1.174987573904218152e-07 8.796698239166289568e-05 1.309477823951965547e-07 1.069349855242762715e-05 8.660923413117416203e-06 7.890398592280689627e-07 1.931029828483588062e-06
3.800000000000000000e+04 1.143146164395147935e-05 6.798020422138506547e-06 1.198458363660392934e-07 1.638058364505923237e-07 8.227448415709659457e-05 1.193412089151024702e-07 1.227571192430332303e-05 8.799831448413897306e-06 4.149045196299994132e-07 1.586141252118977718e-06
3.850000000000000000e+04 6.637914339080452919e-06 7.244654625537805259e-06 1.443143986534778378e-07 1.310910278107257909e-07 4.911947326036170125e-05 1.192925509485576185e-07 1.068594701791880652e-05 2.867961711672251113e-06 2.507203475943242665e-07 2.117016265401616693e-06
3.900000000000000000e+04 6.155892606329871342e-06 6.736991053912788630e-06 1.464308354570675874e-07 9.523638055952687864e-08 4.534398249234072864e-05 1.061990602124751604e-07 1.115731720346957445e-05 8.762108905102650169e-07 6.817607527409563772e-07 2.236723730675294064e-06
3.950000000000000000e+04 7.121443104551872239e-06 6.933210897841490805e-06 2.790597477542178240e-07 1.518908305797594949e-07 2.198279980802908540e-05 1.148197128486572183e-07 6.505137662315974012e-06 6.555445679623517208e-07 4.662518676923355088e-06 1.000055590338888578e-06
4.000000000000000000e+04 5.225870609137928113e-06 6.664381999144097790e-06 1.936836042659706436e-07 1.682787740264757304e-07 1.872514803835656494e-05 1.202067210215318482e-07 2.041882908088155091e-05 1.756996965696089319e-07 4.188878392596961930e-06 8.325688440891099162e-07
4.050000000000000000e+04 8.511412488587666303e-06 1.509119374532019719e-05 3.345841435020702193e-07 1.122112607276903873e-07 1.081802620319649577e-04 1.327764636016581790e-07 6.677508281427435577e-06 1.130359351009246893e-06 4.137729376907373080e-07 5.832545866724103689e-06
4.100000000000000000e+04 6.987123470025835559e-06 1.385581072099739686e-05 1.604729220616718521e-07 9.931211764069303172e-08 9.811574273044243455e-05 1.350496887653207523e-07 9.745792340254411101e-06 1.753737848275704891e-07 3.002929815920651890e-07 6.894423222547629848e-06
4.150000000000000000e+04 4.811745839106151834e-06 8.946608431870117784e-06 2.687182814042898826e-07 2.103612644077657023e-07 6.879798456793650985e-05 1.809217735626589274e-07 1.128866642829962075e-05 7.584464611909425003e-08 8.425221267316373996e-07 1.246625015483004972e-05
4.200000000000000000e+04 3.574754600776941516e-06 8.157830961863510311e-06 2.087052735078032129e-07 1.876946953416336328e-07 6.351422780426219106e-05 1.731788188408245333e-07 9.766673429112415761e-06 8.423773323329442064e-08 1.029668055707588792e-06 1.737065576890017837e-05
4.250000000000000000e+04 6.203896646184148267e-06 5.004008926334790885e-06 2.189055408052809071e-07 1.118866492788583855e-07 4.562972389976494014e-05 1.390958317415424972e-07 1.125178005167981610e-05 1.948639294369058916e-07 2.176438300693916972e-07 4.909821313958673272e-07
4.300000000000000000e+04 4.538285338639980182e-06 3.225698947062483057e-06 2.133988346031401306e-07 7.516988631550702848e-08 4.272006117389537394e-05 1.163112912649921782e-07 7.194117642939090729e-06 1.075308546205633320e-06 1.848043069685445516e-07 3.248480879847193137e-07
4.350000000000000000e+04 7.129215191525872797e-06 5.797535322926705703e-06 2.194000927602246520e-07 4.236389372636040207e-07 5.918875103816390038e-05 1.386148511528517702e-07 9.410009624843951315e-06 1.201799619821031229e-07 1.062616956915007904e-05 1.380548951601667795e-06
4.400000000000000000e+04 6.420654699468286708e-06 6.401906375685939565e-06 1.973624961237874231e-07 3.308965403903130209e-07 5.166715709492564201e-05 1.282499226817890303e-07 1.072754002962028608e-05 4.618416653556778328e-07 9.417800356459338218e-06 1.394113496644422412e-06
4.450000000000000000e+04 3.891195774485822767e-06 3.656784201666596346e-06 2.930278242274653167e-07 4.216826425817998825e-07 1.341375354968477041e-05 1.159593026045513398e-07 4.779191385750891641e-06 4.532590196504315827e-07 1.705575073174259160e-06 1.955758989424793981e-06
4.500000000000000000e+04 3.043545348191400990e-06 3.999944510724162683e-06 2.368929727936119889e-07 2.700500090213608928e-07 1.060491285898024216e-05 1.185393401215151243e-07 3.262482550780987367e-06 8.480075166517053731e-07 9.373934517498128116e-07 1.864828959696751554e-06
4.550000000000000000e+04 5.159919510333565995e-06 6.815505184931680560e-05 3.346365247125504538e-07 2.079585215142287780e-07 6.853104423498734832e-05 1.584122060194204096e-07 6.344933353830128908e-05 2.584021956408832921e-07 4.627954240277176723e-06 2.542121819715248421e-06
4.600000000000000000e+04 4.449849257071036845e-06 6.931446023372700438e-06 1.787854131407584646e-07 7.923130596054761554e-08 5.360694922273978591e-05 1.430683909120489261e-07 8.340506610693410039e-06 1.018571538224932738e-06 3.098884462815476581e-06 2.417127234366489574e-06
4.650000000000000000e+04 3.188210484950104728e-06 2.817334006977034733e-06 1.718058371125152917e-07 7.935651780144326040e-08 8.389342838199809194e-06 1.271884002562728710e-07 5.633747150568524376e-06 1.789320265288552037e-07 3.041514844426274067e-07 2.138619947800179943e-06
4.700000000000000000e+04 2.768623517113155685e-06 2.189945689679007046e-06 1.266372180452890461e-07 4.242952300614888372e-08 7.223614375106990337e-06 1.096793056376554887e-07 4.216817160340724513e-06 1.695938891543846694e-07 7.193107194325421005e-07 1.731961788209446240e-06
4.750000000000000000e+04 2.989018184962333180e-06 1.783550942491274327e-06 1.922261105846700957e-07 2.782512886767563032e-08 2.879640760511392727e-06 8.148740704427837045e-08 5.757427516073221341e-06 5.792344737187704595e-08 3.021083898602228146e-07 2.364176680202945136e-06
4.800000000000000000e+04 2.536491592763923109e-06 1.618738792785734404e-06 1.578496409138097079e-07 2.830050149782437074e-08 2.768679905784665607e-06 7.956563052857745788e-08 5.767132734035840258e-06 4.275918286111846101e-08 3.824846999123110436e-07 2.256161451441585086e-06
4.850000000000000000e+04 1.672811322350753471e-06 1.294272237828408834e-06 7.590550410441210261e-08 1.254592802979459520e-07 2.928969934146152809e-06 1.033273377970544971e-07 3.145282335026422516e-06 1.712898551886610221e-07 6.446652633940175292e-08 8.688028287906490732e-07
4.900000000000000000e+04 1.506571720710780937e-06 1.081829964277858380e-06 6.016703935074474430e-08 8.380794014328785124e-08 1.795627781575603876e-06 8.941969298348340089e-08 2.430019776511471719e-06 9.285793112212559208e-08 6.514285644243500428e-08 4.916636839880084153e-07
4.950000000000000000e+04 2.770347464320366271e-06 3.414418870306690224e-06 1.065435242253442993e-07 1.364331012609909521e-07 8.466078725177794695e-06 7.585650507735408610e-08 5.364734988688724115e-06 4.423671100539650070e-07 1.457028133700077888e-07 6.053265906302840449e-07
5.000000000000000000e+04 2.012743152590701357e-06 1.996385663005639799e-06 9.949054202706975047e-08 9.729700423122267239e-08 4.949083631800021976e-06 7.649519062624676735e-08 3.389541006981744431e-06 4.261379160652722931e-08 1.792183041970929480e-07 5.010756467527244240e-07
5.050000000000000000e+04 9.178855179925449193e-06 3.765318069781642407e-06 1.919577812259376515e-07 7.876491991964940098e-08 5.082473580841906369e-05 1.715905426635799813e-07 4.357918442110531032e-06 4.449127004590991419e-07 6.269139021242153831e-07 3.046048277610680088e-06
5.100000000000000000e+04 6.700958692817948759e-06 3.203244432370411232e-06 1.663138675667141797e-07 5.607155273423813924e-08 4.417808668222278357e-05 1.066745980438099650e-07 3.509331008899607696e-06 3.450710153174441075e-07 4.905834884993964806e-07 3.928635578631656244e-06
5.150000000000000000e+04 3.150787733829929493e-06 3.301775905129034072e-06 9.772274722763540922e-08 3.899298661735883798e-08 3.559968490662868135e-06 7.074467589518462773e-08 4.223658379487460479e-06 4.593055962232028833e-07 7.353834234891110100e-07 4.716331204690504819e-06
5.200000000000000000e+04 2.675879841262940317e-06 2.574457766968407668e-06 7.378704935945279431e-08 3.747022603306504607e-08 2.510915010134340264e-06 7.097342091810787679e-08 3.853342604998033494e-06 3.823253393875347683e-07 3.165724535847402876e-07 5.221268565946957096e-06
5.250000000000000000e+04 2.415889639451052062e-06 1.725641823213663884e-06 6.553004539000539808e-08 2.885936645213860174e-08 5.417191005108179525e-06 7.019708192501639132e-08 1.798123776097781956e-06 4.061047320647048764e-07 4.739226540095842211e-07 1.089906163542764261e-06
5.300000000000000000e+04 1.964031753232120536e-06 1.471212272008415312e-06 4.214646409650413261e-08 2.556444123058554396e-08 4.463558980205561966e-06 6.495505289194625220e-08 1.655325149840791710e-06 3.882581154357467312e-07 5.943596761426306330e-07 9.324572260993591044e-07
5.350000000000000000e+04 1.849513296292570885e-06 3.265945451857987791e-06 2.700917320908047259e-07 1.713012096615784685e-07 2.201905226684175432e-05 6.028694343740426120e-08 2.656326614669524133e-06 4.059143066115211695e-07 1.879323150433265255e-07 8.766374776314478368e-06
5.400000000000000000e+04 1.502633153904753271e-06 3.421881956455763429e-06 1.968314364830803243e-07 9.666388933737835032e-08 1.934860665642190725e-05 6.013588915720902150e-08 2.438516048641758971e-06 8.020214750104059931e-07 3.360382549999485491e-07 1.313727716478751972e-05
5.450000000000000000e+04 5.679893092747079208e-06 4.656666533264797181e-06 1.881704037032250199e-07 1.790292145642524702e-07 1.881264142866712064e-05 6.204889047012329684e-08 4.629282102541765198e-06 4.598244345288549084e-07 5.256691224531095941e-07 2.586231676104944199e-05
5.500000000000000000e+04 4.029114734294125810e-06 4.867244570050388575e-06 8.328405698421192938e-08 9.784785959254804766e-08 1.298206461797235534e-05 6.022494858370919246e-08 4.122676273254910484e-06 4.086535909664235078e-07 6.378675720952742267e-07 4.037900362163782120e-05
5.550000000000000000e+04 4.878654181084129959e-06 2.671908987394999713e-06 9.850101179154080455e-08 5.453749096773208294e-08 9.829946066020056605e-06 6.202562019552715356e-08 2.562505869718734175e-06 3.294258021924179047e-07 4.928411954097100534e-07 2.707402927626390010e-06
5.600000000000000000e+04 4.152080691710580140e-06 1.095347033697180450e-05 7.562901060964577482e-08 3.436798010625352617e-07 5.389768830355023965e-06 6.138002106581552653e-08 1.669941957516130060e-05 1.289407975946232909e-07 2.287491298602617462e-07 3.185049081366742030e-06
5.650000000000000000e+04 2.785892775136744604e-06 2.080238346024998464e-06 2.945078669824852113e-08 6.120625073435803642e-08 3.004681047968915664e-06 4.646706841526793141e-08 3.307819952169666067e-06 5.751206799686769955e-07 2.206777622859590338e-07 1.275583827009540983e-06
5.700000000000000000e+04 2.214479536633007228e-06 1.759502538334345445e-06 2.628767070689264074e-08 5.112822165642683103e-08 2.776971768980729394e-06 4.359453242841482279e-08 3.219979362256708555e-06 6.776284067200322170e-07 2.177318663143523736e-07 1.437245828128652647e-06
5.750000000000000000e+04 1.984854407055536285e-06 2.685978188310400583e-06 6.724658163648200571e-08 1.149101436226374062e-07 2.208745399912004359e-06 6.100142257992047234e-08 6.206113539519719779e-06 1.052662952361060889e-07 2.643951688696688507e-07 1.576073827891377732e-06
5.800000000000000000e+04 1.689987698227923829e-06 2.318410906809731387e-06 3.886130883756777621e-08 8.576871834975463571e-08 1.458242991247971077e-06 6.239547190034500090e-08 6.534455678774975240e-06 8.794059880301574594e-08 8.312562158607761376e-07 1.525556967862939928e-06
5.850000000000000000e+04 1.768710717442445457e-06 2.658422545209759846e-06 5.155813909141215845e-08 1.036498247231065761e-07 9.086903446586802602e-06 5.939266145560395671e-08 4.362724666862050071e-06 8.588395417064020876e-07 5.486159011525160167e-07 3.698547288877307437e-06
5.900000000000000000e+04 1.673261749601806514e-06 3.708773647304042242e-06 3.677904558685440861e-08 8.040171195489165257e-08 7.758366336929611862e-06 5.176474715540280158e-08 5.761087322753155604e-06 1.076299554370052647e-06 1.425466621185478289e-06 3.988839580415515229e-06
