# step, loss_train, loss_test, metrics_test
0.000000000000000000e+00 9.065461345016956329e-03 1.060062646865844727e-01 2.818386442959308624e-02 1.383846858516335487e-03 1.363178528845310211e-02 8.617328479886054993e-03 1.087738201022148132e-01 3.614433482289314270e-02 4.090836271643638611e-03 1.468406990170478821e-02
5.000000000000000000e+02 4.536806140094995499e-03 6.191314011812210083e-02 1.410456956364214420e-03 1.062438590452075005e-03 3.555103205144405365e-03 4.082381725311279297e-03 7.100003957748413086e-02 4.545248113572597504e-03 2.724469231907278299e-04 4.299232270568609238e-03
1.000000000000000000e+03 3.404147690162062645e-03 6.042633950710296631e-02 6.890631048008799553e-04 3.824546292889863253e-04 4.131029825657606125e-03 3.059273352846503258e-03 6.937070935964584351e-02 2.429867396131157875e-03 6.995657167863100767e-05 4.853878635913133621e-03
1.500000000000000000e+03 2.368238754570484161e-03 7.103245705366134644e-02 4.559113876894116402e-04 9.439989662496373057e-05 5.261429119855165482e-03 2.109535038471221924e-03 6.810808181762695312e-02 1.977959647774696350e-03 8.364955647266469896e-06 5.863377358764410019e-03
2.000000000000000000e+03 1.785356318578124046e-03 6.970156729221343994e-02 4.410707333590835333e-04 4.696370160672813654e-05 5.501464009284973145e-03 1.555898808874189854e-03 6.743800640106201172e-02 1.582885277457535267e-03 2.651648173923604190e-05 6.070863921195268631e-03
2.500000000000000000e+03 1.493624295108020306e-03 8.196590095758438110e-02 5.397859495133161545e-04 1.991610042750835419e-04 5.965071264654397964e-03 1.320927171036601067e-03 6.630318611860275269e-02 9.429428027942776680e-04 1.370187528664246202e-04 6.389526184648275375e-03
3.000000000000000000e+03 1.135309226810932159e-03 8.147460967302322388e-02 5.132263177074491978e-04 2.938465622719377279e-04 6.045661866664886475e-03 9.929871885105967522e-04 6.591718643903732300e-02 6.975004798732697964e-04 1.620606053620576859e-04 6.458835676312446594e-03
3.500000000000000000e+03 1.786830951459705830e-03 6.671103835105895996e-02 2.323247899767011404e-04 3.014719695784151554e-04 4.214204382151365280e-03 1.643948955461382866e-03 6.583011150360107422e-02 4.123314865864813328e-04 2.612568787299096584e-04 4.796160850673913956e-03
4.000000000000000000e+03 1.672302721999585629e-03 6.644404679536819458e-02 1.908789272420108318e-04 2.477906527929008007e-04 4.092399030923843384e-03 1.538802171126008034e-03 6.551630049943923950e-02 3.439505235292017460e-04 1.975776976905763149e-04 4.680914338678121567e-03
4.500000000000000000e+03 3.374724474269896746e-04 5.364656075835227966e-02 1.722745073493570089e-04 1.457883336115628481e-04 3.406335366889834404e-03 2.790227881632745266e-04 6.890396028757095337e-02 3.965077630709856749e-04 5.432650868897326291e-05 4.053833894431591034e-03
5.000000000000000000e+03 2.827620483003556728e-04 5.360618978738784790e-02 1.575949863763526082e-04 1.271897781407460570e-04 3.393639810383319855e-03 2.361730003030970693e-04 6.878993660211563110e-02 3.007938794326037169e-04 4.607169103110209107e-05 4.034950863569974899e-03
5.500000000000000000e+03 3.295773058198392391e-04 5.883407965302467346e-02 1.544209662824869156e-04 7.869481487432494760e-05 3.467112081125378609e-03 2.947963948827236891e-04 6.796765327453613281e-02 2.336825127713382244e-04 1.707628325675614178e-05 4.045837093144655228e-03
6.000000000000000000e+03 2.886933798436075449e-04 5.877719819545745850e-02 1.440314372302964330e-04 7.521524821640923619e-05 3.384390845894813538e-03 2.595384430605918169e-04 6.777045875787734985e-02 2.140975848305970430e-04 1.190601960843196139e-05 3.960324451327323914e-03
6.500000000000000000e+03 1.975972845684736967e-04 6.005834043025970459e-02 2.057804085779935122e-04 7.091779116308316588e-05 3.723605768755078316e-03 1.629001199034973979e-04 6.718232482671737671e-02 1.805617648642510176e-04 8.803098353382665664e-06 4.329232964664697647e-03
7.000000000000000000e+03 1.614625070942565799e-04 5.993841215968132019e-02 1.980613451451063156e-04 6.762846896890550852e-05 3.550796769559383392e-03 1.335879496764391661e-04 6.704339385032653809e-02 1.783103070920333266e-04 1.056356995832175016e-05 4.151319153606891632e-03
7.500000000000000000e+03 2.631261886563152075e-04 7.319658249616622925e-02 2.387438726145774126e-04 1.209660185850225389e-04 3.999387379735708237e-03 2.220000023953616619e-04 6.481181830167770386e-02 1.307142956648021936e-04 1.833205169532448053e-05 4.538856446743011475e-03
8.000000000000000000e+03 2.368392160860821605e-04 7.304866611957550049e-02 2.155100810341536999e-04 1.146793219959363341e-04 3.538537770509719849e-03 1.899220806080847979e-04 6.464093923568725586e-02 1.161915861302986741e-04 2.142614539479836822e-05 4.072858486324548721e-03
8.500000000000000000e+03 1.127655632444657385e-04 5.654919147491455078e-02 1.494504831498488784e-04 6.714124901918694377e-05 2.355962060391902924e-03 9.179504559142515063e-05 6.635238230228424072e-02 8.121967402985319495e-05 4.996413281332934275e-06 2.991492860019207001e-03
9.000000000000000000e+03 1.045508470269851387e-04 5.638146772980690002e-02 1.635148946661502123e-04 7.508561247959733009e-05 2.127162180840969086e-03 8.318987238453701138e-05 6.618961691856384277e-02 8.747410174692049623e-05 6.343971108435653150e-06 2.752502681687474251e-03
9.500000000000000000e+03 2.163781609851866961e-04 5.351856350898742676e-02 1.330310915363952518e-04 1.329202932538464665e-04 1.721270265989005566e-03 1.608728198334574699e-04 6.491084396839141846e-02 9.139063331531360745e-05 4.627694943337701261e-05 2.368995919823646545e-03
1.000000000000000000e+04 1.884089288068935275e-04 5.325933545827865601e-02 1.679726265138015151e-04 1.711297954898327589e-04 1.501460676081478596e-03 1.320853043580427766e-04 6.454699486494064331e-02 1.219507103087380528e-04 7.670946797588840127e-05 2.141587436199188232e-03
1.050000000000000000e+04 1.929670397657901049e-04 5.438709631562232971e-02 5.743994261138141155e-04 2.021131222136318684e-04 1.338611240498721600e-03 1.211680209962651134e-04 6.404212117195129395e-02 4.887998802587389946e-04 2.347691224713344127e-05 1.876818249002099037e-03
1.100000000000000000e+04 1.868458639364689589e-04 5.298453196883201599e-02 9.306388092227280140e-04 3.272756584919989109e-04 1.175472280010581017e-03 1.057078843587078154e-04 6.275020539760589600e-02 1.143311616033315659e-03 6.127840606495738029e-05 1.697475207038223743e-03
1.150000000000000000e+04 4.990061861462891102e-04 5.915714800357818604e-02 1.284647383727133274e-03 8.970939088612794876e-04 1.106883515603840351e-03 2.588838106021285057e-04 5.679856240749359131e-02 1.639294670894742012e-03 2.299137180671095848e-03 1.639535301364958286e-03
1.200000000000000000e+04 6.337525555863976479e-04 4.628986865282058716e-02 7.371715037152171135e-04 2.218946581706404686e-03 1.593728666193783283e-03 4.473467124626040459e-04 4.245349019765853882e-02 8.623691392131149769e-04 7.521838415414094925e-03 1.980369677767157555e-03
1.250000000000000000e+04 8.434739429503679276e-04 3.783467039465904236e-02 4.839471366722136736e-04 3.719968721270561218e-03 1.961154630407691002e-03 6.751407636329531670e-04 2.947621792554855347e-02 5.057625821791589260e-04 7.331253960728645325e-03 2.325278474017977715e-03
1.300000000000000000e+04 7.342691533267498016e-04 1.949100382626056671e-02 3.379264671821147203e-04 3.760953899472951889e-03 2.676762407645583153e-03 5.533887306228280067e-04 1.520098000764846802e-02 4.105255065951496363e-04 6.063994020223617554e-03 2.875302685424685478e-03
1.350000000000000000e+04 6.667790585197508335e-04 6.635874044150114059e-03 2.323509979760274291e-04 1.848235144279897213e-03 3.503916319459676743e-03 5.219058366492390633e-04 5.396088119596242905e-03 4.674158408306539059e-04 3.516453783959150314e-03 3.299119649454951286e-03
1.400000000000000000e+04 6.388384499587118626e-04 2.627520821988582611e-03 2.019360254053026438e-04 1.042883610352873802e-03 3.786098444834351540e-03 4.937971243634819984e-04 2.026739763095974922e-03 3.625482495408505201e-04 1.645317766815423965e-03 3.483748529106378555e-03
1.450000000000000000e+04 5.613677203655242920e-04 1.615710440091788769e-03 2.780246140900999308e-04 7.935285102576017380e-04 3.909618593752384186e-03 3.855002287309616804e-04 1.224708743393421173e-03 2.321922365808859468e-04 5.518021062016487122e-04 3.230588277801871300e-03
1.500000000000000000e+04 4.483192460611462593e-04 1.160623622126877308e-03 2.715450245887041092e-04 5.130100180394947529e-04 3.619298571720719337e-03 2.859067462850362062e-04 8.887509466148912907e-04 2.045473083853721619e-04 3.329603350721299648e-04 2.915590768679976463e-03
1.550000000000000000e+04 3.522516926750540733e-04 9.725047275424003601e-04 2.889637835323810577e-04 4.325080662965774536e-04 2.933818381279706955e-03 2.358539350097998977e-04 7.245356100611388683e-04 1.616343943169340491e-04 2.707782259676605463e-04 2.485662465915083885e-03
1.600000000000000000e+04 2.796318440232425928e-04 8.033855701796710491e-04 2.348006091779097915e-04 3.208355628885328770e-04 2.704013837501406670e-03 1.744846522342413664e-04 6.471324013546109200e-04 1.346791250398382545e-04 2.061870909528806806e-04 2.259609755128622055e-03
1.650000000000000000e+04 2.029407769441604614e-04 6.813028012402355671e-04 1.805731881177052855e-04 2.472741180099546909e-04 2.677554264664649963e-03 1.121429886552505195e-04 4.634636861737817526e-04 7.776612619636580348e-05 8.506576705258339643e-05 2.090250840410590172e-03
1.700000000000000000e+04 1.660455454839393497e-04 5.908151506446301937e-04 1.396951702190563083e-04 1.839694305090233684e-04 2.433314919471740723e-03 8.380879444302991033e-05 3.984711074735969305e-04 7.054067100398242474e-05 5.811283335788175464e-05 1.855173730291426182e-03
1.750000000000000000e+04 1.452560391044244170e-04 4.936834448017179966e-04 1.043023075908422470e-04 1.055798202287405729e-04 2.084307605400681496e-03 6.138940807431936264e-05 5.075756926089525223e-04 8.421650272794067860e-05 9.319383389083668590e-05 1.667992095462977886e-03
1.800000000000000000e+04 1.149822928709909320e-04 4.517456691246479750e-04 8.308384713018313050e-05 9.362692071590572596e-05 1.896415837109088898e-03 4.224050644552335143e-05 4.393935087136924267e-04 7.669480692129582167e-05 8.892323239706456661e-05 1.488538691774010658e-03
1.850000000000000000e+04 9.249799040844663978e-05 3.873874957207590342e-04 6.857218977529555559e-05 1.090202640625648201e-04 1.928070792928338051e-03 3.278574149589985609e-05 2.642578328959643841e-04 6.272918835747987032e-05 1.035956302075646818e-04 1.334062428213655949e-03
1.900000000000000000e+04 7.815231947461143136e-05 3.492732648737728596e-04 4.571009048959240317e-05 8.860454545356333256e-05 1.773331663571298122e-03 2.348029920540284365e-05 2.442138793412595987e-04 5.278486059978604317e-05 7.758475840091705322e-05 1.180265797302126884e-03
1.950000000000000000e+04 7.475947495549917221e-05 3.018335264641791582e-04 3.073974949074909091e-05 4.528968202066607773e-05 1.303573255427181721e-03 1.868300387286581099e-05 2.357223565923050046e-04 3.684646071633324027e-05 4.494960012380033731e-05 1.017801929265260696e-03
2.000000000000000000e+04 6.471948290709406137e-05 2.751674619503319263e-04 2.467174999765120447e-05 3.543086495483294129e-05 1.164478715509176254e-03 1.516903193987673149e-05 2.185043122153729200e-04 3.197415571776218712e-05 3.416982872295193374e-05 8.857622160576283932e-04
2.050000000000000000e+04 5.569552013184875250e-05 2.968019398394972086e-04 1.355773110844893381e-05 1.227780921908561140e-05 1.346264733001589775e-03 1.176282694359542802e-05 2.609369694255292416e-04 2.084797051793430001e-05 3.727737203007563949e-05 7.741057779639959335e-04
2.100000000000000000e+04 5.082039206172339618e-05 2.722809440456330776e-04 1.192312993225641549e-05 8.736162271816283464e-06 1.214288058690726757e-03 9.385696102981455624e-06 2.442032855469733477e-04 1.503823295934125781e-05 2.968490844068583101e-05 6.590997218154370785e-04
2.150000000000000000e+04 3.136533996439538896e-05 2.809644502121955156e-04 1.274008536711335182e-05 6.832654435129370540e-06 9.594110306352376938e-04 7.505466783186420798e-06 1.945418916875496507e-04 1.779767444531898946e-05 2.826266972988378257e-05 5.725297378376126289e-04
2.200000000000000000e+04 2.800729816954117268e-05 2.560911525506526232e-04 9.579369361745193601e-06 5.130670160724548623e-06 8.881297544576227665e-04 5.273227543511893600e-06 1.792824914446100593e-04 1.058127054420765489e-05 2.449513158353511244e-05 4.993422771804034710e-04
2.250000000000000000e+04 4.191897460259497166e-05 1.819617173168808222e-04 5.299266831571003422e-06 1.120435626944527030e-05 7.016081945039331913e-04 3.982284852099837735e-06 2.041873958660289645e-04 7.183156867540674284e-06 2.928044341388158500e-05 4.334984987508505583e-04
2.300000000000000000e+04 3.803000799962319434e-05 1.631867344258353114e-04 3.976820153184235096e-06 9.529993803880643100e-06 6.360203260555863380e-04 3.551652980604558252e-06 1.876135502243414521e-04 3.951727194362320006e-06 2.042911546595860273e-05 3.710708988364785910e-04
2.350000000000000000e+04 2.705248152778949589e-05 1.714437676128000021e-04 4.855222414335003123e-06 9.088889783015474677e-06 7.482027867808938026e-04 3.104719098701025359e-06 1.332639076281338930e-04 3.063893018406815827e-06 1.635183616599533707e-05 3.130995319224894047e-04
2.400000000000000000e+04 2.489689723006449640e-05 1.506104890722781420e-04 6.145363386167446151e-06 6.889204996696207672e-06 6.891397642903029919e-04 2.939011210401076823e-06 1.209045003633946180e-04 5.021027845941716805e-06 1.522724687674781308e-05 2.615902922116219997e-04
2.450000000000000000e+04 4.672981594922021031e-05 1.491664443165063858e-04 4.334748155088163912e-06 8.727742169867269695e-06 5.919571849517524242e-04 3.589234893297543749e-06 1.505763357272371650e-04 4.668992914957925677e-06 1.581706419528927654e-05 2.120476856362074614e-04
2.500000000000000000e+04 4.366742723505012691e-05 1.339624141110107303e-04 5.437867912405636162e-06 8.226078534789849073e-06 5.436905776150524616e-04 3.770469675146159716e-06 1.567690051160752773e-04 7.155357252486282960e-06 1.521426565886940807e-05 1.804425410227850080e-04
2.550000000000000000e+04 3.507967630866914988e-05 1.128868025261908770e-04 1.349219019175507128e-05 1.053639152814866975e-05 4.744296020362526178e-04 3.295103851996827871e-06 1.689468917902559042e-04 1.005233389150816947e-05 1.778167643351480365e-05 1.694528909865766764e-04
2.600000000000000000e+04 3.237475903006270528e-05 9.806743037188425660e-05 1.115648865379625931e-05 9.961848263628780842e-06 4.516287008300423622e-04 2.937512363132555038e-06 1.383881608489900827e-04 1.025097299134358764e-05 1.693505328148603439e-05 1.513520255684852600e-04
2.650000000000000000e+04 1.725207584968302399e-05 1.153435005107894540e-04 1.010645883070537820e-05 6.282407866819994524e-06 5.470772739499807358e-04 3.715791535796597600e-06 7.260056736413389444e-05 1.632488056202419102e-05 2.304278314113616943e-05 1.248964254045858979e-04
2.700000000000000000e+04 1.711153890937566757e-05 1.060551148839294910e-04 8.450239874946419150e-06 6.187219241837738082e-06 5.056472728028893471e-04 3.131505536657641642e-06 6.137243326520547271e-05 1.382856135023757815e-05 2.308206967427395284e-05 1.061093935277312994e-04
2.750000000000000000e+04 1.174233148049097508e-05 7.541925151599571109e-05 5.049051651440095156e-06 6.881776243972126395e-06 3.374590596649795771e-04 2.013323410210432485e-06 5.579910066444426775e-05 9.970714017981663346e-06 1.705719841993413866e-05 9.568206587573513389e-05
2.800000000000000000e+04 1.150743082689587027e-05 6.343306449707597494e-05 3.865292455884627998e-06 6.297931577137205750e-06 3.223708190489560366e-04 1.775287955751991831e-06 4.941566294291988015e-05 9.475728802499361336e-06 1.835647344705648720e-05 8.344645902980118990e-05
2.850000000000000000e+04 2.535525163693819195e-05 5.799251448479481041e-05 4.268453267286531627e-06 5.313490873959381133e-06 4.046697868034243584e-04 1.572926407789054792e-06 4.678898039855994284e-05 4.080955477547831833e-06 1.717678060231264681e-05 7.080961950123310089e-05
2.900000000000000000e+04 2.503605355741456151e-05 4.844908471568487585e-05 3.336777581353089772e-06 4.720881861430825666e-06 3.821443824563175440e-04 1.285777557313849684e-06 3.920970266335643828e-05 3.321531494293594733e-06 1.661319583945441991e-05 6.014667815179564059e-05
2.950000000000000000e+04 1.684518792899325490e-05 4.941022416460327804e-05 2.081402044495916925e-06 5.525595042854547501e-06 3.067088255193084478e-04 9.301000432060391176e-07 5.306736056809313595e-05 5.164959929970791563e-06 1.769441405485849828e-05 4.990783054381608963e-05
3.000000000000000000e+04 1.696960498520638794e-05 4.609296956914477050e-05 1.538292394798190799e-06 4.167297447565943003e-06 2.832978498190641403e-04 6.206218472470936831e-07 6.304564158199355006e-05 3.758313596335938200e-06 2.251624573545996100e-05 4.118075958103872836e-05
3.050000000000000000e+04 1.750382580212317407e-05 3.527412627590820193e-05 3.294443104095989838e-06 3.673379296742496081e-06 2.824263647198677063e-04 4.226041312449524412e-07 3.979055327363312244e-05 4.232220817357301712e-06 1.768360743881203234e-05 3.594900044845417142e-05
3.100000000000000000e+04 1.686526229605078697e-05 3.175136953359469771e-05 2.361413407925283536e-06 3.095714419032447040e-06 2.730792912188917398e-04 3.678565292375424178e-07 3.463455141172744334e-05 2.365833552175899968e-06 1.504332612967118621e-05 3.131265839328989387e-05
3.150000000000000000e+04 1.275332488148706034e-05 2.282628520333673805e-05 1.287534701077674981e-06 2.810794967444962822e-06 1.884118828456848860e-04 3.781845805406192085e-07 2.614887489471584558e-05 4.688384251494426280e-06 2.016744110733270645e-05 2.869036325137130916e-05
3.200000000000000000e+04 1.273455200134776533e-05 2.055858021776657552e-05 1.122507569562003482e-06 2.376818883931264281e-06 1.785235799616202712e-04 3.192684800978895510e-07 2.275179576827213168e-05 3.948975063394755125e-06 1.707680348772555590e-05 2.564920760050881654e-05
3.250000000000000000e+04 1.961857924470677972e-05 2.599354593257885426e-05 2.008914862017263658e-06 3.964651114074513316e-06 1.654636434977874160e-04 2.702515757846413180e-07 3.130613913526758552e-05 1.983691618079319596e-06 7.311822173505788669e-06 2.155002766812685877e-05
3.300000000000000000e+04 1.933157000166829675e-05 2.433899499010294676e-05 1.278794570680474862e-06 3.531237553033861332e-06 1.570093299960717559e-04 2.633610449720436009e-07 4.517965135164558887e-05 1.485593656980199739e-06 6.358231985359452665e-06 1.932363011292181909e-05
3.350000000000000000e+04 2.059866528725251555e-05 2.509872138034552336e-05 5.113514021104492713e-07 2.297376340720802546e-06 2.121599391102790833e-04 2.838451678144338075e-07 3.674296385725028813e-05 9.348265166408964433e-07 3.993548943981295452e-06 2.001679604290984571e-05
3.400000000000000000e+04 2.169353865610901266e-05 2.520692760299425572e-05 6.244545147637836635e-07 2.235603687950060703e-06 1.997398794628679752e-04 3.301589117654657457e-07 3.318874223623424768e-05 9.862612841970985755e-07 3.011647550010820851e-06 1.912437801365740597e-05
3.450000000000000000e+04 2.515330743335653096e-05 2.709366344788577408e-05 1.269630388378573116e-06 2.452665285090915859e-06 1.866953680291771889e-04 3.675357334032014478e-07 8.996171527542173862e-05 8.485367857247183565e-07 3.971560090576531366e-06 1.984314621950034052e-05
3.500000000000000000e+04 2.707464591367170215e-05 2.621595922391861677e-05 1.122558046517951880e-06 1.935213504111743532e-06 1.751439267536625266e-04 4.438259111338993534e-07 1.139293890446424484e-04 1.204276145472249482e-06 2.866966497094836086e-06 1.885918572952505201e-05
3.550000000000000000e+04 2.258067434013355523e-05 2.509592013666406274e-05 1.897492779789899942e-06 2.096315483868238516e-06 1.833390124375000596e-04 4.621697087259235559e-07 1.187569505418650806e-04 8.010975989236612804e-07 1.307892603108484764e-06 2.143925485142972320e-05
3.600000000000000000e+04 2.516409767849836498e-05 2.497133937140461057e-05 1.719662236610020045e-06 1.598254470991378184e-06 1.736170379444956779e-04 4.875327590525557753e-07 1.140312888310290873e-04 8.303314871227485128e-07 1.175912416329083499e-06 2.144904465239960700e-05
3.650000000000000000e+04 2.446889811835717410e-05 2.885893991333432496e-05 1.358796112072013784e-06 1.054735434991016518e-06 2.221521717729046941e-04 5.216077738623425830e-07 4.303375317249447107e-05 1.260605699826555792e-06 7.254689080582465976e-07 2.269326978421304375e-05
3.700000000000000000e+04 2.508381840016227216e-05 2.959559242299292237e-05 1.229604549735086039e-06 1.116013777391344775e-06 2.132264053216204047e-04 5.128574116497475188e-07 4.153196277911774814e-05 1.516225211162236519e-06 6.340943627947126515e-07 2.337871046620421112e-05
3.750000000000000000e+04 3.007722807524260134e-05 4.305506809032522142e-05 8.140971772263583262e-07 7.457640549546340480e-07 2.291888667969033122e-04 4.527083206085080747e-07 7.073315646266564727e-05 7.420575229843962006e-07 1.822480726332287304e-06 1.637919558561407030e-05
3.800000000000000000e+04 2.998305535584222525e-05 3.596439637476578355e-05 6.665307523689989466e-07 7.651608484593452886e-07 2.242895425297319889e-04 4.424901760557986563e-07 1.034456145134754479e-04 9.002388878798228689e-07 2.029286179094924591e-06 1.493424770160345361e-05
3.850000000000000000e+04 3.821284917648881674e-05 2.888282506319228560e-05 1.291210764975403436e-06 9.053875373865594156e-07 1.804914645617827773e-04 4.680157132952444954e-07 9.152859274763613939e-05 2.664245812411536463e-06 1.106898139369150158e-06 1.229094596055801958e-05
3.900000000000000000e+04 3.636153269326314330e-05 2.680228499229997396e-05 1.231892611031071283e-06 7.493595148844178766e-07 1.793415722204372287e-04 4.495439043239457533e-07 9.781523840501904488e-05 4.002463356300722808e-06 1.026975269269314595e-06 1.134092235588468611e-05
3.950000000000000000e+04 3.251661473768763244e-05 2.583351488283369690e-05 6.371478775690775365e-07 1.245138491867692210e-06 1.570922904647886753e-04 4.273644549357413780e-07 1.225988089572638273e-04 1.975401119125308469e-06 1.874511781352339312e-06 1.135847560362890363e-05
4.000000000000000000e+04 3.225029286113567650e-05 2.430494168947916478e-05 6.572852271347073838e-07 9.642037639423506334e-07 1.555915077915415168e-04 4.162652942341082962e-07 1.297253038501366973e-04 3.146466951875481755e-06 1.932465011122985743e-06 1.073562543751904741e-05
4.050000000000000000e+04 3.005798862432129681e-05 2.104460691043641418e-05 6.898748665662424173e-07 1.407463400937558617e-06 2.579838037490844727e-04 3.455061801105330233e-07 4.580742097459733486e-05 2.746502559602959082e-06 1.002480530587490648e-06 9.589434739609714597e-06
4.100000000000000000e+04 3.076721259276382625e-05 2.156113077944610268e-05 6.246559678402263671e-07 1.341085862804902717e-06 2.526203461457043886e-04 2.946457300367910648e-07 4.644144428311847150e-05 2.708827423703041859e-06 9.752201322044129483e-07 9.479069376538973302e-06
4.150000000000000000e+04 2.367033448535948992e-05 2.035592297033872455e-05 1.235445552083547227e-06 5.779265279670653399e-07 1.437430182704702020e-04 2.174641622332273982e-07 6.306377326836809516e-05 7.703106916778779123e-07 2.133650241376017220e-06 8.062121196417137980e-06
4.200000000000000000e+04 2.205156852141954005e-05 1.973608414118643850e-05 9.708284096632269211e-07 5.300519205775344744e-07 1.441647909814491868e-04 1.873260657703212928e-07 5.843745748279616237e-05 8.252685006482352037e-07 1.994661715798429213e-06 7.459578682755818591e-06
4.250000000000000000e+04 2.496837623766623437e-05 1.998050902329850942e-05 4.174026173586753430e-07 3.013691980413568672e-07 1.540510420454666018e-04 1.895036518817505566e-07 6.800588016631081700e-05 2.198225274696596898e-06 3.542037120496388525e-06 8.248015546996612102e-06
4.300000000000000000e+04 2.692758062039501965e-05 1.961816451512277126e-05 4.346270543464925140e-07 3.544951709955057595e-07 1.498234196333214641e-04 1.894287322556920117e-07 6.816007226007059216e-05 1.833914097915112507e-06 3.946911419916432351e-06 8.581125257478561252e-06
4.350000000000000000e+04 3.119773464277386665e-05 2.514534753572661430e-05 2.256116431453847326e-06 9.679311006038915366e-07 1.425613154424354434e-04 1.580254007649273262e-07 3.550573092070408165e-05 7.971173658916086424e-07 2.618181952129816636e-06 5.006592800782527775e-06
4.400000000000000000e+04 2.912298441515304148e-05 2.294126716151367873e-05 1.458350425309618004e-06 7.782352895446820185e-07 1.440508058294653893e-04 1.098083757256063109e-07 4.150675158598460257e-05 1.134176955019938760e-06 2.238089791717357002e-06 4.514520242082653567e-06
4.450000000000000000e+04 3.543610000633634627e-05 2.267693525936920196e-05 5.850997126799484249e-07 1.907942532852757722e-06 1.817847223719581962e-04 8.267242179726963514e-08 4.432235436979681253e-05 8.514639375789556652e-07 1.454258040212152991e-06 7.089833161444403231e-06
4.500000000000000000e+04 3.700255911098793149e-05 2.320709791092667729e-05 6.426787990676530171e-07 1.482047537137987092e-06 1.741489686537533998e-04 8.916425997540500248e-08 3.864356040139682591e-05 9.267369023291394114e-07 1.201196823785721790e-06 7.218833616207120940e-06
4.550000000000000000e+04 4.798928785021416843e-05 2.478375608916394413e-05 1.387810357300622854e-06 5.351905656425515190e-07 2.398649521637707949e-04 1.110380338786853827e-07 6.105392822064459324e-05 1.622403715373366140e-06 8.207013706851284951e-06 7.845192158129066229e-06
4.600000000000000000e+04 4.785494456882588565e-05 2.436601789668202400e-05 1.550672209305048455e-06 4.711238830168440472e-07 2.341720100957900286e-04 1.128661040183942532e-07 5.959651753073558211e-05 3.515934167808154598e-06 1.478744616179028526e-05 8.055670150497462600e-06
4.650000000000000000e+04 2.878351551771629602e-05 1.762796637194696814e-05 1.139410528594453353e-06 8.514323326380690560e-07 1.087043201550841331e-04 7.263002288482311997e-08 4.195126894046552479e-05 2.508523039068677463e-06 6.002496775181498379e-06 4.851129233429674059e-06
4.700000000000000000e+04 2.584465801191981882e-05 1.721030275803059340e-05 8.472794661429361440e-07 7.116726692402153276e-07 1.101871530408971012e-04 6.076191283455045777e-08 4.477103721001185477e-05 3.246730102546280250e-06 5.092709670861950144e-06 4.512097802944481373e-06
4.750000000000000000e+04 2.282753848703578115e-05 1.430615338904317468e-05 1.203624492518429179e-06 1.036357048178615514e-06 5.734672595281153917e-05 8.200526480095504667e-08 5.018135198042728007e-05 8.097661634565156419e-07 7.219857707241317257e-06 7.574582014058250934e-06
4.800000000000000000e+04 2.330110874027013779e-05 1.314159999310504645e-05 1.109827053369372152e-06 7.753848194624879397e-07 5.525129017769359052e-05 9.850041493564276607e-08 4.345668639871291816e-05 1.164415834864485078e-06 8.868531040207017213e-06 8.049520147324074060e-06
4.850000000000000000e+04 2.334575765416957438e-05 1.169825100078014657e-05 7.587273671560978983e-07 7.523170211243268568e-07 7.100294897099956870e-05 4.831438715768854308e-08 4.898121187579818070e-05 8.808221423350914847e-07 1.075244313142320607e-06 8.325490853167138994e-06
4.900000000000000000e+04 2.341801518923602998e-05 1.094045364880003035e-05 6.495640150205872487e-07 7.127699745979043655e-07 6.785982259316369891e-05 3.483782151647574210e-08 6.076410863897763193e-05 7.591912094540020917e-07 7.509650004067225382e-07 8.018755579541902989e-06
4.950000000000000000e+04 2.932401730504352599e-05 1.171297844848595560e-05 7.710207796662871260e-07 9.435556194148375653e-07 9.680398216005414724e-05 3.744175813835681765e-08 7.062224904075264931e-05 3.291893619916663738e-07 8.192470886569935828e-06 1.002995850285515189e-05
5.000000000000000000e+04 2.791830775095149875e-05 1.117577721743145958e-05 8.746325761421758216e-07 5.214316161072929390e-07 9.435359243070706725e-05 4.238322759420043440e-08 5.654737469740211964e-05 6.082104846427682787e-07 9.375135959999170154e-06 1.129111296904738992e-05
5.050000000000000000e+04 3.124708018731325865e-05 3.064148404519073665e-05 8.519467655787593685e-07 7.614252695020695683e-07 1.907440164359286427e-04 3.463233255729392113e-08 4.034160156152211130e-05 1.275878844353428576e-06 5.604170837614219636e-06 9.605536433809902519e-06
5.100000000000000000e+04 3.198888589395210147e-05 2.988961387018207461e-05 6.509015975098009221e-07 6.357119559652346652e-07 1.870473643066361547e-04 3.372558765590838448e-08 4.913895099889487028e-05 1.618301325834181625e-06 5.746611350332386792e-06 9.351189873996190727e-06
5.150000000000000000e+04 3.079197267652489245e-05 1.713775236567016691e-05 1.180662025035417173e-06 7.550011673629342113e-07 1.249441702384501696e-04 3.829905637076080893e-08 8.743349462747573853e-05 1.259926193597493693e-06 5.064153810963034630e-06 8.979561243904754519e-06
5.200000000000000000e+04 3.033688517461996526e-05 1.530205190647393465e-05 1.010291612146829721e-06 7.545694415966863744e-07 1.236919488292187452e-04 3.931418390834551246e-08 8.833902393234893680e-05 1.116194425776484422e-06 4.183028977422509342e-06 8.704290848982054740e-06
5.250000000000000000e+04 3.305349309812299907e-05 1.742399217619094998e-05 1.719058900562231429e-06 3.160569690408010501e-07 1.275005633942782879e-04 3.569716255924504367e-08 3.534457573550753295e-05 4.691701906267553568e-05 5.307104856910882518e-06 7.288182132469955832e-06
5.300000000000000000e+04 3.279942757217213511e-05 1.647520730330143124e-05 1.337856929239933379e-06 1.909048990000883350e-07 1.253303053090348840e-04 3.468565168418535904e-08 3.348532482050359249e-05 7.349552470259368420e-05 6.716581992805004120e-06 7.442240075761219487e-06
5.350000000000000000e+04 2.733002838795073330e-05 2.030814175668638200e-05 9.497174460193491541e-07 9.328554142484790646e-07 1.218649122165516019e-04 3.858038510884398420e-08 2.584648427728097886e-05 4.093048573849955574e-06 1.990842065424658358e-06 6.005996965541271493e-06
5.400000000000000000e+04 2.634697011671960354e-05 1.970310040633194149e-05 7.990481094566348474e-07 8.468430223729228601e-07 1.217190438183024526e-04 4.068614956054261711e-08 2.695424882404040545e-05 3.451681550359353423e-06 1.795743287402729038e-06 5.858866188646061346e-06
5.450000000000000000e+04 3.071884202654473484e-05 1.971872006834018975e-05 4.668181645683944225e-07 3.113113393737876322e-07 1.397998566972091794e-04 3.580130325531172275e-08 3.321489202789962292e-05 3.406293672014726326e-06 2.085237611026968807e-06 6.945882432773942128e-06
5.500000000000000000e+04 3.032591666851658374e-05 1.998206244024913758e-05 3.727977571088558761e-07 2.112883805693854811e-07 1.365936768706887960e-04 3.430251993563615542e-08 3.199901402695104480e-05 4.492312655202113092e-06 2.078149691442376934e-06 7.470366199413547292e-06
5.550000000000000000e+04 2.443583252897951752e-05 1.613134372746571898e-05 9.058503565029241145e-07 6.961615213185723405e-07 1.077699271263554692e-04 3.524510105989975273e-08 3.016924711118917912e-05 3.636351038949214853e-06 1.236321622855030000e-06 7.685666787438094616e-06
5.600000000000000000e+04 2.296138518431689590e-05 1.635479202377609909e-05 8.746941375648020767e-07 4.749483650812180713e-07 1.065462420228868723e-04 3.643623003313223307e-08 2.548234806454274803e-05 2.752494538071914576e-06 6.931416578481730539e-07 8.181372322724200785e-06
5.650000000000000000e+04 1.764095395628828555e-05 1.602443262527231127e-05 4.757121416787413182e-07 4.871421879215631634e-07 3.752889097086153924e-05 3.633478939946144237e-08 2.515403139113914222e-05 1.088740737031912431e-05 2.320427228141852538e-07 5.605954811471747234e-06
5.700000000000000000e+04 1.717971827019937336e-05 1.406148112437222153e-05 4.672418469908734551e-07 4.476910078210494248e-07 3.769563772948458791e-05 3.873059029046999058e-08 2.570443393778987229e-05 1.085209987650159746e-05 1.805440632551835733e-07 5.103045623400248587e-06
5.750000000000000000e+04 1.550015986140351743e-05 1.647942553972825408e-05 5.901425197407661472e-07 1.314691360221331706e-07 6.915797712281346321e-05 3.901476119949620625e-08 4.272483784006908536e-05 6.001483825457398780e-07 1.302071609643462580e-06 3.929380909539759159e-06
5.800000000000000000e+04 1.573944246047176421e-05 1.483422511228127405e-05 5.177822117730102036e-07 1.291719797791301971e-07 6.866457988508045673e-05 3.932891701197149814e-08 5.021597462473437190e-05 4.890041509497677907e-07 1.082662492990493774e-06 3.671723106890567578e-06
5.850000000000000000e+04 1.849715954449493438e-05 1.276033253816422075e-05 9.056313956534722820e-07 5.777087608294095844e-07 1.404969661962240934e-04 3.900427358871638717e-08 5.090481499792076647e-05 6.470961579907452688e-06 1.741586714842924266e-07 4.617099875758867711e-06
5.900000000000000000e+04 1.915387656481470913e-05 1.298522238357691094e-05 6.284640789999684785e-07 5.347256433196889702e-07 1.382370683131739497e-04 3.715055285624657699e-08 5.105885065859183669e-05 7.915022251836489886e-06 3.230163940770580666e-07 4.749460003949934617e-06
5.950000000000000000e+04 1.973678809008561075e-05 1.539257573313079774e-05 6.683199558210617397e-07 9.472850024394574575e-07 1.042911389959044755e-04 4.037028844550150097e-08 4.383670966490171850e-05 5.822035745950415730e-06 3.280586611253966112e-07 3.423068392294226214e-06
6.000000000000000000e+04 1.897598849609494209e-05 1.498907113273162395e-05 6.082313461774901953e-07 8.273763683064316865e-07 1.040513161569833755e-04 4.313447732329223072e-08 4.328077193349599838e-05 5.121506546856835485e-06 3.413078104586020345e-07 3.306302687633433379e-06
6.050000000000000000e+04 2.296243474120274186e-05 1.063864510797429830e-05 6.338660227811487857e-07 3.921531686046364484e-07 1.203487336169928312e-04 4.361597660818006261e-08 3.968499368056654930e-05 5.603635599982226267e-06 2.021821785547217587e-07 4.085787622898351401e-06
6.100000000000000000e+04 2.278289139212574810e-05 1.053097366821020842e-05 6.546712825183931272e-07 3.466369946636405075e-07 1.187912348541431129e-04 4.568144618133374024e-08 3.462469976511783898e-05 6.577535714313853532e-06 3.761916786970687099e-07 4.257731234247330576e-06
6.150000000000000000e+04 2.186101119150407612e-05 1.238197728525847197e-05 7.428001254083937965e-07 2.967605894355074270e-07 9.022095764521509409e-05 4.503283079770881159e-08 4.549405275611206889e-05 5.547108685277635232e-06 2.917456640716409311e-07 4.484677901928080246e-06
6.200000000000000000e+04 2.224397212557960302e-05 1.281980621570255607e-05 5.053236122876114678e-07 3.095262854913016781e-07 8.687935041962191463e-05 4.619248628046079830e-08 4.671831629821099341e-05 4.978068773198174313e-06 3.305734708192176186e-07 4.484309556573862210e-06
6.250000000000000000e+04 2.268103162350598723e-05 1.239133143826620653e-05 5.233517299529921729e-07 4.791467063114396296e-07 7.490615098504349589e-05 4.239350914758688305e-08 5.760136991739273071e-05 1.603898226676392369e-06 3.444749836489791051e-07 3.742529997907695360e-06
6.300000000000000000e+04 2.224878880952019244e-05 1.221452384925214574e-05 4.764903280829457799e-07 4.705110541181056760e-07 7.442151400027796626e-05 4.402658149160743051e-08 6.004739407217130065e-05 1.719352212603553198e-06 3.027935235877521336e-07 3.688747028718353249e-06
6.350000000000000000e+04 2.092441900458652526e-05 1.094549406843725592e-05 2.455317371641285717e-07 7.126042760319251101e-07 5.194745244807563722e-05 4.422211929977493128e-08 4.926034307572990656e-05 3.403789833100745454e-06 3.637683505530731054e-07 3.404874405532609671e-06
6.400000000000000000e+04 2.066663910227362067e-05 1.048735248332377523e-05 2.413294737380056176e-07 6.258883331611286849e-07 5.167895142221823335e-05 4.509259809992727241e-08 4.864279981120489538e-05 3.523828581819543615e-06 2.986645881719596218e-07 3.250171175750438124e-06
6.450000000000000000e+04 2.869435229513328522e-05 1.663091825321316719e-05 3.761726361517503392e-07 3.651542783700278960e-07 1.266885083168745041e-04 5.740908193274663063e-08 3.044259392481762916e-05 1.085233975572919007e-06 4.433319986674177926e-07 3.918357833754271269e-06
6.500000000000000000e+04 2.892863994929939508e-05 1.587638143973890692e-05 3.634293079812778160e-07 3.670328680982493097e-07 1.243239676114171743e-04 6.544794217688831850e-08 3.004099198733456433e-05 1.007415335152472835e-06 4.316033539453201229e-07 4.038981842313660309e-06
6.550000000000000000e+04 2.820547706505749375e-05 1.455511483072768897e-05 6.216820906956854742e-07 4.663465347221062984e-07 1.314629334956407547e-04 6.593378287789164460e-08 5.690539546776562929e-05 6.292247235251124948e-06 3.074790697610296775e-07 3.181278998454217799e-06
6.600000000000000000e+04 2.655387834238354117e-05 1.400208475388353691e-05 5.470574819810281042e-07 4.058146600982581731e-07 1.323439355473965406e-04 7.384524991493890411e-08 5.380919174058362842e-05 4.392108621686929837e-06 2.757296897470951080e-07 3.152011004203814082e-06
6.650000000000000000e+04 1.896193862194195390e-05 9.036421943164896220e-06 9.924999631039099768e-07 1.250353420800820459e-06 7.251652277773246169e-05 6.777497674193000421e-08 2.608740578580182046e-05 2.444322035444201902e-06 3.536389385772054084e-07 4.026993792649591342e-06
6.700000000000000000e+04 1.894063825602643192e-05 9.182524991047102958e-06 8.331847993758856319e-07 9.204421758113312535e-07 7.156408537412062287e-05 6.727361068215031992e-08 2.325879358977545053e-05 2.428589823466609232e-06 3.652568807410716545e-07 4.003425601695198566e-06
