# step, loss_train, loss_test, metrics_test
0.000000000000000000e+00 2.765692025423049927e-02 6.825218349695205688e-02 9.031777881318703294e-05 1.734243560349568725e-04 3.484264307189732790e-04 2.770331688225269318e-02 6.590798497200012207e-02 1.358479494228959084e-04 1.833037094911560416e-04 1.396094216033816338e-03
5.000000000000000000e+02 5.607902421616017818e-04 5.805522203445434570e-02 5.670141763403080404e-05 1.310510124312713742e-04 4.607504699379205704e-03 5.476477672345936298e-04 6.536766141653060913e-02 1.239332341356202960e-04 8.689526111993473023e-06 5.287313368171453476e-03
1.000000000000000000e+03 8.442359976470470428e-04 5.772488191723823547e-02 4.396278382046148181e-05 1.095215338864363730e-04 3.824782324954867363e-03 7.794972625561058521e-04 6.497080624103546143e-02 6.238523201318457723e-05 1.999067171709612012e-05 4.511384759098291397e-03
1.500000000000000000e+03 6.465127225965261459e-04 6.859322637319564819e-02 9.613372094463557005e-05 9.806922753341495991e-05 4.540115594863891602e-03 5.752329598180949688e-04 6.469897925853729248e-02 8.095998782664537430e-05 1.262352816411294043e-05 5.078550428152084351e-03
2.000000000000000000e+03 4.166910948697477579e-04 6.767978519201278687e-02 1.316515263170003891e-04 8.933810022426769137e-05 3.637420013546943665e-03 3.831865033134818077e-04 6.440114229917526245e-02 1.340363960480317473e-04 1.030516978062223643e-05 4.144484642893075943e-03
2.500000000000000000e+03 2.619760052766650915e-04 7.866477966308593750e-02 2.912032650783658028e-04 3.925433265976607800e-04 3.458278719335794449e-03 2.109310735249891877e-04 6.272201240062713623e-02 2.949224435724318027e-04 1.701825822237879038e-04 3.829549066722393036e-03
3.000000000000000000e+03 4.205640289001166821e-04 6.474266946315765381e-02 2.410455199424177408e-04 1.110986922867596149e-03 3.931132610887289047e-03 3.525564970914274454e-04 4.905391111969947815e-02 1.674420927884057164e-04 1.851049019023776054e-03 4.187867511063814163e-03
3.500000000000000000e+03 1.753974473103880882e-03 3.041768819093704224e-02 7.428425305988639593e-05 1.127607538364827633e-03 5.237163975834846497e-03 1.533988397568464279e-03 2.768121287226676941e-02 4.816388172912411392e-05 3.534512128680944443e-03 5.525322631001472473e-03
4.000000000000000000e+03 1.732733799144625664e-03 1.427700649946928024e-02 6.256686174310743809e-05 2.386145497439429164e-04 6.622844841331243515e-03 1.485270331613719463e-03 1.345458161085844040e-02 1.240432357008103281e-05 9.656650363467633724e-04 6.584794260561466217e-03
4.500000000000000000e+03 4.751353408209979534e-04 7.421291433274745941e-03 4.482215445023030043e-05 1.517723558208672330e-05 6.117706187069416046e-03 4.052642907481640577e-04 8.467983454465866089e-03 8.038085070438683033e-05 1.083971801563166082e-05 5.748188588768243790e-03
5.000000000000000000e+03 4.561568202916532755e-04 4.670201335102319717e-03 1.473256270401179790e-04 2.830503945006057620e-05 6.073224823921918869e-03 3.912828688044101000e-04 5.004155915230512619e-03 4.593337143887765706e-05 2.672290247573982924e-05 5.616851616650819778e-03
5.500000000000000000e+03 3.619794442784041166e-04 2.706191968172788620e-03 2.721271303016692400e-04 2.387661334068980068e-05 6.116806529462337494e-03 3.256732597947120667e-04 1.987386727705597878e-03 1.181882398668676615e-04 9.475489059695973992e-05 5.837437231093645096e-03
6.000000000000000000e+03 3.325874859001487494e-04 1.550472341477870941e-03 1.976231869775801897e-04 1.749468356138095260e-05 5.788022652268409729e-03 2.928384055849164724e-04 9.476712439209222794e-04 1.292670349357649684e-04 1.664072624407708645e-04 5.477696657180786133e-03
6.500000000000000000e+03 3.364816075190901756e-04 1.122714020311832428e-03 9.767121082404628396e-05 1.917069130286108702e-05 5.461998749524354935e-03 2.964138984680175781e-04 5.408262950368225574e-04 3.514347554300911725e-05 1.602921402081847191e-04 5.027880426496267319e-03
7.000000000000000000e+03 3.187579277437180281e-04 8.935900987125933170e-04 7.793468103045597672e-05 2.164309444196987897e-05 5.064379889518022537e-03 2.740228956099599600e-04 3.234198666177690029e-04 4.185636498732492328e-05 1.631195918889716268e-04 4.611148033291101456e-03
7.500000000000000000e+03 2.855713246390223503e-04 6.172496941871941090e-04 6.638497143285349011e-05 3.488669972284696996e-05 4.583312664180994034e-03 2.179978328058496118e-04 1.651264610700309277e-04 1.309169892920181155e-04 8.014088962227106094e-05 4.336612299084663391e-03
8.000000000000000000e+03 2.595208643469959497e-04 4.881555505562573671e-04 6.700392987113445997e-05 2.991373548866249621e-05 3.980376292020082474e-03 1.894288434414193034e-04 9.570695692673325539e-05 1.762517349561676383e-04 5.654849155689589679e-05 3.752851858735084534e-03
8.500000000000000000e+03 1.712039374979212880e-04 3.834175004158169031e-04 7.026919047348201275e-05 1.026829977490706369e-05 3.278148127719759941e-03 1.257886615348979831e-04 8.405382686760276556e-05 7.631813059560954571e-05 3.085981734329834580e-05 3.242322476580739021e-03
9.000000000000000000e+03 1.377643056912347674e-04 3.153754514642059803e-04 6.746465805917978287e-05 3.593085693864850327e-06 2.909746253862977028e-03 9.269884321838617325e-05 6.552071863552555442e-05 9.125820361077785492e-05 9.659668648964725435e-06 2.848497824743390083e-03
9.500000000000000000e+03 1.923297968460246921e-04 3.567834501154720783e-04 4.723741221823729575e-05 7.057793027342995629e-06 2.658744342625141144e-03 1.235520321642979980e-04 1.018377079162746668e-04 6.228065467439591885e-05 3.349742883074213751e-06 2.284565009176731110e-03
1.000000000000000000e+04 1.753178366925567389e-04 3.214717726223170757e-04 2.146437327610328794e-05 8.103926120384130627e-06 2.429260406643152237e-03 1.100340232369489968e-04 8.852830069372430444e-05 2.037915692199021578e-05 9.224939276464283466e-06 2.053610282018780708e-03
1.050000000000000000e+04 1.543794496683403850e-04 3.291874891147017479e-04 2.457210939610376954e-05 1.398393669660435989e-05 2.597476588562130928e-03 8.299395994981750846e-05 7.492117583751678467e-05 1.557556970510631800e-05 2.241077527287416160e-05 1.874446636065840721e-03
1.100000000000000000e+04 1.343094772892072797e-04 2.754711895249783993e-04 3.223927342332899570e-05 1.561083081469405442e-05 2.378958975896239281e-03 6.999957986408844590e-05 5.836919808643870056e-05 3.098434171988628805e-05 2.176529778807889670e-05 1.659604837186634541e-03
1.150000000000000000e+04 1.101258458220399916e-04 1.598483358975499868e-04 2.460779978719074279e-05 1.637226705497596413e-05 1.795128104276955128e-03 5.759583291364833713e-05 3.565017686923965812e-05 4.032129800179973245e-05 4.291082586860284209e-05 1.596927060745656490e-03
1.200000000000000000e+04 9.747312287800014019e-05 1.472474978072568774e-04 2.410005254205316305e-05 1.919041460496373475e-05 1.711715012788772583e-03 4.726539918920025229e-05 3.483247928670607507e-05 4.210447514196857810e-05 5.015181523049250245e-05 1.515552867203950882e-03
1.250000000000000000e+04 8.991015783976763487e-05 1.386175426887348294e-04 2.214257983723655343e-05 1.659964254940859973e-05 1.687910058535635471e-03 3.923735857824794948e-05 3.935550557798705995e-05 3.129382093902677298e-05 2.372457129240501672e-05 1.469272305257618427e-03
1.300000000000000000e+04 8.433934999629855156e-05 1.356691063847392797e-04 8.094538316072430462e-06 1.203941792482510209e-05 1.615813351236283779e-03 3.369624027982354164e-05 3.352565181558020413e-05 1.745013832987751812e-05 1.765240631357301027e-05 1.384852104820311069e-03
1.350000000000000000e+04 5.560016506933607161e-05 1.314907422056421638e-04 1.181357310997555032e-05 1.404496742907213047e-05 1.557205454446375370e-03 2.466688965796492994e-05 2.157466406060848385e-05 3.577762981876730919e-05 1.150444768427405506e-05 1.324133831076323986e-03
1.400000000000000000e+04 4.832955164602026343e-05 1.204567306558601558e-04 2.134284295607358217e-05 1.111916571971960366e-05 1.471472089178860188e-03 2.029172173934057355e-05 2.233799023088067770e-05 5.570099892793223262e-05 9.472620149608701468e-06 1.244622049853205681e-03
1.450000000000000000e+04 6.184603989822790027e-05 1.534689508844166994e-04 3.689937148010358214e-05 8.158999662555288523e-06 1.734739984385669231e-03 2.166701415262650698e-05 3.460420703049749136e-05 4.668708425015211105e-05 2.423461410216987133e-05 1.150316325947642326e-03
1.500000000000000000e+04 5.949215483269654214e-05 1.469228154746815562e-04 3.804482184932567179e-05 6.546714303112821653e-06 1.689771190285682678e-03 2.002344444917980582e-05 3.441940134507603943e-05 5.252377013675868511e-05 3.146802555420435965e-05 1.107978401705622673e-03
1.550000000000000000e+04 5.240381869953125715e-05 1.407818490406498313e-04 4.613929195329546928e-05 5.688780220225453377e-06 1.434938749298453331e-03 2.025576759479008615e-05 4.279909990145824850e-05 1.017785907606594265e-04 1.229644203704083338e-05 1.047978410497307777e-03
1.600000000000000000e+04 5.375366527005098760e-05 1.409611868439242244e-04 4.756525959237478673e-05 6.789152848796220496e-06 1.402606721967458725e-03 2.012733420997392386e-05 3.856979310512542725e-05 1.182636187877506018e-04 1.598511153133586049e-05 1.018233364447951317e-03
1.650000000000000000e+04 5.273526767268776894e-05 1.224996231030672789e-04 3.813652438111603260e-05 5.416302883531898260e-06 1.596946967765688896e-03 1.772778887243475765e-05 2.156922346330247819e-05 7.221527630463242531e-05 1.192640775116160512e-05 1.041679643094539642e-03
1.700000000000000000e+04 4.910160714644007385e-05 1.164952263934537768e-04 3.853868474834598601e-05 4.806666311196750030e-06 1.565861748531460762e-03 1.635769331187475473e-05 2.065753687929827720e-05 7.874924631323665380e-05 1.003238139674067497e-05 1.011028070934116840e-03
1.750000000000000000e+04 4.393217750475741923e-05 1.041797804646193981e-04 3.079139059991575778e-05 5.395269454311346635e-06 1.343915704637765884e-03 1.454328685213113204e-05 2.036266960203647614e-05 6.282181129790842533e-05 1.500668258813675493e-05 9.825761662796139717e-04
1.800000000000000000e+04 4.048623304697684944e-05 9.875392424874007702e-05 2.429137566650751978e-05 6.408568879123777151e-06 1.298098242841660976e-03 1.312355652771657333e-05 2.043199674517381936e-05 4.906105095869861543e-05 1.823012098611798137e-05 9.370091720484197140e-04
1.850000000000000000e+04 4.002502100775018334e-05 1.304016186622902751e-04 3.822357030003331602e-05 7.952390660648234189e-06 1.522972830571234226e-03 1.260976841876981780e-05 2.185076300520449877e-05 4.237027314957231283e-05 1.909846469061449170e-05 8.970077615231275558e-04
1.900000000000000000e+04 4.035629171994514763e-05 1.276014663744717836e-04 2.722288627410307527e-05 8.018689186428673565e-06 1.487831701524555683e-03 1.216332202602643520e-05 2.242401569674257189e-05 3.037464193766936660e-05 1.798870653146877885e-05 8.632151293568313122e-04
1.950000000000000000e+04 3.770404873648658395e-05 8.355725731234997511e-05 1.952117781911510974e-05 6.777184808015590534e-06 1.126317307353019714e-03 1.246375632035778835e-05 1.646587770665064454e-05 3.582077624741941690e-05 1.337431422143708915e-05 8.498476818203926086e-04
2.000000000000000000e+04 3.592202483559958637e-05 7.945467223180457950e-05 2.271465382364112884e-05 7.384791842923732474e-06 1.097155618481338024e-03 1.188829264719970524e-05 1.553813490318134427e-05 4.258384069544263184e-05 1.329973201791290194e-05 8.211544482037425041e-04
2.050000000000000000e+04 3.790769915212877095e-05 9.524339111521840096e-05 1.486589553678641096e-05 7.288051619980251417e-06 1.400883425958454609e-03 1.212076767842518166e-05 2.288044743181671947e-05 2.556452818680554628e-05 1.724043249851092696e-05 7.915531750768423080e-04
2.100000000000000000e+04 3.830167770502157509e-05 9.276938362745568156e-05 1.338062247668858618e-05 8.370471732632722706e-06 1.367661636322736740e-03 1.220109425048576668e-05 2.324371052964124829e-05 2.555531864345539361e-05 1.775510463630780578e-05 7.627700688317418098e-04
2.150000000000000000e+04 3.327124431962147355e-05 9.549511742079630494e-05 2.516444146749563515e-05 8.473048183077480644e-06 1.149028539657592773e-03 1.264389538846444339e-05 2.562373447290156037e-05 5.808388959849253297e-05 1.863271063484717160e-05 7.313665701076388359e-04
2.200000000000000000e+04 3.325313082314096391e-05 9.420764399692416191e-05 2.353910349484067410e-05 8.087828064162749797e-06 1.132945995777845383e-03 1.273200086870929226e-05 2.503457108105067164e-05 5.030298052588477731e-05 1.727444214338902384e-05 7.147290161810815334e-04
2.250000000000000000e+04 3.837787517113611102e-05 6.816308450652286410e-05 2.239203058707062155e-05 9.895061339193489403e-06 9.558568126522004604e-04 9.889679859043098986e-06 1.641505696170497686e-05 5.341846554074436426e-05 1.435561171092558652e-05 7.231457857415080070e-04
2.300000000000000000e+04 3.805271990131586790e-05 6.617468170588836074e-05 2.013655102928169072e-05 8.988707122625783086e-06 9.408660698682069778e-04 1.002795306703774258e-05 1.561457065690774471e-05 6.342872075038030744e-05 1.394617629557615146e-05 7.088124984875321388e-04
2.350000000000000000e+04 4.116282798349857330e-05 1.064940952346660197e-04 2.447105543978977948e-05 8.430466550635173917e-06 1.130224904045462608e-03 1.238966160599375144e-05 1.511957725597312674e-05 4.336532583693042397e-05 9.276879609387833625e-06 6.587509415112435818e-04
2.400000000000000000e+04 4.069353599334135652e-05 1.042095755110494792e-04 2.686588777578435838e-05 8.142664228216744959e-06 1.115096150897443295e-03 1.270540906261885539e-05 1.594958666828460991e-05 4.892329161521047354e-05 8.843317118589766324e-06 6.441770819947123528e-04
2.450000000000000000e+04 4.415902367327362299e-05 1.074994142982177436e-04 1.267934294446604326e-05 1.074796182365389541e-05 1.085276249796152115e-03 1.194738160847919062e-05 1.879442788776941597e-05 2.189849146816413850e-05 2.713933099585119635e-05 6.191977299749851227e-04
2.500000000000000000e+04 4.399928366183303297e-05 1.024221855914220214e-04 1.243053520738612860e-05 1.039684684656094760e-05 1.061124959960579872e-03 1.240342317032627761e-05 1.696919025562237948e-05 2.627123649290297180e-05 2.576562292233575135e-05 6.003648741170763969e-04
2.550000000000000000e+04 4.121726306038908660e-05 6.480536831077188253e-05 2.284201764268800616e-05 8.626871021988335997e-06 9.594941511750221252e-04 1.171126859844662249e-05 1.969605727936141193e-05 9.550415597914252430e-06 7.227688001876231283e-06 6.277674110606312752e-04
2.600000000000000000e+04 3.900455340044572949e-05 6.347057205857709050e-05 1.730851909087505192e-05 8.409529073105659336e-06 9.469569195061922073e-04 1.051138224283931777e-05 2.426432183710858226e-05 9.685920304036699235e-06 7.120786904124543071e-06 6.144070066511631012e-04
2.650000000000000000e+04 3.633405867731198668e-05 9.719639638205990195e-05 1.245985731657128781e-05 7.600654043926624581e-06 1.111497287638485432e-03 1.154250185209093615e-05 2.950098860310390592e-05 1.143015379057032987e-05 1.239795528817921877e-05 5.720228655263781548e-04
2.700000000000000000e+04 3.730776370503008366e-05 9.914184192894026637e-05 9.726033567858394235e-06 7.191174063336802647e-06 1.095635700039565563e-03 1.177000922325532883e-05 2.998839045176282525e-05 9.162834430753719062e-06 1.212493407365400344e-05 5.596824339590966702e-04
2.750000000000000000e+04 2.401820347586181015e-05 8.478495874442160130e-05 1.132774741563480347e-05 8.678969606989994645e-06 8.490143809467554092e-04 9.738007975101936609e-06 2.044822758762165904e-05 1.817332849896047264e-05 2.782489718811120838e-05 5.663541378453373909e-04
2.800000000000000000e+04 2.307914292032364756e-05 8.210779924411326647e-05 1.026270638249116018e-05 9.086654245038516819e-06 8.350989082828164101e-04 9.796252925298176706e-06 1.881927164504304528e-05 2.067444984277244657e-05 2.971797766804229468e-05 5.546659813262522221e-04
2.850000000000000000e+04 2.979621422127820551e-05 7.564789120806381106e-05 1.031240662996424362e-05 8.773550689511466771e-06 9.826770983636379242e-04 1.105752198782283813e-05 1.804085877665784210e-05 1.165707658401515801e-06 9.046788363775704056e-06 5.620636511594057083e-04
2.900000000000000000e+04 2.905145083786919713e-05 7.499563071178272367e-05 9.294197298004291952e-06 8.206688107748050243e-06 9.745168499648571014e-04 1.091677313524996862e-05 1.745442023093346506e-05 1.053270239026460331e-06 8.680907740199472755e-06 5.536368116736412048e-04
2.950000000000000000e+04 2.259390021208673716e-05 7.401411858154460788e-05 4.856326995650306344e-06 8.737715688766911626e-06 9.772817138582468033e-04 9.003531886264681816e-06 1.352667823084630072e-05 7.146045845729531720e-06 3.209947681170888245e-05 5.474513745866715908e-04
3.000000000000000000e+04 2.240671346953604370e-05 7.223668944789096713e-05 5.030276497564045712e-06 8.930182048061396927e-06 9.621904464438557625e-04 9.020116522151511163e-06 1.350679849565494806e-05 6.881230092403711751e-06 3.733474659384228289e-05 5.338513874448835850e-04
3.050000000000000000e+04 2.516809581720735878e-05 5.137568950885906816e-05 7.407016255456255749e-06 6.988615950831444934e-06 8.392583695240318775e-04 9.427196346223354340e-06 1.333458112640073523e-05 6.463987574534257874e-06 3.108466262347064912e-05 5.271846312098205090e-04
3.100000000000000000e+04 2.389295150351244956e-05 4.884706504526548088e-05 1.026711197482654825e-05 6.578054126293864101e-06 8.239307790063321590e-04 8.920636901166290045e-06 1.335538581770379096e-05 9.832358045969158411e-06 2.853801379387732595e-05 5.132958758622407913e-04
3.150000000000000000e+04 2.073481664410792291e-05 5.668611265718936920e-05 3.632177822510129772e-06 7.353903583862120286e-06 7.754641701467335224e-04 8.397928468184545636e-06 1.662686372583266348e-05 1.721082662697881460e-05 2.370897891523782164e-05 4.964586696587502956e-04
3.200000000000000000e+04 2.006000067922286689e-05 5.434385457192547619e-05 3.145068603771505877e-06 7.510301202273694798e-06 7.583395345136523247e-04 8.201020136766601354e-06 1.651478487474378198e-05 2.476161898812279105e-05 3.027353523066267371e-05 4.842704220209270716e-04
3.250000000000000000e+04 2.523919101804494858e-05 5.455800055642612278e-05 1.165293178928550333e-05 7.805784662195947021e-06 7.323588361032307148e-04 9.237048288923688233e-06 2.291950659127905965e-05 1.814025563362520188e-05 8.143404556903988123e-06 4.684783925767987967e-04
3.300000000000000000e+04 2.325655077584087849e-05 5.065653022029437125e-05 8.242014700954314321e-06 6.411942194972652942e-06 7.230670307762920856e-04 8.190847438527271152e-06 1.880456147773656994e-05 2.238234628748614341e-05 6.777783255529357120e-06 4.592428158503025770e-04
3.350000000000000000e+04 2.852416764653753489e-05 7.557333447039127350e-05 6.794431556045310572e-06 6.213842425495386124e-06 9.147220989689230919e-04 8.552571671316400170e-06 1.989938755286857486e-05 1.881594471342395991e-05 4.235831966070691124e-06 4.326608323026448488e-04
3.400000000000000000e+04 2.878600753319915384e-05 7.551113958470523357e-05 5.597223662334727123e-06 5.450742264656582847e-06 9.035374387167394161e-04 8.283554961963091046e-06 2.020607644226402044e-05 1.975787745323032141e-05 3.881149950757389888e-06 4.258836561348289251e-04
3.450000000000000000e+04 2.997402953042183071e-05 6.511631363537162542e-05 4.437663847056683153e-06 7.228092272271169350e-06 8.019426022656261921e-04 8.018576409085653722e-06 1.513088409410556778e-05 2.838288673956412822e-05 4.094618361705215648e-06 4.218025424052029848e-04
3.500000000000000000e+04 3.001424192916601896e-05 6.417703843908384442e-05 4.399496901896782219e-06 6.682332696072990075e-06 7.930666906759142876e-04 7.933419510663952678e-06 1.474194232287118211e-05 2.913334719778504223e-05 4.515793534665135667e-06 4.142254765611141920e-04
3.550000000000000000e+04 2.921627674368210137e-05 6.799009133828803897e-05 6.044179826858453453e-06 5.507984042196767405e-06 8.571771322749555111e-04 8.049583811953198165e-06 1.508240984549047425e-05 1.918884663609787822e-05 3.774208835238823667e-06 4.035584279336035252e-04
3.600000000000000000e+04 2.917108577094040811e-05 6.666098488494753838e-05 6.280382422119146213e-06 4.649280981539050117e-06 8.445091079920530319e-04 7.731587174930609763e-06 1.435582908015931025e-05 1.835912735259626061e-05 3.023890030817710795e-06 3.940739261452108622e-04
3.650000000000000000e+04 2.718958421610295773e-05 5.868339940207079053e-05 6.334405952657107264e-06 2.733917426667176187e-06 9.132967097684741020e-04 7.418102541123516858e-06 1.524907565908506513e-05 1.428805535397259519e-05 3.127154514004359953e-06 3.992741694673895836e-04
3.700000000000000000e+04 2.804543692036531866e-05 5.815567419631406665e-05 6.175956968945683911e-06 2.211652599726221524e-06 9.038654970936477184e-04 7.604144684592029080e-06 1.480962237110361457e-05 1.478579360991716385e-05 3.244302888560923748e-06 3.936083230655640364e-04
3.750000000000000000e+04 2.585395304777193815e-05 7.650620682397857308e-05 4.358544174465350807e-06 1.452779201827070210e-06 1.040905830450356007e-03 7.726983312750235200e-06 1.302862619922962040e-05 2.030485484283417463e-05 1.611343395779840648e-05 3.849595668725669384e-04
3.800000000000000000e+04 2.549648706917650998e-05 7.473160076187923551e-05 4.476091362448642030e-06 1.115763211601006333e-06 1.026261481456458569e-03 7.666703822906129062e-06 1.279304524359758943e-05 2.008927731367293745e-05 1.714041172817815095e-05 3.761122061405330896e-04
3.850000000000000000e+04 2.238359411421697587e-05 4.877694664173759520e-05 7.659336915821768343e-06 2.091382839353173040e-06 8.118022233247756958e-04 7.526619356212904677e-06 1.257212443306343630e-05 3.395394742256030440e-05 7.954434295243117958e-06 3.859787248075008392e-04
3.900000000000000000e+04 2.122135447280015796e-05 4.778692891704849899e-05 6.851917532912921160e-06 1.867320634119096212e-06 8.061624830588698387e-04 7.031203949736664072e-06 1.191987576021347195e-05 3.741795808309689164e-05 6.016759925842052326e-06 3.804466396104544401e-04
3.950000000000000000e+04 1.880352647276595235e-05 4.637078382074832916e-05 1.251387038792017847e-05 2.832175368894240819e-06 6.660148501396179199e-04 6.583300091733690351e-06 1.043814063450554386e-05 1.594575405761133879e-05 1.947041710081975907e-06 3.694417828228324652e-04
4.000000000000000000e+04 1.819268436520360410e-05 4.658341640606522560e-05 1.058631096384488046e-05 2.215542735939379781e-06 6.610668497160077095e-04 6.186769951455062255e-06 1.157548558694543317e-05 1.597287700860761106e-05 1.820032139221439138e-06 3.638335911091417074e-04
4.050000000000000000e+04 2.292707722517661750e-05 5.998825508868321776e-05 8.565035386709496379e-06 5.237807272351346910e-06 8.311944548040628433e-04 5.650655111821833998e-06 1.255918596143601462e-05 2.550906174292322248e-05 3.704036316776182503e-06 3.528057713992893696e-04
4.100000000000000000e+04 2.282767127326223999e-05 5.793842501589097083e-05 7.781843123666476458e-06 4.658159014070406556e-06 8.212995599023997784e-04 5.536444859899347648e-06 1.180343133455608040e-05 3.103511699009686708e-05 2.772869947875733487e-06 3.459043509792536497e-04
4.150000000000000000e+04 1.882994729385245591e-05 4.328571230871602893e-05 8.353839803021401167e-06 1.339089408247673418e-06 5.468336166813969612e-04 5.090042122901650146e-06 9.774781574378721416e-06 3.294695488875731826e-05 1.454992911931185517e-06 3.378684050403535366e-04
4.200000000000000000e+04 1.818655255192425102e-05 4.250966230756603181e-05 7.029990683804498985e-06 1.186279973808268551e-06 5.399666260927915573e-04 4.687472937803249806e-06 9.720857633510604501e-06 4.325287591200321913e-05 1.748063596096471883e-06 3.305852587800472975e-04
4.250000000000000000e+04 1.747083297232165933e-05 4.884703230345621705e-05 7.716158506809733808e-06 1.255107349606987555e-06 7.312863599509000778e-04 4.960834303346928209e-06 1.985211565624922514e-05 2.139034040737897158e-05 3.170357103954302147e-06 3.304672718513756990e-04
4.300000000000000000e+04 1.736467129376251251e-05 4.791540413862094283e-05 7.416180778818670660e-06 1.109674258259474300e-06 7.229665061458945274e-04 5.140026587469037622e-06 2.069629954348783940e-05 2.124684397131204605e-05 4.237267603457439691e-06 3.238252247683703899e-04
4.350000000000000000e+04 1.348931255051866174e-05 4.842661655857227743e-05 1.351105856883805245e-05 3.105059704466839321e-06 7.299460121430456638e-04 4.683618954004487023e-06 1.145903115684632212e-05 1.153477387560997158e-05 1.649375121814955492e-06 3.240001969970762730e-04
4.400000000000000000e+04 1.277038427360821515e-05 4.617904778569936752e-05 1.231616897712228820e-05 2.271525545438635163e-06 7.168427109718322754e-04 4.385788088256958872e-06 1.105913725041318685e-05 1.540318771731108427e-05 1.269030349249078427e-06 3.158257459290325642e-04
4.450000000000000000e+04 1.887280086521059275e-05 5.793325544800609350e-05 1.092487855203216895e-05 3.045563971681986004e-06 8.055691723711788654e-04 4.319765594118507579e-06 9.105725439439993352e-06 3.466650014161132276e-05 2.106145302605000325e-06 2.972095680888742208e-04
4.500000000000000000e+04 1.935411819431465119e-05 5.839221194037236273e-05 9.870037501968909055e-06 2.788287247312837280e-06 7.984190015122294426e-04 4.296970928407972679e-06 9.338238669442944229e-06 3.853335874737240374e-05 2.584066123745287769e-06 2.922613348346203566e-04
4.550000000000000000e+04 2.031011354119982570e-05 6.654408207396045327e-05 7.125294814613880590e-06 1.132497686739952769e-06 1.020305906422436237e-03 4.442183126229792833e-06 9.782796951185446233e-06 4.069287388119846582e-05 4.668122528528328985e-06 2.916461380664259195e-04
4.600000000000000000e+04 2.048242458840832114e-05 6.445863255066797137e-05 6.544802999997045845e-06 9.525218160888471175e-07 1.006882870569825172e-03 4.390613867144566029e-06 9.173471880785655230e-06 4.614483987097628415e-05 8.434296432824339718e-06 2.850011806003749371e-04
4.650000000000000000e+04 1.156262715085176751e-05 2.574158315837848932e-05 9.508351467957254499e-06 8.229895911426865496e-07 4.747125494759529829e-04 3.317853270345949568e-06 5.582739504461642355e-06 1.644173244130797684e-05 1.140811150435183663e-06 2.970825589727610350e-04
4.700000000000000000e+04 1.052779407473281026e-05 2.442841105221305043e-05 9.059554940904490650e-06 7.610980219396878965e-07 4.708241031039506197e-04 3.052526608371408656e-06 5.323895038600312546e-06 1.804487692425027490e-05 1.208459821100404952e-06 2.928514149971306324e-04
4.750000000000000000e+04 1.602615338924806565e-05 4.576652645482681692e-05 1.055741904565365985e-05 6.908157388352265116e-07 6.644347449764609337e-04 3.481894054857548326e-06 9.006921573018189520e-06 2.243866765638813376e-05 4.775830348080489784e-06 2.673298586159944534e-04
4.800000000000000000e+04 1.746177986206021160e-05 4.506508048507384956e-05 1.018468447000486776e-05 6.291227805377275217e-07 6.482208264060318470e-04 3.465082727416302077e-06 8.706186235940549523e-06 2.707326530071441084e-05 1.066127697413321584e-05 2.614822587929666042e-04
4.850000000000000000e+04 1.309315393882570788e-05 4.156921932008117437e-05 1.205069293064298108e-05 1.144306338574097026e-06 6.330085452646017075e-04 3.493662461551139131e-06 1.689364398771431297e-05 3.346659286762587726e-05 1.425432515134161804e-06 2.519091940484941006e-04
4.900000000000000000e+04 1.336225705017568544e-05 4.128990622120909393e-05 1.145364876720122993e-05 9.933413593898876570e-07 6.221170187927782536e-04 3.616964932007249445e-06 1.681704998190980405e-05 4.531128433882258832e-05 1.119716330322262365e-06 2.446151338517665863e-04
4.950000000000000000e+04 2.475438122928608209e-05 2.976334144477732480e-05 1.035040168062550947e-05 4.185790203337091953e-06 5.122590810060501099e-04 4.357015768619021401e-06 1.040026381815550849e-05 4.740579606732353568e-05 2.786288177958340384e-06 2.381008962402120233e-04
5.000000000000000000e+04 2.488776772224809974e-05 2.952176691906061023e-05 8.802283446129877120e-06 4.015475951746338978e-06 5.073825013823807240e-04 4.493175310926744714e-06 1.000138581730425358e-05 4.771597741637378931e-05 2.564996066212188452e-06 2.342103107366710901e-04
5.050000000000000000e+04 2.584021603979635984e-05 5.315409725881181657e-05 9.382340067531913519e-06 3.075700988119933754e-06 8.121799328364431858e-04 3.797892532020341605e-06 4.974869625584688038e-06 2.080365084111690521e-05 1.650119884288869798e-06 2.342232182854786515e-04
5.100000000000000000e+04 2.538217631808947772e-05 5.250114190857857466e-05 9.000877980724908412e-06 2.740015588642563671e-06 8.055600919760763645e-04 3.528300567268161103e-06 5.108283403387758881e-06 2.277932617289479822e-05 1.766066930031229276e-06 2.305917296325787902e-04
5.150000000000000000e+04 1.679226443229708821e-05 3.619112248998135328e-05 1.431514192518079653e-05 2.249044882773887366e-06 5.890909233130514622e-04 3.035291911146487109e-06 7.249685040733311325e-06 3.329143873997963965e-05 3.898755949194310233e-06 2.310372801730409265e-04
5.200000000000000000e+04 1.672510916250757873e-05 3.514471973176114261e-05 1.285229518543928862e-05 2.069122047032578848e-06 5.839362856931984425e-04 2.938582156275515445e-06 7.412671493511879817e-06 3.379244662937708199e-05 2.163246108466410078e-06 2.276667946716770530e-04
5.250000000000000000e+04 1.444985900889150798e-05 3.130826735286973417e-05 8.408608664467465132e-06 2.326414687559008598e-06 5.661600735038518906e-04 3.119232815151917748e-06 6.335666967061115429e-06 4.564148548524826765e-05 1.048265039571560919e-05 2.228411904070526361e-04
5.300000000000000000e+04 1.392565627611475065e-05 3.083389674429781735e-05 7.771004675305448472e-06 2.421784074613242410e-06 5.600113072432577610e-04 3.145854861941188574e-06 6.226755886018509045e-06 4.481252835830673575e-05 1.027938014885876328e-05 2.179143048124387860e-04
5.350000000000000000e+04 1.446860551368445158e-05 3.029948675248306245e-05 1.136814989877166227e-05 1.422402988282556180e-06 5.286498344503343105e-04 3.649177415354643017e-06 7.768015166220720857e-06 7.225724402815103531e-05 3.081629984080791473e-06 2.165267069358378649e-04
5.400000000000000000e+04 1.452815649827243760e-05 3.068862133659422398e-05 9.456459338252898306e-06 1.376905856886878610e-06 5.235534044913947582e-04 3.539452109180274419e-06 8.752225767238996923e-06 6.943022162886336446e-05 2.510273816369590349e-06 2.127157495124265552e-04
5.450000000000000000e+04 2.016169310081750154e-05 2.415173003100790083e-05 6.734135240549221635e-06 3.534988309183972888e-06 5.670395912602543831e-04 3.946961896872380748e-06 8.227146281569730490e-06 2.772682273644022644e-05 1.302980126638431102e-05 2.102214348269626498e-04
5.500000000000000000e+04 1.921964576467871666e-05 2.328964546904899180e-05 9.047737876244354993e-06 2.996305511260288768e-06 5.634808912873268127e-04 3.813648163486504927e-06 7.354135050263721496e-06 3.469557850621640682e-05 1.420259195583639666e-05 2.061698760371655226e-04
5.550000000000000000e+04 1.958797838597092777e-05 2.871446667995769531e-05 4.928216185362543911e-06 1.221090315084438771e-06 4.779956943821161985e-04 3.077995415878831409e-06 6.725033927068579942e-06 3.628331978688947856e-05 1.865792341959604528e-06 1.948145800270140171e-04
5.600000000000000000e+04 2.002271321543958038e-05 2.882717672036960721e-05 4.245876880304422230e-06 1.251436174243281130e-06 4.724013269878923893e-04 2.926921297330409288e-06 6.269195637287339196e-06 3.626808393164537847e-05 1.834029148994886782e-06 1.909704587887972593e-04
5.650000000000000000e+04 1.173603686766000465e-05 1.927424818859435618e-05 4.908511527901282534e-06 1.574336579324153718e-06 3.315048816148191690e-04 2.778351017695968039e-06 8.171797162503935397e-06 2.200528979301452637e-05 1.388519308420654852e-06 1.965519331861287355e-04
5.700000000000000000e+04 1.121117929869797081e-05 1.874699592008255422e-05 4.398020791995804757e-06 1.314646738137525972e-06 3.291388857178390026e-04 2.651448312462889589e-06 8.766516657487954944e-06 1.471645191486459225e-05 1.164862169389380142e-06 1.938970526680350304e-04
5.750000000000000000e+04 1.044025611918186769e-05 2.188048711104784161e-05 3.616377171056228690e-06 2.040885419773985632e-06 4.084503743797540665e-04 2.535691237426362932e-06 8.891129255061969161e-06 1.522325692349113524e-05 2.155394213332328945e-06 1.985406270250678062e-04
5.800000000000000000e+04 1.008505932986736298e-05 2.054708602372556925e-05 3.440135742494021542e-06 1.775459054442762863e-06 4.041084903292357922e-04 2.561276687629288062e-06 8.273426828964147717e-06 1.607993544894270599e-05 2.034291583186131902e-06 1.954694307642057538e-04
5.850000000000000000e+04 1.041822088154731318e-05 3.013616151292808354e-05 3.522864290061988868e-06 1.421812726221105549e-06 5.199551815167069435e-04 2.507800900275469758e-06 8.468984560749959201e-06 3.398235276108607650e-05 2.437486955386702903e-06 1.829238171922042966e-04
5.900000000000000000e+04 1.041342784446896985e-05 2.983792910526972264e-05 3.291406528660445474e-06 1.409952119502122514e-06 5.146497860550880432e-04 2.452408352837665007e-06 8.364145287487190217e-06 3.380951238796114922e-05 3.248596385674318299e-06 1.794435229385271668e-04
5.950000000000000000e+04 1.049876664183102548e-05 2.287230563524644822e-05 5.913648237765301019e-06 4.824631105293519795e-06 4.353818949311971664e-04 2.562677309470018372e-06 7.380697297776350752e-06 1.935696673172060400e-05 7.519149676227243617e-06 1.813067938201129436e-04
6.000000000000000000e+04 1.027682537824148312e-05 2.231155303888954222e-05 5.558140401262789965e-06 4.356307272246340290e-06 4.316815757192671299e-04 2.514321067792479880e-06 7.513285254390211776e-06 1.471840550948400050e-05 1.009751031233463436e-05 1.783304905984550714e-04
6.050000000000000000e+04 1.178028924186946824e-05 2.471265725034754723e-05 7.358707989624235779e-06 2.329839617232210003e-06 5.211309762671589851e-04 2.485147888364735991e-06 7.879760232754051685e-06 1.291959142690757290e-05 3.216262712157913484e-06 1.722765446174889803e-04
6.100000000000000000e+04 1.192790114146191627e-05 2.456941547279711813e-05 7.134991392376832664e-06 2.268805474159307778e-06 5.140766734257340431e-04 2.442146751491236500e-06 7.960795301187317818e-06 1.422793684469070286e-05 3.499639205983839929e-06 1.681951107457280159e-04
6.150000000000000000e+04 1.163265278592007235e-05 2.948554902104660869e-05 6.093789579608710483e-06 3.705735707626445219e-06 4.948315909132361412e-04 2.467688318574801087e-06 5.700588644685922191e-06 1.008734307106351480e-05 2.912240915975417010e-06 1.628510508453473449e-04
6.200000000000000000e+04 1.147631519415881485e-05 2.900714389397762716e-05 5.417527063400484622e-06 3.610882231441792101e-06 4.904261440970003605e-04 2.417141558908042498e-06 5.450796379591338336e-06 1.072104350896552205e-05 3.032390623047831468e-06 1.602264528628438711e-04
6.250000000000000000e+04 1.239343237102730200e-05 2.750020394159946591e-05 5.599817995971534401e-06 2.217566361650824547e-06 4.260886635165661573e-04 2.562010649853618816e-06 2.611642776173539460e-05 1.756604979163967073e-05 1.411883658875012770e-06 1.593024790054187179e-04
6.300000000000000000e+04 1.290287946176249534e-05 2.774429958662949502e-05 5.534168849408160895e-06 2.083613253489602357e-06 4.199771210551261902e-04 2.659414121808367781e-06 2.547037911426741630e-05 2.217724068032111973e-05 1.421450519956124481e-06 1.565563579788431525e-04
6.350000000000000000e+04 1.003588022285839543e-05 1.940243055287282914e-05 1.261749457626137882e-05 2.069672746074502356e-06 3.078883746638894081e-04 2.157963308491162024e-06 9.291376954934094101e-06 1.166983201983384788e-05 5.351643721951404586e-06 1.569671148899942636e-04
6.400000000000000000e+04 9.629251508158631623e-06 1.832894122344441712e-05 1.135419915954116732e-05 1.878103034869127441e-06 3.071793762501329184e-04 2.079968226098571904e-06 9.249721188098192215e-06 1.140485710493521765e-05 6.308959655143553391e-06 1.560697564855217934e-04
6.450000000000000000e+04 1.107475873141083866e-05 2.967632644867990166e-05 8.070485819189343601e-06 1.334576154476962984e-06 5.401843227446079254e-04 2.535139401516062208e-06 1.178670936496928334e-05 2.076125747407786548e-05 2.352743649680633098e-06 1.522790407761931419e-04
6.500000000000000000e+04 1.147376315202564001e-05 3.024706165888346732e-05 8.699299542058724910e-06 1.299366999774065334e-06 5.320751806721091270e-04 2.532601229177089408e-06 1.361794147669570521e-05 2.219652014900930226e-05 2.033955979641177692e-06 1.499273494118824601e-04
6.550000000000000000e+04 1.233079274243209511e-05 2.356404002057388425e-05 9.155231964541599154e-06 1.916342853292007931e-06 4.405210493132472038e-04 2.359093514314736240e-06 1.345988221146399155e-05 3.582693898351863027e-05 3.954159183194860816e-06 1.480070641264319420e-04
6.600000000000000000e+04 1.215074917126912624e-05 2.269258584419731051e-05 8.633286597614642233e-06 1.994914782699197531e-06 4.380458267405629158e-04 2.349167971260612831e-06 1.276033890462713316e-05 3.941490285797044635e-05 4.477728907659184188e-06 1.452927535865455866e-04
6.650000000000000000e+04 1.047520163410808891e-05 2.180560659326147288e-05 1.458167116652475670e-05 2.241391257484792732e-06 3.921808965969830751e-04 2.541346702855662443e-06 9.940728887158911675e-06 3.916017521987669170e-05 6.173544988996582106e-06 1.461932261008769274e-04
6.700000000000000000e+04 1.040435472532408312e-05 2.159400173695757985e-05 1.070017424353864044e-05 1.662619183662172873e-06 3.876033879350870848e-04 2.530963911340222694e-06 1.089225406758487225e-05 4.804732088814489543e-05 6.053865490684984252e-06 1.438655308447778225e-04
6.750000000000000000e+04 1.816986332414671779e-05 3.121308327536098659e-05 5.257964858174091205e-06 3.250761892559239641e-06 6.764492136426270008e-04 2.197713683926849626e-06 8.285503099614288658e-06 5.206900095799937844e-05 4.837031610804842785e-06 1.429587282473221421e-04
6.800000000000000000e+04 1.836397314036730677e-05 3.109921817667782307e-05 4.026479928143089637e-06 3.219514383090427145e-06 6.716696661897003651e-04 2.220027226940146647e-06 8.468608939438126981e-06 7.282817387022078037e-05 6.066200057830428705e-06 1.419603504473343492e-04
6.850000000000000000e+04 1.771937058947514743e-05 4.223882933729328215e-05 1.159665043815039098e-05 2.336963689231197350e-06 6.009156350046396255e-04 2.879450221371371299e-06 1.224705283675575629e-05 3.518003723002038896e-05 2.248245891678379849e-06 1.294066460104659200e-04
6.900000000000000000e+04 1.934045576490461826e-05 4.345700654084794223e-05 1.100487679650541395e-05 2.329232074771425687e-06 5.925791338086128235e-04 2.831343181242118590e-06 1.201331269840011373e-05 4.121525125810876489e-05 2.408315367574687116e-06 1.269815547857433558e-04
6.950000000000000000e+04 1.599863753654062748e-05 3.661088339868001640e-05 4.047170023113721982e-06 1.781727974048408214e-06 6.414233939722180367e-04 2.357255652896128595e-06 1.257199892279459164e-05 4.575982893584296107e-05 4.426563009474193677e-06 1.303828321397304535e-04
7.000000000000000000e+04 1.578407682245597243e-05 3.553344140527769923e-05 3.815392119577154517e-06 1.637090235817595385e-06 6.379942642524838448e-04 2.294630348842474632e-06 1.137790968641638756e-05 6.561326154042035341e-05 3.529129116941476241e-06 1.281514560105279088e-04
7.050000000000000000e+04 2.251212936243973672e-05 3.393914812477305532e-05 1.162147509603528306e-05 4.492710559134138748e-06 6.176508031785488129e-04 2.079607838822994381e-06 1.071777751349145547e-05 1.831119880080223083e-05 7.342771823459770530e-06 1.278278068639338017e-04
7.100000000000000000e+04 2.314307857886888087e-05 3.327346348669379950e-05 1.136772061727242544e-05 4.214832188154105097e-06 6.092211697250604630e-04 2.087158918584464118e-06 1.067322227754630148e-05 3.250045847380533814e-05 8.751592758926562965e-06 1.259636774193495512e-04
7.150000000000000000e+04 1.174809949588961899e-05 2.505236079741735011e-05 8.008045369933824986e-06 2.212376784882508218e-06 3.890903026331216097e-04 2.266536512252059765e-06 9.170422345050610602e-06 2.192265674239024520e-04 4.524296855379361659e-06 1.221412239829078317e-04
7.200000000000000000e+04 1.165747471532085910e-05 2.481644696672447026e-05 6.351121555780991912e-06 1.967252501344773918e-06 3.874668036587536335e-04 2.420741338937659748e-06 9.100178431253880262e-06 2.304945955984294415e-04 4.006654762633843347e-06 1.206873712362721562e-04
7.250000000000000000e+04 1.771055212884675711e-05 2.387309359619393945e-05 1.072965824278071523e-05 1.732565237944072578e-06 3.175576857756823301e-04 2.217577957708272152e-06 1.277660430787364021e-05 5.860207602381706238e-05 3.108643113591824658e-06 1.223318686243146658e-04
7.300000000000000000e+04 1.783827610779553652e-05 2.325393143109977245e-05 9.609591870685108006e-06 1.576956606186286081e-06 3.149925323668867350e-04 2.233131908724317327e-06 1.267543848371133208e-05 4.851369885727763176e-05 2.716290737225790508e-06 1.223063009092584252e-04
7.350000000000000000e+04 1.597113987372722477e-05 3.134992584818974137e-05 1.198109293909510598e-05 2.006450358749134466e-06 5.195616977289319038e-04 2.858179641407332383e-06 1.188235637528123334e-05 5.304401929606683552e-05 5.709871857106918469e-06 1.235306408489122987e-04
7.400000000000000000e+04 1.606648584129288793e-05 3.122699854429811239e-05 1.112783411372220144e-05 1.838635057538340334e-06 5.163263413123786449e-04 2.800346464937319979e-06 1.277023511647712439e-05 5.943924043094739318e-05 5.380405582400271669e-06 1.226266613230109215e-04
