# step, loss_train, loss_test, metrics_test
0.000000000000000000e+00 2.226562937721610069e-04 7.486604154109954834e-02 1.916011609137058258e-02 1.329151168465614319e-02 4.845831170678138733e-02 2.204796910518780351e-04 8.426341414451599121e-02 1.970194838941097260e-02 1.404061540961265564e-02 4.826606065034866333e-02
5.000000000000000000e+02 7.866997718811035156e-01 1.520623266696929932e-01 6.432066559791564941e-01 7.273599505424499512e-02 9.711516648530960083e-02 7.681848406791687012e-01 4.204202592372894287e-01 2.334554120898246765e-02 6.371860508807003498e-04 1.002749279141426086e-01
1.000000000000000000e+03 7.592148780822753906e-01 1.456957012414932251e-01 6.189598441123962402e-01 7.024579495191574097e-02 9.360925108194351196e-02 7.413362264633178711e-01 3.989992737770080566e-01 2.115435712039470673e-02 7.803146145306527615e-04 9.680172055959701538e-02
1.500000000000000000e+03 7.276278138160705566e-01 1.583824008703231812e-01 7.538459897041320801e-01 7.785715162754058838e-02 8.641333878040313721e-02 7.106854915618896484e-01 3.885483741760253906e-01 1.694383844733238220e-02 1.143979839980602264e-03 8.897899836301803589e-02
2.000000000000000000e+03 6.855654120445251465e-01 1.529788523912429810e-01 6.784979104995727539e-01 7.073214650154113770e-02 7.727365195751190186e-02 6.691909432411193848e-01 3.677442669868469238e-01 1.237489841878414154e-02 1.678507658652961254e-03 7.981926202774047852e-02
2.500000000000000000e+03 6.183366775512695312e-01 1.681924611330032349e-01 4.985098242759704590e-01 3.736660629510879517e-02 6.832075119018554688e-02 6.122365593910217285e-01 3.049847781658172607e-01 9.246345609426498413e-03 2.121772384271025658e-03 7.155902683734893799e-02
3.000000000000000000e+03 5.588690638542175293e-01 1.533245146274566650e-01 4.337020814418792725e-01 3.281636536121368408e-02 5.847321823239326477e-02 5.520461201667785645e-01 2.611629366874694824e-01 5.861000157892704010e-03 2.731262007728219032e-03 6.141984462738037109e-02
3.500000000000000000e+03 5.074032545089721680e-01 1.438845843076705933e-01 3.899637460708618164e-01 2.715659886598587036e-02 4.859958216547966003e-02 4.836575388908386230e-01 2.412396073341369629e-01 2.607757225632667542e-03 3.536460688337683678e-03 5.007430538535118103e-02
4.000000000000000000e+03 4.304751157760620117e-01 1.311139017343521118e-01 3.012072443962097168e-01 2.158549800515174866e-02 3.806791827082633972e-02 4.069434404373168945e-01 2.058485597372055054e-01 7.710580830462276936e-04 4.094185773283243179e-03 3.964202478528022766e-02
4.500000000000000000e+03 3.485500812530517578e-01 8.332174271345138550e-02 2.185167372226715088e-01 1.833590865135192871e-02 2.841525152325630188e-02 3.308381140232086182e-01 1.878886669874191284e-01 4.477816764847375453e-05 4.575696773827075958e-03 3.156460076570510864e-02
5.000000000000000000e+03 2.765886485576629639e-01 7.671618461608886719e-02 1.450313180685043335e-01 1.423955243080854416e-02 2.123226597905158997e-02 2.577831745147705078e-01 1.509782373905181885e-01 3.327954036649316549e-04 4.505491815507411957e-03 2.420520037412643433e-02
5.500000000000000000e+03 2.189426124095916748e-01 8.058397471904754639e-02 7.862415909767150879e-02 1.050865184515714645e-02 1.537539996206760406e-02 1.998461633920669556e-01 1.137675121426582336e-01 8.826401899568736553e-04 4.171017091721296310e-03 1.775493659079074860e-02
6.000000000000000000e+03 1.750819236040115356e-01 7.783427089452743530e-02 4.720245301723480225e-02 7.402346469461917877e-03 1.205928064882755280e-02 1.553413271903991699e-01 9.531607478857040405e-02 1.581282005645334721e-03 3.886420978233218193e-03 1.435609068721532822e-02
6.500000000000000000e+03 1.434482485055923462e-01 7.373327761888504028e-02 3.012924268841743469e-02 6.877063773572444916e-03 9.851618669927120209e-03 1.211351677775382996e-01 8.530939370393753052e-02 1.978939166292548180e-03 3.414250910282135010e-03 1.232069544494152069e-02
7.000000000000000000e+03 1.162180230021476746e-01 7.232324779033660889e-02 1.888732798397541046e-02 5.001922138035297394e-03 8.446381427347660065e-03 9.427286684513092041e-02 7.815690338611602783e-02 2.055127872154116631e-03 2.821310888975858688e-03 1.086860150098800659e-02
7.500000000000000000e+03 9.427014738321304321e-02 8.999954164028167725e-02 2.022098749876022339e-02 3.489997005090117455e-03 7.433284074068069458e-03 7.313863933086395264e-02 7.175853103399276733e-02 2.411711029708385468e-03 2.396551892161369324e-03 9.514715522527694702e-03
8.000000000000000000e+03 7.465960830450057983e-02 8.759547770023345947e-02 1.377889234572649002e-02 2.484039403498172760e-03 7.100352551788091660e-03 5.530457198619842529e-02 6.938190013170242310e-02 2.045959234237670898e-03 1.722704269923269749e-03 9.036599658429622650e-03
8.500000000000000000e+03 5.505860596895217896e-02 7.198600471019744873e-02 7.193922530859708786e-03 2.069582697004079819e-03 7.093647494912147522e-03 4.040848091244697571e-02 6.953517347574234009e-02 1.198358950205147266e-03 9.988709352910518646e-04 9.056046605110168457e-03
9.000000000000000000e+03 4.160429909825325012e-02 6.949500739574432373e-02 5.640707910060882568e-03 1.428659888915717602e-03 6.813100073486566544e-03 2.903935499489307404e-02 6.913087517023086548e-02 5.336152389645576477e-04 4.656396631617099047e-04 8.606584742665290833e-03
9.500000000000000000e+03 3.038703463971614838e-02 6.074806302785873413e-02 4.522381816059350967e-03 7.708384073339402676e-04 5.998571868985891342e-03 2.117755822837352753e-02 6.824797391891479492e-02 1.283396122744306922e-04 1.393290731357410550e-04 7.679624482989311218e-03
1.000000000000000000e+04 2.321557141840457916e-02 5.966085568070411682e-02 3.620575880631804466e-03 5.406060372479259968e-04 5.330977030098438263e-03 1.548478472977876663e-02 6.841984391212463379e-02 4.819817331735976040e-05 3.095970532740466297e-05 6.868354510515928268e-03
1.050000000000000000e+04 1.807454228401184082e-02 6.041659787297248840e-02 2.518649911507964134e-03 6.485562771558761597e-04 4.953376948833465576e-03 1.092435605823993683e-02 6.909723579883575439e-02 1.378760935040190816e-04 2.796240005409345031e-05 6.304917391389608383e-03
1.100000000000000000e+04 1.332277152687311172e-02 5.942527204751968384e-02 2.041557803750038147e-03 4.499892238527536392e-04 4.271831829100847244e-03 7.895463146269321442e-03 6.981868296861648560e-02 2.947277971543371677e-04 7.096767512848600745e-05 5.459140520542860031e-03
1.150000000000000000e+04 1.052219513803720474e-02 7.079674303531646729e-02 1.775765907950699329e-03 2.610406954772770405e-04 4.337542224675416946e-03 6.464848760515451431e-03 6.765469163656234741e-02 4.897715989500284195e-04 1.459528139093890786e-04 5.354649852961301804e-03
1.200000000000000000e+04 7.986264303326606750e-03 7.016442716121673584e-02 1.347414334304630756e-03 2.418077201582491398e-04 3.947406541556119919e-03 4.977491684257984161e-03 6.770823150873184204e-02 7.100089569576084614e-04 2.193678956246003509e-04 4.855894949287176132e-03
1.250000000000000000e+04 5.804950371384620667e-03 7.234095036983489990e-02 6.070042727515101433e-04 2.289845579070970416e-04 3.589303931221365929e-03 3.853182075545191765e-03 6.775077432394027710e-02 8.349408162757754326e-04 2.434953494230285287e-04 4.463846329599618912e-03
1.300000000000000000e+04 4.474001005291938782e-03 7.195400446653366089e-02 4.997373907826840878e-04 2.600980515126138926e-04 3.299795091152191162e-03 3.003038000315427780e-03 6.736546009778976440e-02 8.543040603399276733e-04 2.405405975878238678e-04 4.124348983168601990e-03
1.350000000000000000e+04 3.257300937548279762e-03 6.757650524377822876e-02 5.331129650585353374e-04 2.748396946117281914e-04 3.207071451470255852e-03 2.075530821457505226e-03 6.722984462976455688e-02 9.311800822615623474e-04 2.601228479761630297e-04 3.877051640301942825e-03
1.400000000000000000e+04 2.270989352837204933e-03 6.698978692293167114e-02 4.163995035924017429e-04 2.912670315708965063e-04 2.911425195634365082e-03 1.494906027801334858e-03 6.672834604978561401e-02 9.109613019973039627e-04 2.472850319463759661e-04 3.545047715306282043e-03
1.450000000000000000e+04 1.553671667352318764e-03 6.519947201013565063e-02 3.945775679312646389e-04 2.930704795289784670e-04 2.414846094325184822e-03 1.081139896996319294e-03 6.700355559587478638e-02 7.825120119377970695e-04 1.797223230823874474e-04 3.014998277649283409e-03
1.500000000000000000e+04 1.278682379052042961e-03 6.488545238971710205e-02 3.110888646915555000e-04 2.734269364736974239e-04 2.405304228886961937e-03 9.678453789092600346e-04 6.671755015850067139e-02 5.925280274823307991e-04 1.186446534120477736e-04 2.973839873448014259e-03
1.550000000000000000e+04 1.056386041454970837e-03 5.163043737411499023e-02 2.737821196205914021e-04 2.649534144438803196e-04 1.701400964520871639e-03 8.300117333419620991e-04 6.875312328338623047e-02 3.757123195100575686e-04 8.455078932456672192e-05 2.349546644836664200e-03
1.600000000000000000e+04 9.681905503384768963e-04 5.167040973901748657e-02 2.402832469670102000e-04 2.275957958772778511e-04 1.696091028861701488e-03 7.627218146808445454e-04 6.880944967269897461e-02 3.019302093889564276e-04 7.348808139795437455e-05 2.344215987250208855e-03
1.650000000000000000e+04 8.409214206039905548e-04 6.634744256734848022e-02 2.604551555123180151e-04 2.255972358398139477e-04 2.843759022653102875e-03 6.180074415169656277e-04 6.748290359973907471e-02 2.947711909655481577e-04 6.479274452431127429e-05 3.227745182812213898e-03
1.700000000000000000e+04 7.834623684175312519e-04 6.622146070003509521e-02 2.283022331539541483e-04 1.895552704809233546e-04 2.811043523252010345e-03 5.939310067333281040e-04 6.756614148616790771e-02 2.001032262342050672e-04 4.588984302245080471e-05 3.183756256476044655e-03
1.750000000000000000e+04 6.282327231019735336e-04 6.551840901374816895e-02 1.640459231566637754e-04 1.092198945116251707e-04 1.947375363670289516e-03 5.273403367027640343e-04 6.888978183269500732e-02 1.286918268306180835e-04 3.173501318087801337e-05 2.515627536922693253e-03
1.800000000000000000e+04 5.363799282349646091e-04 6.547746807336807251e-02 1.423622015863656998e-04 9.178571781376376748e-05 1.894699060358107090e-03 4.634049546439200640e-04 6.883924454450607300e-02 9.274343028664588928e-05 3.333186396048404276e-05 2.457366324961185455e-03
1.850000000000000000e+04 4.220318805892020464e-04 5.160722509026527405e-02 1.873257861007004976e-04 7.869668479543179274e-05 1.525593455880880356e-03 2.932555507868528366e-04 7.210589945316314697e-02 8.650893141748383641e-05 2.209259764640592039e-05 2.092944923788309097e-03
1.900000000000000000e+04 3.934393171221017838e-04 5.153220519423484802e-02 1.777265279088169336e-04 6.874045357108116150e-05 1.464748871512711048e-03 2.623712061904370785e-04 7.212782651185989380e-02 6.762316479580476880e-05 1.991229873965494335e-05 2.029447350651025772e-03
1.950000000000000000e+04 4.740033182315528393e-04 6.235715374350547791e-02 8.065463771345093846e-05 1.050020364345982671e-04 1.788020716048777103e-03 3.951543476432561874e-04 6.748861074447631836e-02 8.421076927334070206e-05 5.418304135673679411e-05 2.314580837264657021e-03
2.000000000000000000e+04 4.092551243957132101e-04 6.225591525435447693e-02 8.395560871576890349e-05 1.194317737827077508e-04 1.584451063536107540e-03 3.424889291636645794e-04 6.731782108545303345e-02 9.734688501339405775e-05 6.014258542563766241e-05 2.108236309140920639e-03
2.050000000000000000e+04 4.760412848554551601e-04 6.767032295465469360e-02 1.869046391220763326e-04 9.429225610801950097e-05 1.598101574927568436e-03 3.530339163262397051e-04 6.603864580392837524e-02 6.401411519618704915e-05 6.650952855125069618e-05 2.084790961816906929e-03
2.100000000000000000e+04 4.290992510505020618e-04 6.738919764757156372e-02 2.068424801109358668e-04 9.181985660688951612e-05 1.453845296055078506e-03 3.063695912715047598e-04 6.587548553943634033e-02 4.671643182518891990e-05 6.794220826122909784e-05 1.930268481373786926e-03
2.150000000000000000e+04 4.931200528517365456e-04 5.971598997712135315e-02 1.282894372707232833e-04 1.413213467458263040e-04 1.044606557115912437e-03 4.311114898882806301e-04 6.603685766458511353e-02 3.221457518520765007e-05 1.236080279340967536e-04 1.585591817274689674e-03
2.200000000000000000e+04 4.677172400988638401e-04 5.952209234237670898e-02 1.249699707841500640e-04 1.562524848850443959e-04 9.732783655636012554e-04 3.812889044638723135e-04 6.592294573783874512e-02 3.650809958344325423e-05 1.364221679978072643e-04 1.507520093582570553e-03
2.250000000000000000e+04 6.536635919474065304e-04 6.682164967060089111e-02 2.584048488643020391e-04 5.575481336563825607e-04 1.051938743330538273e-03 3.559447941370308399e-04 6.719417124986648560e-02 1.544216502225026488e-04 2.641294267959892750e-04 1.560938777402043343e-03
2.300000000000000000e+04 5.926807643845677376e-04 6.638020277023315430e-02 2.921810955740511417e-04 6.287247524596750736e-04 8.977517136372625828e-04 2.819626824930310249e-04 6.760071218013763428e-02 1.411993871442973614e-04 2.493158390279859304e-04 1.408408279530704021e-03
2.350000000000000000e+04 1.146820723079144955e-03 5.429252982139587402e-02 1.341030438197776675e-04 3.433735982980579138e-04 4.957038909196853638e-04 6.917993305251002312e-04 6.759462505578994751e-02 2.329518320038914680e-04 3.230678848922252655e-04 1.077177468687295914e-03
2.400000000000000000e+04 1.224950305186212063e-03 5.333786830306053162e-02 1.208779867738485336e-04 4.748640931211411953e-04 4.532777820713818073e-04 6.054303958080708981e-04 6.838611513376235962e-02 1.582511031301692128e-04 5.708415410481393337e-04 1.027348218485713005e-03
2.450000000000000000e+04 3.946434298995882273e-04 5.327592417597770691e-02 2.772470470517873764e-04 4.033391014672815800e-04 3.103404596913605928e-04 1.687565236352384090e-04 6.579181551933288574e-02 3.687484058900736272e-05 2.409444132354110479e-04 9.745038114488124847e-04
2.500000000000000000e+04 3.474971454124897718e-04 5.293393135070800781e-02 3.169980773236602545e-04 4.519434878602623940e-04 2.910263428930193186e-04 1.420170301571488380e-04 6.527235358953475952e-02 1.082142553059384227e-04 2.277719904668629169e-04 9.417218388989567757e-04
2.550000000000000000e+04 3.790121700149029493e-04 5.195032805204391479e-02 1.380683039315044880e-03 5.201112362556159496e-04 4.041317442897707224e-04 7.561812526546418667e-05 6.311654299497604370e-02 3.216559125576168299e-04 9.279102960135787725e-05 8.805561810731887817e-04
2.600000000000000000e+04 1.490610931068658829e-02 1.524504394531250000e+02 2.532584220170974731e-02 2.921801526099443436e-03 1.529150390625000000e+02 1.673232950270175934e-02 1.530215606689453125e+02 1.149373315274715424e-02 2.349223359487950802e-04 1.529497222900390625e+02
2.650000000000000000e+04 9.954317472875118256e-03 1.508665466308593750e+02 1.458405144512653351e-02 1.602144213393330574e-03 1.508775482177734375e+02 1.096006855368614197e-02 1.519272003173828125e+02 7.289716973900794983e-03 1.453292643418535590e-04 1.508946380615234375e+02
2.700000000000000000e+04 7.455564569681882858e-03 1.501014862060546875e+02 1.095666829496622086e-02 1.241316320374608040e-03 1.495893402099609375e+02 8.206368423998355865e-03 1.511439514160156250e+02 5.582368467003107071e-03 1.173044365714304149e-04 1.496102600097656250e+02
2.750000000000000000e+04 7.035971153527498245e-03 1.491044158935546875e+02 1.034622918814420700e-02 1.910358550958335400e-03 1.483705139160156250e+02 7.589860819280147552e-03 1.499557189941406250e+02 6.296088919043540955e-03 1.462688669562339783e-04 1.483885650634765625e+02
2.800000000000000000e+04 7.058133836835622787e-03 1.478077850341796875e+02 1.008775457739830017e-02 1.656815176829695702e-03 1.469271087646484375e+02 7.622837554663419724e-03 1.486134490966796875e+02 5.527956876903772354e-03 1.124236805480904877e-04 1.469466094970703125e+02
2.850000000000000000e+04 5.869965534657239914e-03 1.464919281005859375e+02 1.177512947469949722e-02 6.104541826061904430e-04 1.451450805664062500e+02 6.300351582467556000e-03 1.472346343994140625e+02 3.556537907570600510e-03 6.076388308429159224e-05 1.451734161376953125e+02
2.900000000000000000e+04 3.365041455253958702e-03 1.453494720458984375e+02 6.547703873366117477e-03 2.620400628075003624e-04 1.431679687500000000e+02 3.600015537813305855e-03 1.460216827392578125e+02 1.616597990505397320e-03 2.219920133939012885e-05 1.432028198242187500e+02
