# step, loss_train, loss_test, metrics_test
0.000000000000000000e+00 2.416509203612804413e-02 2.643117606639862061e-01 3.903154432773590088e-01 2.741420269012451172e-01 8.008529245853424072e-02 2.444974146783351898e-02 2.045464813709259033e-01 3.514754176139831543e-01 2.743815779685974121e-01 8.325808495283126831e-02
5.000000000000000000e+02 2.085096575319766998e-02 2.123166322708129883e-01 2.795245647430419922e-01 2.018267512321472168e-01 4.864303395152091980e-02 2.108487673103809357e-02 1.693220287561416626e-01 2.515586018562316895e-01 2.009819597005844116e-01 5.150469020009040833e-02
1.000000000000000000e+03 1.753181032836437225e-02 1.718114316463470459e-01 1.939295679330825806e-01 1.443103402853012085e-01 2.825122326612472534e-02 1.771913096308708191e-02 1.423711776733398438e-01 1.744817346334457397e-01 1.427940130233764648e-01 3.076124005019664764e-02
1.500000000000000000e+03 1.382062118500471115e-02 1.620631963014602661e-01 1.309631764888763428e-01 9.881165623664855957e-02 1.611708477139472961e-02 1.389581244438886642e-02 1.226511374115943909e-01 1.159289628267288208e-01 9.718441218137741089e-02 1.809937506914138794e-02
2.000000000000000000e+03 1.076883636415004730e-02 1.375666409730911255e-01 8.203766494989395142e-02 6.466958671808242798e-02 9.685259312391281128e-03 1.081583369523286819e-02 1.071173623204231262e-01 7.270283252000808716e-02 6.290677934885025024e-02 1.130310725420713425e-02
2.500000000000000000e+03 8.703079074621200562e-03 1.338221877813339233e-01 4.669298231601715088e-02 3.990831598639488220e-02 6.930300034582614899e-03 8.686304092407226562e-03 9.441932290792465210e-02 4.195379838347434998e-02 3.810462728142738342e-02 8.475875481963157654e-03
3.000000000000000000e+03 6.739402189850807190e-03 1.187565699219703674e-01 2.418673783540725708e-02 2.266253903508186340e-02 6.721412297338247299e-03 6.712817121297121048e-03 8.548625558614730835e-02 2.178416587412357330e-02 2.115977182984352112e-02 8.010752499103546143e-03
3.500000000000000000e+03 6.150207482278347015e-03 8.405143767595291138e-02 1.105809118598699570e-02 1.200022455304861069e-02 7.350889965891838074e-03 6.156793795526027679e-03 7.828024774789810181e-02 9.954215027391910553e-03 1.088976208120584488e-02 8.420432917773723602e-03
4.000000000000000000e+03 5.229087546467781067e-03 7.844173908233642578e-02 4.098677542060613632e-03 5.715689156204462051e-03 7.794355973601341248e-03 5.229236092418432236e-03 7.412751764059066772e-02 3.735022153705358505e-03 4.928252194076776505e-03 8.737183175981044769e-03
4.500000000000000000e+03 2.475291490554809570e-03 6.098943948745727539e-02 1.229289220646023750e-03 2.399388700723648071e-03 7.010529749095439911e-03 2.474997658282518387e-03 7.512631267309188843e-02 1.187385176308453083e-03 1.824926584959030151e-03 7.832212373614311218e-03
5.000000000000000000e+03 1.485716318711638451e-03 6.000055000185966492e-02 2.049054892268031836e-04 9.245714172720909119e-04 5.910368636250495911e-03 1.482124440371990204e-03 7.511431723833084106e-02 2.386159467278048396e-04 5.594269023276865482e-04 6.703659892082214355e-03
5.500000000000000000e+03 1.254608971066772938e-03 6.445139646530151367e-02 1.027146026899572462e-06 3.637407207861542702e-04 4.885006230324506760e-03 1.247787149623036385e-03 7.400467991828918457e-02 3.191815949321608059e-06 1.139556625275872648e-04 5.665410310029983521e-03
6.000000000000000000e+03 1.111627672798931599e-03 6.362093240022659302e-02 7.565807027276605368e-05 1.412164710927754641e-04 3.880470758303999901e-03 1.105113886296749115e-03 7.325319200754165649e-02 3.258095603086985648e-05 1.133945806941483170e-05 4.623160697519779205e-03
6.500000000000000000e+03 1.004288671538233757e-03 6.543717533349990845e-02 1.929132558871060610e-04 5.712092388421297073e-05 3.385489108040928841e-03 9.859189158305525780e-04 7.214824110269546509e-02 1.131867757067084312e-04 2.156796881536138244e-06 4.110081586986780167e-03
7.000000000000000000e+03 8.479401585645973682e-04 6.446561962366104126e-02 2.434862253721803427e-04 3.817717151832766831e-05 3.078592941164970398e-03 8.310193079523742199e-04 7.136354595422744751e-02 1.462094223825260997e-04 9.823525942920241505e-06 3.780945902690291405e-03
7.500000000000000000e+03 1.219389610923826694e-03 7.888972759246826172e-02 3.344723081681877375e-04 2.585656147857662290e-05 3.551721572875976562e-03 1.203415449708700180e-03 6.855405867099761963e-02 2.238401939393952489e-04 1.394663286191644147e-05 4.210548009723424911e-03
8.000000000000000000e+03 1.006716047413647175e-03 7.765125483274459839e-02 3.001572622451931238e-04 3.605996244004927576e-05 3.756544319912791252e-03 9.911515517160296440e-04 6.784173101186752319e-02 1.930565049406141043e-04 9.401167517353314906e-06 4.388414788991212845e-03
8.500000000000000000e+03 3.243311366531997919e-04 5.845844000577926636e-02 1.471943251090124249e-04 6.455543916672468185e-05 3.371325088664889336e-03 3.160206542816013098e-04 6.970512121915817261e-02 6.900711014168336987e-05 2.933024461526656523e-06 4.070633556693792343e-03
9.000000000000000000e+03 2.633786643855273724e-04 5.811481550335884094e-02 1.329143997281789780e-04 6.894304533489048481e-05 3.585500176995992661e-03 2.552535152062773705e-04 6.936551630496978760e-02 5.806256376672536135e-05 3.048673988814698532e-06 4.275753162801265717e-03
9.500000000000000000e+03 4.488431732170283794e-04 5.537123978137969971e-02 8.966580207925289869e-05 9.812205098569393158e-05 3.792800707742571831e-03 4.409889806993305683e-04 6.826712191104888916e-02 3.128812022623606026e-05 4.237080247548874468e-06 4.470928572118282318e-03
1.000000000000000000e+04 3.954180283471941948e-04 5.518027395009994507e-02 7.461846689693629742e-05 1.045093013090081513e-04 3.973770420998334885e-03 3.879340365529060364e-04 6.805993616580963135e-02 2.291334385517984629e-05 4.953432835463900119e-06 4.646556917577981949e-03
1.050000000000000000e+04 3.278183576185256243e-04 5.700595676898956299e-02 1.058052148437127471e-04 8.106575114652514458e-05 4.255274776369333267e-03 3.209485439583659172e-04 6.798269599676132202e-02 4.323456232668831944e-05 3.206319206583430059e-06 4.762599244713783264e-03
1.100000000000000000e+04 3.159091575071215630e-04 5.695472657680511475e-02 9.982382471207529306e-05 8.141742000589147210e-05 4.295597318559885025e-03 3.089469682890921831e-04 6.790010631084442139e-02 3.933706466341391206e-05 3.836615178443025798e-06 4.800845403224229813e-03
1.150000000000000000e+04 7.514714379794895649e-04 6.874275952577590942e-02 1.229284389410167933e-04 9.302138641942292452e-05 4.925723653286695480e-03 7.429025718010962009e-04 6.600340455770492554e-02 5.739575863117352128e-05 3.442679144427529536e-06 5.485549103468656540e-03
1.200000000000000000e+04 6.845144671387970448e-04 6.857412308454513550e-02 1.041455470840446651e-04 9.539615712128579617e-05 5.094308871775865555e-03 6.766253500245511532e-04 6.587891280651092529e-02 4.636307858163490891e-05 3.964939423894975334e-06 5.648586899042129517e-03
1.250000000000000000e+04 4.962227540090680122e-04 7.157564163208007812e-02 6.224733806448057294e-05 1.223386498168110847e-04 5.346134770661592484e-03 4.885476082563400269e-04 6.583109498023986816e-02 2.267567833769135177e-05 6.262348506425041705e-06 5.960476584732532501e-03
1.300000000000000000e+04 4.770901869051158428e-04 7.150723785161972046e-02 5.523117215489037335e-05 1.219433324877172709e-04 5.373646505177021027e-03 4.694463277701288462e-04 6.576759368181228638e-02 1.985299240914173424e-05 6.008544460200937465e-06 5.987396929413080215e-03
1.350000000000000000e+04 4.276914987713098526e-04 6.669043004512786865e-02 5.113878432894125581e-05 1.051809813361614943e-04 5.363923031836748123e-03 4.123270045965909958e-04 6.583866477012634277e-02 1.730595067783724517e-05 5.231260274740634486e-06 5.924373399466276169e-03
1.400000000000000000e+04 4.246031458023935556e-04 6.667760759592056274e-02 4.520313814282417297e-05 9.568717359798029065e-05 5.324832163751125336e-03 4.082875675521790981e-04 6.579025089740753174e-02 1.640197115193586797e-05 5.640250947180902585e-06 5.887039471417665482e-03
1.450000000000000000e+04 3.351432678755372763e-04 6.519315391778945923e-02 6.277715147007256746e-05 6.807970930822193623e-05 4.782321862876415253e-03 3.272580215707421303e-04 6.634199619293212891e-02 2.720774500630795956e-05 5.541215159610146657e-06 5.329187493771314621e-03
1.500000000000000000e+04 3.389142802916467190e-04 6.517868489027023315e-02 6.677036435576155782e-05 7.126030686777085066e-05 4.726234357804059982e-03 3.297622897662222385e-04 6.626964360475540161e-02 2.975254574266728014e-05 5.593423338723368943e-06 5.275078583508729935e-03
1.550000000000000000e+04 2.643588522914797068e-04 5.267461389303207397e-02 3.004509380843956023e-05 6.387300527421757579e-05 3.395916894078254700e-03 2.544576418586075306e-04 6.837100535631179810e-02 8.992568837129510939e-06 4.969917881680885330e-06 4.042587708681821823e-03
1.600000000000000000e+04 2.810085425153374672e-04 5.271030962467193604e-02 3.470910087344236672e-05 6.095988283050246537e-05 3.300601849332451820e-03 2.694306022021919489e-04 6.835269927978515625e-02 1.120522028941195458e-05 6.301957000687252730e-06 3.951298538595438004e-03
1.650000000000000000e+04 1.868659310275688767e-04 6.805777549743652344e-02 6.986263178987428546e-05 7.457356696249917150e-05 4.761249758303165436e-03 1.697982079349458218e-04 6.663390994071960449e-02 2.032280826824717224e-05 9.799129657039884478e-06 5.216099787503480911e-03
1.700000000000000000e+04 1.764045882737264037e-04 6.790696084499359131e-02 6.225640390766784549e-05 8.020929817575961351e-05 4.886586684733629227e-03 1.586601283634081483e-04 6.654082983732223511e-02 1.050776972988387570e-05 1.510565743956249207e-05 5.332263186573982239e-03
1.750000000000000000e+04 1.989096635952591896e-04 6.614601612091064453e-02 4.870352859143167734e-05 7.317273411899805069e-05 3.682448528707027435e-03 1.872397115221247077e-04 6.784636527299880981e-02 8.164800419763196260e-06 1.608740603842306882e-05 4.309114068746566772e-03
1.800000000000000000e+04 2.174266119254752994e-04 6.620807200670242310e-02 5.670504469890147448e-05 7.149217708501964808e-05 3.560591023415327072e-03 2.041189291048794985e-04 6.785909086465835571e-02 1.168290782516123727e-05 1.994843842112459242e-05 4.192142747342586517e-03
1.850000000000000000e+04 1.251092180609703064e-04 5.292048677802085876e-02 8.538236579624935985e-05 3.878007555613294244e-05 2.893239259719848633e-03 1.098298307624645531e-04 7.030592858791351318e-02 1.560957207402680069e-05 5.835483989358181134e-06 3.504914930090308189e-03
1.900000000000000000e+04 1.223040162585675716e-04 5.293649807572364807e-02 9.773366764420643449e-05 4.066496694576926529e-05 2.837632317095994949e-03 1.068042765837162733e-04 7.041994482278823853e-02 1.291679745918372646e-05 5.577740921580698341e-06 3.451870288699865341e-03
1.950000000000000000e+04 2.927612804342061281e-04 6.362734735012054443e-02 6.573773862328380346e-05 8.645423804409801960e-05 3.945661243051290512e-03 2.765078970696777105e-04 6.692207604646682739e-02 5.510228220373392105e-06 2.443096309434622526e-05 4.511601757258176804e-03
2.000000000000000000e+04 2.776680048555135727e-04 6.345716863870620728e-02 4.484585224417969584e-05 8.784312376519665122e-05 4.090440925210714340e-03 2.594274701550602913e-04 6.673499196767807007e-02 6.028407369740307331e-06 2.226352262368891388e-05 4.648159258067607880e-03
2.050000000000000000e+04 3.827081236522644758e-04 6.908714771270751953e-02 9.914067049976438284e-05 6.966819637455046177e-05 4.572157748043537140e-03 3.515847784001380205e-04 6.575764715671539307e-02 1.877176327980123460e-05 1.220914691657526419e-05 5.109669640660285950e-03
2.100000000000000000e+04 4.011452256236225367e-04 6.903844326734542847e-02 9.900019358610734344e-05 7.632438791915774345e-05 4.533464089035987854e-03 3.654397150967270136e-04 6.567057967185974121e-02 1.843278732849285007e-05 1.049323782353894785e-05 5.071319174021482468e-03
2.150000000000000000e+04 5.158769199624657631e-04 6.106128171086311340e-02 3.663738607428967953e-05 1.050955179380252957e-04 3.666083794087171555e-03 4.688047629315406084e-04 6.630779057741165161e-02 8.276279004348907620e-06 2.177467285946477205e-05 4.240281414240598679e-03
2.200000000000000000e+04 5.462697008624672890e-04 6.104867532849311829e-02 3.513004048727452755e-05 1.020411000354215503e-04 3.588248975574970245e-03 4.937431076541543007e-04 6.620496511459350586e-02 1.065303422365104780e-05 2.444367419229820371e-05 4.166025202721357346e-03
2.250000000000000000e+04 9.539464954286813736e-04 7.052828371524810791e-02 3.626408215495757759e-05 1.593812630744650960e-04 5.324676167219877243e-03 9.111263207159936428e-04 6.492372602224349976e-02 1.188127134810201824e-05 7.264969462994486094e-05 5.823651794344186783e-03
2.300000000000000000e+04 8.831487502902746201e-04 7.008880376815795898e-02 1.866328057076316327e-05 1.801338512450456619e-04 5.672652274370193481e-03 8.332240977324545383e-04 6.502725183963775635e-02 1.493676882091676816e-05 9.965553181245923042e-05 6.156341638416051865e-03
2.350000000000000000e+04 9.026188054122030735e-04 5.754348635673522949e-02 1.296687423746334389e-05 1.681168214417994022e-04 3.820266807451844215e-03 8.316207677125930786e-04 6.542155146598815918e-02 2.856525497918482870e-05 1.311472296947613358e-04 4.417977761477231979e-03
2.400000000000000000e+04 1.068555982783436775e-03 5.764432623982429504e-02 4.151175744482316077e-06 1.317636779276654124e-04 3.348425263538956642e-03 9.916601702570915222e-04 6.546475738286972046e-02 1.195168806589208543e-05 1.310239167651161551e-04 3.969617187976837158e-03
2.450000000000000000e+04 6.035952246747910976e-04 5.528532713651657104e-02 5.654615051753353328e-06 9.841880819294601679e-05 2.500509144738316536e-03 5.530701018869876862e-04 6.721032410860061646e-02 1.409546894137747586e-05 7.826499495422467589e-05 3.212576499208807945e-03
2.500000000000000000e+04 6.575657753273844719e-04 5.539424344897270203e-02 1.616781264601740986e-05 9.106370271183550358e-05 2.256736857816576958e-03 6.074297125451266766e-04 6.741550564765930176e-02 3.015285437868442386e-05 7.331412780331447721e-05 2.978824079036712646e-03
2.550000000000000000e+04 6.715462659485638142e-04 6.092984974384307861e-02 1.101971065509133041e-04 6.076779027353040874e-05 3.558778902515769005e-03 6.006368203088641167e-04 6.553310155868530273e-02 7.975231710588559508e-05 4.613952842191793025e-05 4.130756016820669174e-03
2.600000000000000000e+04 6.078676087781786919e-04 6.051678210496902466e-02 7.282555452547967434e-05 7.848365203244611621e-05 3.913210239261388779e-03 5.375687032938003540e-04 6.541352719068527222e-02 3.841896250378340483e-05 5.602576129604130983e-05 4.460848867893218994e-03
2.650000000000000000e+04 5.812061717733740807e-04 4.951060190796852112e-02 1.937529304996132851e-05 7.974330219440162182e-05 2.962777856737375259e-03 5.166394403204321861e-04 6.643100827932357788e-02 1.949213583429809660e-05 5.588325802818872035e-05 3.628264879807829857e-03
2.700000000000000000e+04 6.104384665377438068e-04 4.962550103664398193e-02 2.881753789552021772e-05 6.940672028576955199e-05 2.763060387223958969e-03 5.459433887153863907e-04 6.653683632612228394e-02 3.315841968287713826e-05 4.510193684836849570e-05 3.437118139117956161e-03
2.750000000000000000e+04 1.085936557501554489e-03 5.833878368139266968e-02 4.533807441475801170e-05 1.028504993882961571e-04 2.867186907678842545e-03 1.010985928587615490e-03 6.541021168231964111e-02 5.306640377966687083e-05 5.833898103446699679e-05 3.528622211888432503e-03
2.800000000000000000e+04 1.148363808169960976e-03 5.824039503931999207e-02 4.553558028419502079e-05 1.085029362002387643e-04 2.809651428833603859e-03 1.059441012330353260e-03 6.529340893030166626e-02 5.954965308774262667e-05 5.075056105852127075e-05 3.472686046734452248e-03
2.850000000000000000e+04 6.685390253551304340e-04 5.540949851274490356e-02 4.672572322306223214e-05 9.263625543098896742e-05 3.002737183123826981e-03 5.801508086733520031e-04 6.586235761642456055e-02 7.056312460917979479e-05 3.388387995073571801e-05 3.618946066126227379e-03
2.900000000000000000e+04 6.150716217234730721e-04 5.538518354296684265e-02 4.645502849598415196e-05 9.403869626112282276e-05 3.017099574208259583e-03 5.341321812011301517e-04 6.588329374790191650e-02 7.083533273544162512e-05 3.046035999432206154e-05 3.629314946010708809e-03
2.950000000000000000e+04 5.610522348433732986e-04 6.165216118097305298e-02 3.210401337128132582e-05 1.208697212859988213e-04 3.681810572743415833e-03 4.885215894319117069e-04 6.529349088668823242e-02 5.295157461659982800e-05 4.993705078959465027e-05 4.259541630744934082e-03
3.000000000000000000e+04 5.274952854961156845e-04 6.161444634199142456e-02 2.978357406391296536e-05 1.202290441142395139e-04 3.679392859339714050e-03 4.603791167028248310e-04 6.532160937786102295e-02 4.876487582805566490e-05 5.374000829760916531e-05 4.253914579749107361e-03
3.050000000000000000e+04 6.031887023709714413e-04 5.841825902462005615e-02 1.464874221710488200e-04 6.109338573878630996e-05 3.537311218678951263e-03 5.254822317510843277e-04 6.516449153423309326e-02 1.289945648750290275e-04 1.487639292463427410e-05 4.080312326550483704e-03
3.100000000000000000e+04 6.052136886864900589e-04 5.838285386562347412e-02 1.478624035371467471e-04 6.536920409416779876e-05 3.484267508611083031e-03 5.253346753306686878e-04 6.515073031187057495e-02 1.092352467821910977e-04 1.407605668646283448e-05 4.024645779281854630e-03
3.150000000000000000e+04 3.443243331275880337e-04 5.745076015591621399e-02 6.201835640240460634e-05 8.351513679372146726e-05 2.684053033590316772e-03 2.907993330154567957e-04 6.745190173387527466e-02 4.953689131070859730e-05 1.058535872289212421e-05 3.267480060458183289e-03
3.200000000000000000e+04 2.764906384982168674e-04 5.741191655397415161e-02 6.325349386315792799e-05 8.193955727620050311e-05 2.700145589187741280e-03 2.326067333342507482e-04 6.760363280773162842e-02 5.583733218372799456e-05 9.518603292235638946e-06 3.279176773503422737e-03
3.250000000000000000e+04 4.161645483691245317e-04 5.588459968566894531e-02 5.861194222234189510e-05 8.971478382591158152e-05 2.788532292470335960e-03 3.656698681879788637e-04 6.632199138402938843e-02 6.540607137139886618e-05 1.175565921585075557e-05 3.381440648809075356e-03
3.300000000000000000e+04 4.247976175975054502e-04 5.586279183626174927e-02 5.870120367035269737e-05 8.731723937671631575e-05 2.744148019701242447e-03 3.727386938408017159e-04 6.626149266958236694e-02 7.756766717648133636e-05 1.290794807573547587e-05 3.337571630254387856e-03
3.350000000000000000e+04 3.133229038212448359e-04 5.174731090664863586e-02 2.333282282052095979e-05 1.046503457473590970e-04 2.652349881827831268e-03 2.616083656903356314e-04 6.698288768529891968e-02 2.816860433085821569e-05 1.617059933778364211e-05 3.252043388783931732e-03
3.400000000000000000e+04 2.832023892551660538e-04 5.170936137437820435e-02 2.195595334342215210e-05 1.074180472642183304e-04 2.643111394718289375e-03 2.368774730712175369e-04 6.706362217664718628e-02 2.460385439917445183e-05 1.401076224283315241e-05 3.239585552364587784e-03
3.450000000000000000e+04 3.573020803742110729e-04 5.439698323607444763e-02 5.632310603687074035e-06 1.371971593471243978e-04 2.565665170550346375e-03 3.092643164563924074e-04 6.691589951515197754e-02 1.452902688470203429e-05 3.557213858584873378e-05 3.120336448773741722e-03
3.500000000000000000e+04 3.721118264365941286e-04 5.432971566915512085e-02 5.727609732275595888e-06 1.402479247190058231e-04 2.522289752960205078e-03 3.236498741898685694e-04 6.690442562103271484e-02 1.558947042212821543e-05 5.692673221346922219e-05 3.076620632782578468e-03
3.550000000000000000e+04 3.537490847520530224e-04 5.960942059755325317e-02 1.184506163554033265e-05 1.336878485744819045e-04 2.091879025101661682e-03 3.161087515763938427e-04 6.735522300004959106e-02 4.063673986820504069e-05 7.588174048578366637e-05 2.783542033284902573e-03
3.600000000000000000e+04 3.421721921768039465e-04 5.957539007067680359e-02 1.389857516187475994e-05 1.358798326691612601e-04 2.067192690446972847e-03 3.049402439501136541e-04 6.729847937822341919e-02 5.258241071715019643e-05 7.779590669088065624e-05 2.757822629064321518e-03
3.650000000000000000e+04 1.063172123394906521e-03 7.666130363941192627e-02 1.993060723179951310e-04 7.306411134777590632e-05 3.977301530539989471e-03 9.891231311485171318e-04 6.444980949163436890e-02 2.577828417997807264e-04 4.612783232005313039e-05 4.438550211489200592e-03
3.700000000000000000e+04 9.226601687259972095e-04 7.609555125236511230e-02 1.319597358815371990e-04 9.764871356310322881e-05 4.418116994202136993e-03 8.386319968849420547e-04 6.461554020643234253e-02 1.658285182202234864e-04 5.948425678070634604e-05 4.847173113375902176e-03
