# step, loss_train, loss_test, metrics_test
0.000000000000000000e+00 1.815211027860641479e-02 1.491866856813430786e-01 1.311973780393600464e-01 2.209286764264106750e-02 2.769681066274642944e-02 1.876176893711090088e-02 1.148336008191108704e-01 6.730580329895019531e-02 3.257564827799797058e-02 2.972773462533950806e-02
5.000000000000000000e+02 1.429096143692731857e-02 1.210930272936820984e-01 8.032704889774322510e-02 1.501972321420907974e-02 1.178136188536882401e-02 1.474060304462909698e-02 9.916912764310836792e-02 3.939804062247276306e-02 2.093919552862644196e-02 1.357282605022192001e-02
1.000000000000000000e+03 1.087039150297641754e-02 1.016398966312408447e-01 4.791825264692306519e-02 9.359699673950672150e-03 3.928183577954769135e-03 1.118032820522785187e-02 8.878277242183685303e-02 2.236782945692539215e-02 1.242562197148799896e-02 5.479983054101467133e-03
1.500000000000000000e+03 7.830969057977199554e-03 1.077352538704872131e-01 2.921200543642044067e-02 5.123567767441272736e-03 1.226055086590349674e-03 7.922466844320297241e-03 8.176933228969573975e-02 1.169202383607625961e-02 6.413523107767105103e-03 2.518391469493508339e-03
2.000000000000000000e+03 5.774554796516895294e-03 9.677001088857650757e-02 1.515549607574939728e-02 2.485575852915644646e-03 1.648268778808414936e-03 5.807694979012012482e-03 7.670230418443679810e-02 5.555100739002227783e-03 2.951422240585088730e-03 2.758437069132924080e-03
2.500000000000000000e+03 4.679735749959945679e-03 1.030704900622367859e-01 6.566030438989400864e-03 1.088503166101872921e-03 3.347016172483563423e-03 4.592564422637224197e-03 7.295142114162445068e-02 2.313099568709731102e-03 1.188478083349764347e-03 4.357566591352224350e-03
3.000000000000000000e+03 3.876036731526255608e-03 9.755474328994750977e-02 2.798289060592651367e-03 3.703422553371638060e-04 5.079547408968210220e-03 3.794050775468349457e-03 7.051520794630050659e-02 7.778296130709350109e-04 3.661842492874711752e-04 5.988953169435262680e-03
3.500000000000000000e+03 3.950124140828847885e-03 7.273546606302261353e-02 1.443479559384286404e-03 1.228909532073885202e-04 5.611608736217021942e-03 3.913870546966791153e-03 6.882432103157043457e-02 2.322492946404963732e-04 1.160310639534145594e-04 6.434288807213306427e-03
4.000000000000000000e+03 3.968233708292245865e-03 7.138450443744659424e-02 6.270506419241428375e-04 4.019926927867345512e-05 5.470215808600187302e-03 3.942634444683790207e-03 6.793739646673202515e-02 5.865865023224614561e-05 2.431957545923069119e-05 6.253655068576335907e-03
4.500000000000000000e+03 2.200033282861113548e-03 5.787496268749237061e-02 2.809572906699031591e-04 6.808247417211532593e-05 4.354352131485939026e-03 2.202961361035704613e-03 7.026733458042144775e-02 3.553484566509723663e-05 2.924805630755145103e-05 5.118610803037881851e-03
5.000000000000000000e+03 1.847664709202945232e-03 5.768413841724395752e-02 1.375213905703276396e-04 1.272780355066061020e-04 3.635338274762034416e-03 1.856468385085463524e-03 7.082428783178329468e-02 4.030370837426744401e-05 7.925169484224170446e-05 4.398240707814693451e-03
5.500000000000000000e+03 1.873770845122635365e-03 6.223506480455398560e-02 6.756899529136717319e-05 1.777467696228995919e-04 3.392308717593550682e-03 1.882548094727098942e-03 7.021600753068923950e-02 6.789428880438208580e-05 1.131555764004588127e-04 4.109761677682399750e-03
6.000000000000000000e+03 1.817451440729200840e-03 6.162781268358230591e-02 5.593775858869776130e-05 2.018857921939343214e-04 3.144585527479648590e-03 1.833048532716929913e-03 6.989119201898574829e-02 8.695335418451577425e-05 1.286725018871948123e-04 3.834276460111141205e-03
6.500000000000000000e+03 1.754333614371716976e-03 6.328266859054565430e-02 6.027016934240236878e-05 2.153259265469387174e-04 3.259325399994850159e-03 1.768650137819349766e-03 6.909425556659698486e-02 1.173734272015281022e-04 1.419764157617464662e-04 3.959176596254110336e-03
7.000000000000000000e+03 1.607828424312174320e-03 6.255995482206344604e-02 6.377307727234438062e-05 2.097558608511462808e-04 3.285942366346716881e-03 1.627182820811867714e-03 6.878074258565902710e-02 1.131677781813777983e-04 1.347144716419279575e-04 3.962711896747350693e-03
7.500000000000000000e+03 2.057492733001708984e-03 7.637122273445129395e-02 7.527374691562727094e-05 1.356823777314275503e-04 4.040627740323543549e-03 2.089374000206589699e-03 6.659217178821563721e-02 1.591163163539022207e-04 8.451455505564808846e-05 4.645429551601409912e-03
8.000000000000000000e+03 1.839588396251201630e-03 7.555043697357177734e-02 6.676273187622427940e-05 1.372745755361393094e-04 4.263035021722316742e-03 1.867475919425487518e-03 6.631065905094146729e-02 1.340220624115318060e-04 7.135538180591538548e-05 4.848589189350605011e-03
8.500000000000000000e+03 1.182187232188880444e-03 5.753741413354873657e-02 6.020728687872178853e-05 2.147189516108483076e-04 3.573294961825013161e-03 1.180716906674206257e-03 6.828321516513824463e-02 7.298643322428688407e-05 8.452413749182596803e-05 4.250188358128070831e-03
9.000000000000000000e+03 1.087953685782849789e-03 5.738973245024681091e-02 6.137252057669684291e-05 2.031780750257894397e-04 3.590822918340563774e-03 1.081874244846403599e-03 6.820586323738098145e-02 8.033640187932178378e-05 7.058243500068783760e-05 4.265564493834972382e-03
9.500000000000000000e+03 1.243769773282110691e-03 5.462404713034629822e-02 4.660119520849548280e-05 1.622112467885017395e-04 3.570114495232701302e-03 1.245604362338781357e-03 6.730256974697113037e-02 9.191601566271856427e-05 4.169729072600603104e-05 4.235519561916589737e-03
1.000000000000000000e+04 1.144486246630549431e-03 5.451871454715728760e-02 4.934510798193514347e-05 1.800555619411170483e-04 3.515104763209819794e-03 1.138624968007206917e-03 6.719443202018737793e-02 1.009599582175724208e-04 4.191135303699411452e-05 4.180165473371744156e-03
1.050000000000000000e+04 9.763191337697207928e-04 5.649018660187721252e-02 1.157500009867362678e-04 2.097009419230744243e-04 3.584248712286353111e-03 9.699575603008270264e-04 6.733307987451553345e-02 1.128552903537638485e-04 4.966221968061290681e-05 4.115232732146978378e-03
1.100000000000000000e+04 9.058013092726469040e-04 5.639306828379631042e-02 1.248281914740800858e-04 2.323003427591174841e-04 3.519122255966067314e-03 8.884359267540276051e-04 6.723814457654953003e-02 1.127650975831784308e-04 5.281332050799392164e-05 4.051719326525926590e-03
1.150000000000000000e+04 1.338196918368339539e-03 6.796447932720184326e-02 9.947420039679855108e-05 2.301878703292459249e-04 3.966550808399915695e-03 1.337321824394166470e-03 6.524531543254852295e-02 1.686804753262549639e-04 7.427877426380291581e-05 4.560322500765323639e-03
1.200000000000000000e+04 1.273054745979607105e-03 6.776257604360580444e-02 1.094647959689609706e-04 2.621381427161395550e-04 3.907946869730949402e-03 1.255923067219555378e-03 6.503872573375701904e-02 1.811724068829789758e-04 9.748330921865999699e-05 4.503399599343538284e-03
1.250000000000000000e+04 1.041437732055783272e-03 7.026319950819015503e-02 1.374860730720683932e-04 4.142768739257007837e-04 4.135206341743469238e-03 9.848115732893347740e-04 6.492348760366439819e-02 1.467278634663671255e-04 1.079115172615274787e-04 4.770207684487104416e-03
1.300000000000000000e+04 9.976954897865653038e-04 7.012502104043960571e-02 1.410390541423112154e-04 4.498697235248982906e-04 4.031764809042215347e-03 9.291964815929532051e-04 6.482148170471191406e-02 1.451673451811075211e-04 1.164743516710586846e-04 4.666473716497421265e-03
1.350000000000000000e+04 9.126215009018778801e-04 6.557544320821762085e-02 9.834286174736917019e-05 3.823853621724992990e-04 3.938993904739618301e-03 8.297032327391207218e-04 6.482212990522384644e-02 1.554504124214872718e-04 1.322773314313963056e-04 4.525785334408283234e-03
1.400000000000000000e+04 8.793213055469095707e-04 6.548052281141281128e-02 1.010693886200897396e-04 4.034408193547278643e-04 3.826218890026211739e-03 7.943961536511778831e-04 6.471434235572814941e-02 1.659179251873865724e-04 1.498853671364486217e-04 4.414148163050413132e-03
1.450000000000000000e+04 7.270873175002634525e-04 6.423459947109222412e-02 1.373203267576172948e-04 3.958484739996492863e-04 3.371259896084666252e-03 6.593355792574584484e-04 6.527774780988693237e-02 1.641309499973431230e-04 1.210642585647292435e-04 3.932824824005365372e-03
1.500000000000000000e+04 6.930480012670159340e-04 6.415375322103500366e-02 1.403331552864983678e-04 4.048009868711233139e-04 3.286957507953047752e-03 6.277392385527491570e-04 6.525640189647674561e-02 1.517166965641081333e-04 1.209356123581528664e-04 3.843817859888076782e-03
1.550000000000000000e+04 5.448758602142333984e-04 5.194536224007606506e-02 1.097207932616584003e-04 3.706792485900223255e-04 2.233322244137525558e-03 4.876052844338119030e-04 6.741622090339660645e-02 7.571539754280820489e-05 1.062778392224572599e-04 2.882505999878048897e-03
1.600000000000000000e+04 5.141032743267714977e-04 5.193159729242324829e-02 1.078119676094502211e-04 3.700546221807599068e-04 2.173878718167543411e-03 4.611039184965193272e-04 6.745832413434982300e-02 6.737872172379866242e-05 1.082401286112144589e-04 2.821877598762512207e-03
1.650000000000000000e+04 3.852449008263647556e-04 6.666789203882217407e-02 1.655252563068643212e-04 4.453723377082496881e-04 3.437855513766407967e-03 3.304107813164591789e-04 6.600254774093627930e-02 7.138046930776908994e-05 1.240157143911346793e-04 3.845607861876487732e-03
1.700000000000000000e+04 3.409450000617653131e-04 6.650759279727935791e-02 1.568323350511491299e-04 4.490421852096915245e-04 3.441367065533995628e-03 2.900973486248403788e-04 6.607155501842498779e-02 5.577631964115425944e-05 1.254460075870156288e-04 3.835830371826887131e-03
1.750000000000000000e+04 3.358757821843028069e-04 6.496237218379974365e-02 1.182386040454730392e-04 4.023035289719700813e-04 2.405680948868393898e-03 2.925926237367093563e-04 6.728386133909225464e-02 5.161635999684222043e-05 1.176936348201707006e-04 3.015194088220596313e-03
1.800000000000000000e+04 3.316382062621414661e-04 6.490053981542587280e-02 1.287572667934000492e-04 4.184298450127243996e-04 2.306750277057290077e-03 2.900076506193727255e-04 6.718316674232482910e-02 5.807539127999916673e-05 1.270964421564713120e-04 2.914630109444260597e-03
1.850000000000000000e+04 1.914730964927002788e-04 5.195849761366844177e-02 1.885534438770264387e-04 3.210584400221705437e-04 1.874602399766445160e-03 1.559423253638669848e-04 7.029428333044052124e-02 3.260367884649895132e-05 1.181350380647927523e-04 2.452139277011156082e-03
1.900000000000000000e+04 1.720465515973046422e-04 5.187810212373733521e-02 1.902385411085560918e-04 2.988619671668857336e-04 1.850033295340836048e-03 1.379008463118225336e-04 7.051952928304672241e-02 2.975345159939024597e-05 1.059677524608559906e-04 2.422443358227610588e-03
1.950000000000000000e+04 3.539951867423951626e-04 6.188432499766349792e-02 1.237935794051736593e-04 4.822681075893342495e-04 2.551732584834098816e-03 3.190081042703241110e-04 6.628721207380294800e-02 5.948644684394821525e-05 1.134462872869335115e-04 3.073108615353703499e-03
2.000000000000000000e+04 3.430019132792949677e-04 6.175087019801139832e-02 1.201407285407185555e-04 5.061680567450821400e-04 2.501158509403467178e-03 3.044759796466678381e-04 6.609395146369934082e-02 6.542719347635284066e-05 1.379282330162823200e-04 3.019045339897274971e-03
2.050000000000000000e+04 4.651571798603981733e-04 6.735652685165405273e-02 1.979424268938601017e-04 3.810088965110480785e-04 2.668329048901796341e-03 4.197146918158978224e-04 6.492201983928680420e-02 9.979032620321959257e-05 1.533709873910993338e-04 3.153304802253842354e-03
2.100000000000000000e+04 4.749895015265792608e-04 6.720755994319915771e-02 2.133468515239655972e-04 4.088005807716399431e-04 2.551249228417873383e-03 4.256048414390534163e-04 6.477437168359756470e-02 1.065227625076659024e-04 1.687475451035425067e-04 3.034250810742378235e-03
2.150000000000000000e+04 5.698122549802064896e-04 5.945635586977005005e-02 1.560267992317676544e-04 5.954742664471268654e-04 1.865151687525212765e-03 5.106542957946658134e-04 6.520000845193862915e-02 9.355083602713420987e-05 2.942494174931198359e-04 2.418632619082927704e-03
2.200000000000000000e+04 5.650875391438603401e-04 5.933954566717147827e-02 1.618019014131277800e-04 6.240704096853733063e-04 1.791762537322938442e-03 5.054312641732394695e-04 6.497605144977569580e-02 9.625379607314243913e-05 3.697342181112617254e-04 2.347647212445735931e-03
2.250000000000000000e+04 9.052694658748805523e-04 6.749932467937469482e-02 2.081172133330255747e-04 1.040980336256325245e-03 2.780007896944880486e-03 8.376504993066191673e-04 6.395338475704193115e-02 1.567021536175161600e-04 6.775347865186631680e-04 3.260588040575385094e-03
2.300000000000000000e+04 8.308335090987384319e-04 6.722050160169601440e-02 1.990839955396950245e-04 1.094484585337340832e-03 2.806470496580004692e-03 7.590632303617894650e-04 6.414595991373062134e-02 1.584581623319536448e-04 7.264768937602639198e-04 3.280379809439182281e-03
2.350000000000000000e+04 9.246154804714024067e-04 5.626645684242248535e-02 1.520530786365270615e-04 7.914107991382479668e-04 1.562058925628662109e-03 8.146319887600839138e-04 6.430768221616744995e-02 1.227452739840373397e-04 7.816157303750514984e-04 2.133102854713797569e-03
2.400000000000000000e+04 1.117641106247901917e-03 5.592225864529609680e-02 1.770831004250794649e-04 8.241819450631737709e-04 1.342364586889743805e-03 9.760057437233626842e-04 6.415263563394546509e-02 1.295540423598140478e-04 9.675747714936733246e-04 1.940010581165552139e-03
2.450000000000000000e+04 5.731761921197175980e-04 5.408955365419387817e-02 1.652242499403655529e-04 6.774404901079833508e-04 1.023622578941285610e-03 5.169187206774950027e-04 6.587531417608261108e-02 6.934176053619012237e-05 5.381858791224658489e-04 1.673671416938304901e-03
2.500000000000000000e+04 5.719816545024514198e-04 5.407343432307243347e-02 1.576585491420701146e-04 6.524239433929324150e-04 9.662492084316909313e-04 5.162220913916826248e-04 6.587208807468414307e-02 8.217391587095335126e-05 5.186832277104258537e-04 1.621143077500164509e-03
2.550000000000000000e+04 5.042883567512035370e-04 5.852986499667167664e-02 3.310740285087376833e-04 7.245264132507145405e-04 1.724765519611537457e-03 4.455624148249626160e-04 6.422796100378036499e-02 1.169660245068371296e-04 4.698944976553320885e-04 2.240076428279280663e-03
2.600000000000000000e+04 4.073581076227128506e-04 5.834298580884933472e-02 2.812770544551312923e-04 6.959841703064739704e-04 1.847527571953833103e-03 3.590253472793847322e-04 6.432582437992095947e-02 1.081097507267259061e-04 3.989055985584855080e-04 2.341673709452152252e-03
2.650000000000000000e+04 3.673186001833528280e-04 4.823319986462593079e-02 1.420208282070234418e-04 4.932844312861561775e-04 1.263228827156126499e-03 3.224411630071699619e-04 6.542146950960159302e-02 9.258835052605718374e-05 3.682083042804151773e-04 1.889623003080487251e-03
2.700000000000000000e+04 3.858833224512636662e-04 4.814727976918220520e-02 1.649037440074607730e-04 5.012081237509846687e-04 1.189346890896558762e-03 3.377018438186496496e-04 6.524911522865295410e-02 1.109008662751875818e-04 3.857614938169717789e-04 1.819198601879179478e-03
2.750000000000000000e+04 9.372477070428431034e-04 5.622027814388275146e-02 2.326573012396693230e-04 8.179598371498286724e-04 1.092116232030093670e-03 8.220731979236006737e-04 6.352289766073226929e-02 2.044011926045641303e-04 6.449034553952515125e-04 1.708030002191662788e-03
2.800000000000000000e+04 9.987188968807458878e-04 5.598161742091178894e-02 2.428432198939844966e-04 8.326598326675593853e-04 1.016597147099673748e-03 8.583661983720958233e-04 6.325809657573699951e-02 2.340721839573234320e-04 6.905492045916616917e-04 1.639426336623728275e-03
2.850000000000000000e+04 3.406253817956894636e-04 5.323071405291557312e-02 2.843425027094781399e-04 6.837922264821827412e-04 1.315136905759572983e-03 2.879265521187335253e-04 6.416207551956176758e-02 1.750740484567359090e-04 4.448436957318335772e-04 1.882225624285638332e-03
2.900000000000000000e+04 2.568111813161522150e-04 5.301440507173538208e-02 3.097173757851123810e-04 7.187410374172031879e-04 1.364149386063218117e-03 2.164853649446740746e-04 6.413406133651733398e-02 1.747973001329228282e-04 4.500382347032427788e-04 1.919011003337800503e-03
2.950000000000000000e+04 2.415825729258358479e-04 5.867320299148559570e-02 3.203749947715550661e-04 9.405113523826003075e-04 1.602669246494770050e-03 2.114893868565559387e-04 6.329516321420669556e-02 1.724837784422561526e-04 6.409978377632796764e-04 2.113895723596215248e-03
3.000000000000000000e+04 2.137062692781910300e-04 5.841515585780143738e-02 3.147735842503607273e-04 1.003920449875295162e-03 1.580961397849023342e-03 1.869942061603069305e-04 6.310158222913742065e-02 1.598959206603467464e-04 7.220865227282047272e-04 2.087287371978163719e-03
3.050000000000000000e+04 2.813751343637704849e-04 5.456407368183135986e-02 5.452065961435437202e-04 7.633931818418204784e-04 1.573134330101311207e-03 2.308005641680210829e-04 6.250590085983276367e-02 2.807091223075985909e-04 5.530996713787317276e-04 2.033258322626352310e-03
3.100000000000000000e+04 2.897902741096913815e-04 5.385818332433700562e-02 6.037042476236820221e-04 8.228935766965150833e-04 1.548095257021486759e-03 2.331861323909834027e-04 6.205906718969345093e-02 3.320167597848922014e-04 5.942974821664392948e-04 2.005523769184947014e-03
3.150000000000000000e+04 8.978353434940800071e-05 5.296370759606361389e-02 2.797252382151782513e-04 7.024657097645103931e-04 1.343797543086111546e-03 7.455204467987641692e-05 6.445592641830444336e-02 2.010203315876424313e-04 5.041511612944304943e-04 1.860779710114002228e-03
3.200000000000000000e+04 7.186816219473257661e-05 5.236255377531051636e-02 3.017510753124952316e-04 7.807071087881922722e-04 1.388515694998204708e-03 5.592168599832803011e-05 6.410251557826995850e-02 2.140799188055098057e-04 5.530446069315075874e-04 1.892479951493442059e-03
3.250000000000000000e+04 1.785193162504583597e-04 5.085231736302375793e-02 4.720287979580461979e-04 1.021800213493406773e-03 1.222573220729827881e-03 1.499313366366550326e-04 6.133731827139854431e-02 2.662682672962546349e-04 9.503673063591122627e-04 1.747233560308814049e-03
3.300000000000000000e+04 1.899989001685753465e-04 5.023658275604248047e-02 4.332508833613246679e-04 1.089444733224809170e-03 1.218707417137920856e-03 1.577136135892942548e-04 6.042260676622390747e-02 2.684183709789067507e-04 1.078890636563301086e-03 1.738916966132819653e-03
3.350000000000000000e+04 8.204747427953407168e-05 4.584359005093574524e-02 2.452164771966636181e-04 1.252961927093565464e-03 1.419780775904655457e-03 6.412907532649114728e-05 6.157347187399864197e-02 1.258529810002073646e-04 8.873930783011019230e-04 1.862475066445767879e-03
3.400000000000000000e+04 8.204145706258714199e-05 4.512927681207656860e-02 2.418196527287364006e-04 1.342233852483332157e-03 1.472688047215342522e-03 5.909505853196606040e-05 6.098356842994689941e-02 1.117936990340240300e-04 9.206301183439791203e-04 1.898670103400945663e-03
3.450000000000000000e+04 1.095656116376630962e-04 4.810594022274017334e-02 2.510258927941322327e-04 1.570260268636047840e-03 1.244754530489444733e-03 8.896479266695678234e-05 5.964908748865127563e-02 1.259776327060535550e-04 1.143084373325109482e-03 1.722034881822764874e-03
3.500000000000000000e+04 1.142875698860734701e-04 4.750019311904907227e-02 2.683828352019190788e-04 1.609091996215283871e-03 1.244755694642663002e-03 9.251011215383186936e-05 5.869855359196662903e-02 1.414773869328200817e-04 1.214861986227333546e-03 1.717724022455513477e-03
3.550000000000000000e+04 1.492524315835908055e-04 5.063743144273757935e-02 3.285022976342588663e-04 1.645043608732521534e-03 1.136868493631482124e-03 1.211468479596078396e-04 5.678872391581535339e-02 3.067132201977074146e-04 1.646654331125319004e-03 1.664822222664952278e-03
3.600000000000000000e+04 1.505961699876934290e-04 4.937165230512619019e-02 3.498052828945219517e-04 1.848163083195686340e-03 1.192969037219882011e-03 1.224593725055456161e-04 5.510403960943222046e-02 4.123796825297176838e-04 1.897740643471479416e-03 1.702027395367622375e-03
3.650000000000000000e+04 3.898287832271307707e-04 5.902133509516716003e-02 7.466517854481935501e-04 2.852224046364426613e-03 2.375702606514096260e-03 2.898843085858970881e-04 5.019699782133102417e-02 7.665890734642744064e-04 3.246821230277419090e-03 2.623694017529487610e-03
3.700000000000000000e+04 3.864126338157802820e-04 5.727685615420341492e-02 6.754275527782738209e-04 2.998642623424530029e-03 2.551091136410832405e-03 2.891132608056068420e-04 4.871747642755508423e-02 6.474365945905447006e-04 3.432252444326877594e-03 2.769975923001766205e-03
3.750000000000000000e+04 1.627500168979167938e-04 4.964320734143257141e-02 3.941257600672543049e-04 2.366663888096809387e-03 2.212316729128360748e-03 1.346434728475287557e-04 4.953248426318168640e-02 2.963139268103986979e-04 2.056492725387215614e-03 2.476483583450317383e-03
3.800000000000000000e+04 1.539738004794344306e-04 4.851557314395904541e-02 3.968815435655415058e-04 2.452000975608825684e-03 2.304767724126577377e-03 1.253593218280002475e-04 4.851520806550979614e-02 3.188613627571612597e-04 2.138209529221057892e-03 2.543314592912793159e-03
3.850000000000000000e+04 1.990104647120460868e-04 5.141599476337432861e-02 6.751624168828129768e-04 2.586189890280365944e-03 2.472934080287814140e-03 1.612505875527858734e-04 4.538891091942787170e-02 2.880972460843622684e-04 3.519152291119098663e-03 2.873577177524566650e-03
3.900000000000000000e+04 2.010108728427439928e-04 4.990642145276069641e-02 6.304850685410201550e-04 2.786959754303097725e-03 2.565781120210886002e-03 1.637090317672118545e-04 4.399604722857475281e-02 2.808424469549208879e-04 3.849696367979049683e-03 2.949087182059884071e-03
3.950000000000000000e+04 2.030220493907108903e-04 4.186620935797691345e-02 5.125360912643373013e-04 3.186932299286127090e-03 2.011075150221586227e-03 1.665619347477331758e-04 4.390897974371910095e-02 2.718738687690347433e-04 3.247938351705670357e-03 2.386674052104353905e-03
4.000000000000000000e+04 2.513669314794242382e-04 4.105250164866447449e-02 4.101693048141896725e-04 3.175062127411365509e-03 1.914839725941419601e-03 2.032730844803154469e-04 4.256124794483184814e-02 2.381771482760086656e-04 3.434955142438411713e-03 2.295853337273001671e-03
4.050000000000000000e+04 2.948098699562251568e-04 3.727573156356811523e-02 2.697263844311237335e-04 2.562188310548663139e-03 1.708096941001713276e-03 2.366356929996982217e-04 4.148047044873237610e-02 2.734585723374038935e-04 3.830512519925832748e-03 2.079671015962958336e-03
4.100000000000000000e+04 3.325614961795508862e-04 3.629279509186744690e-02 2.399468357907608151e-04 2.581195905804634094e-03 1.669966615736484528e-03 2.641262835822999477e-04 3.981718793511390686e-02 2.872351906262338161e-04 4.319012630730867386e-03 2.040587132796645164e-03
4.150000000000000000e+04 4.423132049851119518e-04 3.119358420372009277e-02 2.490589395165443420e-04 2.580347703769803047e-03 1.410666038282215595e-03 3.272825269959867001e-04 3.850787878036499023e-02 5.912940832786262035e-04 4.387070890516042709e-03 1.804726081900298595e-03
4.200000000000000000e+04 5.045396974310278893e-04 3.030140139162540436e-02 2.322486252523958683e-04 2.584885340183973312e-03 1.362764509394764900e-03 3.649095597211271524e-04 3.682912513613700867e-02 6.241318187676370144e-04 4.636085592210292816e-03 1.760050421580672264e-03
4.250000000000000000e+04 6.545199430547654629e-04 3.753316029906272888e-02 3.205219691153615713e-04 2.784599550068378448e-03 2.042284933850169182e-03 4.682452126871794462e-04 3.408644720911979675e-02 3.977665910497307777e-04 7.502359338104724884e-03 2.338830614462494850e-03
4.300000000000000000e+04 6.252664607018232346e-04 3.588780388236045837e-02 3.070525708608329296e-04 2.954979427158832550e-03 2.115515526384115219e-03 4.428222891874611378e-04 3.248870000243186951e-02 4.272622172720730305e-04 7.963391952216625214e-03 2.398917451500892639e-03
4.350000000000000000e+04 5.468612653203308582e-04 3.548897430300712585e-02 2.829906006809324026e-04 3.502477426081895828e-03 2.391914371401071548e-03 3.928013320546597242e-04 3.107656538486480713e-02 5.442653782665729523e-04 6.148168817162513733e-03 2.572136931121349335e-03
4.400000000000000000e+04 5.608220817521214485e-04 3.415009006857872009e-02 3.248438006266951561e-04 3.410040400922298431e-03 2.387652406468987465e-03 3.981922636739909649e-04 2.959900721907615662e-02 6.598637555725872517e-04 6.180002819746732712e-03 2.554135862737894058e-03
4.450000000000000000e+04 4.026695096399635077e-04 3.021852299571037292e-02 3.992462879978120327e-04 4.020846914499998093e-03 1.915177912451326847e-03 2.937130047939717770e-04 2.940862812101840973e-02 7.597847725264728069e-04 4.315608646720647812e-03 2.179909963160753250e-03
4.500000000000000000e+04 4.343971668276935816e-04 2.898749895393848419e-02 4.142943944316357374e-04 3.994329366832971573e-03 1.913340063765645027e-03 3.138226165901869535e-04 2.793291211128234863e-02 7.592458860017359257e-04 4.316125530749559402e-03 2.172269858419895172e-03
4.550000000000000000e+04 5.557092954404652119e-04 2.841274999082088470e-02 4.140548990108072758e-04 2.406078856438398361e-03 2.373141236603260040e-03 3.778154205065220594e-04 2.635945379734039307e-02 5.597819690592586994e-04 6.426455453038215637e-03 2.408114960417151451e-03
4.600000000000000000e+04 5.251552793197333813e-04 2.703105658292770386e-02 4.450405249372124672e-04 2.445216756314039230e-03 2.441585762426257133e-03 3.587770916055887938e-04 2.505977265536785126e-02 5.418852088041603565e-04 6.453775800764560699e-03 2.441673073917627335e-03
4.650000000000000000e+04 5.164426984265446663e-04 2.841784991323947906e-02 5.019018426537513733e-04 2.520591486245393753e-03 2.167632104828953743e-03 3.753869386855512857e-04 2.341080643236637115e-02 7.722172304056584835e-04 7.447388488799333572e-03 2.432678593322634697e-03
4.700000000000000000e+04 5.071820341981947422e-04 2.646546438336372375e-02 5.441756802611052990e-04 2.566817216575145721e-03 2.231205580756068230e-03 3.722234396263957024e-04 2.174604870378971100e-02 7.687720935791730881e-04 7.429758086800575256e-03 2.482165116816759109e-03
4.750000000000000000e+04 6.970422691665589809e-04 1.999854482710361481e-02 6.347963353618979454e-04 2.139326650649309158e-03 2.204401884227991104e-03 4.833140701521188021e-04 1.839512214064598083e-02 1.014177803881466389e-03 7.626822218298912048e-03 2.302043838426470757e-03
4.800000000000000000e+04 7.530816947109997272e-04 1.833618804812431335e-02 7.081541698426008224e-04 2.085204934701323509e-03 2.242884831503033638e-03 5.168152856640517712e-04 1.671791635453701019e-02 1.051633851602673531e-03 7.479676976799964905e-03 2.324713161215186119e-03
4.850000000000000000e+04 5.417595966719090939e-04 1.689902320504188538e-02 7.517277263104915619e-04 2.263708505779504776e-03 2.266910159960389137e-03 3.564426151569932699e-04 1.742064207792282104e-02 1.026756479404866695e-03 5.822906270623207092e-03 2.311361255124211311e-03
4.900000000000000000e+04 5.175096448510885239e-04 1.572101563215255737e-02 7.259111152961850166e-04 2.227257238700985909e-03 2.338387770578265190e-03 3.517876903060823679e-04 1.642774604260921478e-02 9.002732695080339909e-04 5.527507513761520386e-03 2.346935914829373360e-03
4.950000000000000000e+04 7.285240571945905685e-04 1.648734509944915771e-02 9.537739679217338562e-04 2.963449805974960327e-03 2.160570118576288223e-03 4.742259916383773088e-04 1.441091299057006836e-02 9.844889864325523376e-04 5.311477463692426682e-03 2.203634474426507950e-03
5.000000000000000000e+04 7.853096467442810535e-04 1.511375792324542999e-02 1.001410419121384621e-03 2.787205623462796211e-03 2.137622330337762833e-03 5.020896205678582191e-04 1.294843386858701706e-02 1.013415399938821793e-03 5.003422964364290237e-03 2.165381796658039093e-03
5.050000000000000000e+04 7.875608280301094055e-04 1.422436628490686417e-02 6.799469119869172573e-04 2.302432898432016373e-03 2.515426371246576309e-03 5.294543225318193436e-04 1.125112734735012054e-02 6.167850224301218987e-04 5.978954955935478210e-03 2.327961148694157600e-03
5.100000000000000000e+04 7.869411492720246315e-04 1.250424701720476151e-02 6.627865368500351906e-04 2.250100951641798019e-03 2.586945658549666405e-03 5.464092828333377838e-04 9.836636483669281006e-03 5.907305749133229256e-04 5.541573278605937958e-03 2.360937185585498810e-03
5.150000000000000000e+04 7.869387627579271793e-04 1.144945435225963593e-02 9.027326013892889023e-04 1.911035273224115372e-03 2.547145122662186623e-03 5.316305323503911495e-04 9.123836643993854523e-03 7.569188019260764122e-04 5.425979848951101303e-03 2.518955618143081665e-03
5.200000000000000000e+04 7.860101177357137203e-04 1.001307088881731033e-02 8.885992574505507946e-04 1.798741752281785011e-03 2.608812879770994186e-03 5.425449926406145096e-04 7.931410335004329681e-03 7.354139233939349651e-04 4.939749371260404587e-03 2.549470402300357819e-03
5.250000000000000000e+04 6.469896761700510979e-04 8.522785268723964691e-03 7.893842412158846855e-04 1.705848146229982376e-03 2.898992970585823059e-03 5.244489875622093678e-04 6.974294781684875488e-03 5.069753970019519329e-04 3.913212567567825317e-03 2.545834984630346298e-03
5.300000000000000000e+04 6.631091237068176270e-04 7.343184668570756912e-03 7.445958908647298813e-04 1.627535209991037846e-03 2.916896017268300056e-03 5.456656217575073242e-04 5.937731359153985977e-03 4.633732605725526810e-04 3.506687702611088753e-03 2.532209269702434540e-03
5.350000000000000000e+04 6.121068727225065231e-04 6.273701321333646774e-03 6.917193531990051270e-04 2.243241295218467712e-03 2.769330050796270370e-03 4.903788212686777115e-04 5.487766116857528687e-03 5.470385658554732800e-04 2.095273463055491447e-03 2.468216465786099434e-03
5.400000000000000000e+04 6.145801162347197533e-04 5.363713484257459641e-03 6.590461125597357750e-04 2.008822979405522346e-03 2.792552579194307327e-03 4.912521108053624630e-04 4.592297598719596863e-03 5.491853808052837849e-04 1.790201175026595592e-03 2.466008998453617096e-03
5.450000000000000000e+04 6.704099359922111034e-04 4.506983794271945953e-03 6.626209942623972893e-04 1.483491389080882072e-03 2.955863717943429947e-03 5.227074725553393364e-04 3.382207592949271202e-03 4.610462638083845377e-04 2.250857651233673096e-03 2.706150757148861885e-03
5.500000000000000000e+04 6.627640686929225922e-04 3.636055160313844681e-03 6.159798940643668175e-04 1.319985953159630299e-03 3.026819787919521332e-03 5.172768142074346542e-04 2.732723485678434372e-03 4.276752006262540817e-04 1.906654797494411469e-03 2.750104991719126701e-03
5.550000000000000000e+04 6.832196959294378757e-04 2.770372200757265091e-03 3.765658766496926546e-04 1.416966435499489307e-03 2.505738753825426102e-03 5.239712772890925407e-04 2.371917013078927994e-03 4.485534154810011387e-04 1.088651246391236782e-03 2.334852004423737526e-03
5.600000000000000000e+04 6.786703597754240036e-04 2.497833920642733574e-03 3.631549770943820477e-04 1.242097583599388599e-03 2.438912168145179749e-03 5.073581705801188946e-04 2.012481680139899254e-03 4.536156484391540289e-04 9.336933726444840431e-04 2.266379538923501968e-03
5.650000000000000000e+04 6.368110189214348793e-04 2.215408021584153175e-03 3.342444833833724260e-04 9.158419561572372913e-04 2.705429447814822197e-03 4.653919022530317307e-04 1.511511974968016148e-03 4.625071596819907427e-04 1.041162409819662571e-03 2.589715644717216492e-03
5.700000000000000000e+04 5.863108090125024319e-04 1.734015066176652908e-03 3.133838181383907795e-04 7.920349598862230778e-04 2.726851729676127434e-03 4.272081714589148760e-04 1.217293902300298214e-03 4.284683091100305319e-04 8.441553218290209770e-04 2.599331317469477654e-03
5.750000000000000000e+04 4.713308007922023535e-04 1.511672162450850010e-03 4.024031513836234808e-04 6.447274354286491871e-04 2.700770739465951920e-03 3.658727800939232111e-04 1.090413075871765614e-03 3.640060604084283113e-04 7.080255891196429729e-04 2.602769294753670692e-03
5.800000000000000000e+04 4.297589475754648447e-04 1.307340920902788639e-03 3.590805572457611561e-04 5.651293322443962097e-04 2.661757869645953178e-03 3.306167491246014833e-04 9.456062107346951962e-04 3.319063980598002672e-04 5.909473402425646782e-04 2.561295405030250549e-03
5.850000000000000000e+04 3.990779223386198282e-04 1.109550241380929947e-03 3.094951098319143057e-04 5.679526366293430328e-04 2.713132183998823166e-03 3.104005591012537479e-04 7.708892226219177246e-04 3.404993913136422634e-04 4.606703005265444517e-04 2.470263047143816948e-03
5.900000000000000000e+04 3.618174523580819368e-04 9.728606091812252998e-04 2.847845025826245546e-04 4.607698647305369377e-04 2.640255494043231010e-03 2.754353045020252466e-04 6.729115266352891922e-04 3.344053111504763365e-04 3.540030156727880239e-04 2.397410338744521141e-03
5.950000000000000000e+04 2.728486724663525820e-04 8.330348646268248558e-04 2.923106076195836067e-04 4.507454577833414078e-04 2.341272775083780289e-03 2.235848660347983241e-04 5.829156143590807915e-04 3.100641188211739063e-04 2.298775216331705451e-04 2.413902198895812035e-03
6.000000000000000000e+04 2.531114150770008564e-04 7.602744153700768948e-04 2.512765058781951666e-04 3.657801717054098845e-04 2.275784034281969070e-03 2.047957241302356124e-04 5.274167633615434170e-04 2.847350551746785641e-04 1.772124669514596462e-04 2.342927502468228340e-03
6.050000000000000000e+04 2.935048541985452175e-04 7.237414829432964325e-04 2.200487797381356359e-04 2.061000413959845901e-04 2.477269619703292847e-03 2.003670088015496731e-04 5.922663840465247631e-04 2.281768684042617679e-04 2.500976552255451679e-04 2.217206405475735664e-03
6.100000000000000000e+04 2.708683896344155073e-04 6.857996922917664051e-04 1.982677640626206994e-04 1.859166077338159084e-04 2.393959090113639832e-03 1.773200783645734191e-04 5.800382932648062706e-04 2.061386039713397622e-04 2.221285831183195114e-04 2.127976389601826668e-03
6.150000000000000000e+04 3.017419658135622740e-04 6.914531695656478405e-04 1.483487721998244524e-04 1.792073016986250877e-04 2.328791189938783646e-03 1.873935543699190021e-04 4.456076421774923801e-04 1.885727979242801666e-04 1.140581953222863376e-04 1.922236988320946693e-03
6.200000000000000000e+04 2.839123480953276157e-04 6.458223797380924225e-04 1.274265523534268141e-04 1.511963346274569631e-04 2.257902873679995537e-03 1.680166751611977816e-04 4.263611335773020983e-04 1.757819263730198145e-04 8.784238161752000451e-05 1.848652143962681293e-03
6.250000000000000000e+04 2.695259172469377518e-04 6.056505371816456318e-04 1.610044855624437332e-04 1.709187636151909828e-04 2.155782189220190048e-03 1.504376559751108289e-04 6.262306123971939087e-04 1.249204651685431600e-04 1.133069818024523556e-04 1.751124043948948383e-03
6.300000000000000000e+04 2.568001509644091129e-04 5.689039244316518307e-04 1.322003809036687016e-04 1.643303548917174339e-04 2.050908515229821205e-03 1.368068624287843704e-04 6.377116660587489605e-04 1.090791774913668633e-04 1.082637245417572558e-04 1.656185602769255638e-03
6.350000000000000000e+04 2.138758427463471889e-04 5.745642702095210552e-04 8.506023004883900285e-05 1.410281984135508537e-04 1.737633952870965004e-03 1.088754215743392706e-04 4.299005086068063974e-04 1.524994440842419863e-04 4.584707130561582744e-05 1.664818031713366508e-03
6.400000000000000000e+04 2.040354884229600430e-04 5.516090313903987408e-04 8.101934508886188269e-05 1.331056264461949468e-04 1.688388641923666000e-03 1.006508755381219089e-04 4.105492553208023310e-04 1.414855796610936522e-04 3.921240568161010742e-05 1.611941959708929062e-03
6.450000000000000000e+04 2.094531519105657935e-04 6.570965051651000977e-04 1.013904548017308116e-04 1.196660959976725280e-04 2.181061077862977982e-03 9.512186079518869519e-05 4.883711808361113071e-04 7.358533912338316441e-05 6.887522613396868110e-05 1.539210672490298748e-03
6.500000000000000000e+04 1.990188757190480828e-04 6.359469844028353691e-04 1.014643858070485294e-04 1.135636266553774476e-04 2.106254454702138901e-03 8.614221587777137756e-05 4.864685179200023413e-04 7.239331898745149374e-05 6.342841516016051173e-05 1.469966955482959747e-03
6.550000000000000000e+04 1.660777052165940404e-04 5.339683848433196545e-04 6.728432344971224666e-05 7.803962216712534428e-05 1.756593352183699608e-03 7.873499271227046847e-05 3.833857481367886066e-04 1.032126820064149797e-04 4.157737566856667399e-05 1.434735022485256195e-03
6.600000000000000000e+04 1.604142598807811737e-04 5.102509749121963978e-04 7.108865247573703527e-05 7.197804370662197471e-05 1.695610117167234421e-03 7.263606676133349538e-05 3.787723253481090069e-04 1.029791892506182194e-04 3.943352203350514174e-05 1.373565872199833393e-03
6.650000000000000000e+04 1.411477860528975725e-04 5.557246040552854538e-04 8.665339555591344833e-05 1.027216712827794254e-04 1.651170081458985806e-03 6.209714774740859866e-05 4.436631279531866312e-04 1.118138607125729322e-04 3.695685154525563121e-05 1.305127865634858608e-03
6.700000000000000000e+04 1.349922677036374807e-04 5.375310429371893406e-04 8.402702223975211382e-05 9.322824917035177350e-05 1.593639259226620197e-03 5.708391472580842674e-05 4.423215286806225777e-04 1.080271031241863966e-04 3.349677717778831720e-05 1.245932769961655140e-03
6.750000000000000000e+04 1.615733053768053651e-04 5.058620008639991283e-04 7.049099804135039449e-05 9.747231524670496583e-05 2.019395120441913605e-03 5.724339280277490616e-05 3.989477118011564016e-04 9.557252633385360241e-05 3.476862184470519423e-05 1.188455964438617229e-03
6.800000000000000000e+04 1.561451936140656471e-04 4.877614555880427361e-04 7.211702177301049232e-05 8.879490633262321353e-05 1.954834442585706711e-03 5.296359449857845902e-05 4.087574779987335205e-04 8.977069228421896696e-05 3.343141361256130040e-05 1.130526419728994370e-03
6.850000000000000000e+04 1.628452737350016832e-04 4.066280962433665991e-04 6.822891737101599574e-05 4.770513260154984891e-05 1.490965252742171288e-03 5.364078970160335302e-05 4.074730386491864920e-04 1.088901553885079920e-04 2.032292104559019208e-05 9.900141740217804909e-04
6.900000000000000000e+04 1.599542883923277259e-04 4.018224135506898165e-04 5.610171501757577062e-05 4.282052759663201869e-05 1.446414506062865257e-03 4.990156230633147061e-05 3.951762628275901079e-04 1.062084775185212493e-04 1.758451253408566117e-05 9.436820400878787041e-04
6.950000000000000000e+04 1.236082898685708642e-04 4.111821181140840054e-04 5.019986929255537689e-05 7.624475256307050586e-05 1.653484418056905270e-03 4.353776967036537826e-05 5.907849990762770176e-04 9.540665632812306285e-05 1.631441409699618816e-05 1.032120897434651852e-03
7.000000000000000000e+04 1.199936523335054517e-04 3.968277305830270052e-04 4.588787487591616809e-05 6.608838157262653112e-05 1.600793213583528996e-03 4.106416963622905314e-05 5.888589075766503811e-04 1.023315271595492959e-04 1.524005165265407413e-05 9.830112103372812271e-04
7.050000000000000000e+04 1.672210346441715956e-04 4.176358634140342474e-04 4.748148785438388586e-05 5.436433275463059545e-05 1.565628568641841412e-03 4.088339483132585883e-05 3.892486856784671545e-04 1.137874787673354149e-04 1.834103022702038288e-05 8.978862315416336060e-04
7.100000000000000000e+04 1.663345319684594870e-04 4.059107741340994835e-04 4.604678906616754830e-05 4.353654003352858126e-05 1.518503995612263680e-03 3.998657848569564521e-05 3.785192675422877073e-04 1.097113490686751902e-04 1.819674434955231845e-05 8.567555923946201801e-04
7.150000000000000000e+04 1.279928255826234818e-04 3.261560632381588221e-04 3.706192728714086115e-05 1.699867607385385782e-05 9.111374965868890285e-04 3.630891660577617586e-05 3.563026257324963808e-04 9.158277680398896337e-05 2.114313247147947550e-05 8.305333321914076805e-04
7.200000000000000000e+04 1.215126176248304546e-04 3.189572016708552837e-04 2.974371818709187210e-05 1.519934448879212141e-05 8.858478977344930172e-04 3.264653423684649169e-05 3.531531547196209431e-04 9.177515312330797315e-05 2.155436777684371918e-05 7.995816413313150406e-04
7.250000000000000000e+04 1.484244421590119600e-04 3.818405966740101576e-04 3.737530641956254840e-05 2.543964183132629842e-05 1.196092693135142326e-03 3.233217285014688969e-05 3.951957041863352060e-04 6.532819679705426097e-05 1.885162237158510834e-05 6.885622278787195683e-04
7.300000000000000000e+04 1.461185893276706338e-04 3.722693945746868849e-04 3.559425385901704431e-05 2.186843630624935031e-05 1.145856338553130627e-03 3.179455961799249053e-05 3.926649515051394701e-04 6.183922232594341040e-05 1.907450132421217859e-05 6.493624532595276833e-04
7.350000000000000000e+04 1.296829723287373781e-04 3.630741848610341549e-04 5.481226980919018388e-05 2.249476528959348798e-05 1.281813601963222027e-03 3.083652336499653757e-05 3.557165327947586775e-04 6.011008372297510505e-05 1.298760253121145070e-05 6.795672816224396229e-04
7.400000000000000000e+04 1.260757999261841178e-04 3.531930269673466682e-04 5.123516530147753656e-05 1.900265669974032789e-05 1.243693754076957703e-03 2.963488987006712705e-05 3.566856903489679098e-04 5.893274283153004944e-05 1.350151524093234912e-05 6.474020192399621010e-04
7.450000000000000000e+04 1.229161862283945084e-04 2.797956694848835468e-04 4.817160879611037672e-05 1.219029127241810784e-05 8.934774086810648441e-04 2.981629222631454468e-05 3.226380213163793087e-04 3.497561192489229143e-05 1.046618581312941387e-05 5.794563912786543369e-04
7.500000000000000000e+04 1.215089359902776778e-04 2.733717556111514568e-04 4.278943379176780581e-05 1.152382446889532730e-05 8.624383481219410896e-04 2.840494380507152528e-05 3.178144397679716349e-04 2.986976869578938931e-05 9.767851224751211703e-06 5.507861496880650520e-04
7.550000000000000000e+04 9.413373481947928667e-05 3.782343992497771978e-04 3.013758760062046349e-05 9.003728337120264769e-06 7.782001630403101444e-04 2.613761898828670382e-05 4.757804563269019127e-04 6.166932871565222740e-05 1.658803375903517008e-05 5.954074440523982048e-04
7.600000000000000000e+04 8.819357753964141011e-05 3.642419178504496813e-04 2.824542752932757139e-05 8.281730515591334552e-06 7.599471719004213810e-04 2.484118522261269391e-05 4.564612754620611668e-04 6.249907164601609111e-05 1.641338167246431112e-05 5.733633879572153091e-04
7.650000000000000000e+04 1.083151801140047610e-04 3.167674294672906399e-04 3.285670754848979414e-05 1.349672584183281288e-05 9.810351766645908356e-04 2.503091855032835156e-05 3.444809408392757177e-04 5.173962927074171603e-05 1.404558315698523074e-05 4.961031372658908367e-04
7.700000000000000000e+04 1.053502637660130858e-04 3.088809025939553976e-04 2.959309495054185390e-05 1.155540212494088337e-05 9.486358612775802612e-04 2.470195249770767987e-05 3.408497432246804237e-04 5.097826579003594816e-05 1.325790617556776851e-05 4.684872692450881004e-04
7.750000000000000000e+04 9.610721463104709983e-05 3.146701783407479525e-04 2.720386328292079270e-05 9.563352250552270561e-06 8.103812579065561295e-04 2.249335011583752930e-05 3.298078954685479403e-04 5.363451782613992691e-05 1.156262987933587283e-05 4.485450335778295994e-04
7.800000000000000000e+04 9.164700168184936047e-05 3.045953053515404463e-04 2.221785143774468452e-05 8.193284884328022599e-06 7.813651463948190212e-04 2.151551052520517260e-05 3.201374202035367489e-04 4.963735409546643496e-05 1.125550443248357624e-05 4.242956638336181641e-04
7.850000000000000000e+04 1.087662021745927632e-04 3.001646837219595909e-04 1.671279278525616974e-05 4.975162937626009807e-06 8.815043838694691658e-04 2.080775266222190112e-05 2.807683194987475872e-04 5.028113082516938448e-05 1.160290412371978164e-05 4.016241291537880898e-04
7.900000000000000000e+04 1.011590284178964794e-04 2.880778338294476271e-04 1.514468385721556842e-05 4.871628334512934089e-06 8.594604441896080971e-04 2.023990418820176274e-05 2.653388946782797575e-04 4.988882210454903543e-05 1.128402982430998236e-05 3.806068853009492159e-04
7.950000000000000000e+04 6.517484143842011690e-05 2.692262060008943081e-04 2.043665335804689676e-05 1.040870029100915417e-05 6.796488305553793907e-04 2.010346906899940223e-05 2.826498821377754211e-04 3.472490789135918021e-05 7.076355814206181094e-06 3.907314967364072800e-04
8.000000000000000000e+04 6.103968189563602209e-05 2.590697549749165773e-04 1.725002948660403490e-05 8.586143849242944270e-06 6.571869016624987125e-04 1.966384843399282545e-05 2.757304173428565264e-04 2.951005262730177492e-05 6.901384494994999841e-06 3.711300960276275873e-04
8.050000000000000000e+04 6.192702858243137598e-05 2.232558181276544929e-04 1.456483005313202739e-05 4.045075002068188041e-06 6.684151012450456619e-04 1.904996861412655562e-05 3.697096544783562422e-04 2.437674629618413746e-05 1.075642103387508541e-05 3.352371859364211559e-04
8.100000000000000000e+04 5.915452857152558863e-05 2.169686340494081378e-04 1.258239899470936507e-05 4.048176379001233727e-06 6.459263968281447887e-04 1.872759276011493057e-05 3.622372751124203205e-04 2.473374661349225789e-05 1.036323828884633258e-05 3.164071822538971901e-04
8.150000000000000000e+04 4.301822991692461073e-05 1.875139132607728243e-04 1.116921339416876435e-05 5.205981324252206832e-06 5.420076195150613785e-04 1.708072159090079367e-05 3.475107660051435232e-04 3.007423947565257549e-05 6.703124199702870101e-06 3.219221543986350298e-04
8.200000000000000000e+04 4.038236511405557394e-05 1.812090486055240035e-04 9.771877557795960456e-06 4.686998181568924338e-06 5.277438322082161903e-04 1.606235127837862819e-05 3.435717662796378136e-04 2.857664730981923640e-05 5.939828042755834758e-06 3.074042033404111862e-04
8.250000000000000000e+04 4.465772508410736918e-05 2.092705690301954746e-04 8.607415111328009516e-06 3.444619778747437522e-06 4.141147073823958635e-04 1.657922803133260459e-05 3.203043597750365734e-04 3.004634163517039269e-05 9.597624739399179816e-06 3.007114573847502470e-04
8.300000000000000000e+04 4.068127236678265035e-05 1.978670625248923898e-04 7.646831363672390580e-06 3.484687113086692989e-06 4.038854676764458418e-04 1.641918424866162241e-05 3.008713538292795420e-04 2.796969056362286210e-05 9.048918400367256254e-06 2.884234709199517965e-04
8.350000000000000000e+04 3.967195152654312551e-05 1.940000074682757258e-04 8.461134711978957057e-06 3.659206186057417654e-06 5.226838402450084686e-04 1.620700641069561243e-05 3.411294892430305481e-04 2.188776306866202503e-05 6.726497758791083470e-06 2.577214618213474751e-04
8.400000000000000000e+04 3.850936263916082680e-05 1.867169630713760853e-04 7.832340088498312980e-06 3.395732619537739083e-06 5.026871222071349621e-04 1.595871253812219948e-05 3.481633029878139496e-04 2.060831320704892278e-05 7.583573278679978102e-06 2.420779783278703690e-04
8.450000000000000000e+04 3.592158827814273536e-05 1.740558509482070804e-04 7.085141987772658467e-06 5.043102191848447546e-06 5.911684129387140274e-04 1.492859973950544372e-05 3.881262091454118490e-04 1.289808187721064314e-05 4.776277364726411179e-06 2.351283037569373846e-04
8.500000000000000000e+04 3.479980659903958440e-05 1.692382647888734937e-04 6.705773557769134641e-06 4.908396476821508259e-06 5.737593164667487144e-04 1.446098485757829621e-05 3.834984672721475363e-04 1.178052116301842034e-05 4.450309461390133947e-06 2.209431986557319760e-04
8.550000000000000000e+04 2.841575951606500894e-05 1.613885542610660195e-04 6.183781806612387300e-06 2.499747552064945921e-06 4.053665325045585632e-04 1.418570172972977161e-05 2.392565220361575484e-04 1.440753931092331186e-05 4.786291356140282005e-06 2.171775850001722574e-04
8.600000000000000000e+04 2.690965266083367169e-05 1.537817734060809016e-04 5.573242106038378552e-06 2.583112973297829740e-06 3.992635465692728758e-04 1.351080300082685426e-05 2.286761300638318062e-04 1.371011785522568971e-05 5.080087248643394560e-06 2.098700351780280471e-04
8.650000000000000000e+04 3.651208317023701966e-05 1.532611931907013059e-04 4.897094186162576079e-06 3.741616865227115341e-06 6.767984014004468918e-04 1.320902265433687717e-05 3.060801536776125431e-04 9.223743290931452066e-06 3.534124289217288606e-06 1.911592844408005476e-04
8.700000000000000000e+04 3.552997077349573374e-05 1.491371076554059982e-04 4.421158337208908051e-06 3.525694637573906220e-06 6.612321594730019569e-04 1.310577408730750903e-05 3.047741192858666182e-04 8.955710654845461249e-06 3.298874617030378431e-06 1.795708085410296917e-04
8.750000000000000000e+04 3.678050416056066751e-05 1.474386372137814760e-04 5.331899501470616087e-06 3.649090331236948259e-06 4.869978001806885004e-04 1.246650026587303728e-05 2.335587050765752792e-04 9.847939509199932218e-06 2.369896947129745968e-06 1.763531909091398120e-04
8.800000000000000000e+04 3.584083242458291352e-05 1.427062961738556623e-04 5.026304279454052448e-06 3.504702135614934377e-06 4.761134623549878597e-04 1.206512024509720504e-05 2.266392839374020696e-04 9.142823728325311095e-06 2.464361159582040273e-06 1.667330361669883132e-04
8.850000000000000000e+04 3.985223884228616953e-05 1.223190774908289313e-04 2.502166125850635581e-06 2.149321517208591104e-06 3.775392833631485701e-04 1.245176008524140343e-05 1.976486528292298317e-04 9.934948138834442943e-06 2.062637577182613313e-06 1.505195396021008492e-04
8.900000000000000000e+04 3.867011400870978832e-05 1.152465483755804598e-04 2.330073129996890202e-06 2.117145868396619335e-06 3.696928615681827068e-04 1.206346041726646945e-05 2.043581625912338495e-04 8.636971870146226138e-06 1.368093535347725265e-06 1.437099272152408957e-04
8.950000000000000000e+04 2.850755117833614349e-05 1.742885797284543514e-04 6.834015948697924614e-06 4.656387318391352892e-06 5.728784599341452122e-04 1.149242507381131873e-05 1.896184840006753802e-04 6.749133262928808108e-06 3.043231345145613886e-06 1.347998477285727859e-04
9.000000000000000000e+04 2.742616743489634246e-05 1.668411132413893938e-04 6.207461410667747259e-06 4.431785328051773831e-06 5.569311906583607197e-04 1.090809928427916020e-05 1.744777982821688056e-04 7.733305210422258824e-06 3.714075091920676641e-06 1.249986817128956318e-04
9.050000000000000000e+04 2.417553332634270191e-05 1.271446526516228914e-04 3.443477226028335281e-06 2.840911747625796124e-06 4.056850739289075136e-04 1.007660011964617297e-05 1.945731492014601827e-04 1.164439618150936440e-05 4.111467205802910030e-06 1.215640440932475030e-04
9.100000000000000000e+04 2.283351022924762219e-05 1.206967208418063819e-04 3.265449777245521545e-06 2.950937187051749788e-06 3.973550919909030199e-04 9.510122254141606390e-06 1.872690481832250953e-04 1.076619719242444262e-05 3.080912392761092633e-06 1.143837143899872899e-04
9.150000000000000000e+04 2.552588557591661811e-05 1.372208935208618641e-04 3.532654545779223554e-06 4.105618245375808328e-06 6.705695996060967445e-04 9.086569662031251937e-06 1.554025657242164016e-04 9.623282494430895895e-06 2.476831923559075221e-06 1.040925781126134098e-04
9.200000000000000000e+04 2.472816413501277566e-05 1.328474318142980337e-04 3.231521759516908787e-06 3.633369942690478638e-06 6.542584160342812538e-04 8.597269697929732502e-06 1.485745597165077925e-04 9.248319656762760133e-06 2.622764213811024092e-06 9.536157449474558234e-05
9.250000000000000000e+04 2.667978515091817826e-05 1.118591972044669092e-04 5.970622623863164335e-06 2.331990344828227535e-06 5.561608122661709785e-04 7.830308277334552258e-06 1.711640070425346494e-04 6.160182692838134244e-06 3.616100002545863390e-06 8.895094651961699128e-05
9.300000000000000000e+04 2.548226621001958847e-05 1.057256013154983521e-04 5.522701030713506043e-06 2.431463144603185356e-06 5.433583864942193031e-04 7.177091902121901512e-06 1.617900270503014326e-04 5.383319603424752131e-06 3.785152102864230983e-06 8.208212238969281316e-05
9.350000000000000000e+04 2.042418236669618636e-05 1.088368153432384133e-04 1.742290578476968221e-06 6.198055416462011635e-06 3.557239542715251446e-04 6.977113571338122711e-06 1.262609730474650860e-04 6.733857844665180892e-06 2.212808112744824030e-06 7.906849350547417998e-05
9.400000000000000000e+04 1.936571425176225603e-05 1.020092822727747262e-04 1.926022832776652649e-06 6.011915957060409710e-06 3.489534137770533562e-04 6.580999979632906616e-06 1.192134077427908778e-04 7.131066013243980706e-06 2.094853925882489420e-06 7.429136894643306732e-05
9.450000000000000000e+04 2.229398887720890343e-05 8.477261872030794621e-05 3.360577238709083758e-06 4.239006557327229530e-06 3.332810010761022568e-04 6.096306151448516175e-06 1.374989078612998128e-04 5.397581389843253419e-06 2.456195261402172036e-06 6.786832818761467934e-05
9.500000000000000000e+04 2.079259684251155704e-05 8.150060602929443121e-05 2.977233179990435019e-06 4.063736469106515869e-06 3.254333278164267540e-04 5.709298420697450638e-06 1.268811756744980812e-04 5.362421688914764673e-06 2.623016598590766080e-06 6.269411824177950621e-05
9.550000000000000000e+04 1.464336219214601442e-05 8.790491119725629687e-05 2.980759290949208662e-06 3.743982006199075840e-06 3.596730239223688841e-04 5.426827556220814586e-06 1.395061408402398229e-04 2.946323547803331167e-06 1.563070327392779291e-06 5.936995876254513860e-05
9.600000000000000000e+04 1.457705184293445200e-05 8.325107773998752236e-05 2.943811978184385225e-06 3.921814368368359283e-06 3.501118335407227278e-04 5.054316716268658638e-06 1.400433684466406703e-04 2.589679297670954838e-06 1.692390242169494741e-06 5.538900586543604732e-05
9.650000000000000000e+04 1.569850610394496471e-05 8.859914669301360846e-05 4.390848062030272558e-06 4.579992491926532239e-06 4.440568445716053247e-04 4.725759481516433880e-06 9.673866588855162263e-05 6.531126018671784550e-06 2.058151949313469231e-06 5.129037890583276749e-05
9.700000000000000000e+04 1.549452463223133236e-05 8.598963177064433694e-05 3.971953447035048157e-06 4.570769760903203860e-06 4.327636270318180323e-04 4.396703388920286670e-06 9.365328151034191251e-05 6.854207640571985394e-06 2.278645752085139975e-06 4.774071567226201296e-05
9.750000000000000000e+04 1.797471850295551121e-05 8.362608059542253613e-05 2.826063109750975855e-06 6.490963187388842925e-06 3.610986750572919846e-04 4.128050477447686717e-06 1.013173314277082682e-04 4.078112851857440546e-06 2.318325186934089288e-06 4.489051207201555371e-05
9.800000000000000000e+04 1.661593887547496706e-05 7.700750575168058276e-05 2.928488129327888601e-06 6.015706730977399275e-06 3.524275380186736584e-04 3.885413207171950489e-06 8.987842011265456676e-05 3.866023689624853432e-06 2.398736114628263749e-06 4.192066262476146221e-05
9.850000000000000000e+04 1.385535870213061571e-05 7.898577314335852861e-05 3.992861820734106004e-06 5.384853466239292175e-06 3.627829137258231640e-04 3.698212822200730443e-06 9.919065632857382298e-05 2.262944690301083028e-06 3.690232006192672998e-06 3.904456025338731706e-05
9.900000000000000000e+04 1.385896121064433828e-05 7.751606608508154750e-05 3.653419980764738284e-06 5.211241841607261449e-06 3.506253415253013372e-04 3.488248239591484889e-06 9.979022433981299400e-05 2.174773953811381944e-06 3.955809461331227794e-06 3.637283225543797016e-05
9.950000000000000000e+04 1.651218735787551850e-05 5.783123560831882060e-05 2.598893843241967261e-06 2.819511337293079123e-06 3.015217080246657133e-04 3.092037331953179091e-06 6.880779255880042911e-05 7.842018021619878709e-06 3.884666512021794915e-06 3.500137972878292203e-05
1.000000000000000000e+05 1.685487586655654013e-05 5.236109063844196498e-05 2.548674729041522369e-06 3.272141611887491308e-06 2.945193264167755842e-04 2.839343096638913266e-06 6.276967906160280108e-05 8.453286682197358459e-06 3.746783249880536459e-06 3.333223503432236612e-05
1.005000000000000000e+05 1.391234582115430385e-05 5.903471173951402307e-05 3.617816446421784349e-06 7.107706551323644817e-06 2.607187489047646523e-04 2.905790097429417074e-06 1.062985829776152968e-04 4.092249128007097170e-06 4.210497991152806208e-06 3.064785778406076133e-05
1.010000000000000000e+05 1.379185141558991745e-05 5.703643910237587988e-05 3.195135604983079247e-06 6.376511919370386750e-06 2.528535551391541958e-04 2.797593879222404212e-06 1.001086129690520465e-04 4.470522071642335504e-06 4.571862973534734920e-06 2.931047856691293418e-05
1.015000000000000000e+05 1.498588335380190983e-05 6.200097413966432214e-05 2.890006044253823347e-06 4.562524281936930493e-06 2.466514706611633301e-04 2.457964455970795825e-06 6.941743049537763000e-05 4.911126325168879703e-06 3.422690042498288676e-06 2.684470200620125979e-05
1.020000000000000000e+05 1.404073191224597394e-05 5.777520345873199403e-05 2.662335191416786984e-06 5.089710157335503027e-06 2.412889152765274048e-04 2.257493179058656096e-06 6.182952347444370389e-05 5.716799023502971977e-06 3.454784291534451768e-06 2.484325341356452554e-05
1.025000000000000000e+05 1.382051686960039660e-05 7.353465480264276266e-05 1.664717046878649853e-06 6.745943665009690449e-06 3.946987853851169348e-04 2.192684860347071663e-06 6.374722579494118690e-05 3.596592023313860409e-06 3.995993210992310196e-06 2.549771306803449988e-05
1.030000000000000000e+05 1.359677116852253675e-05 6.714947812724858522e-05 1.836645083130861167e-06 6.659130576736060902e-06 3.861580044031143188e-04 2.052737954727490433e-06 6.335731450235471129e-05 3.477886366454185918e-06 4.359413651400245726e-06 2.501617564121261239e-05
1.035000000000000000e+05 1.111719939217437059e-05 4.215743319946341217e-05 2.503251153029850684e-06 5.855227755091618747e-06 2.417565119685605168e-04 1.987715904760989361e-06 5.644109114655293524e-05 3.135560518785496242e-06 4.206994617561576888e-06 2.242838309030048549e-05
1.040000000000000000e+05 1.056468863680493087e-05 4.064352469868026674e-05 2.307372369614313357e-06 5.930849056312581524e-06 2.365096006542444229e-04 1.854668539635895286e-06 5.306117236614227295e-05 3.720846279975376092e-06 4.326396265241783112e-06 2.073259020107798278e-05
1.045000000000000000e+05 1.116548810387030244e-05 4.060504215885885060e-05 3.732334107553469948e-06 7.782310603943187743e-06 2.287757379235699773e-04 1.449321871405118145e-06 4.095337135368026793e-05 4.201466708764201030e-06 4.053450538776814938e-06 1.838721072999760509e-05
1.050000000000000000e+05 1.092016736947698519e-05 3.917866342817433178e-05 3.229367166568408720e-06 6.367615242197643965e-06 2.256725420011207461e-04 1.323803076047624927e-06 3.735050995601341128e-05 4.196614554530242458e-06 3.684251851154840551e-06 1.747704118315596133e-05
1.055000000000000000e+05 1.070363487087888643e-05 4.349265509517863393e-05 2.212879508078913204e-06 4.081689439772162586e-06 3.145740774925798178e-04 1.305867613154987339e-06 4.117388016311451793e-05 3.282098759882501327e-06 4.466626705834642053e-06 1.617557063582353294e-05
1.060000000000000000e+05 1.073012299457332119e-05 4.081454244442284107e-05 2.094612909786519594e-06 4.551484835246810690e-06 3.062796313315629959e-04 1.222798573508043773e-06 3.785216904361732304e-05 2.968154376503662206e-06 4.685308795160381123e-06 1.539393088023643941e-05
1.065000000000000000e+05 1.085741405404405668e-05 3.527466833475045860e-05 2.434296447972883470e-06 6.305423084995709360e-06 1.653247745707631111e-04 1.083023335013422184e-06 3.301677497802302241e-05 3.155213107675081119e-06 4.773337877850281075e-06 1.725314177747350186e-05
1.070000000000000000e+05 1.157418319053249434e-05 3.375994856469333172e-05 2.380039404670242220e-06 5.825485459354240447e-06 1.593297492945566773e-04 9.752103551363688894e-07 2.997920637426432222e-05 3.033692109966068529e-06 4.600984993885504082e-06 1.725184665701817721e-05
1.075000000000000000e+05 1.234063438459997997e-05 2.918293466791510582e-05 9.396728160027123522e-07 5.397562290454516187e-06 2.036998630501329899e-04 9.570107977197039872e-07 3.194123564753681421e-05 3.921562893083319068e-06 3.140835360682103783e-06 1.432141652912832797e-05
1.080000000000000000e+05 1.199376765725901350e-05 2.696499905141536146e-05 9.732501666803727858e-07 5.097360826766816899e-06 2.001771936193108559e-04 9.204712227983691264e-07 3.030721745744813234e-05 3.725057240444584750e-06 3.029151912414818071e-06 1.387383326800772920e-05
1.085000000000000000e+05 9.259170838049612939e-06 3.180886778864078224e-05 1.850715420914639253e-06 3.717122126545291394e-06 1.989650336327031255e-04 9.498741633251484018e-07 2.151033550035208464e-05 1.902728513414331246e-06 5.170258191355969757e-06 1.475334101996850222e-05
1.090000000000000000e+05 9.445215255254879594e-06 3.015548099938314408e-05 1.425583263880980667e-06 3.409225655559566803e-06 1.924034440889954567e-04 9.358163310935196932e-07 1.789210364222526550e-05 1.695582341199042276e-06 6.290435521805193275e-06 1.454568064218619838e-05
1.095000000000000000e+05 1.050104219757486135e-05 3.401051799301058054e-05 1.181823449769581202e-06 9.933120054483879358e-06 1.482747320551425219e-04 8.163542020156455692e-07 3.381900387466885149e-05 2.258975428048870526e-06 9.658754606789443642e-06 1.057443114405032247e-05
1.100000000000000000e+05 1.010692358249798417e-05 2.985912033182103187e-05 1.081228447219473310e-06 7.760410881019197404e-06 1.468455011490732431e-04 7.439969635925081093e-07 3.105503492406569421e-05 2.422885017949738540e-06 8.563998562749475241e-06 9.946078534994740039e-06
1.105000000000000000e+05 1.078330842574359849e-05 2.698782373045105487e-05 1.621141905161493924e-06 4.767964583152206615e-06 2.431200846331194043e-04 7.028497179817350116e-07 3.050903615076094866e-05 3.299893023722688667e-06 4.110014288016827777e-06 1.245278235728619620e-05
1.110000000000000000e+05 1.095759944291785359e-05 2.716502785915508866e-05 1.447888848815637175e-06 4.739496944239363074e-06 2.370547445025295019e-04 7.019153258625010494e-07 2.921379564213566482e-05 3.278210215285071172e-06 4.131642981519689783e-06 1.208957564813317731e-05
1.115000000000000000e+05 8.065906513365916908e-06 2.137682895408943295e-05 9.319896321358100977e-07 5.576584044320043176e-06 1.796547876438125968e-04 7.373210451078193728e-07 2.927246896433643997e-05 1.676548777140851598e-06 4.546520813164534047e-06 1.133043588197324425e-05
1.120000000000000000e+05 8.139844794641248882e-06 1.993809200939722359e-05 8.810862937025376596e-07 4.892627202934818342e-06 1.768007205100730062e-04 7.021557166808634065e-07 2.926560773630626500e-05 1.356129473606415559e-06 4.331641775934258476e-06 1.182662708743009716e-05
1.125000000000000000e+05 1.054839867720147595e-05 1.918078851304017007e-05 1.600202267582062632e-06 4.581336725095752627e-06 1.263475714949890971e-04 6.405740009540750179e-07 2.100182609865441918e-05 1.524009121567360125e-06 5.998884262226056308e-06 9.111976396525278687e-06
1.130000000000000000e+05 1.039921426126966253e-05 1.794175113900564611e-05 1.177361355075845495e-06 4.278808773960918188e-06 1.249240740435197949e-04 5.918844863117556088e-07 1.856740709627047181e-05 1.720185878184565809e-06 6.021559784130658954e-06 8.148678716679569334e-06
1.135000000000000000e+05 1.123434958572033793e-05 2.065325134026352316e-05 1.346392423329234589e-06 7.449094482581131160e-06 1.210880000144243240e-04 4.524645760284329299e-07 2.272456003993283957e-05 9.053383678292448167e-07 4.078747679159278050e-06 7.731247023912146688e-06
1.140000000000000000e+05 1.174879616883117706e-05 2.025805406447034329e-05 1.140052404480229598e-06 4.709849235950969160e-06 1.180741892312653363e-04 4.263119990355335176e-07 2.347142617509234697e-05 6.152113201096653938e-07 3.305918653495609760e-06 7.857028322177939117e-06
1.145000000000000000e+05 8.174041795427910984e-06 2.099899393215309829e-05 7.206951408988970798e-07 4.625291694537736475e-06 3.851278233923949301e-05 3.905815617599728284e-07 2.603051871119532734e-05 1.594491209289117251e-06 3.222323812224203721e-06 7.923768862383440137e-06
1.150000000000000000e+05 8.133347364491783082e-06 1.899005292216315866e-05 6.980021112212853041e-07 3.605350912039284594e-06 3.780665429076179862e-05 4.064081053911650088e-07 2.479885188222397119e-05 1.835299144659074955e-06 2.987002744703204371e-06 7.277855729626026005e-06
1.155000000000000000e+05 1.261716261069523171e-05 2.017270344367716461e-05 8.870687793205433991e-07 2.337829755560960621e-06 2.568879281170666218e-04 4.868304586125304922e-07 1.593873821548186243e-05 1.591956674928951543e-06 3.033791699635912664e-06 8.162162885128054768e-06
1.160000000000000000e+05 1.278607032872969285e-05 1.971583515114616603e-05 6.560796350640885066e-07 2.338814056201954372e-06 2.520009875297546387e-04 4.537257041192788165e-07 1.520573187008267269e-05 1.552359435663674958e-06 2.746988457147381268e-06 8.325022463395725936e-06
1.165000000000000000e+05 1.268886717298300937e-05 1.640788104850798845e-05 1.385739778925199062e-06 2.397146090515889227e-06 1.405985094606876373e-04 4.429346915912901750e-07 3.014828507730271667e-05 5.275991838971094694e-07 1.932886334543582052e-06 8.963668733485974371e-06
1.170000000000000000e+05 1.261402667296351865e-05 1.539909862913191319e-05 1.236872549270628951e-06 2.609295961519819684e-06 1.375574793200939894e-04 4.700724502981756814e-07 3.192639269400388002e-05 5.590452474280027673e-07 2.196794639530708082e-06 8.721049198356922716e-06
1.175000000000000000e+05 1.434181922377320006e-05 1.602953307155985385e-05 1.234863816534925718e-06 2.172266476918593980e-06 1.220129051944240928e-04 4.853193900089536328e-07 2.017230144701898098e-05 6.694008334307000041e-07 1.900228880913346075e-06 8.820634320727549493e-06
1.180000000000000000e+05 1.548824548081029207e-05 1.535766568849794567e-05 1.130107875724206679e-06 1.975211034732637927e-06 1.169262322946451604e-04 4.791452852259681094e-07 1.902829353639390320e-05 6.736265731888124719e-07 1.935747377501684241e-06 9.465436050959397107e-06
1.185000000000000000e+05 1.595153480593580753e-05 1.944056748470757157e-05 7.034192890387203079e-07 4.194627763354219496e-06 1.561957033118233085e-04 3.466635405402485048e-07 2.378119825152680278e-05 4.766000074596377090e-07 4.166304279351606965e-06 9.121240509557537735e-06
1.190000000000000000e+05 1.593610431882552803e-05 1.949177203641738743e-05 5.859004090780217666e-07 3.132765186819597147e-06 1.534522161819040775e-04 3.058418656110006850e-07 2.380650039413012564e-05 5.037729238210886251e-07 3.454895022514392622e-06 8.923443601815961301e-06
1.195000000000000000e+05 1.524574872746597975e-05 1.692480145720764995e-05 1.087939381250180304e-06 2.007859848163207062e-06 1.242817816091701388e-04 3.069697527280368377e-07 2.009261515922844410e-05 8.060765708250983153e-07 2.379205625402391888e-06 8.900618922780267894e-06
1.200000000000000000e+05 1.590560532349627465e-05 1.623433672648388892e-05 8.277536380774108693e-07 1.878207399386155885e-06 1.217703538713976741e-04 3.066716942612401908e-07 1.786301436368376017e-05 8.172642083081882447e-07 2.136061766577768140e-06 9.087436410482041538e-06
1.205000000000000000e+05 1.305597379541723058e-05 1.486831661168253049e-05 2.585665015431004576e-07 2.280555918332538567e-06 1.186289518955163658e-04 2.560720702149410499e-07 1.322938896919367835e-05 5.068695259069500025e-07 2.643586640260764398e-06 6.423263585020322353e-06
1.210000000000000000e+05 1.267210882360814139e-05 1.293206787522649392e-05 2.388465247804560931e-07 1.772994323800958227e-06 1.193553689518012106e-04 2.427937317861506017e-07 1.291312582907266915e-05 5.715835413866443560e-07 2.471726247676997446e-06 5.911620519327698275e-06
1.215000000000000000e+05 1.430655356671195477e-05 1.095031075237784535e-05 3.911572434844856616e-07 8.770213071329635568e-07 1.424326474079862237e-04 2.718167309012642363e-07 1.679735396464820951e-05 5.586830411630216986e-07 2.485170625732280314e-06 5.325705387804191560e-06
1.220000000000000000e+05 1.396734751324402168e-05 1.057155714079272002e-05 3.174446874254499562e-07 9.196784844789362978e-07 1.412683777743950486e-04 2.516352992643078323e-07 1.744442488416098058e-05 7.864786653044575360e-07 2.947461325675249100e-06 4.759301191370468587e-06
1.225000000000000000e+05 1.392431477142963558e-05 1.245769726665457711e-05 1.137260710493137594e-06 2.417441692159627564e-06 8.385074033867567778e-05 2.360701500947470777e-07 1.546591556689236313e-05 7.221220243991410825e-07 2.738974217209033668e-06 4.883788278675638139e-06
1.230000000000000000e+05 1.375765441480325535e-05 1.195465029013575986e-05 8.885880902198550757e-07 2.031787971645826474e-06 8.304334915010258555e-05 2.263628999799038866e-07 1.453125059924786910e-05 8.079242093117500190e-07 2.270368668177979998e-06 4.740444182971259579e-06
1.235000000000000000e+05 2.007754119404125959e-05 1.280333162867464125e-05 2.440414732518547680e-07 1.783802417776314542e-06 1.772083487594500184e-04 2.046011928769075894e-07 1.286434417124837637e-05 6.202176905389933381e-07 1.017938643599336501e-06 5.132239948579808697e-06
1.240000000000000000e+05 2.021006548602599651e-05 1.223503841174533591e-05 2.271265344688799814e-07 1.307816432927211281e-06 1.761634048307314515e-04 1.985805795357009629e-07 1.235898616869235411e-05 7.242497872539388482e-07 9.801212854654295370e-07 5.327989583747694269e-06
1.245000000000000000e+05 2.495429544069338590e-05 1.252088623004965484e-05 1.955315383384004235e-06 3.307018914711079560e-06 1.437724422430619597e-04 2.014444646647461923e-07 1.775460077624302357e-05 5.523740469470794778e-07 7.596860314151854254e-07 6.748090072505874559e-06
1.250000000000000000e+05 2.650271744641941041e-05 1.218310990225290880e-05 1.691392299107974395e-06 2.129161657649092376e-06 1.402698690071702003e-04 2.198602118141934625e-07 2.001898064918350428e-05 4.707967775630095275e-07 6.380981858455925249e-07 7.408197689073858783e-06
