# step, loss_train, loss_test, metrics_test
0.000000000000000000e+00 8.610418066382408142e-03 1.266731321811676025e-01 5.471703037619590759e-02 2.060561440885066986e-02 1.130342204123735428e-02 8.731251582503318787e-03 1.168706193566322327e-01 4.695583134889602661e-02 2.218413911759853363e-02 1.290834788233041763e-02
5.000000000000000000e+02 2.105318890244234353e-05 5.442592664621770382e-04 4.739417272503487766e-05 1.276353486900916323e-05 9.473692043684422970e-04 4.927425379719352350e-06 4.452123830560594797e-04 4.189818719169124961e-05 1.181262359750689939e-05 7.143088732846081257e-04
1.000000000000000000e+03 8.216950845962855965e-06 1.867661776486784220e-04 5.932828116783639416e-06 5.155087364983046427e-06 4.153734771534800529e-04 7.834746043045015540e-07 1.748473441693931818e-04 2.193843329223454930e-06 4.772601641889195889e-06 1.626575249247252941e-04
1.500000000000000000e+03 1.566984064993448555e-05 2.706443774513900280e-04 9.887903615890536457e-06 8.592873200541362166e-06 3.092053520958870649e-04 6.751478736077842768e-07 3.536948934197425842e-04 1.708990566839929670e-06 3.091991175097064115e-06 3.788815592997707427e-05
2.000000000000000000e+03 1.335667184321209788e-05 1.065098040271550417e-04 4.680527581513160840e-06 1.213752398143697064e-06 2.194057597080245614e-04 2.853640239663945977e-07 1.516710763098672032e-04 3.823468887276249006e-06 9.868206234386889264e-07 8.730253284738864750e-06
2.500000000000000000e+03 5.159654756425879896e-05 1.447743270546197891e-04 1.174097906186943874e-05 4.292144694773014635e-06 1.807020889827981591e-04 2.383260380156571046e-07 4.122316386201418936e-05 8.295832230942323804e-06 1.885073061203001998e-06 1.154418896476272494e-05
3.000000000000000000e+03 7.002586244198027998e-06 3.208633279427886009e-05 2.488862492100452073e-06 2.610111550893634558e-06 2.874076017178595066e-04 7.360531526501290500e-07 3.406035102671012282e-05 1.080787569662788883e-06 4.840841938857920468e-06 2.024818968493491411e-05
3.500000000000000000e+03 2.533016413508448750e-05 3.042622847715392709e-05 4.329340299591422081e-07 3.642599722297745757e-06 2.441662945784628391e-04 3.803435504323715577e-07 3.333056884002871811e-05 6.878692602185765281e-07 9.046419791047810577e-07 3.458998662608792074e-06
4.000000000000000000e+03 6.166823732201009989e-05 8.491956396028399467e-05 2.647070232342230156e-06 5.790308478026418015e-06 2.831383608281612396e-04 2.774967811092210468e-07 1.205805092467926443e-04 1.399020447934162803e-06 7.713070772297214717e-06 3.990814093413064256e-06
4.500000000000000000e+03 1.612401974853128195e-04 1.209256734000518918e-04 1.057543067872757092e-05 5.868460903002414852e-06 5.886547151021659374e-04 3.090060829435969936e-07 3.562438359949737787e-04 1.162933858722681180e-05 3.638644159309478709e-07 2.053088974207639694e-05
5.000000000000000000e+03 4.888110197498463094e-05 1.400028413627296686e-04 5.792380306957056746e-06 6.292779289651662111e-06 2.671951078809797764e-04 4.934169055559323169e-07 1.011127314995974302e-04 2.331492623852682300e-06 2.272061010444303975e-06 1.789622956493985839e-06
5.500000000000000000e+03 2.942243190773297101e-05 2.745855636021587998e-05 3.559769083949504420e-06 2.015930476773064584e-06 1.586359430802986026e-04 2.981000477575435070e-07 4.237596658640541136e-05 5.293134677231137175e-07 2.894007593567948788e-06 2.536768533900612965e-06
6.000000000000000000e+03 2.554772436269558966e-05 3.113102866336703300e-05 4.849928700423333794e-06 3.310097099529230036e-06 1.413947029504925013e-04 1.061300736182602122e-07 3.283333353465422988e-05 5.009803771827137098e-06 4.074441676493734121e-06 1.365767457173205912e-05
6.500000000000000000e+03 3.178373663104139268e-05 5.311705899657681584e-05 5.452415734907845035e-06 9.509019491815706715e-07 7.438034663209691644e-05 1.339716817483349587e-07 3.174293306074105203e-05 8.926118425733875483e-06 1.063104491549893282e-06 2.203167605330236256e-05
7.000000000000000000e+03 2.952306749648414552e-05 1.089307988877408206e-05 2.158469953883468406e-07 3.179964096489129588e-07 5.115166277391836047e-05 1.095333530543030065e-07 2.130614666384644806e-05 8.671672162563481834e-07 1.144652301832138619e-07 8.129733032546937466e-06
7.500000000000000000e+03 1.385972154821502045e-05 5.832597889821045101e-05 3.071714900215738453e-07 5.939364768892119173e-07 2.562711233622394502e-05 6.762325455156315002e-08 9.425768075743690133e-05 3.462742483861802612e-07 2.517902260024129646e-07 9.766376933839637786e-07
8.000000000000000000e+03 5.034662081015994772e-06 5.748455350840231404e-06 5.676176328961446416e-07 6.451728609135898296e-07 1.159720068244496360e-05 6.088021109462715685e-08 1.177767262561246753e-05 3.907553889348491793e-07 4.991259174857987091e-07 9.806371963350102305e-07
8.500000000000000000e+03 1.692384466878138483e-05 2.109135857608634979e-05 8.424155453212733846e-07 2.621263206492585596e-07 1.919714268296957016e-04 2.714535298764531035e-07 1.009557381621561944e-04 6.355122650347766466e-07 5.578814921136654448e-07 3.051617341043311171e-06
9.000000000000000000e+03 1.142212786362506449e-04 4.705100727733224630e-04 4.021444692625664175e-05 6.199075869517400861e-05 5.583047168329358101e-04 2.221661929979745764e-07 4.122759273741394281e-04 3.139589898637495935e-05 5.366549521568231285e-05 2.781355869956314564e-04
9.500000000000000000e+03 1.226328186021419242e-05 7.156742412917083129e-06 1.411912364801537478e-07 6.758134674100801931e-08 8.614169200882315636e-05 3.038126905607896333e-08 8.726938176550902426e-06 6.491790713880618569e-07 5.519913059970349423e-08 7.437748763550189324e-07
1.000000000000000000e+04 1.187850830319803208e-05 3.630575884017162025e-05 3.853106704809761140e-07 1.934794369162773364e-07 8.878471271600574255e-05 2.018353484345425386e-08 3.351671693962998688e-05 4.356801071025984129e-07 2.296090997333521955e-07 2.262741418235236779e-06
1.050000000000000000e+04 1.401937424816424027e-05 1.273698217119090259e-05 4.025106079552642768e-07 2.086818255975231295e-07 8.399045327678322792e-05 4.317728041769441916e-08 3.750109317479655147e-05 1.738253132543832180e-07 2.288905776026695094e-08 2.317070538992993534e-06
1.100000000000000000e+04 9.308226253779139370e-06 2.672616756171919405e-05 1.418067796521427226e-07 3.762983524779883737e-08 5.583809615927748382e-05 2.946642219114892214e-08 2.828293509082868695e-05 8.777019644412575872e-08 3.557372707518879906e-08 6.427124390029348433e-06
1.150000000000000000e+04 1.413646714354399592e-05 1.202720522996969521e-05 8.553672046218707692e-07 3.005139035394677194e-07 1.439615589333698153e-04 8.773523063609900419e-08 1.785143649613019079e-05 2.374008545302785933e-06 6.897037678754713852e-07 9.023994607559870929e-06
1.200000000000000000e+04 1.222425544256111607e-05 4.021078893856611103e-06 9.383623478242952842e-08 6.669242225143534597e-08 1.001736018224619329e-04 1.036136509924290294e-07 7.170092885644407943e-06 2.615590517507371260e-07 4.385368512771492533e-08 2.455047706462210044e-06
1.250000000000000000e+04 3.057779758819378912e-05 4.350711125880479813e-03 2.479201612004544586e-06 7.897502314335724805e-07 2.629827649798244238e-04 1.332565204847924178e-07 5.045417696237564087e-03 2.689110942810657434e-06 2.604214159873663448e-07 4.684887971961870790e-05
1.300000000000000000e+04 2.886815673264209181e-05 1.570584390719886869e-05 1.058465954884013627e-06 5.904145723434339743e-07 1.492734154453501105e-04 4.798413044682092732e-08 2.373401730437763035e-05 1.769830078046652488e-06 5.737054493692994583e-07 3.299483523733215407e-06
1.350000000000000000e+04 7.478223778889514506e-06 1.971879100892692804e-06 4.673985998238094908e-08 3.877058318835224782e-08 3.665067197289317846e-05 2.574995860982198792e-08 5.795065135316690430e-06 1.556944511094116024e-07 7.568623949794073269e-09 8.420074095738527831e-07
1.400000000000000000e+04 6.742017376382136717e-06 4.084319516550749540e-05 8.523272754246136174e-07 4.065338998771039769e-08 4.693093433161266148e-05 1.844232322412153735e-08 3.924521661247126758e-05 1.551866830595827196e-07 1.321046738667064346e-08 1.718060957500711083e-05
1.450000000000000000e+04 2.552067780925426632e-05 1.283455094380769879e-05 1.458348492633376736e-06 2.273886366310762241e-06 1.714907557470723987e-04 2.677495558600639924e-08 1.876563692349009216e-05 4.053523809943726519e-07 1.533055979052733164e-06 9.529783710604533553e-06
1.500000000000000000e+04 1.371031157759716734e-05 1.328365488006966189e-05 2.126991489603824448e-07 4.900578431943358737e-08 9.708324068924412131e-05 1.351983769382059108e-08 2.583885725471191108e-05 2.703810650928062387e-07 2.927664297658338910e-07 9.359401701658498496e-06
1.550000000000000000e+04 3.625156523412442766e-06 6.343814675346948206e-06 6.610441971588443266e-08 3.678483295743717463e-08 3.605556048569269478e-05 7.395308809776679482e-09 1.797459117369726300e-05 2.044463371930760331e-07 7.071568219885193685e-09 7.321961220441153273e-06
1.600000000000000000e+04 1.859151211647258606e-06 3.074031701544299722e-05 1.356789454121098970e-07 3.478922110389248701e-07 1.515649910288630053e-05 4.374430595532885491e-09 2.921399573097005486e-05 9.581307836015184876e-08 2.289440281799670629e-08 4.717980482382699847e-05
1.650000000000000000e+04 1.200700626213802025e-05 7.370737421297235414e-06 3.227208082989818649e-07 1.752276688193887821e-07 1.570258064020890743e-05 3.797878278533062257e-08 1.005990543490042910e-05 1.047097910600314208e-07 1.163759080213822017e-07 1.407622789884044323e-06
1.700000000000000000e+04 2.506414602976292372e-06 2.467897957103559747e-06 7.917865474382779212e-08 4.001590170332747221e-08 3.359704123795381747e-06 4.036646128469101313e-09 6.234885859157657251e-06 4.805788123007914692e-08 4.071426928931032307e-08 1.147991838479356375e-06
1.750000000000000000e+04 4.463829100131988525e-06 3.665799522423185408e-05 5.346097609049138555e-08 4.770583217350576888e-08 3.935051063308492303e-05 3.788861224762740676e-09 1.712686753307934850e-05 3.906889958216197556e-07 2.253950137642846130e-09 1.508553168605430983e-06
1.800000000000000000e+04 1.767711069078359287e-06 3.819656285486416891e-06 5.848245621109526837e-08 4.237286788111305214e-08 1.021663319988874719e-05 2.643364638288403512e-09 7.498061222577234730e-06 9.913132714700623183e-08 5.437692518484027460e-09 1.217587737301073503e-06
1.850000000000000000e+04 1.650937747399439104e-06 2.992332701978739351e-05 1.965067468745473889e-07 1.812088612496154383e-08 1.573284134792629629e-05 8.974035736741825531e-09 1.582812001288402826e-05 1.437154821815056494e-07 1.728085408103652298e-08 3.525594365783035755e-05
1.900000000000000000e+04 8.375006927963113412e-07 2.257360620205872692e-06 3.451370389484509360e-08 2.381037056409240904e-08 5.890234206162858754e-06 5.362435384625996448e-09 5.469757525133900344e-06 9.252022437067353167e-08 5.912464740021050602e-09 1.607262856850866228e-05
1.950000000000000000e+04 5.334039087756536901e-06 1.659451663726940751e-04 3.993681616520916577e-07 1.303401830909933778e-07 2.980447970912791789e-05 6.547266728773593059e-09 2.370409201830625534e-04 2.920819497376214713e-07 1.608216706472376245e-07 8.065637302934192121e-06
2.000000000000000000e+04 3.159589823553687893e-06 7.465983799193054438e-05 1.820866799562281813e-07 5.887454435082872806e-08 2.329376548004802316e-05 2.606512161662521976e-08 9.738667722558602691e-05 2.174665496568195522e-07 6.990678969032160239e-08 9.032440175360534340e-06
2.050000000000000000e+04 2.062228077193140052e-06 4.571673798636766151e-06 2.051742242770160374e-08 4.769122341485854122e-08 1.353077641397248954e-05 4.058283042951416064e-09 5.051600055594462901e-06 3.683948079924448393e-08 2.496250139927269629e-08 1.867204332484106999e-06
2.100000000000000000e+04 8.843246064316190314e-07 2.217143673988175578e-06 7.575708060869601468e-09 1.203300925567418744e-08 6.876643965370021760e-06 5.673015945895087953e-10 3.144472202620818280e-06 6.107326555593317607e-08 1.261318605116912295e-08 4.093110419489676133e-06
2.150000000000000000e+04 9.826757377595640719e-06 8.194511792680714279e-06 4.272437337249357370e-08 2.714164715200695355e-08 1.641662092879414558e-04 3.747199528447708872e-08 1.099711153074167669e-05 3.338245946338247450e-08 8.006770002566554467e-08 6.412608968275890220e-07
2.200000000000000000e+04 1.522644379292614758e-05 5.643114855047315359e-05 1.435200942978553940e-06 1.258837528439471498e-06 1.750772498780861497e-04 3.018600036597263170e-09 5.397989298216998577e-05 4.803503088623983786e-07 3.173204561335296603e-07 2.467301555952872150e-06
2.250000000000000000e+04 6.062698503228602931e-06 2.078720171994064003e-05 2.071588625085496460e-07 2.079648169228676124e-07 6.163222860777750611e-05 1.025112661423577265e-09 1.548833824926987290e-05 2.376047802954417421e-08 6.734718027701092069e-08 2.213356856373138726e-05
2.300000000000000000e+04 8.132079187816998456e-07 3.642088358901673928e-06 2.951917643656543078e-08 1.503586588569305604e-08 2.204436441388679668e-06 2.229645579276962053e-09 4.119354343856684864e-06 1.035062080489979053e-08 2.140440713560565200e-08 2.032548654824495316e-04
2.350000000000000000e+04 1.973589405679376796e-06 8.404306299780728295e-07 1.521949499760921753e-08 1.487796641441718748e-08 1.272875579161336645e-06 1.356133427776740064e-09 8.671191835674108006e-07 5.814138148707570508e-07 1.529180195802837261e-07 1.090778596335439943e-06
2.400000000000000000e+04 8.740503290027845651e-07 6.063237378839403391e-07 1.013536632399336668e-08 1.134882410269710817e-08 9.070993201021337882e-07 1.147110406662932292e-09 1.094900653697550297e-06 4.282398151644883910e-07 1.177558104359377467e-07 8.965636766333773267e-07
2.450000000000000000e+04 7.815471576577692758e-07 1.785402673704084009e-05 9.282479851435709861e-08 1.913813640896933066e-08 8.161938239936716855e-06 3.724923036685368061e-09 2.275461883982643485e-05 4.918299012501847756e-08 3.731973308163105685e-08 1.201286977448035032e-05
2.500000000000000000e+04 2.459619281580671668e-07 9.488057912676595151e-07 4.385781071647443241e-09 9.222299368616404536e-09 2.625591378091485240e-06 1.156375106781126760e-09 1.268400637854938395e-06 3.884394317310579936e-08 3.553432748049090151e-08 7.998657565622124821e-06
2.550000000000000000e+04 1.844650614657439291e-05 1.555429662403184921e-05 5.185146960684505757e-07 2.443543678509740857e-07 6.272154132602736354e-05 6.496576165915257661e-09 1.347285706287948415e-05 4.481408382162044290e-07 2.752455259269481758e-07 6.723472779412986711e-06
2.600000000000000000e+04 5.661825980496359989e-06 8.651027746964246035e-05 2.580525517714704620e-07 1.371688824747252511e-07 1.220287049363832921e-05 7.023281511919776676e-09 6.092559488024562597e-05 1.976728754016221501e-07 3.202807263846807473e-08 9.238544407708104700e-06
2.650000000000000000e+04 1.958004759217146784e-06 5.420203251560451463e-06 5.601887664852256421e-08 1.369393132222285203e-08 3.230736911064013839e-05 8.080083269135229784e-09 3.624004420998971909e-06 8.903505204216344282e-07 8.557478281545627397e-08 1.599623828951735049e-05
2.700000000000000000e+04 3.068513478865497746e-06 1.254339731531217694e-04 9.179842095363710541e-07 2.538511409966304200e-07 3.916681816917844117e-05 6.116370965258965953e-09 1.389247045153751969e-04 2.805110455028625438e-07 1.892533560976517037e-07 7.739988359389826655e-05
2.750000000000000000e+04 7.114752406778279692e-06 4.385732154332799837e-06 5.167963124108609918e-08 1.321306513091258239e-07 2.875736026908271015e-05 2.659971620744272514e-08 2.971763706227648072e-06 2.768587705759273376e-07 5.840508947585476562e-07 1.730868120830564294e-06
2.800000000000000000e+04 2.056211769740912132e-06 3.132875235678511672e-06 2.917522046175236028e-08 2.676189048145261040e-08 4.747655111714266241e-06 8.416621288809267298e-10 3.674253775898250751e-06 4.079555893099495734e-08 6.278403930082276929e-07 3.090047812293050811e-06
2.850000000000000000e+04 2.399053300905507058e-05 7.421663758577778935e-05 2.059130338238901459e-06 1.547059810036444105e-06 2.109352499246597290e-04 1.881587365915038390e-07 7.635386282345280051e-05 1.544530618957651313e-06 3.535278665367513895e-07 4.674604497267864645e-06
2.900000000000000000e+04 9.748503543960396200e-06 1.128367948695085943e-04 2.802723599870660109e-07 1.098765309848204197e-07 7.855818694224581122e-05 9.693558666867829743e-08 8.689383685123175383e-05 2.382024746339084231e-07 7.307907594622520264e-07 2.594274155853781849e-05
2.950000000000000000e+04 3.108527607764699496e-06 2.129273752871085890e-06 3.732618480967175856e-08 1.436582408587128157e-07 1.924003663589246571e-05 1.756374778949520987e-08 8.752787834964692593e-06 7.294152624126581941e-07 6.114737516327295452e-07 2.778583620965946466e-06
3.000000000000000000e+04 1.792157945601502433e-06 1.550177785247797146e-06 1.288862261361600758e-08 2.197308823781440879e-08 9.213303201249800622e-06 9.126844169315972977e-09 8.920664186007343233e-06 3.414684215385932475e-07 3.954377234549610876e-07 2.233914528915192932e-06
3.050000000000000000e+04 1.250607169822615106e-06 1.824129071792413015e-06 1.037630603661909845e-08 2.759338890712115244e-08 3.486722562229260802e-06 1.311477682008899137e-08 5.487425823957892135e-06 4.298487965570529923e-08 3.345414825162151828e-07 1.874459849204868078e-05
3.100000000000000000e+04 3.963703250065009343e-07 9.540444807498715818e-07 4.890770011201084344e-09 1.160987661563694928e-08 6.832831900283053983e-07 7.633343734880781994e-09 4.734062713396269828e-06 4.064401437631204317e-08 1.230622643788592541e-07 2.401163510512560606e-05
3.150000000000000000e+04 3.302839104435406625e-06 2.607899841677863151e-05 6.511268679787463043e-08 2.022148670732804021e-08 3.146566768919001333e-06 3.262904613166028867e-09 2.268260141136124730e-05 9.098062605517043266e-07 3.102914192254502268e-08 1.160007450380362570e-04
3.200000000000000000e+04 3.298997626188793220e-07 9.478070523982751183e-07 6.663797513795088889e-09 8.483341140674838243e-09 4.694853998898906866e-07 1.012009587242346242e-08 1.523969444860995281e-06 3.100103640463203192e-07 2.694858736163041613e-08 1.639287511352449656e-04
3.250000000000000000e+04 8.528303624188993126e-06 6.331388703983975574e-06 6.967523091816474334e-08 1.086126122373798353e-08 4.046981848659925163e-05 5.111428169612963757e-09 2.103855695168022066e-05 2.189951402442602557e-07 1.606662247688461775e-09 1.475252611271571368e-05
3.300000000000000000e+04 3.402853735678945668e-06 4.618611001205863431e-06 1.457026854723153519e-08 7.558076831060134282e-09 1.784037885954603553e-05 5.772000211123895497e-09 1.584528945386409760e-05 1.768904525079051382e-07 6.422181897391965322e-09 6.569438846781849861e-05
3.350000000000000000e+04 3.912472493539098650e-06 7.061759788484778255e-06 7.606174534657839104e-08 4.349433879724529106e-08 1.882210199255496264e-05 1.145395422952333320e-08 1.399945085722720250e-05 3.410986266771942610e-07 1.995976894875184371e-08 1.599633251316845417e-04
3.400000000000000000e+04 1.782897129487537313e-06 2.534174882384832017e-06 3.653113722634770966e-08 2.658623543538851663e-08 9.871419024420902133e-07 9.163889203023245500e-09 8.694782081875018775e-06 3.136392763281037332e-07 1.778746572256295622e-08 3.911306557711213827e-04
3.450000000000000000e+04 2.732611164901754819e-06 4.642306976165855303e-06 5.426028693022999505e-08 8.154191100118168833e-09 2.546802352298982441e-05 1.608043298517713993e-08 5.546925876842578873e-06 1.898761041729812860e-07 2.060095916078807932e-08 1.105586488847620785e-05
3.500000000000000000e+04 7.958088303894328419e-07 1.612703499631606974e-06 1.482178557665747576e-08 2.049307745721762331e-08 1.974000497284578159e-06 4.582351831317055257e-09 6.883758942421991378e-06 1.497909693171095569e-06 3.512788993020876660e-08 1.280231954297050834e-04
3.550000000000000000e+04 1.044602754518564325e-06 6.681772219963022508e-07 1.058938448039725699e-08 1.128477133960359424e-08 6.436053467950841878e-07 4.033572365003124105e-10 1.107252774090738967e-05 2.636919361975742504e-06 3.100640100228702067e-08 3.556411538738757372e-04
3.600000000000000000e+04 9.206343065670807846e-07 6.357070674312126357e-07 8.495426584431697847e-09 1.023293716428952393e-08 4.650682967621833086e-07 5.582072581944430567e-10 1.052757761499378830e-05 4.306889422878157347e-06 2.660831377454542235e-08 3.921296738553792238e-04
3.650000000000000000e+04 2.144875679732649587e-06 1.308637820329749957e-06 1.125160675741199157e-08 8.197306300417039893e-08 1.316448674515413586e-06 1.206664324016060164e-09 2.848771373464842327e-06 4.387457579468900803e-07 2.907482921088444527e-09 6.806167075410485268e-04
3.700000000000000000e+04 6.603975748475932050e-07 5.940062237641541287e-07 4.766268713041199589e-09 3.484652566498880333e-08 5.778368858955218457e-07 2.194131321076042695e-09 1.526424966868944466e-06 5.421954369921877515e-07 9.046857485373038799e-09 7.263153675012290478e-04
3.750000000000000000e+04 6.681084869342157617e-06 3.950218524551019073e-05 3.473584797575313132e-08 5.760605858995404560e-08 7.668291800655424595e-05 2.011561583969978528e-09 7.509854913223534822e-05 3.285483529680277570e-08 4.867331071523040009e-08 2.758525852186721750e-06
3.800000000000000000e+04 3.046451411137240939e-06 4.677319338952656835e-06 8.026521669535213732e-09 2.000218302100620349e-08 6.494609988294541836e-05 3.887716537587238008e-10 1.723455534374807030e-05 1.867476484562757832e-08 1.913022984467716014e-08 7.538535555795533583e-07
3.850000000000000000e+04 3.066774524995707907e-06 1.505559703218750656e-05 4.685407262172702758e-08 5.318701212786436372e-08 3.672995808301493526e-05 6.240353789266350759e-10 2.189289261878002435e-05 1.270135498998570256e-07 4.272784792647144059e-09 1.098007487598806620e-05
3.900000000000000000e+04 1.988779877137858421e-05 7.662980351597070694e-06 9.101980680270571611e-08 1.353287757410726044e-07 1.151006727013736963e-04 5.293468330336281724e-09 3.100066896877251565e-05 6.292553393905109260e-07 2.230757623067347595e-08 1.457688995287753642e-06
3.950000000000000000e+04 2.259185521324980073e-06 7.760514563415199518e-05 6.681522677354223561e-07 1.718988329457715736e-07 2.430131098662968725e-05 1.290695439415401324e-09 9.140134352492168546e-05 3.320274572615744546e-06 2.786888408934373729e-08 2.265687180624809116e-05
4.000000000000000000e+04 5.364993285184027627e-07 1.722512479318538681e-06 2.227638695728728635e-08 2.569617763015230594e-08 1.295049059990560636e-06 1.031066010348524742e-09 7.824124622857198119e-06 7.071459435792348813e-07 9.283329660547678941e-08 1.651179627515375614e-05
4.050000000000000000e+04 6.940611910977168009e-06 1.600384530320297927e-05 1.506809041984524811e-07 2.781471550861169817e-07 6.039438449079170823e-05 2.642574825628685176e-09 1.749786024447530508e-04 2.109461547661339864e-06 8.199313583645562176e-08 1.084517061826772988e-04
4.100000000000000000e+04 2.850762029993347824e-06 6.742551704519428313e-06 2.440060242747676966e-08 2.662427256439059420e-08 2.030923496931791306e-05 8.629719716601869095e-10 8.741703641135245562e-05 1.413496761415444780e-06 1.731627397028034920e-09 3.084941708948463202e-04
4.150000000000000000e+04 5.102220256958389655e-06 3.830819878203328699e-06 1.513858549628821493e-08 4.348021320765838027e-08 1.298029674217104912e-04 1.452432063508979354e-09 5.808038622490130365e-06 9.345379226033401210e-08 2.991086205383908236e-07 6.122756985860178247e-07
4.200000000000000000e+04 2.162557848350843415e-06 4.387595708976732567e-06 1.111521008567706303e-08 4.984847379319035099e-08 1.169439565273933113e-04 5.239687017599692354e-10 5.920612693444127217e-06 5.019279214479865914e-08 4.071391046522876422e-08 2.190951590819167905e-06
