# step, loss_train, loss_test, metrics_test
0.000000000000000000e+00 1.397727290168404579e-03 6.200617551803588867e-02 6.049170345067977905e-02 1.308022532612085342e-02 1.180815771222114563e-01 1.333290594629943371e-03 6.667961180210113525e-02 4.082189872860908508e-02 6.801855284720659256e-03 1.164690405130386353e-01
5.000000000000000000e+02 1.158911072707269341e-05 6.269094085693359375e+01 5.243821306066820398e-07 6.448861000762917683e-08 6.566484832763671875e+01 7.818510312063153833e-06 6.254685592651367188e+01 3.207806855698436266e-07 3.960120675827738523e-09 6.563188934326171875e+01
1.000000000000000000e+03 1.208235335070639849e-05 6.200071334838867188e+01 6.042562858965538908e-07 7.011728797579053207e-08 6.495782470703125000e+01 8.153385351761244237e-06 6.185723495483398438e+01 4.077364508248138009e-07 7.801695289799681632e-09 6.492505645751953125e+01
1.500000000000000000e+03 1.319561306445393711e-05 6.070290374755859375e+01 3.311106127057428239e-07 7.680542779553434229e-08 6.394943237304687500e+01 8.663705557410139591e-06 6.087391662597656250e+01 6.007090860293828882e-07 2.029405976600173744e-08 6.391719055175781250e+01
2.000000000000000000e+03 1.429463463864522055e-05 5.942720413208007812e+01 5.757727876698481850e-07 9.567431646928525879e-08 6.263867950439453125e+01 9.377807145938277245e-06 5.959529495239257812e+01 1.058712655321869534e-06 6.191869061922261608e-08 6.260676574707031250e+01
2.500000000000000000e+03 1.481053823226829991e-05 5.776736450195312500e+01 1.354782511953089852e-06 1.268027745027211495e-07 6.101601791381835938e+01 1.036154480971163139e-05 5.801272201538085938e+01 2.183246806453098543e-06 1.946803536156949122e-07 6.098491287231445312e+01
3.000000000000000000e+03 1.640539994696155190e-05 5.584934616088867188e+01 3.192087433490087278e-06 2.811966055560333189e-07 5.904233932495117188e+01 1.167024220194434747e-05 5.608753967285156250e+01 4.861283287027617916e-06 5.651453989230503794e-07 5.901174163818359375e+01
3.500000000000000000e+03 2.132886038452852517e-05 5.373846817016601562e+01 7.800679668434895575e-06 7.412893410219112411e-07 5.656703567504882812e+01 1.332350529992254451e-05 5.367396163940429688e+01 1.088388216885505244e-05 1.440252958673227113e-06 5.653693389892578125e+01
4.000000000000000000e+03 2.386968662904109806e-05 5.053761672973632812e+01 1.603935925231780857e-05 1.214704298035940155e-06 5.327712631225585938e+01 1.569877349538728595e-05 5.047145080566406250e+01 2.049257091130129993e-05 2.710442913667066023e-06 5.324800491333007812e+01
4.500000000000000000e+03 2.759542985586449504e-05 4.660016250610351562e+01 1.748966860759537667e-05 1.472020016990427393e-06 4.880488204956054688e+01 1.953085848072078079e-05 4.613242721557617188e+01 2.436894101265352219e-05 3.069741069339215755e-06 4.877730178833007812e+01
5.000000000000000000e+03 4.189378159935586154e-05 4.048909759521484375e+01 1.471449832024518400e-05 2.210841103078564629e-06 4.252755355834960938e+01 2.947616849269252270e-05 4.006095504760742188e+01 2.462567681504879147e-05 3.494911197776673362e-06 4.250177001953125000e+01
5.500000000000000000e+03 9.048915671883150935e-05 3.100230598449707031e+01 2.153104833269026130e-05 2.444485744490521029e-06 3.281302261352539062e+01 7.068079139571636915e-05 3.069995880126953125e+01 3.212381488992832601e-05 5.889188742003170773e-06 3.279063415527343750e+01
6.000000000000000000e+03 1.017062531900592148e-04 1.872936630249023438e+01 6.993986607994884253e-05 3.776991206905222498e-06 2.011735916137695312e+01 9.523941844236105680e-05 1.850752639770507812e+01 4.749155777972191572e-05 8.928752322390209883e-06 2.010031700134277344e+01
6.500000000000000000e+03 2.434107227600179613e-05 1.042233562469482422e+01 1.049438578775152564e-04 4.522281869867583737e-06 1.152209949493408203e+01 2.265818147861864418e-05 1.030487442016601562e+01 4.829585668630897999e-05 9.046128980116918683e-06 1.150932598114013672e+01
7.000000000000000000e+03 8.860131856636144221e-06 5.202897548675537109e+00 1.358159788651391864e-04 6.072929863876197487e-06 5.976090431213378906e+00 3.006798579008318484e-06 5.116279602050781250e+00 5.827790664625354111e-05 1.141449592978460714e-05 5.967249870300292969e+00
7.500000000000000000e+03 9.245393812307156622e-06 2.249832391738891602e+00 1.654689258430153131e-04 6.387020221154671162e-06 2.811798334121704102e+00 2.873115136026171967e-06 2.251473188400268555e+00 5.843117105541750789e-05 1.149945819634012878e-05 2.806210517883300781e+00
8.000000000000000000e+03 1.102496844396227971e-05 9.251312613487243652e-01 1.625737495487555861e-04 6.305662736849626526e-06 1.265146136283874512e+00 3.526906084516667761e-06 9.230885505676269531e-01 5.852630783920176327e-05 1.160044848802499473e-05 1.261744379997253418e+00
8.500000000000000000e+03 1.397964206262258813e-05 3.439167439937591553e-01 1.473038428230211139e-04 7.012996775301871821e-06 4.993734359741210938e-01 4.383147825137712061e-06 3.232540488243103027e-01 6.008901254972442985e-05 1.189898193842964247e-05 4.976785182952880859e-01
9.000000000000000000e+03 1.527383028587792069e-05 1.143668144941329956e-01 1.458461192669346929e-04 6.831986866018269211e-06 1.689427793025970459e-01 5.010334461985621601e-06 1.103523224592208862e-01 5.961335409665480256e-05 1.167793470813194290e-05 1.683926433324813843e-01
9.500000000000000000e+03 1.571120992593932897e-05 5.727310478687286377e-02 1.508006680523976684e-04 7.025829745543887839e-06 5.267636477947235107e-02 5.302973477228078991e-06 6.633678078651428223e-02 5.771651922259479761e-05 1.117207102652173489e-05 5.281898751854896545e-02
1.000000000000000000e+04 1.575889291416388005e-05 5.579423531889915466e-02 1.466819085180759430e-04 6.756648872396908700e-06 1.876018382608890533e-02 5.387447345128748566e-06 6.928942352533340454e-02 5.612176755676046014e-05 1.078283185051986948e-05 1.926416531205177307e-02
1.050000000000000000e+04 1.472944222769001499e-05 6.191021203994750977e-02 1.365039061056450009e-04 6.127761480456683785e-06 9.939737617969512939e-03 5.385001713875681162e-06 7.533254474401473999e-02 5.527118264581076801e-05 1.058579528034897521e-05 1.057876646518707275e-02
1.100000000000000000e+04 1.464348679292015731e-05 6.359734386205673218e-02 1.355977437924593687e-04 6.081199899199418724e-06 7.929848507046699524e-03 5.348013019101927057e-06 7.756660133600234985e-02 5.488962415256537497e-05 1.050455830409191549e-05 8.611664175987243652e-03
1.150000000000000000e+04 1.472715939598856494e-05 7.784667611122131348e-02 1.307938218815252185e-04 5.193252036406192929e-06 9.472251869738101959e-03 5.253354174783453345e-06 7.580013573169708252e-02 5.484939902089536190e-05 1.051740400725975633e-05 1.012503169476985931e-02
1.200000000000000000e+04 1.451924526918446645e-05 7.766173034906387329e-02 1.303380704484879971e-04 5.189088824408827350e-06 9.651917032897472382e-03 5.145637715031625703e-06 7.560804486274719238e-02 5.461645559989847243e-05 1.048976719175698236e-05 1.030114665627479553e-02
1.250000000000000000e+04 1.196905577671714127e-05 8.085295557975769043e-02 1.114234764827415347e-04 5.577535830525448546e-06 1.008188072592020035e-02 4.989538865629583597e-06 7.516498118638992310e-02 5.436500941868871450e-05 1.046857505571097136e-05 1.072528120130300522e-02
1.300000000000000000e+04 1.162249918706947938e-05 8.083299547433853149e-02 1.108209326048381627e-04 5.579584467341192067e-06 1.009582728147506714e-02 4.796957455255324021e-06 7.514132559299468994e-02 5.399736619438044727e-05 1.043091560859465972e-05 1.073908898979425430e-02
1.350000000000000000e+04 1.329656515736132860e-05 7.561594247817993164e-02 1.286068436456844211e-04 5.013270310882944614e-06 9.895671159029006958e-03 4.665143478632671759e-06 7.533124834299087524e-02 5.351012077881023288e-05 1.035639252222608775e-05 1.054288446903228760e-02
1.400000000000000000e+04 1.296970822295406833e-05 7.561457157135009766e-02 1.273218076676130295e-04 4.987437478121137246e-06 9.891122579574584961e-03 4.503279797063441947e-06 7.532446086406707764e-02 5.291684647090733051e-05 1.026880090648774058e-05 1.053855009377002716e-02
1.450000000000000000e+04 1.304884426645003259e-05 7.318040728569030762e-02 1.278034760616719723e-04 5.574885562964482233e-06 8.887859992682933807e-03 4.338265171099919826e-06 7.637079060077667236e-02 5.199436418479308486e-05 1.010545111057581380e-05 9.555289521813392639e-03
1.500000000000000000e+04 1.261960551346419379e-05 7.317554950714111328e-02 1.254234084626659751e-04 5.490179773914860561e-06 8.884095586836338043e-03 4.135677954764105380e-06 7.635780423879623413e-02 5.095693268231116235e-05 9.930348824127577245e-06 9.551724418997764587e-03
1.550000000000000000e+04 9.988657438952941447e-06 5.865516513586044312e-02 1.114904953283257782e-04 6.006328476360067725e-06 6.390656810253858566e-03 3.846324489131802693e-06 7.954418659210205078e-02 4.938984056934714317e-05 9.641990800446365029e-06 7.110805716365575790e-03
1.600000000000000000e+04 9.271414455724880099e-06 5.864724144339561462e-02 1.081107766367495060e-04 5.862666512257419527e-06 6.386231631040573120e-03 3.507386054479866289e-06 7.951935380697250366e-02 4.777044523507356644e-05 9.362789569422602654e-06 7.106964942067861557e-03
1.650000000000000000e+04 1.181167590402765200e-05 7.563705742359161377e-02 1.094753970392048359e-04 5.457771294459234923e-06 8.838646113872528076e-03 3.355172793817473575e-06 7.635078579187393188e-02 4.599899330059997737e-05 9.002288607007358223e-06 9.495388716459274292e-03
1.700000000000000000e+04 1.134420836024219170e-05 7.562634348869323730e-02 1.037529946188442409e-04 5.144376700627617538e-06 8.831258863210678101e-03 3.204412223567487672e-06 7.633177191019058228e-02 4.359675222076475620e-05 8.501163392793387175e-06 9.488185867667198181e-03
1.750000000000000000e+04 1.047896694217342883e-05 7.240886986255645752e-02 1.023216609610244632e-04 3.749134748431970365e-06 6.869265343993902206e-03 2.975964207507786341e-06 7.871264219284057617e-02 4.063641972607001662e-05 7.930476385809015483e-06 7.585783023387193680e-03
1.800000000000000000e+04 9.665640391176566482e-06 7.239491492509841919e-02 9.452213998883962631e-05 3.487858293738099746e-06 6.857717875391244888e-03 2.802131575663224794e-06 7.867126166820526123e-02 3.738736631930805743e-05 7.316869414353277534e-06 7.574541494250297546e-03
1.850000000000000000e+04 9.428235898667480797e-06 5.769324675202369690e-02 7.719772838754579425e-05 3.694389761221827939e-06 5.210565403103828430e-03 2.797104798446525820e-06 8.123651146888732910e-02 3.277816722402349114e-05 6.140856385172810405e-06 5.959880538284778595e-03
1.900000000000000000e+04 9.468012649449519813e-06 5.766743049025535583e-02 6.470789230661466718e-05 2.876126018236391246e-06 5.202922038733959198e-03 2.829727236530743539e-06 8.122783899307250977e-02 2.794187639665324241e-05 4.925491339236032218e-06 5.951173603534698486e-03
1.950000000000000000e+04 7.286872460099402815e-06 7.064972072839736938e-02 6.297623622231185436e-05 2.883198249037377536e-06 8.053701370954513550e-03 3.076081839026301168e-06 7.692214846611022949e-02 2.396398485871031880e-05 4.418435764819150791e-06 8.738698437809944153e-03
2.000000000000000000e+04 7.933917913760524243e-06 7.060094177722930908e-02 5.355361281544901431e-05 2.717525831030798145e-06 8.005722425878047943e-03 5.584095106314634904e-06 7.677064090967178345e-02 1.969072582141961902e-05 3.872467004839563742e-06 8.694385178387165070e-03
2.050000000000000000e+04 1.257243275176733732e-05 7.733858376741409302e-02 3.163266592309810221e-05 1.933673274834291078e-06 8.889269083738327026e-03 1.144218003901187330e-05 7.552400976419448853e-02 1.459792838431894779e-05 3.021027623617555946e-06 9.557925164699554443e-03
2.100000000000000000e+04 2.461325129843316972e-05 7.721898704767227173e-02 2.115025745297316462e-05 1.614754523870942649e-06 8.798873052000999451e-03 2.424644662823993713e-05 7.528216391801834106e-02 9.797211532713845372e-06 2.243055178041686304e-06 9.472528472542762756e-03
2.150000000000000000e+04 7.049771375022828579e-05 6.804536283016204834e-02 2.566807779658120126e-05 3.682661144921439700e-06 7.396500557661056519e-03 7.000849291216582060e-05 7.617840170860290527e-02 7.488305527658667415e-06 3.041583795493352227e-06 8.105912245810031891e-03
2.200000000000000000e+04 2.009450690820813179e-04 6.762608885765075684e-02 2.276628765685018152e-05 9.172435966320335865e-06 7.017489057034254074e-03 1.983340043807402253e-04 7.535531371831893921e-02 6.280158231675159186e-06 6.027227755112107843e-06 7.734815590083599091e-03
2.250000000000000000e+04 1.774926087819039822e-03 7.759947329759597778e-02 1.832292218750808388e-05 5.446586146717891097e-05 8.820383809506893158e-03 1.765918335877358913e-03 6.838171184062957764e-02 6.221173862286377698e-06 3.012532397406175733e-05 9.471979923546314240e-03
2.300000000000000000e+04 2.549904864281415939e-03 7.045894116163253784e-02 5.619473449769429862e-05 7.529024878749623895e-05 4.767993465065956116e-03 2.429627114906907082e-03 6.554327160120010376e-02 1.452477317798184231e-05 3.078251393162645400e-05 5.246079992502927780e-03
2.350000000000000000e+04 1.456810859963297844e-03 5.832657217979431152e-02 2.452491935400757939e-05 2.180169976782053709e-04 2.857116051018238068e-03 1.425603870302438736e-03 6.613266468048095703e-02 2.688415588636416942e-05 2.032627671724185348e-04 3.446232760325074196e-03
2.400000000000000000e+04 1.142664928920567036e-03 5.694280192255973816e-02 4.326074849814176559e-05 2.985353639815002680e-04 2.606807742267847061e-03 1.035987632349133492e-03 6.498979032039642334e-02 6.832358485553413630e-05 4.744965408463031054e-04 3.215755103155970573e-03
2.450000000000000000e+04 5.836368072777986526e-04 5.491311103105545044e-02 7.939125498523935676e-05 1.792242983356118202e-04 1.610872801393270493e-03 4.911758587695658207e-04 6.634356826543807983e-02 1.438489125575870275e-04 2.115562674589455128e-04 2.325875451788306236e-03
2.500000000000000000e+04 6.116114673204720020e-04 5.472511053085327148e-02 6.610685522900894284e-05 1.778298901626840234e-04 1.353383762761950493e-03 5.004518898203969002e-04 6.581259518861770630e-02 1.667760225245729089e-04 2.244548086309805512e-04 2.063971944153308868e-03
2.550000000000000000e+04 6.588156102225184441e-04 5.854263529181480408e-02 2.177645947085693479e-04 1.339404261671006680e-04 2.010040916502475739e-03 4.811046528629958630e-04 6.478780508041381836e-02 7.921688666101545095e-05 1.225656451424583793e-04 2.536661457270383835e-03
2.600000000000000000e+04 6.463971803896129131e-04 5.760052427649497986e-02 3.468206268735229969e-04 2.403515391051769257e-04 1.387530122883617878e-03 3.637867339421063662e-04 6.495569646358489990e-02 8.552319923182949424e-05 1.345711061730980873e-04 1.925789052620530128e-03
2.650000000000000000e+04 2.059939870378002524e-04 4.686389490962028503e-02 3.272129106335341930e-04 5.193853285163640976e-04 8.032266632653772831e-04 1.172915726783685386e-04 6.250784546136856079e-02 2.464018180035054684e-04 5.097522516734898090e-04 1.431409851647913456e-03
2.700000000000000000e+04 5.514667136594653130e-04 3.115025907754898071e-02 4.171246255282312632e-04 2.405546605587005615e-03 1.236139563843607903e-03 2.268300886498764157e-04 3.275877982378005981e-02 4.194643988739699125e-04 6.358196493238210678e-03 1.713355770334601402e-03
2.750000000000000000e+04 1.638476736843585968e-03 5.673333257436752319e-02 1.709695643512532115e-04 3.326633304823189974e-04 1.402298919856548309e-03 1.274425419978797436e-03 6.422713398933410645e-02 4.250075653544627130e-05 3.967672528233379126e-04 2.101867925375699997e-03
2.800000000000000000e+04 2.141397285461425781e+01 3.717378616333007812e+01 1.361419558525085449e+00 3.035372588783502579e-03 9.456595611572265625e+01 2.311544609069824219e+01 2.213967895507812500e+01 1.204894351959228516e+01 9.361624717712402344e-03 9.363239288330078125e+01
2.850000000000000000e+04 1.398609161376953125e+01 2.441462516784667969e+01 5.372983217239379883e-01 4.325036115915281698e-06 6.291276550292968750e+01 1.563646316528320312e+01 1.988062667846679688e+01 6.582532882690429688e+00 2.105996281898114830e-05 6.425385284423828125e+01
2.900000000000000000e+04 1.027892684936523438e+01 1.245698738098144531e+01 3.049944639205932617e-01 2.144571603635014867e-10 4.820299148559570312e+01 1.183368968963623047e+01 1.408450889587402344e+01 1.662571787834167480e+00 9.176013837652874372e-10 4.983078002929687500e+01
2.950000000000000000e+04 6.997748374938964844e+00 3.157053947448730469e+00 2.174756973981857300e-01 5.810607637407594339e-12 4.011849594116210938e+01 7.993185997009277344e+00 1.135659980773925781e+01 9.994982928037643433e-02 1.718043068921204508e-11 4.127209854125976562e+01
3.000000000000000000e+04 3.465287446975708008e+00 9.216685295104980469e-01 6.444826722145080566e-02 1.244293188450151799e-12 2.934491348266601562e+01 5.377474784851074219e+00 1.110363960266113281e+01 0.000000000000000000e+00 1.589477139317396759e-12 3.052795410156250000e+01
3.050000000000000000e+04 0.000000000000000000e+00 9.760665283203125000e+02 0.000000000000000000e+00 0.000000000000000000e+00 9.643469238281250000e+02 0.000000000000000000e+00 9.768451538085937500e+02 0.000000000000000000e+00 0.000000000000000000e+00 9.644756469726562500e+02
3.100000000000000000e+04 0.000000000000000000e+00 9.757253417968750000e+02 0.000000000000000000e+00 0.000000000000000000e+00 9.640078735351562500e+02 0.000000000000000000e+00 9.765036621093750000e+02 0.000000000000000000e+00 0.000000000000000000e+00 9.641367797851562500e+02
3.150000000000000000e+04 0.000000000000000000e+00 9.737166748046875000e+02 0.000000000000000000e+00 0.000000000000000000e+00 9.635933227539062500e+02 0.000000000000000000e+00 9.760864257812500000e+02 0.000000000000000000e+00 0.000000000000000000e+00 9.637218627929687500e+02
3.200000000000000000e+04 0.000000000000000000e+00 9.731688232421875000e+02 0.000000000000000000e+00 0.000000000000000000e+00 9.630484008789062500e+02 0.000000000000000000e+00 9.755378417968750000e+02 0.000000000000000000e+00 0.000000000000000000e+00 9.631770629882812500e+02
3.250000000000000000e+04 0.000000000000000000e+00 9.730670776367187500e+02 0.000000000000000000e+00 0.000000000000000000e+00 9.623547973632812500e+02 0.000000000000000000e+00 9.748399658203125000e+02 0.000000000000000000e+00 0.000000000000000000e+00 9.624832763671875000e+02
3.300000000000000000e+04 0.000000000000000000e+00 9.721734008789062500e+02 0.000000000000000000e+00 0.000000000000000000e+00 9.614656982421875000e+02 0.000000000000000000e+00 9.739453735351562500e+02 0.000000000000000000e+00 0.000000000000000000e+00 9.615941162109375000e+02
3.350000000000000000e+04 0.000000000000000000e+00 9.707030639648437500e+02 0.000000000000000000e+00 0.000000000000000000e+00 9.603263549804687500e+02 0.000000000000000000e+00 9.727984008789062500e+02 0.000000000000000000e+00 0.000000000000000000e+00 9.604547119140625000e+02
3.400000000000000000e+04 0.000000000000000000e+00 9.692297973632812500e+02 0.000000000000000000e+00 0.000000000000000000e+00 9.588610839843750000e+02 0.000000000000000000e+00 9.713237915039062500e+02 0.000000000000000000e+00 0.000000000000000000e+00 9.589893188476562500e+02
3.450000000000000000e+04 0.000000000000000000e+00 9.673563842773437500e+02 0.000000000000000000e+00 0.000000000000000000e+00 9.569837036132812500e+02 0.000000000000000000e+00 9.694343261718750000e+02 0.000000000000000000e+00 0.000000000000000000e+00 9.571120605468750000e+02
3.500000000000000000e+04 0.000000000000000000e+00 9.649384155273437500e+02 0.000000000000000000e+00 0.000000000000000000e+00 9.545786743164062500e+02 0.000000000000000000e+00 9.670137329101562500e+02 0.000000000000000000e+00 0.000000000000000000e+00 9.547067871093750000e+02
3.550000000000000000e+04 0.000000000000000000e+00 9.613137817382812500e+02 0.000000000000000000e+00 0.000000000000000000e+00 9.514995117187500000e+02 0.000000000000000000e+00 9.639144287109375000e+02 0.000000000000000000e+00 0.000000000000000000e+00 9.516273803710937500e+02
3.600000000000000000e+04 0.000000000000000000e+00 9.573538818359375000e+02 0.000000000000000000e+00 0.000000000000000000e+00 9.475595092773437500e+02 0.000000000000000000e+00 9.599490356445312500e+02 0.000000000000000000e+00 0.000000000000000000e+00 9.476871337890625000e+02
3.650000000000000000e+04 0.000000000000000000e+00 9.567266235351562500e+02 0.000000000000000000e+00 0.000000000000000000e+00 9.425152587890625000e+02 0.000000000000000000e+00 9.548721313476562500e+02 0.000000000000000000e+00 0.000000000000000000e+00 9.426426391601562500e+02
3.700000000000000000e+04 0.000000000000000000e+00 9.501999511718750000e+02 0.000000000000000000e+00 0.000000000000000000e+00 9.360370483398437500e+02 0.000000000000000000e+00 9.483518676757812500e+02 0.000000000000000000e+00 0.000000000000000000e+00 9.361637573242187500e+02
