# step, loss_train, loss_test, metrics_test
0.000000000000000000e+00 7.660345733165740967e-02 1.609713137149810791e-01 4.431527573615312576e-03 6.637558806687593460e-03 1.533320173621177673e-03 7.754129916429519653e-02 2.691912651062011719e-01 1.489368383772671223e-03 8.544478565454483032e-03 2.440527081489562988e-03
5.000000000000000000e+02 6.357715756166726351e-05 7.478692382574081421e-02 8.561378344893455505e-04 1.395364815834909678e-04 1.684850663878023624e-03 5.722529749618843198e-05 8.568816632032394409e-02 7.389464299194514751e-04 3.702269459608942270e-04 2.541302004829049110e-03
1.000000000000000000e+03 2.344593871384859085e-03 6.368607282638549805e-02 7.034712471067905426e-04 4.994455957785248756e-05 1.822968246415257454e-03 2.372707705944776535e-03 7.048720121383666992e-02 7.419129833579063416e-04 1.211574708577245474e-04 2.618971280753612518e-03
1.500000000000000000e+03 1.435138634406030178e-03 7.336929440498352051e-02 6.452848319895565510e-04 5.910153049626387656e-05 3.200782695785164833e-03 1.439302694052457809e-03 6.791269779205322266e-02 6.143691134639084339e-04 1.336678105872124434e-04 3.866066923364996910e-03
2.000000000000000000e+03 8.004013216122984886e-04 7.078100740909576416e-02 3.605056554079055786e-04 9.959708404494449496e-05 4.428443964570760727e-03 7.988249999471008778e-04 6.677868217229843140e-02 3.184722445439547300e-04 7.521691441070288420e-05 5.028794985264539719e-03
2.500000000000000000e+03 6.718676304444670677e-04 8.263007551431655884e-02 1.816696458263322711e-04 1.372662518406286836e-04 5.573090165853500366e-03 6.648899870924651623e-04 6.574347615242004395e-02 1.508511340944096446e-04 3.245826155762188137e-05 6.016772240400314331e-03
3.000000000000000000e+03 4.811870749108493328e-04 8.189949393272399902e-02 1.093526952899992466e-04 1.685692404862493277e-04 6.128788925707340240e-03 4.703160666394978762e-04 6.545616686344146729e-02 8.020378299988806248e-05 2.584482353995554149e-05 6.541185546666383743e-03
3.500000000000000000e+03 1.228457083925604820e-03 6.667161732912063599e-02 3.215054312022402883e-05 2.229135570814833045e-04 4.568891134113073349e-03 1.219956669956445694e-03 6.540045142173767090e-02 4.261265712557360530e-05 1.529368273622822016e-05 5.137916654348373413e-03
4.000000000000000000e+03 1.346939243376255035e-03 6.650764495134353638e-02 3.900962474290281534e-05 1.786042266758158803e-04 4.076524171978235245e-03 1.324017415754497051e-03 6.528531014919281006e-02 5.269174653221853077e-05 1.735706428007688373e-05 4.665821790695190430e-03
4.500000000000000000e+03 2.194354019593447447e-04 5.383081361651420593e-02 2.170830703107640147e-05 1.312145759584382176e-04 3.395646112039685249e-03 1.941611262736842036e-04 6.824354827404022217e-02 1.192802483274135739e-05 1.447414433641824871e-05 4.031723365187644958e-03
5.000000000000000000e+03 2.342787629459053278e-04 5.385868251323699951e-02 2.528944605728611350e-05 1.219826954184100032e-04 3.258710959926247597e-03 2.075583470286801457e-04 6.822093576192855835e-02 1.358608096779789776e-05 1.631363375054206699e-05 3.898191731423139572e-03
5.500000000000000000e+03 3.185263485647737980e-04 5.883808061480522156e-02 5.326129030436277390e-05 8.466895087622106075e-05 3.292647423222661018e-03 2.907377493102103472e-04 6.743959337472915649e-02 2.772376501525286585e-05 1.571333632455207407e-05 3.868102096021175385e-03
6.000000000000000000e+03 3.389126504771411419e-04 5.879741162061691284e-02 5.133420927450060844e-05 8.117602556012570858e-05 3.141177352517843246e-03 3.058617294300347567e-04 6.728091090917587280e-02 2.224143463536165655e-05 2.040909384959377348e-05 3.715484170243144035e-03
6.500000000000000000e+03 2.717259922064840794e-04 6.020419672131538391e-02 7.946824916871264577e-05 7.152945181587710977e-05 3.436386818066239357e-03 2.282250206917524338e-04 6.678526848554611206e-02 2.259018219774588943e-05 2.048721398750785738e-05 4.049006849527359009e-03
7.000000000000000000e+03 2.430152235319837928e-04 6.006886437535285950e-02 8.647100912639871240e-05 7.619523967150598764e-05 3.218442434445023537e-03 2.043648564722388983e-04 6.678835302591323853e-02 1.691402394499164075e-05 2.383342507528141141e-05 3.824684070423245430e-03
7.500000000000000000e+03 4.131206660531461239e-04 7.347550988197326660e-02 8.613308455096557736e-05 1.323492615483701229e-04 3.637367859482765198e-03 3.614607558120042086e-04 6.506398320198059082e-02 3.063355325139127672e-05 4.285692193661816418e-05 4.186030942946672440e-03
8.000000000000000000e+03 3.634038148447871208e-04 7.324624061584472656e-02 9.123291965806856751e-05 1.414935250068083405e-04 3.247071057558059692e-03 3.172057913616299629e-04 6.492012739181518555e-02 4.455842645256780088e-05 4.904788511339575052e-05 3.785027656704187393e-03
8.500000000000000000e+03 1.426741073373705149e-04 5.651083588600158691e-02 7.575313065899536014e-05 1.136114660766907036e-04 2.216304419562220573e-03 1.264638704014942050e-04 6.671489030122756958e-02 4.854446524404920638e-05 3.472020762274041772e-05 2.836682600900530815e-03
9.000000000000000000e+03 1.112662648665718734e-04 5.635404586791992188e-02 8.825875556794926524e-05 1.204234067699871957e-04 2.153461799025535583e-03 9.752522601047530770e-05 6.655748188495635986e-02 7.047003600746393204e-05 2.810796286212280393e-05 2.766268327832221985e-03
9.500000000000000000e+03 2.470646868459880352e-04 5.366915836930274963e-02 5.971340942778624594e-05 1.618004898773506284e-04 1.959732035174965858e-03 2.197244320996105671e-04 6.541240960359573364e-02 1.176798468804918230e-04 5.920056719332933426e-05 2.595424419268965721e-03
1.000000000000000000e+04 2.244284842163324356e-04 5.353330820798873901e-02 7.459577318513765931e-05 1.881012140074744821e-04 1.885180827230215073e-03 1.939600915648043156e-04 6.517213582992553711e-02 1.854726870078593493e-04 6.739528907928615808e-05 2.518198685720562935e-03
1.050000000000000000e+04 2.093873772537335753e-04 5.519113689661026001e-02 2.288121322635561228e-04 2.211040555266663432e-04 1.885005272924900055e-03 1.686247996985912323e-04 6.496685743331909180e-02 1.841969351517036557e-04 3.139039836241863668e-05 2.410285873338580132e-03
1.100000000000000000e+04 1.924947864608839154e-04 5.498909950256347656e-02 2.701920748222619295e-04 2.605464251246303320e-04 1.749090617522597313e-03 1.455309247830882668e-04 6.468731909990310669e-02 2.148272469639778137e-04 4.469297709874808788e-05 2.275428269058465958e-03
1.150000000000000000e+04 5.002254620194435120e-04 6.557494401931762695e-02 2.994115347974002361e-04 3.292732289992272854e-04 1.721000648103654385e-03 3.798308898694813251e-04 6.306148320436477661e-02 5.585873732343316078e-04 1.877475297078490257e-04 2.280969172716140747e-03
1.200000000000000000e+04 4.757295246236026287e-04 6.492500007152557373e-02 4.067590343765914440e-04 4.428459506016224623e-04 1.533386530354619026e-03 3.260137455072253942e-04 6.249597668647766113e-02 7.535924087278544903e-04 3.275122144259512424e-04 2.091418486088514328e-03
1.250000000000000000e+04 2.186183410231024027e-04 6.822616606950759888e-02 3.120045876130461693e-04 5.942032439634203911e-04 1.531129120849072933e-03 1.318020513281226158e-04 6.261717528104782104e-02 3.609870618674904108e-04 1.815149153117090464e-04 2.086609601974487305e-03
1.300000000000000000e+04 2.018040977418422699e-04 6.753974407911300659e-02 3.761706466320902109e-04 6.678707432001829147e-04 1.377349137328565121e-03 1.119007501984015107e-04 6.192459538578987122e-02 4.034967569168657064e-04 2.098195545841008425e-04 1.925627118907868862e-03
1.350000000000000000e+04 2.014306373894214630e-04 6.172554194927215576e-02 4.278443229850381613e-04 7.249469053931534290e-04 1.257705269381403923e-03 1.180812832899391651e-04 6.002333387732505798e-02 7.198195671662688255e-04 7.006803643889725208e-04 1.823153463192284107e-03
1.400000000000000000e+04 2.234762068837881088e-04 5.924985557794570923e-02 5.795125034637749195e-04 1.151299336925148964e-03 1.212541363202035427e-03 1.377512089675292373e-04 5.718264356255531311e-02 6.839462439529597759e-04 1.480789273045957088e-03 1.751094590872526169e-03
1.450000000000000000e+04 1.777893048711121082e-04 5.393349006772041321e-02 8.698976016603410244e-04 1.833130489103496075e-03 1.456368830986320972e-03 1.149802337749861181e-04 5.426533520221710205e-02 4.910234129056334496e-04 1.252359244972467422e-03 1.787564600817859173e-03
1.500000000000000000e+04 3.059743321500718594e-04 4.629077017307281494e-02 1.124026719480752945e-03 1.595150446519255638e-03 1.894430257380008698e-03 2.066967863356694579e-04 4.495882987976074219e-02 6.720925448462367058e-04 3.203495172783732414e-03 2.117516705766320229e-03
1.550000000000000000e+04 2.912289928644895554e-04 3.609425202012062073e-02 1.424661255441606045e-03 7.920438074506819248e-04 1.294401939958333969e-03 2.082235150737687945e-04 4.091601446270942688e-02 5.662664189003407955e-04 2.444054465740919113e-03 1.699994201771914959e-03
1.600000000000000000e+04 3.273845941293984652e-04 3.337108716368675232e-02 1.064281794242560863e-03 7.279910496436059475e-04 1.476733712479472160e-03 2.325120876776054502e-04 3.633204475045204163e-02 4.170080355834215879e-04 2.894432749599218369e-03 1.841802266426384449e-03
1.650000000000000000e+04 3.567151143215596676e-04 3.841569647192955017e-02 8.293642313219606876e-04 7.289185887202620506e-04 2.893382217735052109e-03 2.917110105045139790e-04 3.194172680377960205e-02 4.050100687891244888e-04 2.760539297014474869e-03 2.944702282547950745e-03
1.700000000000000000e+04 3.521837061271071434e-04 3.455734625458717346e-02 4.918295308016240597e-04 7.267061737366020679e-04 3.131945151835680008e-03 2.765124081633985043e-04 2.811151556670665741e-02 2.330126735614612699e-04 3.369043581187725067e-03 3.134439699351787567e-03
1.750000000000000000e+04 4.564980627037584782e-04 2.889432013034820557e-02 3.052771789953112602e-04 9.476171107962727547e-04 2.924474189057946205e-03 2.966950123663991690e-04 2.201179601252079010e-02 1.457569305785000324e-04 8.052355609834194183e-03 3.003782825544476509e-03
1.800000000000000000e+04 5.901497206650674343e-04 2.451840229332447052e-02 2.234195853816345334e-04 1.028400962240993977e-03 3.029946237802505493e-03 3.773391072172671556e-04 1.746124587953090668e-02 9.718043293105438352e-05 8.900064043700695038e-03 3.062720177695155144e-03
1.850000000000000000e+04 4.571190511342138052e-04 1.901751942932605743e-02 1.741328305797651410e-04 7.483796798624098301e-04 2.694920636713504791e-03 3.431116638239473104e-04 1.794268190860748291e-02 4.941410952596925199e-05 2.567236777395009995e-03 2.613826654851436615e-03
1.900000000000000000e+04 4.421673947945237160e-04 1.607084833085536957e-02 1.508620189270004630e-04 6.829175399616360664e-04 2.911920892074704170e-03 3.177326580043882132e-04 1.471537910401821136e-02 3.813493822235614061e-05 2.617926103994250298e-03 2.761404495686292648e-03
1.950000000000000000e+04 5.427569849416613579e-04 1.440099533647298813e-02 8.932827768148854375e-05 5.682846531271934509e-04 3.091015387326478958e-03 3.506014472804963589e-04 9.301912039518356323e-03 2.876856342481914908e-05 3.073724918067455292e-03 3.079099580645561218e-03
2.000000000000000000e+04 6.074383272789418697e-04 1.052845735102891922e-02 7.823893247405067086e-05 4.270739154890179634e-04 3.112263744696974754e-03 3.904459881596267223e-04 6.094796583056449890e-03 2.416288953099865466e-05 2.605821704491972923e-03 3.025084733963012695e-03
2.050000000000000000e+04 5.943542928434908390e-04 7.807039190083742142e-03 6.549450336024165154e-05 3.060797462239861488e-04 3.565252758562564850e-03 3.830257628578692675e-04 3.977650310844182968e-03 3.555755392881110311e-05 2.091347239911556244e-03 3.110517282038927078e-03
2.100000000000000000e+04 6.018679705448448658e-04 5.068155471235513687e-03 6.143018981674686074e-05 1.959838555194437504e-04 3.565924009308218956e-03 3.752300690393894911e-04 2.339963335543870926e-03 4.982672544429078698e-05 1.498983823694288731e-03 3.052079817280173302e-03
2.150000000000000000e+04 5.706099909730255604e-04 3.054776927456259727e-03 8.796491601970046759e-05 1.924718526424840093e-04 2.932901494204998016e-03 3.510903916321694851e-04 1.345833297818899155e-03 5.166852861293591559e-05 1.219102065078914165e-03 2.775447443127632141e-03
2.200000000000000000e+04 5.337577313184738159e-04 2.172784646973013878e-03 8.180045551853254437e-05 1.670318888500332832e-04 2.885888796299695969e-03 3.235125332139432430e-04 9.232365991920232773e-04 5.595774928224273026e-05 8.211595704779028893e-04 2.690597670152783394e-03
2.250000000000000000e+04 5.054203793406486511e-04 1.617977861315011978e-03 9.401485294802114367e-05 1.051848885254003108e-04 2.925150329247117043e-03 2.948805631604045630e-04 7.948066922836005688e-04 4.149157030042260885e-05 1.096832216717302799e-03 2.704668091610074043e-03
2.300000000000000000e+04 4.280990688130259514e-04 1.295963651500642300e-03 7.832799747120589018e-05 8.013204205781221390e-05 2.860539359971880913e-03 2.475409419275820255e-04 6.936514982953667641e-04 3.068071600864641368e-05 7.345349877141416073e-04 2.613172400742769241e-03
2.350000000000000000e+04 4.118704528082162142e-04 1.191703719086945057e-03 3.083786941715516150e-05 1.852735003922134638e-04 2.657953882589936256e-03 2.233039122074842453e-04 5.204179906286299229e-04 3.541697878972627223e-05 2.995355171151459217e-04 2.235964173451066017e-03
2.400000000000000000e+04 3.857921983581036329e-04 1.148428535088896751e-03 2.943169238278642297e-05 1.628195605007931590e-04 2.543515292927622795e-03 2.038450620602816343e-04 5.062285927124321461e-04 3.072065373999066651e-05 2.212478284491226077e-04 2.125369617715477943e-03
2.450000000000000000e+04 3.701607056427747011e-04 1.193736563436686993e-03 3.862066296278499067e-05 1.411896373610943556e-04 2.483263611793518066e-03 2.103228762280195951e-04 4.558404325507581234e-04 1.877631439128890634e-05 2.360319049330428243e-04 2.061334671452641487e-03
2.500000000000000000e+04 3.302383702248334885e-04 1.093244994990527630e-03 3.283009573351591825e-05 1.271056098630651832e-04 2.445524325594305992e-03 1.862506323959678411e-04 4.335738776717334986e-04 1.456023801438277587e-05 1.809552777558565140e-04 2.006371738389134407e-03
2.550000000000000000e+04 2.655023126862943172e-04 8.916834485717117786e-04 5.255581345409154892e-05 8.013509068405255675e-05 2.332675503566861153e-03 1.297502894885838032e-04 4.791591200046241283e-04 3.448605639277957380e-05 2.280694170622155070e-04 2.165933139622211456e-03
2.600000000000000000e+04 2.377570926910266280e-04 8.469505701214075089e-04 3.434495010878890753e-05 7.318973075598478317e-05 2.215783111751079559e-03 1.144609341281466186e-04 4.737836716230958700e-04 2.683759885258041322e-05 2.509253099560737610e-04 2.045262604951858521e-03
2.650000000000000000e+04 2.284748479723930359e-04 8.010268793441355228e-04 1.348146724922116846e-05 5.967322431388311088e-05 2.142083831131458282e-03 1.119420921895653009e-04 4.571382014546543360e-04 2.209910962847061455e-05 3.388567420188337564e-04 1.740160747431218624e-03
2.700000000000000000e+04 2.009936142712831497e-04 7.559925434179604053e-04 1.284937115997308865e-05 5.637178765027783811e-05 2.044386928901076317e-03 9.185918315779417753e-05 4.462271463125944138e-04 2.102786675095558167e-05 2.930218179244548082e-04 1.629013335332274437e-03
2.750000000000000000e+04 1.479956845287233591e-04 6.916194688528776169e-04 1.824839819164481014e-05 4.160868411418050528e-05 1.687031704932451248e-03 6.985350046306848526e-05 4.802801122423261404e-04 9.680437869974412024e-06 1.740129664540290833e-04 1.572653884068131447e-03
2.800000000000000000e+04 1.279666175832971931e-04 6.497013382613658905e-04 1.811673246265854686e-05 5.066276935394853354e-05 1.617376110516488552e-03 5.742549183196388185e-05 4.581731336656957865e-04 1.175090619653929025e-05 2.179678995162248611e-04 1.504684565588831902e-03
2.850000000000000000e+04 1.258187839994207025e-04 6.292466423474252224e-04 2.041777042904868722e-05 8.868557051755487919e-05 1.891595893539488316e-03 5.071641135145910084e-05 4.343414329923689365e-04 2.455099092912860215e-05 1.336301938863471150e-04 1.557634794153273106e-03
2.900000000000000000e+04 1.108518627006560564e-04 5.975504755042493343e-04 2.023739762080367655e-05 7.661321433261036873e-05 1.843028701841831207e-03 4.189971514279022813e-05 4.191991465631872416e-04 2.511918864911422133e-05 1.127722134697251022e-04 1.502118073403835297e-03
2.950000000000000000e+04 8.934006473282352090e-05 6.537886220030486584e-04 1.399822667735861614e-05 8.620275912107899785e-05 1.978431595489382744e-03 3.616698450059629977e-05 3.812790673691779375e-04 1.838528987718746066e-05 1.614267093827947974e-04 1.397497020661830902e-03
3.000000000000000000e+04 7.820951577741652727e-05 6.011341465637087822e-04 1.406160117767285556e-05 7.355923298746347427e-05 1.885503064841032028e-03 3.116628067800775170e-05 3.471355303190648556e-04 2.243633753096219152e-05 1.624281576368957758e-04 1.315868226811289787e-03
3.050000000000000000e+04 8.074021752690896392e-05 5.019027739763259888e-04 1.818506825657095760e-05 4.953921597916632891e-05 1.660434296354651451e-03 2.408611544524319470e-05 3.981185436714440584e-04 1.576644899614620954e-05 1.115959530579857528e-04 1.241913530975580215e-03
3.100000000000000000e+04 6.910126103321090341e-05 4.659759870264679193e-04 1.938730019901413471e-05 3.876673144986853004e-05 1.555672613903880119e-03 1.928944402607157826e-05 3.735738282557576895e-04 1.777559191395994276e-05 9.684828546596691012e-05 1.154202152974903584e-03
3.150000000000000000e+04 4.949995127390138805e-05 4.231515631545335054e-04 8.626513590570539236e-06 4.072134834132157266e-05 1.387477503158152103e-03 1.670907658990472555e-05 2.982598962262272835e-04 1.615108340047299862e-05 1.156548096332699060e-04 1.059226575307548046e-03
3.200000000000000000e+04 4.254086525179445744e-05 3.879439318552613258e-04 7.194490990514168516e-06 3.934733103960752487e-05 1.286687795072793961e-03 1.335122578893788159e-05 2.738806942943483591e-04 1.579318450239952654e-05 9.217679325956851244e-05 9.685701807029545307e-04
3.250000000000000000e+04 4.513384919846430421e-05 3.696192870847880840e-04 3.278901567682623863e-05 2.860255517589394003e-05 1.099376357160508633e-03 1.127645100496010855e-05 2.692451816983520985e-04 4.864895890932530165e-05 1.057848567143082619e-04 8.911123150028288364e-04
3.300000000000000000e+04 4.089202047907747328e-05 3.467414935585111380e-04 2.908456190198194236e-05 2.581826265668496490e-05 1.022291369736194611e-03 9.407418474438600242e-06 2.608679351396858692e-04 4.813123814528807998e-05 1.053933228831738234e-04 8.177496492862701416e-04
3.350000000000000000e+04 4.766999700223095715e-05 3.976459556724876165e-04 2.088602741423528641e-05 1.934636202349793166e-05 1.248402521014213562e-03 9.346261322207283229e-06 2.734969602897763252e-04 2.707546445890329778e-05 6.609124829992651939e-05 6.914839032106101513e-04
3.400000000000000000e+04 4.368553345557302237e-05 3.788318717852234840e-04 2.095071249641478062e-05 2.105336352542508394e-05 1.155766309238970280e-03 7.936455403978470713e-06 2.606591442599892616e-04 2.541255889809690416e-05 4.830188481719233096e-05 6.229937425814568996e-04
3.450000000000000000e+04 3.891714732162654400e-05 3.459330473560839891e-04 1.130014788941480219e-05 1.848799911385867745e-05 9.638000046834349632e-04 7.230639766930835322e-06 2.247021620860323310e-04 1.180874460260383785e-05 6.304954149527475238e-05 6.178259500302374363e-04
3.500000000000000000e+04 3.653344901977106929e-05 3.151700366288423538e-04 1.160987267212476581e-05 1.609638275112956762e-05 9.132091654464602470e-04 6.896542345202760771e-06 2.072961360681802034e-04 1.258425527339568362e-05 8.199438889278098941e-05 5.649689119309186935e-04
3.550000000000000000e+04 3.036870839423500001e-05 2.611863601487129927e-04 1.474237978982273489e-05 9.407940524397417903e-06 8.940430707298219204e-04 5.412606697063893080e-06 2.560124557930976152e-04 2.917193887697067112e-05 2.714904258027672768e-05 4.953210591338574886e-04
3.600000000000000000e+04 2.779182432277593762e-05 2.390456356806680560e-04 1.440669529984006658e-05 7.254269803524948657e-06 8.366450783796608448e-04 4.661443199438508600e-06 2.518762776162475348e-04 2.857236722775269300e-05 1.857392817328218371e-05 4.418098833411931992e-04
3.650000000000000000e+04 2.296310958627145737e-05 2.374864998273551464e-04 8.910790711524896324e-06 8.464023267151787877e-06 9.039351716637611389e-04 3.757884087463025935e-06 1.923881936818361282e-04 1.483429787185741588e-05 7.253306830534711480e-05 3.948759404011070728e-04
3.700000000000000000e+04 2.171834421460516751e-05 2.223892806796357036e-04 8.786784746916964650e-06 5.986582436889875680e-06 8.556621614843606949e-04 3.204346967322635464e-06 1.803112245397642255e-04 1.383076414640527219e-05 9.778465755516663194e-05 3.500600287225097418e-04
3.750000000000000000e+04 2.459360985085368156e-05 2.168106439057737589e-04 5.077534751762868837e-06 7.426946922350907698e-06 9.424057207070291042e-04 3.559656306606484577e-06 1.479413185734301805e-04 1.322366006206721067e-05 5.146229159436188638e-05 3.091850958298891783e-04
3.800000000000000000e+04 2.465732541168108582e-05 2.023819106398150325e-04 5.795834567834390327e-06 7.367370471911272034e-06 8.801407529972493649e-04 3.381979695404879749e-06 1.436858437955379486e-04 1.309044091613031924e-05 4.236046515870839357e-05 2.684828650671988726e-04
3.850000000000000000e+04 2.353922172915190458e-05 1.725827460177242756e-04 1.456194695492740721e-05 5.298577889334410429e-06 7.268084445968270302e-04 2.630842573125846684e-06 1.735132536850869656e-04 1.240551682712975889e-05 5.936291563557460904e-05 2.503719297237694263e-04
3.900000000000000000e+04 2.203945041401311755e-05 1.497721823398023844e-04 1.354458436253480613e-05 5.789666829514317214e-06 6.922830943949520588e-04 1.855197638178651687e-06 1.653885265113785863e-04 1.105579121940536425e-05 6.837421824457123876e-05 2.222359908046200871e-04
3.950000000000000000e+04 1.802000042516738176e-05 1.437954197172075510e-04 3.596593523980118334e-05 4.024953341286163777e-06 5.799905047751963139e-04 2.226111973868682981e-06 1.332519459538161755e-04 2.593830686237197369e-05 4.585992064676247537e-05 2.124757593264803290e-04
4.000000000000000000e+04 1.793599949451163411e-05 1.343558251392096281e-04 3.086017386522144079e-05 3.860383458231808618e-06 5.607263301499187946e-04 2.202979430876439437e-06 1.226214080816134810e-04 2.367252818658016622e-05 3.704748814925551414e-05 1.969470613403245807e-04
4.050000000000000000e+04 2.178292197640985250e-05 1.337113499175757170e-04 3.350857514305971563e-05 7.193434157670708373e-06 6.597183528356254101e-04 2.218433337475289591e-06 8.569860074203461409e-05 1.193645493913209066e-05 1.768468428053893149e-05 1.743238244671374559e-04
4.100000000000000000e+04 2.064741420326754451e-05 1.233845832757651806e-04 2.897452941397204995e-05 5.635405159409856424e-06 6.367940222844481468e-04 2.013927542066085152e-06 7.715426909271627665e-05 8.657936632516793907e-06 1.090883779397699982e-05 1.560608943691477180e-04
4.150000000000000000e+04 1.894701927085407078e-05 9.623936784919351339e-05 9.366197446070145816e-06 4.746610557049280033e-06 4.179847892373800278e-04 1.517973714726394974e-06 9.920336742652580142e-05 5.505133685801411048e-06 1.869029256340581924e-05 1.423267676727846265e-04
4.200000000000000000e+04 1.898825394164305180e-05 8.727773820282891393e-05 8.685544344189111143e-06 3.377362645551329479e-06 3.974128048866987228e-04 1.430810243618907407e-06 9.402229625266045332e-05 4.600912689056713134e-06 1.101942052628146484e-05 1.258652482647448778e-04
4.250000000000000000e+04 1.914030144689604640e-05 8.790971332928165793e-05 2.329922244825866073e-05 4.146188985032495111e-06 4.934997996315360069e-04 1.239643779626931064e-06 1.521882950328290462e-04 5.898753443034365773e-06 2.413626352790743113e-04 1.097704152925871313e-04
4.300000000000000000e+04 1.807709304557647556e-05 7.716962136328220367e-05 1.950709702214226127e-05 3.271793048043036833e-06 4.652751376852393150e-04 1.072559939530037809e-06 1.342454197583720088e-04 6.809307251387508586e-06 6.256426568143069744e-04 9.239203063771128654e-05
4.350000000000000000e+04 1.448109469492919743e-05 6.792693602619692683e-05 4.625467772711999714e-05 5.053783752373419702e-06 4.180995747447013855e-04 1.200408178192446940e-06 8.586652256781235337e-05 9.161478374153375626e-06 2.699814103834796697e-05 9.131070692092180252e-05
4.400000000000000000e+04 1.383357903250725940e-05 6.254133040783926845e-05 3.866397673846222460e-05 5.065850473329192027e-06 4.014657752122730017e-04 1.042554004015983082e-06 7.642401760676875710e-05 1.015554516925476491e-05 2.339026104891672730e-05 8.235443965531885624e-05
4.450000000000000000e+04 1.347139095742022619e-05 7.602968980791047215e-05 1.661024361965246499e-05 4.275201717973686755e-06 4.502744122873991728e-04 6.840273840680310968e-07 6.496726564364507794e-05 1.243397855432704091e-05 1.133702880906639621e-05 6.991261034272611141e-05
4.500000000000000000e+04 1.309771596424980089e-05 6.952413241378962994e-05 1.652734681556466967e-05 3.934523647330934182e-06 4.281529108993709087e-04 5.401187763709458522e-07 6.031416705809533596e-05 1.366992000839672983e-05 8.729001820029225200e-06 5.941139170317910612e-05
4.550000000000000000e+04 1.900726056192070246e-05 6.410706555470824242e-05 8.424770385317970067e-06 2.579111651357379742e-06 5.642079049721360207e-04 6.364104478961962741e-07 4.323654866311699152e-05 1.228098608407890424e-05 6.333112196443835273e-06 4.947068009641952813e-05
4.600000000000000000e+04 2.151588159904349595e-05 5.777395563200116158e-05 8.296015039377380162e-06 1.919818714668508619e-06 5.259230383671820164e-04 5.773091515948181041e-07 3.937226574635133147e-05 1.174855606222990900e-05 5.181376036489382386e-05 4.162723053013905883e-05
4.650000000000000000e+04 1.602390148036647588e-05 4.499538044910877943e-05 1.337853245786391199e-05 1.792364059838291723e-06 2.166167978430166841e-04 5.227906285654171370e-07 3.040814954147208482e-05 8.042799890972673893e-06 1.674899976933375001e-06 3.799109254032373428e-05
4.700000000000000000e+04 1.474560667702462524e-05 3.831525464192964137e-05 1.042621988744940609e-05 1.922664296216680668e-06 2.133984526153653860e-04 4.275101446182816289e-07 2.616751589812338352e-05 1.007737773761618882e-05 1.178251750388881192e-06 3.459036452113650739e-05
4.750000000000000000e+04 1.709819844109006226e-05 4.035562960780225694e-05 7.197646027634618804e-06 2.326569529031985439e-06 2.074671210721135139e-04 4.574850720473477850e-07 3.355845910846255720e-05 1.382368645863607526e-05 2.122942350979428738e-05 2.938221768999937922e-05
4.800000000000000000e+04 1.860749216575641185e-05 3.615998502937145531e-05 5.805683031212538481e-06 1.342589030173257925e-06 1.902876829262822866e-04 4.582127814956038492e-07 2.821706948452629149e-05 1.143931694969069213e-05 6.113197741797193885e-05 2.613586002553347498e-05
4.850000000000000000e+04 1.778367914084810764e-05 2.464936005708295852e-05 9.206124559568706900e-06 1.048283365889801644e-06 2.301324857398867607e-04 4.057043838656682055e-07 2.655239768500905484e-05 8.343651643372140825e-06 1.014958761516027153e-04 2.136576767952647060e-05
4.900000000000000000e+04 1.807667104003485292e-05 2.021985892497468740e-05 7.502350854338146746e-06 7.699944148953363765e-07 2.164050965802744031e-04 3.820825611455802573e-07 2.264581235067453235e-05 8.610449185653124005e-06 2.394353650743141770e-04 1.854846050264313817e-05
4.950000000000000000e+04 1.865959529823157936e-05 2.557897278165910393e-05 1.097911081160418689e-05 7.110216984074213542e-07 2.150010841432958841e-04 3.311664613647735678e-07 1.637294553802348673e-05 9.984103598981164396e-06 1.736643607728183270e-04 1.845684710133355111e-05
5.000000000000000000e+04 1.974639417312573642e-05 2.273438258271198720e-05 9.838784535531885922e-06 4.969604674442962278e-07 2.046247100224718451e-04 3.313899981094436953e-07 1.547925239719916135e-05 8.974608135758899152e-06 1.392896592733450234e-05 1.675880230322945863e-05
5.050000000000000000e+04 2.677398151718080044e-05 2.720773954933974892e-05 4.400355010147904977e-06 1.272228814741538372e-06 3.256844938732683659e-04 4.368760926354298135e-07 2.457440314174164087e-05 8.590401193941943347e-06 3.453574317973107100e-04 1.555002745590172708e-05
5.100000000000000000e+04 2.867724288080353290e-05 2.713288449740502983e-05 3.195574890924035572e-06 8.115142122733232100e-07 3.150533593725413084e-04 4.800874648935860023e-07 2.724256410147063434e-05 6.076577847125008702e-06 3.213146701455116272e-04 1.541174606245476753e-05
5.150000000000000000e+04 2.950494490505661815e-05 2.061433224298525602e-05 4.339457973401295021e-06 9.810141818888951093e-07 2.473929489497095346e-04 5.512560505849251058e-07 2.013039193116128445e-05 7.532930794695857912e-06 2.620356972329318523e-04 1.345806595054455101e-05
5.200000000000000000e+04 2.956023854494560510e-05 1.948861972778104246e-05 3.583444595278706402e-06 7.444765515174367465e-07 2.419522788841277361e-04 4.374704190013289917e-07 1.871906715678051114e-05 6.978959845582721755e-06 2.437176008243113756e-04 1.269182030227966607e-05
5.250000000000000000e+04 2.465489524183794856e-05 1.547075771668460220e-05 4.379620804684236646e-06 5.969931748950330075e-07 2.513847139198333025e-04 3.493003077892353758e-07 2.412595858913846314e-05 1.976262183234211989e-06 3.212483534298371524e-06 1.093229730031453073e-05
5.300000000000000000e+04 2.535706880735233426e-05 1.517796226835343987e-05 3.499612375890137628e-06 8.091404879451147281e-07 2.436275099171325564e-04 3.745580272607185179e-07 2.232272890978492796e-05 1.385507061968382914e-06 8.870307283359579742e-06 1.077434990293113515e-05
5.350000000000000000e+04 2.378478893660940230e-05 1.558208168717101216e-05 3.194035343767609447e-06 1.958759412445942871e-06 2.019892999669536948e-04 3.992319932422105921e-07 2.869285708584357053e-05 1.665543663875723723e-06 4.421609264682047069e-05 1.118289219448342919e-05
5.400000000000000000e+04 2.463446253386791795e-05 1.497523226134944707e-05 2.685001391000696458e-06 1.204290242640126962e-06 1.970551529666408896e-04 4.838137215301685501e-07 3.217273479094728827e-05 2.095576519423048012e-06 2.101508289342746139e-05 1.094505023502279073e-05
5.450000000000000000e+04 3.342342097312211990e-05 1.565889397170394659e-05 4.333768629294354469e-06 7.843209459679201245e-07 2.372673479840159416e-04 5.791891908302204683e-07 1.573585541336797178e-05 7.033125939415185712e-07 3.643253592144901631e-07 1.147195143857970834e-05
5.500000000000000000e+04 3.311319960630498827e-05 1.425887057848740369e-05 3.891419510182458907e-06 3.986153558344085468e-07 2.332631702302023768e-04 5.278037633615895174e-07 1.508196510258130729e-05 8.689453352417331189e-07 1.833446958698914386e-06 1.089110901375534013e-05
5.550000000000000000e+04 2.676151780178770423e-05 1.292646538786357269e-05 3.417001607886049896e-06 1.541942197036405560e-06 1.715749967843294144e-04 4.913787279292591847e-07 1.581148353579919785e-05 8.741378110244113486e-07 5.830146619700826705e-06 9.893272363115102053e-06
5.600000000000000000e+04 2.642687468323856592e-05 1.209010133607080206e-05 2.620537316033733077e-06 1.473538645768712740e-06 1.681107532931491733e-04 4.934507273901544977e-07 1.473795055062510073e-05 1.384971824336389545e-06 3.673245373647660017e-05 9.387307727592997253e-06
5.650000000000000000e+04 2.775996108539402485e-05 1.274873102374840528e-05 8.983023462860728614e-07 8.185349429368216079e-07 7.905074744485318661e-05 4.032814899801451247e-07 1.269754375243792310e-05 1.065681544787366875e-06 9.705605634735547937e-07 7.773825018375646323e-06
5.700000000000000000e+04 2.659730671439319849e-05 1.135262846219120547e-05 7.266337433975422755e-07 3.915297668299899669e-07 7.885110244387760758e-05 3.370589922724320786e-07 1.142330529546597973e-05 1.089180955204938073e-06 1.370982317894231528e-06 7.351859039772534743e-06
5.750000000000000000e+04 1.979161606868728995e-05 1.028933365887496620e-05 2.877527549571823329e-06 3.880157350977242459e-07 1.335512788500636816e-04 4.025637565518991323e-07 2.057096025964710861e-05 4.401170372148044407e-06 3.266616886321571656e-06 8.062096640060190111e-06
5.800000000000000000e+04 1.985502603929489851e-05 9.675100045569706708e-06 2.510881131456699222e-06 3.050675445592787582e-07 1.299140858463943005e-04 4.635032269106886815e-07 1.955035804712679237e-05 4.342192823969526216e-06 1.725306333355547395e-06 8.599904504080768675e-06
5.850000000000000000e+04 2.645335371198598295e-05 1.102252917917212471e-05 5.819576927024172619e-07 2.294116256962297484e-06 1.939265202963724732e-04 5.595177867689926643e-07 1.295974379900144413e-05 2.235355395896476693e-06 3.542916431342746364e-07 9.180997949442826211e-06
5.900000000000000000e+04 2.636528915900271386e-05 1.038654227158986032e-05 5.724600100620591547e-07 1.125125095313705970e-06 1.909158600028604269e-04 5.249445962363097351e-07 1.264165530301397666e-05 1.972072141143144108e-06 3.561295045528822811e-07 8.895998689695261419e-06
5.950000000000000000e+04 2.769991806417237967e-05 7.633847417309880257e-06 3.793053622302977601e-07 1.379566811010590754e-06 1.270133361686021090e-04 4.866349740950681735e-07 1.389091357850702479e-05 1.237469291481829714e-06 3.386586831766180694e-05 6.903657322254730389e-06
6.000000000000000000e+04 2.726189632085151970e-05 6.938871138117974624e-06 3.499570198073342908e-07 8.998184171105094720e-07 1.267030311282724142e-04 4.552662176138255745e-07 1.356635311822174117e-05 1.054756012308644131e-06 4.540661757346242666e-05 6.410507921827957034e-06
6.050000000000000000e+04 3.037989517906680703e-05 9.143975148617755622e-06 7.878081191847741138e-07 3.351863426814816194e-07 1.698248670436441898e-04 3.708090616783010773e-07 1.410038021276704967e-05 3.176770633217529394e-06 1.122898538596928120e-05 6.797711648687254637e-06
6.100000000000000000e+04 3.035006920981686562e-05 8.463485755783040076e-06 6.521003683701565024e-07 2.766335569504008163e-07 1.680190034676343203e-04 4.277409857422753703e-07 1.348763908026739955e-05 3.361006520208320580e-06 7.298285254364600405e-06 7.119379006326198578e-06
6.150000000000000000e+04 2.970589775941334665e-05 9.023898201121482998e-06 6.702586688334122300e-06 4.161673246017016936e-07 1.410223630955442786e-04 4.489887714953511022e-07 1.791689101082738489e-05 2.340457513128058054e-06 5.455255632114131004e-06 6.565378953382605687e-06
6.200000000000000000e+04 2.943450454040430486e-05 9.221063010045327246e-06 5.795679953735088930e-06 3.165940256621979643e-07 1.388107921229675412e-04 4.141494969189807307e-07 1.917963163577951491e-05 2.845853259714203887e-06 4.781182724400423467e-06 6.539778496517101303e-06
6.250000000000000000e+04 3.221417864551767707e-05 7.395719421765534207e-06 2.959834318971843459e-06 4.395139967527939007e-07 1.350144302705302835e-04 3.568493411876261234e-07 2.139165553671773523e-05 4.603127308655530214e-06 7.407003977277781814e-06 6.454394224419957027e-06
6.300000000000000000e+04 3.215200922568328679e-05 7.394826297968393192e-06 2.440666321490425617e-06 3.394901568753994070e-07 1.320320880040526390e-04 3.585994932109315414e-07 2.203261828981339931e-05 4.799956968781771138e-06 3.726398290382348932e-06 7.223759439511923119e-06
6.350000000000000000e+04 2.282977220602333546e-05 6.958256108191562817e-06 7.951039151521399617e-07 2.048486066996701993e-06 9.713840699987486005e-05 4.421196422299544793e-07 1.336237164650810882e-05 4.747761977341724560e-06 1.813517542359477375e-06 6.530151040351483971e-06
6.400000000000000000e+04 2.234675048384815454e-05 6.486525762738892809e-06 7.283526883838931099e-07 1.570209406054345891e-06 9.615541057428345084e-05 4.328394140884483932e-07 1.278299168916419148e-05 3.931829269276931882e-06 2.988485675814445131e-06 6.138430762803182006e-06
6.450000000000000000e+04 2.691030567802954465e-05 8.699020327185280621e-06 1.266879962713574059e-06 1.097419385587272700e-06 1.920009090099483728e-04 4.325585791775665712e-07 1.046731358655961230e-05 6.206532816577237099e-06 1.033117223414592445e-04 7.772304343234281987e-06
6.500000000000000000e+04 2.822983333317097276e-05 9.249110007658600807e-06 1.190857574329129420e-06 9.655141184339299798e-07 1.854386355262249708e-04 4.576656635890685720e-07 1.141434222518000752e-05 8.398067620873916894e-06 2.282629720866680145e-04 7.910899512353353202e-06
6.550000000000000000e+04 2.879297062463592738e-05 8.832411367620807141e-06 7.843522666917124297e-07 1.971614409512767452e-07 1.746842899592593312e-04 3.541143485108477762e-07 1.080720994650619105e-05 5.747450359194772318e-06 1.530306617496535182e-04 6.616920927626779303e-06
6.600000000000000000e+04 2.834560291375964880e-05 8.209030056605115533e-06 7.466129545719013549e-07 1.446757238454665639e-07 1.738512510200962424e-04 3.579904159778379835e-07 1.007397986541036516e-05 5.147486263012979180e-06 1.568315492477267981e-04 6.517569545394508168e-06
6.650000000000000000e+04 2.620580744405742735e-05 7.917963557702023536e-06 2.483243633832898922e-06 1.385632913297740743e-06 1.198646059492602944e-04 3.558935759429004975e-07 1.410888035024981946e-05 2.983520516863791272e-06 1.107763382606208324e-04 6.055471658328315243e-06
6.700000000000000000e+04 2.599430263217072934e-05 7.172137884481344372e-06 2.222333478130167350e-06 9.451410392102843616e-07 1.187453526654280722e-04 3.676486812764778733e-07 1.350838738289894536e-05 2.687750566110480577e-06 1.278066192753612995e-04 5.922667696722783148e-06
