# step, loss_train, loss_test, metrics_test
0.000000000000000000e+00 1.508679240942001343e-01 2.138514071702957153e-01 1.145188347436487675e-03 5.291906651109457016e-03 8.703683502972126007e-03 1.516814380884170532e-01 3.973575532436370850e-01 1.130786607973277569e-03 7.999185472726821899e-03 9.571015834808349609e-03
5.000000000000000000e+02 7.882487773895263672e-02 1.570331305265426636e-01 2.036443445831537247e-03 5.188872572034597397e-03 3.983478993177413940e-03 7.927078753709793091e-02 2.673337757587432861e-01 1.987018855288624763e-03 7.151911966502666473e-03 4.873583558946847916e-03
1.000000000000000000e+03 3.467394039034843445e-02 1.204374358057975769e-01 1.879468909464776516e-03 3.799815662205219269e-03 2.107810694724321365e-03 3.488589450716972351e-02 1.831902265548706055e-01 1.830833731219172478e-03 4.948727786540985107e-03 2.993535017594695091e-03
1.500000000000000000e+03 1.124276872724294662e-02 1.118562370538711548e-01 1.665144460275769234e-03 2.613962395116686821e-03 1.359382760711014271e-03 1.126629393547773361e-02 1.288000345230102539e-01 1.606786740012466908e-03 3.251310205087065697e-03 2.207054523751139641e-03
2.000000000000000000e+03 1.804296975024044514e-03 9.627553075551986694e-02 1.196317258290946484e-03 1.581545802764594555e-03 1.201858744025230408e-03 1.807914464734494686e-03 9.779012203216552734e-02 1.147300004959106445e-03 1.823588274419307709e-03 2.029677387326955795e-03
2.500000000000000000e+03 5.853133188793435693e-05 1.014850139617919922e-01 8.643719484098255634e-04 9.358792449347674847e-04 1.360432826913893223e-03 5.939899710938334465e-05 8.083881437778472900e-02 8.236252469941973686e-04 9.613520232960581779e-04 2.150235930457711220e-03
3.000000000000000000e+03 1.135236467234790325e-03 9.595719724893569946e-02 6.353074568323791027e-04 5.334242014214396477e-04 1.623927033506333828e-03 1.142100780270993710e-03 7.323342561721801758e-02 5.958210676908493042e-04 4.919263301417231560e-04 2.381496364250779152e-03
3.500000000000000000e+03 2.830951474606990814e-03 7.315889745950698853e-02 2.781520888675004244e-04 1.663960138102993369e-04 1.679093693383038044e-03 2.834853716194629669e-03 6.967806071043014526e-02 2.551099751144647598e-04 1.209622641908936203e-04 2.445164835080504417e-03
4.000000000000000000e+03 3.405967727303504944e-03 7.145123183727264404e-02 2.227222721558064222e-04 8.581134170526638627e-05 1.926367054693400860e-03 3.410873236134648323e-03 6.823649257421493530e-02 1.974830374820157886e-04 4.694966628449037671e-05 2.671320689842104912e-03
4.500000000000000000e+03 1.037666690535843372e-03 5.724783986806869507e-02 1.157909282483160496e-04 3.220166399842128158e-05 1.988052856177091599e-03 1.037562848068773746e-03 7.153441756963729858e-02 9.348946332465857267e-05 1.852562672866042703e-05 2.739576157182455063e-03
5.000000000000000000e+03 6.556244916282594204e-04 5.683891102671623230e-02 1.042832373059354722e-04 1.584976052981801331e-05 2.245306503027677536e-03 6.549580139108002186e-04 7.163736224174499512e-02 7.940061186673119664e-05 7.129692676244303584e-06 2.978336531668901443e-03
5.500000000000000000e+03 6.857405533082783222e-04 6.115839630365371704e-02 1.286644837819039822e-04 1.363852334179682657e-05 2.648084424436092377e-03 6.875365506857633591e-04 7.033303380012512207e-02 9.751372999744489789e-05 2.807328883136506192e-06 3.306417958810925484e-03
6.000000000000000000e+03 5.554750678129494190e-04 6.058837473392486572e-02 1.108780415961518884e-04 2.922188059528707527e-06 2.966583706438541412e-03 5.569015047512948513e-04 6.977786868810653687e-02 7.821618055459111929e-05 6.190015255924663506e-07 3.602396463975310326e-03
6.500000000000000000e+03 4.075254546478390694e-04 6.229214742779731750e-02 1.433811412425711751e-04 2.562493818913935684e-06 3.424060530960559845e-03 4.087505221832543612e-04 6.894391775131225586e-02 1.013803339446894825e-04 2.030444647971307859e-06 4.082063212990760803e-03
7.000000000000000000e+03 2.898100938182324171e-04 6.169097870588302612e-02 1.232857321156188846e-04 4.484943019633647054e-06 3.825502237305045128e-03 2.901660045608878136e-04 6.845521181821823120e-02 7.905145321274176240e-05 1.455349411116912961e-05 4.464966710656881332e-03
7.500000000000000000e+03 5.670677637681365013e-04 7.583341002464294434e-02 1.681718713371083140e-04 1.397495907440315932e-05 4.656239878386259079e-03 5.664780619554221630e-04 6.642650812864303589e-02 1.037043330143205822e-04 3.420448047108948231e-05 5.253304261714220047e-03
8.000000000000000000e+03 4.131422610953450203e-04 7.513712346553802490e-02 1.339020818704739213e-04 3.714644844876602292e-05 5.185260903090238571e-03 4.117973439861088991e-04 6.609198451042175293e-02 7.062071381369605660e-05 7.021180499577894807e-05 5.761163309216499329e-03
8.500000000000000000e+03 8.289277320727705956e-05 5.731324106454849243e-02 4.062975131091661751e-05 6.255045445868745446e-05 4.607982933521270752e-03 8.158687705872580409e-05 6.774760037660598755e-02 1.155489098891848698e-05 9.290522575611248612e-05 5.273186601698398590e-03
9.000000000000000000e+03 9.703851537778973579e-05 5.744320154190063477e-02 4.291859295335598290e-05 4.767563950736075640e-05 4.432163201272487640e-03 9.577011951478198171e-05 6.786511093378067017e-02 1.270063967240275815e-05 7.022202044026926160e-05 5.101669114083051682e-03
9.500000000000000000e+03 2.561052097007632256e-04 5.505276843905448914e-02 3.247482891310937703e-05 6.319193198578432202e-05 4.317129496484994888e-03 2.553531667217612267e-04 6.731367111206054688e-02 5.810721177113009617e-06 8.312761201523244381e-05 4.985705018043518066e-03
1.000000000000000000e+04 2.573664532974362373e-04 5.506357923150062561e-02 3.136438681394793093e-05 5.857908035977743566e-05 4.248286131769418716e-03 2.562494773883372545e-04 6.728617101907730103e-02 4.838432232645573094e-06 7.479159830836579204e-05 4.918474704027175903e-03
1.050000000000000000e+04 2.409811277175322175e-04 5.701549723744392395e-02 6.570014375029131770e-05 3.625526369432918727e-05 4.353135358542203903e-03 2.360275830142199993e-04 6.724262982606887817e-02 2.213644074799958616e-05 4.200028706691227853e-05 4.864525049924850464e-03
1.100000000000000000e+04 2.465323486831039190e-04 5.699948593974113464e-02 7.109450234565883875e-05 3.929030935978516936e-05 4.284415394067764282e-03 2.395356568740680814e-04 6.717323511838912964e-02 2.428903644613455981e-05 3.796796954702585936e-05 4.798911511898040771e-03
1.150000000000000000e+04 6.058881990611553192e-04 6.835390627384185791e-02 8.294649887830018997e-05 6.375152588589116931e-05 4.987210035324096680e-03 5.985652096569538116e-04 6.551798433065414429e-02 2.589686664578039199e-05 9.191150456899777055e-05 5.556399002671241760e-03
1.200000000000000000e+04 5.996840773150324821e-04 6.824918836355209351e-02 7.645606092410162091e-05 6.708542787237092853e-05 4.968468099832534790e-03 5.878400406800210476e-04 6.543351709842681885e-02 2.046738154604099691e-05 1.033615917549468577e-04 5.538793746381998062e-03
1.250000000000000000e+04 4.598654340952634811e-04 7.148611545562744141e-02 4.443346915650181472e-05 9.045881597558036447e-05 5.112209822982549667e-03 4.430121043696999550e-04 6.540318578481674194e-02 9.192533070745412260e-06 1.031875217449851334e-04 5.738273728638887405e-03
1.300000000000000000e+04 4.857906897086650133e-04 7.144313305616378784e-02 4.156853174208663404e-05 8.938735845731571317e-05 5.020248237997293472e-03 4.637931706383824348e-04 6.534730643033981323e-02 9.530275747238192707e-06 8.612689271103590727e-05 5.648329388350248337e-03
1.350000000000000000e+04 4.741949960589408875e-04 6.653681397438049316e-02 3.620353527367115021e-05 7.793602708261460066e-05 4.988620523363351822e-03 4.359145241323858500e-04 6.536885350942611694e-02 6.751553428330225870e-06 8.129880006890743971e-05 5.564760882407426834e-03
1.400000000000000000e+04 5.032472545281052589e-04 6.650076806545257568e-02 3.406821633689105511e-05 7.971678860485553741e-05 4.893308505415916443e-03 4.590439784806221724e-04 6.530778855085372925e-02 9.009548193716909736e-06 8.088575123110786080e-05 5.471413955092430115e-03
1.450000000000000000e+04 4.470480198506265879e-04 6.506115198135375977e-02 5.952495484962128103e-05 6.777165981475263834e-05 4.327161237597465515e-03 4.078429192304611206e-04 6.564606726169586182e-02 2.699803007999435067e-05 5.395520565798506141e-05 4.888759925961494446e-03
1.500000000000000000e+04 4.625572473742067814e-04 6.503529846668243408e-02 5.983492155792191625e-05 7.173468475230038166e-05 4.246192052960395813e-03 4.194437642581760883e-04 6.559259444475173950e-02 3.008828934980556369e-05 4.918693593936040998e-05 4.808629397302865982e-03
1.550000000000000000e+04 4.026285896543413401e-04 5.256221443414688110e-02 2.667340049811173230e-05 6.681779632344841957e-05 2.969028195366263390e-03 3.596348979044705629e-04 6.731165945529937744e-02 1.397857704432681203e-05 3.523364284774288535e-05 3.623067401349544525e-03
1.600000000000000000e+04 4.072742594871670008e-04 5.255929753184318542e-02 2.960717029054649174e-05 7.070721039781346917e-05 2.907623769715428352e-03 3.632924344856292009e-04 6.729429960250854492e-02 1.630291080800816417e-05 3.772181298700161278e-05 3.561982885003089905e-03
1.650000000000000000e+04 2.983955491799861193e-04 6.802235543727874756e-02 5.988047269056551158e-05 9.355817019240930676e-05 4.308940377086400986e-03 2.552143123466521502e-04 6.596022099256515503e-02 2.464716635586228222e-05 4.762939352076500654e-05 4.765037447214126587e-03
1.700000000000000000e+04 2.597455168142914772e-04 6.790692359209060669e-02 5.191420859773643315e-05 9.624956874176859856e-05 4.363256040960550308e-03 2.228070516139268875e-04 6.599747389554977417e-02 1.527746644569560885e-05 4.384808198665268719e-05 4.808801691979169846e-03
1.750000000000000000e+04 2.641611499711871147e-04 6.609969586133956909e-02 4.096534394193440676e-05 8.790061110630631447e-05 3.187762340530753136e-03 2.326370013179257512e-04 6.718567758798599243e-02 1.458038150303764269e-05 3.456751437624916434e-05 3.821406746283173561e-03
1.800000000000000000e+04 2.648957306519150734e-04 6.610068678855895996e-02 4.719596472568809986e-05 9.261866944143548608e-05 3.097824752330780029e-03 2.334531745873391628e-04 6.719401478767395020e-02 1.771216011547949165e-05 4.161126707913354039e-05 3.732545999810099602e-03
1.850000000000000000e+04 1.450500276405364275e-04 5.289294943213462830e-02 7.759650179650634527e-05 5.913294808124192059e-05 2.486843848600983620e-03 1.242052821908146143e-04 6.961653381586074829e-02 3.565918450476601720e-05 1.283973233512369916e-05 3.098468529060482979e-03
1.900000000000000000e+04 1.205527660204097629e-04 5.286708101630210876e-02 8.486418664688244462e-05 6.039327126927673817e-05 2.453517401590943336e-03 1.034425149555318058e-04 6.977391242980957031e-02 3.384113006177358329e-05 1.117672127293189988e-05 3.063113428652286530e-03
1.950000000000000000e+04 2.681501209735870361e-04 6.339409947395324707e-02 4.865687878918834031e-05 1.088491189875639975e-04 3.491108305752277374e-03 2.441508404444903135e-04 6.640925258398056030e-02 7.223543434520252049e-06 4.110613008379004896e-05 4.042754415422677994e-03
2.000000000000000000e+04 2.656264405231922865e-04 6.328219175338745117e-02 3.428734271437861025e-05 1.075079489964991808e-04 3.515158314257860184e-03 2.393049944657832384e-04 6.629598885774612427e-02 3.061103143409127370e-06 3.707163341459818184e-05 4.060766659677028656e-03
2.050000000000000000e+04 3.748785529751330614e-04 6.886305660009384155e-02 8.436101779807358980e-05 8.615833939984440804e-05 3.883006516844034195e-03 3.376317908987402916e-04 6.542389839887619019e-02 2.550759927544277161e-05 3.305929567432031035e-05 4.407424945384263992e-03
2.100000000000000000e+04 3.960387257393449545e-04 6.881757825613021851e-02 8.425965643255040050e-05 9.014713577926158905e-05 3.778053447604179382e-03 3.543911734595894814e-04 6.535454839468002319e-02 2.526772732380777597e-05 2.761503856163471937e-05 4.300803877413272858e-03
2.150000000000000000e+04 5.077616660855710506e-04 6.078506633639335632e-02 2.957229662570171058e-05 1.262260193470865488e-04 2.963641891255974770e-03 4.512660962063819170e-04 6.586114317178726196e-02 2.930351001850795001e-06 4.981377060175873339e-05 3.528094384819269180e-03
2.200000000000000000e+04 5.348481936380267143e-04 6.074725836515426636e-02 3.069965532631613314e-05 1.294674293603748083e-04 2.868541982024908066e-03 4.724698956124484539e-04 6.576675176620483398e-02 5.445212991617154330e-06 5.317210889188572764e-05 3.434756770730018616e-03
2.250000000000000000e+04 9.196529863402247429e-04 6.986300647258758545e-02 3.127116724499501288e-05 2.237829903606325388e-04 4.392123781144618988e-03 8.377626072615385056e-04 6.518984586000442505e-02 4.402564172778511420e-06 1.784613559721037745e-04 4.887153394520282745e-03
2.300000000000000000e+04 8.963685831986367702e-04 6.955993920564651489e-02 2.086113636323716491e-05 2.362554951105266809e-04 4.521442577242851257e-03 8.054496138356626034e-04 6.538034975528717041e-02 1.221221828018315136e-05 1.997552462853491306e-04 5.006463266909122467e-03
2.350000000000000000e+04 9.727688156999647617e-04 5.706565082073211670e-02 2.272120582347270101e-05 1.865949452621862292e-04 2.801149617880582809e-03 8.742719655856490135e-04 6.529144197702407837e-02 3.869120700983330607e-05 1.628929894650354981e-04 3.378008725121617317e-03
2.400000000000000000e+04 1.151577802374958992e-03 5.704112723469734192e-02 1.252140555152436718e-05 1.762898173183202744e-04 2.463549375534057617e-03 1.037470879964530468e-03 6.522214412689208984e-02 1.142724249802995473e-05 1.770606031641364098e-04 3.060271730646491051e-03
2.450000000000000000e+04 6.270346930250525475e-04 5.507107451558113098e-02 1.156433881988050416e-05 1.388746313750743866e-04 1.809102832339704037e-03 5.584768368862569332e-04 6.667475402355194092e-02 5.422150024969596416e-06 7.915787136880680919e-05 2.496981294825673103e-03
2.500000000000000000e+04 6.058000144548714161e-04 5.514201894402503967e-02 2.343196501897182316e-05 1.335335400654003024e-04 1.688339281827211380e-03 5.446847644634544849e-04 6.685481220483779907e-02 1.929620339069515467e-05 6.977985322009772062e-05 2.382117090746760368e-03
2.550000000000000000e+04 5.518714897334575653e-04 6.042321026325225830e-02 1.216954333358444273e-04 1.214431758853606880e-04 2.850732533261179924e-03 4.847706586588174105e-04 6.521742790937423706e-02 5.965801028651185334e-05 6.035527258063666523e-05 3.372623352333903313e-03
2.600000000000000000e+04 4.438454925548285246e-04 6.016505509614944458e-02 8.070542389759793878e-05 1.218413308379240334e-04 3.080203663557767868e-03 3.889040963258594275e-04 6.525269150733947754e-02 2.380368459853343666e-05 5.698181485058739781e-05 3.578480333089828491e-03
2.650000000000000000e+04 3.954919229727238417e-04 4.933075979351997375e-02 3.331714833620935678e-05 9.496128768660128117e-05 2.209876896813511848e-03 3.493999247439205647e-04 6.624841690063476562e-02 6.090871011110721156e-06 3.868028579745441675e-05 2.858359832316637039e-03
2.700000000000000000e+04 4.122392856515944004e-04 4.936348274350166321e-02 4.167876977589912713e-05 8.845626871334388852e-05 2.096440643072128296e-03 3.646510303951799870e-04 6.623362749814987183e-02 1.665004492679145187e-05 3.227448905818164349e-05 2.749972511082887650e-03
2.750000000000000000e+04 9.335003560408949852e-04 5.800633132457733154e-02 4.960754813509993255e-05 1.233222574228420854e-04 2.154648071154952049e-03 8.494695066474378109e-04 6.511305272579193115e-02 2.728376239247154444e-05 6.676121847704052925e-05 2.768583828583359718e-03
2.800000000000000000e+04 1.036908244714140892e-03 5.789899453520774841e-02 5.134156162966974080e-05 1.203830761369317770e-04 2.070527989417314529e-03 9.334381320513784885e-04 6.499738246202468872e-02 3.614030720200389624e-05 6.025010225130245090e-05 2.687453990802168846e-03
2.850000000000000000e+04 4.412473062984645367e-04 5.500705167651176453e-02 4.997839641873724759e-05 9.923650941345840693e-05 2.278271131217479706e-03 3.807890170719474554e-04 6.557376682758331299e-02 5.572458030655980110e-05 2.515901178412605077e-05 2.859701868146657944e-03
2.900000000000000000e+04 3.336968366056680679e-04 5.496777594089508057e-02 4.905502282781526446e-05 1.017206886899657547e-04 2.335859695449471474e-03 2.891746116802096367e-04 6.566692888736724854e-02 5.614612018689513206e-05 2.189230872318148613e-05 2.909358125180006027e-03
2.950000000000000000e+04 2.740748750511556864e-04 6.117293983697891235e-02 3.282312536612153053e-05 1.437174942111596465e-04 2.855960046872496605e-03 2.352927403990179300e-04 6.522787362337112427e-02 2.876953294617123902e-05 4.798845475306734443e-05 3.376915352419018745e-03
3.000000000000000000e+04 2.383574028499424458e-04 6.110420823097229004e-02 3.329795799800194800e-05 1.487458066549152136e-04 2.864263020455837250e-03 2.042104315478354692e-04 6.526786088943481445e-02 2.159609721275046468e-05 6.066627975087612867e-05 3.380046924576163292e-03
3.050000000000000000e+04 3.395648964215070009e-04 5.800931900739669800e-02 1.638438552618026733e-04 6.200145435286685824e-05 2.738929120823740959e-03 2.894770877901464701e-04 6.495059281587600708e-02 1.351004611933603883e-04 1.168885773950023577e-05 3.203899832442402840e-03
3.100000000000000000e+04 3.461731830611824989e-04 5.797694995999336243e-02 1.657378161326050758e-04 5.522393985302187502e-05 2.698708558455109596e-03 2.935754018835723400e-04 6.489571928977966309e-02 1.291623921133577824e-04 6.367021796904737130e-06 3.164409194141626358e-03
3.150000000000000000e+04 7.142376853153109550e-05 5.685946345329284668e-02 7.556775381090119481e-05 8.397083001909777522e-05 2.219354966655373573e-03 6.192052387632429600e-05 6.734564155340194702e-02 5.504710497916676104e-05 5.873455393157200888e-06 2.774874214082956314e-03
3.200000000000000000e+04 3.899128205375745893e-05 5.677624046802520752e-02 7.306839688681066036e-05 8.511182386428117752e-05 2.284637186676263809e-03 3.214254684280604124e-05 6.757745891809463501e-02 5.871706161997281015e-05 6.284240043896716088e-06 2.833179431036114693e-03
3.250000000000000000e+04 1.667588367126882076e-04 5.550827085971832275e-02 6.444468453992158175e-05 8.448911830782890320e-05 2.280247630551457405e-03 1.404545328114181757e-04 6.593377143144607544e-02 5.906277510803192854e-05 8.634366167825646698e-06 2.845578361302614212e-03
3.300000000000000000e+04 1.953381724888458848e-04 5.548080429434776306e-02 6.740337266819551587e-05 8.427749708062037826e-05 2.233468228951096535e-03 1.640991249587386847e-04 6.578000634908676147e-02 7.126107811927795410e-05 1.232870727108092979e-05 2.802903763949871063e-03
3.350000000000000000e+04 7.974423351697623730e-05 5.125239863991737366e-02 3.092026599915698171e-05 1.099305736715905368e-04 2.261161804199218750e-03 6.255252083064988256e-05 6.663340330123901367e-02 2.244603820145130157e-05 2.365256841585505754e-05 2.810669597238302231e-03
3.400000000000000000e+04 6.651684088865295053e-05 5.118509754538536072e-02 3.134650251013226807e-05 1.251707144547253847e-04 2.275440841913223267e-03 5.108500772621482611e-05 6.668820232152938843e-02 2.006805698329117149e-05 2.633465373946819454e-05 2.821499947458505630e-03
3.450000000000000000e+04 1.453986478736624122e-04 5.393025279045104980e-02 1.452459582651499659e-05 1.952337042894214392e-04 2.203351585194468498e-03 1.189599133795127273e-04 6.636478006839752197e-02 1.069916470441967249e-05 7.932668813737109303e-05 2.717552008107304573e-03
3.500000000000000000e+04 1.574883644934743643e-04 5.383974313735961914e-02 1.741286178003065288e-05 2.109046617988497019e-04 2.174928085878491402e-03 1.292379747610539198e-04 6.636118888854980469e-02 1.203031479235505685e-05 1.059303540387190878e-04 2.690607681870460510e-03
3.550000000000000000e+04 1.493608288001269102e-04 5.909303948283195496e-02 2.391542875557206571e-05 1.910980499815195799e-04 1.831293920986354351e-03 1.230917550856247544e-04 6.664628535509109497e-02 3.301624747109599411e-05 1.178820457425899804e-04 2.491959836333990097e-03
3.600000000000000000e+04 1.479451020713895559e-04 5.902237072587013245e-02 2.528529876144602895e-05 2.072474453598260880e-04 1.802733633667230606e-03 1.205161170219071209e-04 6.653917580842971802e-02 5.318843250279314816e-05 1.264489692403003573e-04 2.465330529958009720e-03
3.650000000000000000e+04 7.220199913717806339e-04 7.544992864131927490e-02 2.227602672064676881e-04 1.735783152980729938e-04 3.318649251013994217e-03 6.257083732634782791e-04 6.491857022047042847e-02 2.197771245846524835e-04 1.549243461340665817e-04 3.729738760739564896e-03
3.700000000000000000e+04 7.017711177468299866e-04 7.518567144870758057e-02 1.686027098912745714e-04 1.752176758600398898e-04 3.487748093903064728e-03 5.974071100354194641e-04 6.521011143922805786e-02 1.734081160975620151e-04 1.470193965360522270e-04 3.880669362843036652e-03
