# step, loss_train, loss_test, metrics_test
0.000000000000000000e+00 5.453111603856086731e-02 5.975892767310142517e-02 2.530758734792470932e-03 1.193266245536506176e-03 8.824435062706470490e-04 5.492216721177101135e-02 6.539706140756607056e-02 2.274231985211372375e-03 1.801812439225614071e-03 1.848395331762731075e-03
5.000000000000000000e+02 9.827770554693415761e-05 1.443909364752471447e-03 1.037666334013920277e-05 2.461947442498058081e-04 1.077038352377712727e-03 2.326489948245580308e-06 2.031422685831785202e-03 7.871285561122931540e-06 2.497641835361719131e-04 7.796655991114675999e-04
1.000000000000000000e+03 1.936929038492962718e-05 1.266583713004365563e-04 6.561444934050086886e-06 1.366963169857626781e-05 3.204124222975224257e-04 6.865825525892432779e-07 8.891901961760595441e-05 1.369357323710573837e-05 1.239291486854199320e-05 6.248994759516790509e-05
1.500000000000000000e+03 1.519924626336432993e-05 6.806538294767960906e-05 1.408335992891807109e-05 1.922875981108518317e-06 5.599689902737736702e-04 8.940165230342245195e-07 7.520434883190318942e-05 9.716807653603609651e-06 6.217811687747598626e-07 1.974988117581233382e-04
2.000000000000000000e+03 1.655817322898656130e-05 5.199544102651998401e-05 3.365822294654208235e-06 6.602043072234664578e-07 2.684834762476384640e-04 1.532914808421992348e-07 5.922792479395866394e-05 4.858024112763814628e-06 4.234274797454418149e-07 1.060418981069233268e-05
2.500000000000000000e+03 3.236593329347670078e-05 5.764809975516982377e-05 1.019321825879160315e-05 1.295156653213780373e-05 8.084709406830370426e-04 1.727139078866457567e-06 4.018569961772300303e-05 3.597215027184574865e-06 3.145967866657883860e-06 4.448771069291979074e-04
3.000000000000000000e+03 2.071420749416574836e-05 2.071946801152080297e-05 2.911634737756685354e-07 1.543803819004097022e-06 2.475474902894347906e-04 3.427459489557804773e-07 1.636730121390428394e-05 3.020693952748843003e-07 1.232367026204883587e-07 6.379593742167344317e-06
3.500000000000000000e+03 2.600535299279727042e-05 5.601588054560124874e-05 2.868847786885453388e-06 9.703265959615237080e-07 4.806320357602089643e-04 3.895444820045668166e-07 5.868653533980250359e-05 8.697605153429321945e-06 1.159943323614243127e-07 3.763909990084357560e-05
4.000000000000000000e+03 3.176373866153880954e-05 2.617344580357894301e-05 1.227009306603576988e-06 1.133192768065782730e-06 4.978784127160906792e-04 7.850026690903177951e-07 8.677652658661827445e-06 3.506370376271661371e-06 1.120086352557336795e-07 4.481731230043806136e-05
4.500000000000000000e+03 1.679101551417261362e-04 1.318902592174708843e-03 8.606671326560899615e-05 1.482361221860628575e-05 1.573698478750884533e-03 5.367052381188841537e-06 2.666476182639598846e-03 4.283597445464693010e-05 9.647206752561032772e-06 9.448181372135877609e-04
5.000000000000000000e+03 4.767317295772954822e-05 3.712062971317209303e-05 1.239917764905840158e-06 1.680109789958805777e-06 7.660764385946094990e-04 1.288554472012037877e-06 2.247324118798132986e-05 1.661302064803749090e-07 1.112906829803250730e-06 1.120747328968718648e-04
5.500000000000000000e+03 1.665212221269030124e-05 1.738938408379908651e-05 1.915829273002600530e-07 1.558673119461673195e-07 1.318434660788625479e-04 2.025587377829651814e-07 4.115070623811334372e-05 1.858145992628124077e-07 1.253620069974203943e-07 2.466756086505483836e-06
6.000000000000000000e+03 1.864342084445524961e-05 1.440207870473386720e-05 2.369713598682210431e-07 7.375666655207169242e-08 9.412723738932982087e-05 2.241911971623267164e-07 4.872268618782982230e-05 9.379731835679194774e-08 1.261730897539337093e-08 2.040407252934528515e-06
6.500000000000000000e+03 3.697238935274071991e-05 3.530678272247314453e+00 2.217925066361203790e-04 5.254333955235779285e-04 4.058940410614013672e+00 2.105039129673969001e-06 3.428175210952758789e+00 7.710632053203880787e-05 2.341738581890240312e-04 4.052638530731201172e+00
7.000000000000000000e+03 3.697238207678310573e-05 3.530586719512939453e+00 2.217890723841264844e-04 5.254314164631068707e-04 4.058842182159423828e+00 2.105010025843512267e-06 3.428085088729858398e+00 7.710508361924439669e-05 2.341718209208920598e-04 4.052540302276611328e+00
7.500000000000000000e+03 2.810350997606292367e-05 3.468537092208862305e+00 3.218225319869816303e-04 6.748097948729991913e-04 4.058362483978271484e+00 2.104975919792195782e-06 3.427954912185668945e+00 7.710364297963678837e-05 2.341694198548793793e-04 4.052398204803466797e+00
8.000000000000000000e+03 2.810333717206958681e-05 3.468346118927001953e+00 3.218113852199167013e-04 6.748067098669707775e-04 4.058155059814453125e+00 2.104909526678966358e-06 3.427764892578125000e+00 7.710081990808248520e-05 2.341646759305149317e-04 4.052190303802490234e+00
8.500000000000000000e+03 2.850401324394624680e-05 3.570142745971679688e+00 2.276567975059151649e-04 6.311352481134235859e-04 4.057843208312988281e+00 2.104828126903157681e-06 3.427455663681030273e+00 7.709710916969925165e-05 2.341599756618961692e-04 4.051852226257324219e+00
9.000000000000000000e+03 2.850425880751572549e-05 3.569652795791625977e+00 2.276424784213304520e-04 6.311416509561240673e-04 4.057318210601806641e+00 2.104718305417918600e-06 3.426976442337036133e+00 7.709197234362363815e-05 2.341542276553809643e-04 4.051327705383300781e+00
9.500000000000000000e+03 2.844678238034248352e-05 3.549724578857421875e+00 2.019219973590224981e-04 6.761276163160800934e-04 4.056142807006835938e+00 2.104563236571266316e-06 3.426320552825927734e+00 7.708490011282265186e-05 2.341463259654119611e-04 4.050610542297363281e+00
1.000000000000000000e+04 2.844752270902972668e-05 3.548788309097290039e+00 2.018977538682520390e-04 6.761506665498018265e-04 4.055136680603027344e+00 2.104362238242174499e-06 3.425402164459228516e+00 7.707550685154274106e-05 2.341373619856312871e-04 4.049604892730712891e+00
1.050000000000000000e+04 3.077574001508764923e-05 3.551830768585205078e+00 2.742765937000513077e-04 7.810169481672346592e-04 4.054789066314697266e+00 2.104028226312948391e-06 3.424097299575805664e+00 7.706023461651057005e-05 2.341208892175927758e-04 4.048178195953369141e+00
1.100000000000000000e+04 3.077705332543700933e-05 3.550029516220092773e+00 2.742087817750871181e-04 7.810743991285562515e-04 4.052855968475341797e+00 2.103565975630772300e-06 3.422331571578979492e+00 7.703904702793806791e-05 2.340982318855822086e-04 4.046246528625488281e+00
1.150000000000000000e+04 2.822052010742481798e-05 3.472308635711669922e+00 1.941067603183910251e-04 4.668608307838439941e-04 4.049919128417968750e+00 2.102920689139864407e-06 3.419937610626220703e+00 7.700904097873717546e-05 2.340675710001960397e-04 4.043628215789794922e+00
1.200000000000000000e+04 2.822266469593159854e-05 3.469064712524414062e+00 1.940064103109762073e-04 4.668561159633100033e-04 4.046391487121582031e+00 2.102052349073346704e-06 3.416716098785400391e+00 7.696836837567389011e-05 2.340275386814028025e-04 4.040103912353515625e+00
1.250000000000000000e+04 2.775864049908705056e-05 3.462128162384033203e+00 1.569000014569610357e-04 6.450627697631716728e-04 4.041043281555175781e+00 2.100804522342514247e-06 3.412375450134277344e+00 7.691056089242920280e-05 2.339662169106304646e-04 4.035357952117919922e+00
1.300000000000000000e+04 2.776001565507613122e-05 3.456350326538085938e+00 1.567410508869215846e-04 6.451017688959836960e-04 4.034757614135742188e+00 2.099107632602681406e-06 3.406632423400878906e+00 7.683291914872825146e-05 2.338811027584597468e-04 4.029077529907226562e+00
1.350000000000000000e+04 2.607106580398976803e-05 3.447542428970336914e+00 1.820883189793676138e-04 4.463668155949562788e-04 4.026443481445312500e+00 2.096934167639119551e-06 3.399023294448852539e+00 7.673098298255354166e-05 2.337840996915474534e-04 4.020753860473632812e+00
1.400000000000000000e+04 2.607646456453949213e-05 3.437488794326782227e+00 1.817903976188972592e-04 4.463176592253148556e-04 4.015504837036132812e+00 2.094217279591248371e-06 3.389033794403076172e+00 7.660253322683274746e-05 2.336685283808037639e-04 4.009823799133300781e+00
1.450000000000000000e+04 3.196384204784408212e-05 3.451166868209838867e+00 1.699420245131477714e-04 5.464482819661498070e-04 4.002144336700439453e+00 2.090539965138304979e-06 3.375952959060668945e+00 7.642975106136873364e-05 2.335009048692882061e-04 3.995511531829833984e+00
1.500000000000000000e+04 3.197987462044693530e-05 3.434048891067504883e+00 1.694537495495751500e-04 5.464420537464320660e-04 3.983596801757812500e+00 2.085834466925007291e-06 3.359021902084350586e+00 7.621000986546278000e-05 2.332838193979114294e-04 3.976981163024902344e+00
1.550000000000000000e+04 2.394254079263191670e-05 3.510399103164672852e+00 2.648339723236858845e-04 6.482561584562063217e-04 3.958905935287475586e+00 2.079459818560280837e-06 3.337046861648559570e+00 7.591379107907414436e-05 2.329767012270167470e-04 3.952928543090820312e+00
1.600000000000000000e+04 2.394468174315989017e-05 3.481513738632202148e+00 2.636649878695607185e-04 6.486511556431651115e-04 3.928108215332031250e+00 2.071273911496973597e-06 3.308943271636962891e+00 7.553304021712392569e-05 2.325771783944219351e-04 3.922157287597656250e+00
