# step, loss_train, loss_test, metrics_test
0.000000000000000000e+00 6.722067017108201981e-03 1.322326362133026123e-01 5.894398316740989685e-03 3.441130742430686951e-03 1.082396414130926132e-02 6.721726153045892715e-03 1.656408905982971191e-01 4.494497552514076233e-03 3.354352433234453201e-03 1.193511299788951874e-02
5.000000000000000000e+02 8.646894712001085281e-04 5.743887275457382202e-02 2.967947330034803599e-05 1.221984275616705418e-04 2.927839988842606544e-03 8.012272301129996777e-04 6.501446664333343506e-02 6.781801494071260095e-05 1.081281370716169477e-04 3.610518295317888260e-03
1.000000000000000000e+03 3.425800823606550694e-04 5.683729425072669983e-02 5.775444151367992163e-05 8.071881893556565046e-05 1.270845532417297363e-03 2.080705889966338873e-04 6.502876430749893188e-02 3.224550891900435090e-05 3.822725557256489992e-05 1.879204995930194855e-03
1.500000000000000000e+03 2.219239686382934451e-04 6.585434079170227051e-02 3.113444254267960787e-04 1.548928994452580810e-04 1.309774816036224365e-03 1.633583451621234417e-04 6.444315612316131592e-02 2.059803227894008160e-04 6.655666948063299060e-05 1.733930665068328381e-03
2.000000000000000000e+03 1.960355002665892243e-04 6.257268041372299194e-02 4.433464782778173685e-04 6.772966007702052593e-04 8.394233882427215576e-04 1.324290642514824867e-04 6.107095256447792053e-02 1.367224758723750710e-04 2.246462681796401739e-04 1.248310785740613937e-03
2.500000000000000000e+03 4.245226446073502302e-04 4.364421125501394272e-03 1.255362003576010466e-04 8.307556272484362125e-04 7.126116659492254257e-03 4.084850952494889498e-04 2.939831931143999100e-03 1.199345060740597546e-04 3.337228263262659311e-04 6.555902771651744843e-03
3.000000000000000000e+03 2.010697207879275084e-04 7.860334008000791073e-04 1.642537681618705392e-04 2.487901656422764063e-04 5.152523517608642578e-03 1.754066179273650050e-04 2.824231632985174656e-04 2.998468407895416021e-04 1.002443459583446383e-04 4.574551247060298920e-03
3.500000000000000000e+03 2.478930982761085033e-04 6.847305339761078358e-04 1.154501733253709972e-04 1.425845111953094602e-04 4.118042066693305969e-03 1.828339736675843596e-04 2.543157315813004971e-04 5.962132709100842476e-04 2.113128539349418133e-05 3.767684567719697952e-03
4.000000000000000000e+03 3.120852634310722351e-04 5.889158346690237522e-04 8.566156611777842045e-05 6.246750854188576341e-05 3.572718473151326180e-03 2.244003553641960025e-04 1.777223951648920774e-04 5.359160713851451874e-04 2.669303285074420273e-05 3.241329453885555267e-03
4.500000000000000000e+03 1.974945189431309700e-04 6.230108556337654591e-04 3.257286152802407742e-04 6.016036786604672670e-05 3.668233519420027733e-03 1.367444347124546766e-04 2.203310286859050393e-04 2.469594182912260294e-04 9.523118933429941535e-06 3.126240801066160202e-03
5.000000000000000000e+03 1.754331751726567745e-04 5.563826998695731163e-04 1.172534175566397607e-04 1.659312692936509848e-05 3.392026759684085846e-03 1.158774830400943756e-04 2.353535528527572751e-04 1.139191299444064498e-04 9.099101589526981115e-06 2.825013827532529831e-03
5.500000000000000000e+03 1.807400403777137399e-04 4.674075753428041935e-04 1.077314736903645098e-04 1.669687298999633640e-05 3.149694297462701797e-03 1.154520796262659132e-04 1.223942672368139029e-04 7.430167897837236524e-05 1.123997208196669817e-05 2.757085952907800674e-03
6.000000000000000000e+03 1.949190482264384627e-04 4.459313349798321724e-04 9.376419620821252465e-05 1.864283694885671139e-05 3.040725132450461388e-03 1.192515992443077266e-04 1.034378146869130433e-04 1.063845629687421024e-04 1.358823828923050314e-05 2.648834604769945145e-03
6.500000000000000000e+03 1.845743099693208933e-04 4.118385841138660908e-04 7.731391087872907519e-05 1.565559978189412504e-05 2.779552713036537170e-03 1.153314733528532088e-04 1.026728277793154120e-04 1.964514231076464057e-04 2.215598397015128285e-05 2.449105260893702507e-03
7.000000000000000000e+03 1.778884907253086567e-04 4.039872146677225828e-04 7.128650031518191099e-05 2.141302866220939904e-05 2.699582837522029877e-03 1.089446886908262968e-04 1.020065610646270216e-04 1.835612492868676782e-04 2.155772926926147193e-05 2.370121423155069351e-03
7.500000000000000000e+03 1.945448893820866942e-04 3.672786697279661894e-04 9.886643238132819533e-05 3.749895768123678863e-05 2.848792588338255882e-03 1.234850060427561402e-04 5.442484325612895191e-05 1.408315292792394757e-04 1.298606366617605090e-05 2.486597513779997826e-03
8.000000000000000000e+03 1.721422886475920677e-04 3.607350809033960104e-04 9.165504889097064734e-05 3.315006688353605568e-05 2.789181657135486603e-03 1.049139318638481200e-04 6.274857878452166915e-05 1.302985037909820676e-04 9.120441063714679331e-06 2.428844338282942772e-03
8.500000000000000000e+03 1.239861594513058662e-04 3.149315598420798779e-04 9.843315638136118650e-05 2.792643681459594518e-05 2.518936758860945702e-03 7.591734902234748006e-05 6.960771133890375495e-05 1.643152645556256175e-04 8.642564353067427874e-05 2.417413052171468735e-03
9.000000000000000000e+03 1.026582685881294310e-04 2.951663627754896879e-04 1.016855530906468630e-04 3.387581818969920278e-05 2.402219222858548164e-03 5.817866986035369337e-05 8.042714762268587947e-05 5.170267468201927841e-05 1.674765371717512608e-04 2.287028590217232704e-03
9.500000000000000000e+03 1.164709610748104751e-04 3.728462907020002604e-04 2.662518527358770370e-04 7.070225547067821026e-05 2.228582743555307388e-03 6.265904085012152791e-05 1.484134409110993147e-04 1.029687467962503433e-03 4.163592529948800802e-05 1.928632264025509357e-03
1.000000000000000000e+04 1.326095953118056059e-04 3.167670220136642456e-04 9.280064841732382774e-05 3.621732321335002780e-05 2.130565466359257698e-03 7.276306860148906708e-05 1.031166830216534436e-04 6.351240444928407669e-04 3.814613592112436891e-05 1.829285640269517899e-03
1.050000000000000000e+04 1.252691436093300581e-04 3.729156742338091135e-04 1.188452079077251256e-04 3.040717638214118779e-05 2.463926328346133232e-03 6.453241076087579131e-05 1.373191043967381120e-04 2.535041712690144777e-04 2.565221620898228139e-05 1.829732209444046021e-03
1.100000000000000000e+04 1.040307979565113783e-04 3.513383853714913130e-04 4.869530312134884298e-05 2.189476981584448367e-05 2.329805865883827209e-03 4.419353717821650207e-05 1.518894569016993046e-04 2.273370046168565750e-04 2.901551306422334164e-05 1.721272594295442104e-03
1.150000000000000000e+04 1.157082733698189259e-04 2.722981444094330072e-04 4.916435500490479171e-05 6.463701993197901174e-06 1.822006888687610626e-03 5.092045830679126084e-05 9.829107875702902675e-05 1.113673570216633379e-04 1.493963100074324757e-05 1.667008153162896633e-03
1.200000000000000000e+04 1.092390593839809299e-04 2.606527414172887802e-04 5.547710679820738733e-05 6.394293450284749269e-06 1.737413345836102962e-03 4.598595842253416777e-05 8.510312181897461414e-05 1.316956186201423407e-04 1.950726618815679103e-05 1.582744531333446503e-03
1.250000000000000000e+04 9.014731767820194364e-05 2.731770509853959084e-04 5.912099004490301013e-05 2.096957541652955115e-05 1.810731249861419201e-03 3.271397872595116496e-05 8.512284694006666541e-05 9.460745786782354116e-05 2.247965130663942546e-05 1.530280918814241886e-03
1.300000000000000000e+04 8.761600474826991558e-05 2.465866564307361841e-04 5.640566087095066905e-05 1.781627361197024584e-05 1.732454053126275539e-03 2.836787643900606781e-05 7.102097879396751523e-05 1.191099872812628746e-04 1.933983003254979849e-05 1.441572676412761211e-03
1.350000000000000000e+04 7.912862201919779181e-05 2.261108747916296124e-04 5.827121276524849236e-05 1.119998796639265493e-05 1.491061062552034855e-03 2.075751581287477165e-05 7.810726674506440759e-05 2.355727337999269366e-04 1.274871738132787868e-05 1.366043579764664173e-03
1.400000000000000000e+04 6.770399340894073248e-05 2.035197976510971785e-04 6.295014463830739260e-05 8.756618626648560166e-06 1.414377009496092796e-03 1.685556162556167692e-05 6.733574264217168093e-05 3.019494761247187853e-04 8.001798050827346742e-06 1.291967811994254589e-03
1.450000000000000000e+04 7.932596054160967469e-05 2.116087271133437753e-04 8.570484351366758347e-05 3.674479012261144817e-05 1.744987326674163342e-03 1.824554237828124315e-05 8.544609590899199247e-05 2.840939268935471773e-04 1.655749474593903869e-05 1.196348574012517929e-03
1.500000000000000000e+04 8.721472840989008546e-05 2.041540574282407761e-04 6.742974073858931661e-05 3.031291998922824860e-05 1.683754380792379379e-03 1.973737198568414897e-05 1.489557325839996338e-04 4.439646727405488491e-04 3.433362508076243103e-05 1.120081287808716297e-03
1.550000000000000000e+04 7.719759742030873895e-05 1.914943131851032376e-04 5.825860353070311248e-05 2.942436913144774735e-05 1.405554008670151234e-03 1.985271228477358818e-05 8.616541163064539433e-05 9.845563909038901329e-05 6.301845587586285546e-06 1.072295242920517921e-03
1.600000000000000000e+04 7.379019371001049876e-05 1.767063949955627322e-04 3.428219497436657548e-05 1.532082387711852789e-05 1.327101257629692554e-03 1.586150574439670891e-05 7.727288175374269485e-05 8.294537110486999154e-05 1.172618431155569851e-05 1.003358978778123856e-03
1.650000000000000000e+04 8.902644185582175851e-05 1.471919385949149728e-04 1.624374817765783519e-05 1.769495611370075494e-05 1.434177975170314312e-03 1.081511800293810666e-05 5.902498014620505273e-05 1.558685908094048500e-04 1.010965570458211005e-05 9.372392087243497372e-04
1.700000000000000000e+04 8.798852650215849280e-05 1.335376437054947019e-04 1.935226282512303442e-05 1.538144351798109710e-05 1.380759174935519695e-03 1.119642729463521391e-05 5.705542935174889863e-05 1.585814607096835971e-04 1.017149588733445853e-05 8.819971117191016674e-04
1.750000000000000000e+04 6.091799878049641848e-05 1.245895255124196410e-04 2.291214696015231311e-05 4.606157745001837611e-06 1.191985676996409893e-03 1.177796366391703486e-05 5.240731479716487229e-05 3.576775270630605519e-05 1.158861959993373603e-05 8.655329584144055843e-04
1.800000000000000000e+04 6.098826634115539491e-05 1.169897368527017534e-04 2.176804446207825094e-05 4.315984369895886630e-06 1.147470786236226559e-03 9.595426490704994649e-06 4.559743319987319410e-05 3.220461439923383296e-05 9.838840924203395844e-06 8.212350658141076565e-04
1.850000000000000000e+04 6.701633537886664271e-05 1.552967733005061746e-04 3.709266093210317194e-05 1.069893551175482571e-05 1.374171581119298935e-03 1.002917633741162717e-05 6.809920887462794781e-05 2.254771068692207336e-03 1.516421343694673851e-05 7.151501486077904701e-04
1.900000000000000000e+04 6.842739821877330542e-05 1.356919383397325873e-04 5.061049523646943271e-05 1.050642185873584822e-05 1.307860249653458595e-03 9.033368769451044500e-06 4.947820343659259379e-05 3.894314169883728027e-03 2.955606760224327445e-05 6.719324737787246704e-04
1.950000000000000000e+04 5.738418622058816254e-05 8.036118379095569253e-05 2.456559377606026828e-05 5.925713594479020685e-06 8.871279424056410789e-04 7.640347575943451375e-06 4.934147364110685885e-05 3.005057806149125099e-04 1.283279470953857526e-05 7.052542641758918762e-04
2.000000000000000000e+04 5.645892451866529882e-05 7.202529377536848187e-05 2.219712769147008657e-05 5.593681635218672454e-06 8.699045283719897270e-04 5.335935384209733456e-06 4.712642112281173468e-05 2.005908172577619553e-04 9.535635399515740573e-06 6.886348128318786621e-04
2.050000000000000000e+04 6.622984074056148529e-05 1.178380771307274699e-04 1.846970408223569393e-04 4.653060022974386811e-05 1.171099836938083172e-03 4.852975962421623990e-06 5.864939521416090429e-05 3.059429291170090437e-04 7.346112397499382496e-05 7.002484635449945927e-04
2.100000000000000000e+04 6.777049566153436899e-05 1.593135675648227334e-04 2.238271699752658606e-04 4.671152419177815318e-05 1.206199871376156807e-03 4.606353741110069677e-06 1.016878813970834017e-04 4.167096340097486973e-04 2.347818008274771273e-05 7.352092070505023003e-04
2.150000000000000000e+04 7.143837865442037582e-05 8.550487109459936619e-05 2.726248385442886502e-05 6.226823643373791128e-06 8.674973505549132824e-04 3.978625954914605245e-06 2.939785008493345231e-05 3.888968785759061575e-04 1.265485389012610540e-05 4.995567724108695984e-04
2.200000000000000000e+04 6.798512185923755169e-05 7.815044227754697204e-05 2.684003084141295403e-05 3.862807261612033471e-06 8.239994640462100506e-04 3.021713155249017291e-06 2.496180604794062674e-05 4.815667052753269672e-04 1.136754235631087795e-05 4.640861880034208298e-04
2.250000000000000000e+04 4.926798283122479916e-05 4.848763637710362673e-05 4.010493648820556700e-05 2.489865664756507613e-06 6.882703164592385292e-04 3.882213150063762441e-06 3.535140058374963701e-05 3.306204162072390318e-04 2.735035650403006002e-06 4.864249494858086109e-04
2.300000000000000000e+04 4.946831904817372561e-05 4.518064451985992491e-05 3.041210948140360415e-05 1.464785896132525522e-06 6.647703703492879868e-04 2.854804961316403933e-06 2.348386442463379353e-05 2.480318944435566664e-04 2.811863623719546013e-06 4.642789426725357771e-04
2.350000000000000000e+04 7.311336958082392812e-05 7.780911982990801334e-05 2.332179610675666481e-05 1.871644940365513321e-06 7.931829313747584820e-04 2.360975713600055315e-06 2.947338180092629045e-05 1.964869297808036208e-04 7.451959390891715884e-06 3.825266030617058277e-04
2.400000000000000000e+04 7.201861444627866149e-05 6.493135879281908274e-05 1.299457835557404906e-05 2.021610953306662850e-06 7.332477835007011890e-04 2.214923597421147861e-06 2.907471571234054863e-05 9.427779004909098148e-04 8.643457476864568889e-06 3.302928816992789507e-04
2.450000000000000000e+04 7.455636659869924188e-05 4.785026612807996571e-05 2.744221637840382755e-05 2.272940037073567510e-06 6.933995173312723637e-04 3.084054924329393543e-06 3.034914334421046078e-05 6.640331412199884653e-05 1.375506235490320250e-05 3.709639131557196379e-04
2.500000000000000000e+04 7.357962022069841623e-05 4.375751086627133191e-05 1.825199069571681321e-05 1.747195824464142788e-06 6.583340000361204147e-04 2.423245405225316063e-06 3.498389196465723217e-05 3.687112257466651499e-05 1.209862148243701085e-05 3.423165762796998024e-04
2.550000000000000000e+04 6.320414831861853600e-05 4.223924770485609770e-05 7.973921128723304719e-06 4.705398168880492449e-06 6.098868325352668762e-04 2.172358335883473046e-06 2.319495979463681579e-05 3.002158482559025288e-04 5.522266292246058583e-06 2.927257155533879995e-04
2.600000000000000000e+04 6.402168946806341410e-05 3.721184111782349646e-05 9.728996701596770436e-06 4.101555532542988658e-06 5.789754795841872692e-04 1.757889094733400270e-06 1.145019177783979103e-05 4.162600962445139885e-04 4.237173925503157079e-06 2.648622903507202864e-04
2.650000000000000000e+04 7.528038258897140622e-05 5.091063576401211321e-05 3.268731234129518270e-06 1.960309873538790271e-06 6.029473734088242054e-04 1.699563767942890991e-06 1.923150557558983564e-05 1.222506834892556071e-04 4.486602847464382648e-06 2.203872427344322205e-04
2.700000000000000000e+04 7.551177986897528172e-05 4.972813985659740865e-05 3.121171175735071301e-06 1.871661879704333842e-06 5.651169340126216412e-04 1.968882543224026449e-06 1.993439036596100777e-05 2.761567884590476751e-04 3.696635076266829856e-06 1.928343408508226275e-04
2.750000000000000000e+04 6.283022230491042137e-05 4.147228537476621568e-05 9.615439921617507935e-06 1.691062720965419430e-06 4.659205442294478416e-04 2.296114189448417164e-06 1.321633772022323683e-05 1.527191372588276863e-03 2.423965270281769335e-05 1.915464963531121612e-04
2.800000000000000000e+04 5.889060776098631322e-05 4.037116377730853856e-05 5.837893240823177621e-06 1.357603650831151754e-06 4.567985888570547104e-04 1.826844027164042927e-06 1.644254007260315120e-05 1.229885034263134003e-03 2.896296791732311249e-05 1.842056808527559042e-04
2.850000000000000000e+04 5.832892566104419529e-05 4.578435982693918049e-05 3.184679826517822221e-06 3.554059958332800306e-06 5.604514153674244881e-04 1.903539441627799533e-06 1.289105784962885082e-05 1.782681210897862911e-04 6.713487437082221732e-06 1.710581564111635089e-04
2.900000000000000000e+04 5.786410838481970131e-05 4.627243470167741179e-05 3.607232883950928226e-06 2.424025296932086349e-06 5.391224403865635395e-04 1.650104650252615102e-06 1.451621119485935196e-05 2.144516838598065078e-05 9.632935871195513755e-06 1.561172830406576395e-04
2.950000000000000000e+04 6.428212509490549564e-05 3.494023621897213161e-05 3.625077624747063965e-06 1.034549654832517263e-06 4.790292587131261826e-04 1.557288328513095621e-06 2.290650991199072450e-05 6.244045216590166092e-04 2.304973349964711815e-05 1.635630615055561066e-04
3.000000000000000000e+04 6.362763815559446812e-05 3.392210783204063773e-05 3.076680059166392311e-06 1.133881028181349393e-06 4.605498979799449444e-04 1.490365434619889129e-06 2.464426688675303012e-05 5.897360970266163349e-04 1.525617062725359574e-05 1.516228658147156239e-04
3.050000000000000000e+04 6.194856541696935892e-05 2.973079426737967879e-05 4.606135462381644174e-06 1.510725951447966509e-06 3.804574371315538883e-04 8.717166792848729528e-07 1.801060352590866387e-05 1.831911940826103091e-04 1.146818249253556132e-05 1.401156623614951968e-04
3.100000000000000000e+04 5.846682688570581377e-05 2.955175295937806368e-05 3.314558853162452579e-06 1.275959789381886367e-06 3.765715227928012609e-04 7.779800625939969905e-07 1.874125882750377059e-05 2.376184129389002919e-04 1.033549415296874940e-05 1.351119572063907981e-04
3.150000000000000000e+04 3.146204471704550087e-05 2.950225098174996674e-05 6.558063432748895139e-06 1.008957951853517443e-06 3.005657927133142948e-04 9.110516998589446303e-07 2.549306918808724731e-05 2.520309935789555311e-04 2.723895477174664848e-06 1.277092524105682969e-04
3.200000000000000000e+04 3.109543831669725478e-05 2.553410558903124183e-05 5.470908035931643099e-06 9.058591672328475397e-07 2.925599983427673578e-04 9.657052260081400163e-07 2.323705666640307754e-05 1.580076350364834070e-04 3.249357860113377683e-06 1.210370392072945833e-04
3.250000000000000000e+04 5.936514935456216335e-05 2.987173320434521884e-05 3.654180318335420452e-06 1.801266080292407423e-06 2.960030979011207819e-04 8.757960472394188400e-07 2.026260153797920793e-05 3.498194928397424519e-05 5.234424861555453390e-06 1.071095030056312680e-04
3.300000000000000000e+04 5.855222843820229173e-05 2.890027826651930809e-05 2.947420853161020204e-06 1.622381887500523590e-06 2.893692580983042717e-04 7.470844138879328966e-07 2.093738658004440367e-05 8.241947944043204188e-05 6.082259005779633299e-06 1.020324343699030578e-04
3.350000000000000000e+04 6.008949640090577304e-05 3.755079160328023136e-05 1.063849481397483032e-06 2.437579723846283741e-06 3.507794172037392855e-04 5.463683692141785286e-07 2.761436735454481095e-05 1.651663042139261961e-04 3.541056685207877308e-06 9.362844139104709029e-05
3.400000000000000000e+04 6.008593481965363026e-05 3.612466753111220896e-05 1.263827925868099555e-06 2.238965635115164332e-06 3.386297321412712336e-04 5.879396098862343933e-07 2.853001387848053128e-05 7.148704753490164876e-05 4.057808382640359923e-06 8.623414760222658515e-05
3.450000000000000000e+04 5.541174323298037052e-05 3.966128133470192552e-05 4.139429165661567822e-06 4.300693490222329274e-06 3.600920608732849360e-04 2.160569465559092350e-06 4.723273741547018290e-05 6.084320921218022704e-05 3.749799134311615489e-06 9.123091876972466707e-05
3.500000000000000000e+04 5.605113619822077453e-05 3.993843347416259348e-05 1.749464445310877636e-06 3.318105200378340669e-06 3.471068921498954296e-04 1.669660946390649769e-06 4.870443808613345027e-05 9.406383469467982650e-05 2.773334472294664010e-06 8.615261322120204568e-05
3.550000000000000000e+04 5.222740946919657290e-05 3.709350130520761013e-05 1.120771457863156684e-06 1.391329305988620035e-06 3.885206824634224176e-04 8.738315955270081758e-07 2.361792758165393025e-05 1.090926525648683310e-04 2.851627868949435651e-06 7.810300303390249610e-05
3.600000000000000000e+04 5.276634692563675344e-05 3.546712105162441730e-05 1.286284600610088091e-06 1.506086164226871915e-06 3.753032360691577196e-04 7.156887136261502746e-07 2.250492252642288804e-05 1.725920737953856587e-04 2.586699110906920396e-06 7.171202742028981447e-05
3.650000000000000000e+04 6.509302329504862428e-05 3.257321077398955822e-05 8.828421869111480191e-07 2.419686325083603151e-06 4.050639690831303596e-04 3.876843663874751655e-07 2.092014801746699959e-05 2.115227835020050406e-05 3.203187361577874981e-06 7.012444257270544767e-05
3.700000000000000000e+04 6.464173202402889729e-05 3.092080442002043128e-05 7.595332931487064343e-07 2.420445071038557217e-06 3.941985196433961391e-04 3.598281921313173370e-07 2.033228338405024260e-05 3.251160887884907424e-05 3.113573711743811145e-06 6.641726940870285034e-05
3.750000000000000000e+04 6.699261575704440475e-05 2.893072633014526218e-05 7.238320904434658587e-06 2.956598336822935380e-06 4.507424018811434507e-04 4.139909037803590763e-07 1.997538129216991365e-05 2.158125789719633758e-05 3.451594011494307779e-06 5.999721179250627756e-05
3.800000000000000000e+04 6.537591980304569006e-05 2.649982343427836895e-05 6.588181804545456544e-06 2.829222466971259564e-06 4.452863358892500401e-04 3.663918732854654081e-07 1.691931538516655564e-05 4.039981577079743147e-04 3.860148808598751202e-06 5.675268403138034046e-05
3.850000000000000000e+04 5.104077717987820506e-05 2.058089739875867963e-05 2.890238420150126331e-06 2.695945113373454660e-06 3.432934754528105259e-04 7.494193710044783074e-07 2.212074468843638897e-05 2.903649292420595884e-04 4.047802576678805053e-06 5.577393676503561437e-05
3.900000000000000000e+04 5.066884841653518379e-05 1.944688119692727923e-05 2.143374558727373369e-06 2.455142976032220758e-06 3.387889300938695669e-04 6.979218483138538431e-07 2.047272027994040400e-05 4.356395511422306299e-04 4.470247858989750966e-06 5.257823067950084805e-05
3.950000000000000000e+04 4.568928488879464567e-05 2.880185638787224889e-05 1.033102421388321090e-06 3.100149342571967281e-06 3.013094246853142977e-04 5.405084380072366912e-07 1.586540747666731477e-05 4.007878887932747602e-04 2.253394768558791839e-06 4.748930587084032595e-05
4.000000000000000000e+04 4.476738467928953469e-05 2.797005436150357127e-05 9.022019753501808736e-07 1.942874177984776907e-06 2.953395887743681669e-04 5.422540425570332445e-07 1.730125222820788622e-05 5.099709960632026196e-04 3.722457449839566834e-06 4.468622137210331857e-05
4.050000000000000000e+04 4.955355325364507735e-05 2.837338797689881176e-05 2.830470066328416578e-06 3.151546707158559002e-06 3.602690994739532471e-04 4.207290658087003976e-07 2.215797030657995492e-05 1.074157626135274768e-05 4.663609161070780829e-06 4.524486575974151492e-05
4.100000000000000000e+04 4.790120146935805678e-05 2.567817136878147721e-05 2.655915295690647326e-06 2.214606865891255438e-06 3.598535840865224600e-04 3.636947383256483590e-07 2.104681334458291531e-05 2.193633918068371713e-05 4.987632109987316653e-06 4.353654003352858126e-05
4.150000000000000000e+04 3.819062840193510056e-05 1.865027843450661749e-05 1.008976369121228345e-06 1.188030296361830551e-06 2.283708599861711264e-04 3.501268963645998156e-07 1.645010343054309487e-05 3.247594941058196127e-05 1.626902871976199094e-06 4.480139614315703511e-05
4.200000000000000000e+04 3.655535329016856849e-05 1.692578371148556471e-05 8.230388743868388701e-07 1.095933271244575735e-06 2.271638950332999229e-04 3.184032948411186226e-07 1.581779906700830907e-05 3.494080010568723083e-05 1.300566623285703827e-06 4.340867963037453592e-05
4.250000000000000000e+04 4.684639134211465716e-05 1.917133340612053871e-05 1.546460453027975745e-06 1.169201027551025618e-06 2.604742476250976324e-04 3.914591388820554130e-07 3.576334711397066712e-05 6.251701619476079941e-03 4.097975306649459526e-06 3.551111512933857739e-05
4.300000000000000000e+04 4.682086000684648752e-05 1.665364470682106912e-05 1.090062710318306927e-06 1.052648599397798534e-06 2.543760056141763926e-04 4.339627537319756811e-07 3.704383925651200116e-05 1.190964318811893463e-02 4.338370672485325485e-06 3.298945739516057074e-05
4.350000000000000000e+04 3.499128433759324253e-05 1.588343911862466484e-05 7.153785645641619340e-06 1.738887135616096202e-06 2.352681476622819901e-04 6.674877113255206496e-07 1.905311728478409350e-05 5.340772913768887520e-04 5.294750280881999061e-06 3.799174373853020370e-05
4.400000000000000000e+04 3.478864891803823411e-05 1.442962729925056919e-05 5.182876520848367363e-06 1.581249307491816580e-06 2.339182101422920823e-04 6.153992444524192251e-07 1.555325434310361743e-05 6.726050633005797863e-04 6.809616934333462268e-06 3.732178083737380803e-05
4.450000000000000000e+04 5.975409294478595257e-05 2.455961657688021660e-05 1.227845132234506309e-06 1.251243133992829826e-06 3.798495454248040915e-04 6.212186463017133065e-07 1.288589191972278059e-05 1.133166097133653238e-05 8.144327694026287645e-06 3.714993727044202387e-05
4.500000000000000000e+04 6.050030424376018345e-05 2.425371530989650637e-05 1.255989786841382738e-06 1.050935452440171503e-06 3.696392232086509466e-04 5.837757726112613454e-07 1.389967383147450164e-05 5.211645111558027565e-05 7.844387255317997187e-06 3.586981256376020610e-05
4.550000000000000000e+04 5.496998710441403091e-05 2.478745045664254576e-05 2.038390448433347046e-06 1.246618808181665372e-06 4.589596646837890148e-04 5.680711865352350287e-07 1.477717160014435649e-05 1.133154146373271942e-03 6.703122835460817441e-06 3.477239442872814834e-05
4.600000000000000000e+04 5.603034151135943830e-05 2.400700032012537122e-05 1.436110551367164589e-06 1.211269818668370135e-06 4.477828915696591139e-04 6.180715104164846707e-07 1.512160088168457150e-05 1.409484189935028553e-03 9.144891919277142733e-06 3.353284409968182445e-05
4.650000000000000000e+04 5.140381472301669419e-05 1.450820491299964488e-05 7.944085496092156973e-07 1.386147459925268777e-06 2.102899743476882577e-04 4.794885626324685290e-07 1.689513919700402766e-05 8.124468877213075757e-05 4.937693574902368709e-06 3.211441799066960812e-05
4.700000000000000000e+04 4.432760761119425297e-05 1.300603980780579150e-05 3.484323656266496982e-07 1.148289356933673844e-06 2.109728520736098289e-04 3.680562485897098668e-07 1.641340895730536431e-05 6.889455107739195228e-05 4.219767561153275892e-06 3.081662725890055299e-05
4.750000000000000000e+04 4.889665433438494802e-05 1.739035178616177291e-05 2.093654529744526371e-06 1.312660174335178453e-06 1.978751824935898185e-04 4.224545193665107945e-07 1.628192694624885917e-05 4.580297172651626170e-05 5.585035523836268112e-06 3.220929647795855999e-05
4.800000000000000000e+04 5.125838652020320296e-05 1.646816417633090168e-05 1.911201252369210124e-06 1.293852164963027462e-06 1.868352555902674794e-04 3.860772892494424013e-07 1.621888804947957397e-05 6.372477946570143104e-05 3.496632416499778628e-06 3.177773396600969136e-05
4.850000000000000000e+04 4.373012052383273840e-05 1.540620178275275975e-05 1.028542669700982515e-06 1.494177581662370358e-06 1.724070461932569742e-04 4.703292972862982424e-07 1.834102658904157579e-05 6.182042397995246574e-06 3.116795141977490857e-06 2.619972292450256646e-05
4.900000000000000000e+04 4.353759140940383077e-05 1.441051972506102175e-05 7.642941568519745488e-07 1.364693162031471729e-06 1.676491956459358335e-04 4.317707862355746329e-07 1.845027691160794348e-05 3.997476142103550956e-06 3.016553364432184026e-06 2.391412090219091624e-05
4.950000000000000000e+04 4.509993959800340235e-05 1.319691637036157772e-05 4.763275683217216283e-06 4.736903520097257569e-06 2.015285863308236003e-04 3.721496568687143736e-07 9.448795935895759612e-06 4.483059456106275320e-04 2.176342150050913915e-06 2.150238105969037861e-05
5.000000000000000000e+04 4.268873817636631429e-05 1.216612599819200113e-05 3.178241058776620775e-06 3.439650299696950242e-06 1.989112934097647667e-04 3.746798142856277991e-07 1.096792311727767810e-05 1.398110907757654786e-04 1.776213593984721228e-06 1.990694181586150080e-05
5.050000000000000000e+04 4.710438952315598726e-05 3.008583371411077678e-05 1.846019699769385625e-06 2.359545533181517385e-06 3.592884750105440617e-04 3.482832937606872292e-07 5.149864955455996096e-05 2.761093666777014732e-03 4.536482720141066238e-06 2.803470306389499456e-05
5.100000000000000000e+04 4.687066757469438016e-05 2.200805829488672316e-05 4.135927156312391162e-06 2.856677610907354392e-06 3.558656899258494377e-04 5.742252255913626868e-07 2.900958315876778215e-05 3.940830472856760025e-03 4.967409495293395594e-06 2.319775921932887286e-05
5.150000000000000000e+04 4.308544157538563013e-05 1.344478005194105208e-05 1.422414129592652898e-06 1.265962509933160618e-06 2.270689001306891441e-04 6.362995463859988376e-07 9.693882020656019449e-06 2.366521512158215046e-04 1.404989120601385366e-06 1.557488030812237412e-05
5.200000000000000000e+04 4.246379103278741241e-05 1.496882123319664970e-05 2.696126784940133803e-06 1.445396492272266187e-06 2.253245911560952663e-04 5.149115622771205381e-07 1.127003361034439877e-05 2.628414658829569817e-04 1.247204295395931695e-06 1.581631659064441919e-05
5.250000000000000000e+04 3.967755037592723966e-05 9.988334932131692767e-05 5.207013236940838397e-05 7.306321094802115113e-06 2.841580426320433617e-04 8.302665719384094700e-07 9.899890574160963297e-05 3.420521970838308334e-04 7.074553195707267150e-06 6.859190034447237849e-05
5.300000000000000000e+04 4.003350841230712831e-05 4.163950507063418627e-05 2.239461719000246376e-05 6.177496743475785479e-06 2.152984525309875607e-04 7.452168233612610493e-07 5.776414764113724232e-05 5.479028332047164440e-04 5.044501904194476083e-06 2.133330781362019479e-05
5.350000000000000000e+04 3.669233774417079985e-05 1.213043015013681725e-05 5.726589620280719828e-07 1.077028628060361370e-06 2.205381897510960698e-04 4.261304411556920968e-07 1.055679604178294539e-05 3.602463984861969948e-03 1.224013544742774684e-06 1.473306292609777302e-05
5.400000000000000000e+04 3.642111187218688428e-05 1.187126599688781425e-05 4.793079710907477420e-07 9.848414492807933129e-07 2.177730202674865723e-04 4.379863582926191157e-07 1.038361642713425681e-05 3.928079735487699509e-03 1.351848027297819499e-06 1.382688242301810533e-05
5.450000000000000000e+04 4.096396150998771191e-05 9.606026287656277418e-05 5.426519419415853918e-05 1.053464984579477459e-05 3.014739195350557566e-04 6.241102710191626102e-07 9.858084376901388168e-05 7.523641455918550491e-03 1.188666101370472461e-05 6.706616841256618500e-05
5.500000000000000000e+04 4.266028918209485710e-05 2.232385122624691576e-05 2.017124415942816995e-06 1.293832724513777066e-06 2.330946444999426603e-04 7.090395683917449787e-07 2.200346716563217342e-05 7.731635123491287231e-03 9.655102530814474449e-07 1.809283457987476140e-05
5.550000000000000000e+04 5.036096990806981921e-05 1.367027107335161418e-05 8.835523317429760937e-07 1.230237103300169110e-06 1.808826345950365067e-04 4.906395929538120981e-07 1.014406461763428524e-05 6.796374800615012646e-04 6.330677933874540031e-06 1.405587408953579143e-05
5.600000000000000000e+04 4.760610681842081249e-05 1.352398521703435108e-05 5.690973239325103350e-07 1.064371531356300693e-06 1.790416281437501311e-04 4.350280846665555146e-07 1.000762404146371409e-05 3.008495550602674484e-04 4.734467438538558781e-06 1.437210630683694035e-05
5.650000000000000000e+04 3.121091503999195993e-05 7.854866453271824867e-06 2.808848762470006477e-07 7.940447517285065260e-07 9.440605936106294394e-05 4.262223853856994538e-07 2.024962122959550470e-05 1.524433082522591576e-05 8.054078080022009090e-07 1.034445904224412516e-05
5.700000000000000000e+04 2.951491660496685654e-05 7.048839052004041150e-06 2.150355129515446606e-07 7.228743470477638766e-07 9.427143231732770801e-05 3.958080299071298214e-07 1.856675407907459885e-05 5.216381032369099557e-05 7.608985583829053212e-07 9.759806744114030153e-06
5.750000000000000000e+04 3.108012606389820576e-05 6.614181984332390130e-06 4.474555055367090972e-07 7.149899943215132225e-07 1.008358958642929792e-04 4.487887679260893492e-07 1.968074502656236291e-05 1.403225905960425735e-04 1.207874788633489516e-06 1.045443787006661296e-05
5.800000000000000000e+04 2.994396891153883189e-05 6.013716756569920108e-06 4.173316767719370546e-07 6.829931180618586950e-07 9.965165372705087066e-05 4.144277454543043859e-07 1.894740671559702605e-05 1.518443023087456822e-04 1.740191464705276303e-06 1.030250496114604175e-05
5.850000000000000000e+04 3.509440648485906422e-05 8.194503607228398323e-06 1.111650931306940038e-06 8.565163511775608640e-07 2.247758675366640091e-04 3.697995794027519878e-07 8.915561011235695332e-06 8.419850200880318880e-05 1.638741309761826415e-06 1.080263155017746612e-05
5.900000000000000000e+04 3.528924935380928218e-05 8.243221600423566997e-06 6.674636665593425278e-07 7.865899078751681373e-07 2.223326591774821281e-04 4.033236393752304139e-07 8.821067240205593407e-06 1.445075758965685964e-04 1.580223511155054439e-06 1.105987485061632469e-05
5.950000000000000000e+04 2.991664405271876603e-05 6.630858024436747655e-06 1.260984504369844217e-06 1.080240508599672467e-06 1.690459903329610825e-04 4.703009892637055600e-07 1.732765122142154723e-05 6.722311372868716717e-04 5.017180228605866432e-06 1.216575583384837955e-05
6.000000000000000000e+04 2.948756082332693040e-05 5.536915978154866025e-06 2.352174703901255270e-07 9.477629419052391313e-07 1.654505904298275709e-04 4.256711747530061984e-07 1.414181951986392960e-05 9.203973459079861641e-04 4.690280547947622836e-06 1.215753763972315937e-05
6.050000000000000000e+04 3.184407614753581583e-05 8.083195098151918501e-06 8.328266858370625414e-07 1.084996483768918552e-06 2.023797278525307775e-04 3.958052161578962114e-07 1.759311089699622244e-05 2.110693458234891295e-04 5.143007911101449281e-06 1.341935512755298987e-05
6.100000000000000000e+04 3.234283212805166841e-05 7.763545909256208688e-06 4.000571038886846509e-07 9.742237807586207055e-07 1.970105513464659452e-04 3.934617609502311097e-07 1.392474678141297773e-05 4.005512164440006018e-04 4.985403847967972979e-06 1.298037477681646124e-05
6.150000000000000000e+04 4.743704266729764640e-05 9.416256034455727786e-06 2.549228156567551196e-06 7.349947281909408048e-07 1.895168970804661512e-04 3.108593205070064869e-07 7.172698587964987382e-06 7.179687963798642159e-04 2.295092144777299836e-06 1.030157909553963691e-05
6.200000000000000000e+04 4.562521644402295351e-05 1.238848926732316613e-05 4.319494109950028360e-06 9.393028790327662136e-07 1.901597570395097136e-04 3.601856235491140978e-07 9.448360287933610380e-06 7.679846603423357010e-04 2.985724222526187077e-06 1.233726834470871836e-05
6.250000000000000000e+04 3.663359893835149705e-05 9.344554200652055442e-06 6.581108209502417594e-07 8.702846798769314773e-07 1.252141519216820598e-04 4.312496173497493146e-07 2.362432678637560457e-05 1.607230660738423467e-04 2.220516535089700483e-06 9.894271897792350501e-06
6.300000000000000000e+04 3.355040826136246324e-05 9.135354048339650035e-06 5.908131015530670993e-07 8.525238399670342915e-07 1.255589158972725272e-04 3.944067259453731822e-07 2.295512422278989106e-05 2.042836713371798396e-04 2.158177267119754106e-06 9.877845513983629644e-06
6.350000000000000000e+04 2.873254561563953757e-05 8.101306775643024594e-06 1.106404738493438344e-06 8.015921935111691710e-07 9.849116759141907096e-05 3.299249442534346599e-07 1.202625935547985137e-05 5.769419367425143719e-04 1.220018816638912540e-06 9.995368600357323885e-06
6.400000000000000000e+04 2.785226206469815224e-05 5.963963303656782955e-06 3.475959715615317691e-07 6.495405955320165958e-07 9.783452696865424514e-05 2.710910678160871612e-07 8.228485057770740241e-06 5.402677343226969242e-04 8.902554782252991572e-07 9.023088750836905092e-06
6.450000000000000000e+04 3.210080831195227802e-05 9.276750461140181869e-06 7.903125265329435933e-07 5.331360171112464741e-07 2.053851931123062968e-04 2.495925457424164051e-07 1.053959113050950691e-05 3.689213655889034271e-03 1.009736934065585956e-06 1.580226489750202745e-05
6.500000000000000000e+04 3.278344229329377413e-05 3.217759149265475571e-05 1.470627739763585851e-05 2.257782171000144444e-06 2.103347214870154858e-04 2.889721599785843864e-07 2.727550236159004271e-05 2.671346766874194145e-03 2.077428462143871002e-06 2.953186958620790392e-05
6.550000000000000000e+04 3.136325540253892541e-05 6.632249551330460235e-06 3.808176529673801269e-07 5.403316549745795783e-07 1.879412884591147304e-04 2.364207318805711111e-07 1.309190702158957720e-05 5.713102837034966797e-06 1.807652324714581482e-06 9.900950317387469113e-06
6.600000000000000000e+04 3.026798185601364821e-05 6.783641310903476551e-06 3.303302378299122211e-07 4.277125071894261055e-07 1.875357265817001462e-04 2.303081174659382668e-07 1.509880712546873838e-05 2.502431016182526946e-06 2.368098876104340889e-06 9.279504411097150296e-06
6.650000000000000000e+04 3.197901605744846165e-05 6.543940344272414222e-06 9.258422437596891541e-07 3.206756389317888534e-07 1.250714558409526944e-04 2.376381047497488908e-07 1.014379995467606932e-05 1.610535764484666288e-05 9.745598390509258024e-07 1.207897639687871560e-05
6.700000000000000000e+04 3.159487096127122641e-05 6.439608114305883646e-06 3.888583819389168639e-07 3.060852975522720953e-07 1.242044236278161407e-04 2.151356710555774043e-07 1.053668529493734241e-05 1.294852336286567152e-05 9.030925411934731528e-07 1.233587227034149691e-05
