# step, loss_train, loss_test, metrics_test
0.000000000000000000e+00 7.578526157885789871e-03 6.158933788537979126e-02 3.075871616601943970e-02 1.191951520740985870e-02 4.569905344396829605e-03 7.588101550936698914e-03 6.431347131729125977e-02 2.352840267121791840e-02 1.004775241017341614e-02 5.389284342527389526e-03
5.000000000000000000e+02 4.201174597255885601e-04 5.657814815640449524e-02 9.214717283612117171e-05 1.696248946245759726e-04 1.570056658238172531e-03 3.494915727060288191e-04 6.445170938968658447e-02 7.387877849396318197e-05 7.892626308603212237e-05 2.177375135943293571e-03
1.000000000000000000e+03 2.532007638365030289e-04 4.540197178721427917e-02 1.477512414567172527e-03 1.882677199319005013e-03 3.612964064814150333e-04 6.353329808916896582e-05 5.028982460498809814e-02 5.319094052538275719e-04 9.330268949270248413e-04 8.967379108071327209e-04
1.500000000000000000e+03 6.015973485773429275e-05 5.117548862472176552e-04 1.836969386204145849e-05 2.835258783306926489e-05 9.906761115416884422e-04 2.233972918475046754e-05 5.251505644991993904e-04 3.279204611317254603e-05 3.771854608203284442e-05 5.878978990949690342e-04
2.000000000000000000e+03 2.754134402493946254e-05 2.854099730029702187e-04 1.009663992590503767e-05 1.390439683746080846e-05 5.457601509988307953e-04 9.503370165475644171e-06 3.909381921403110027e-04 1.799243909772485495e-05 1.225590676767751575e-05 2.208710357081145048e-04
2.500000000000000000e+03 2.295084777870215476e-05 1.756603596732020378e-04 1.185790915769757703e-05 7.585256753372959793e-06 4.152684123255312443e-04 4.858500233240192756e-06 2.289492986164987087e-04 8.071626325545366853e-06 8.933113349485211074e-06 1.222705905092880130e-04
3.000000000000000000e+03 1.303618955716956407e-05 1.124894697568379343e-04 6.516788289445685223e-06 4.585170245263725519e-06 3.291764296591281891e-04 3.203777623639325611e-06 1.565324491821229458e-04 5.656283974531106651e-06 1.284083646169165149e-05 6.534607382491230965e-05
3.500000000000000000e+03 1.414329653925960883e-05 7.045787060633301735e-05 4.323233497416367754e-06 5.173488716536667198e-06 2.940093399956822395e-04 2.290374141011852771e-06 7.714334060437977314e-05 6.008795025991275907e-06 2.493247484380844980e-05 3.772902709897607565e-05
4.000000000000000000e+03 1.226326548930956051e-05 4.758174691232852638e-05 3.265746272518299520e-06 2.648250301717780530e-06 2.475338988006114960e-04 1.705568365650833584e-06 6.151855632197111845e-05 3.671014383144211024e-06 1.589778003108222038e-05 2.499189940863288939e-05
4.500000000000000000e+03 1.595623507455457002e-05 1.284359605051577091e-04 3.520234031384461559e-06 3.079416273976676166e-06 3.157468163408339024e-04 1.329827796325844247e-06 3.316590155009180307e-04 8.215618436224758625e-06 4.535028892860282212e-06 3.084419586230069399e-05
5.000000000000000000e+03 1.933962812472600490e-05 2.711493652896024287e-05 1.411300559084338602e-06 2.416946244920836762e-06 2.856079372577369213e-04 1.224049924530845601e-06 6.760721589671447873e-05 5.985686129861278459e-06 4.161082415521377698e-06 2.350024442421272397e-05
5.500000000000000000e+03 1.549853550386615098e-05 8.607051859144121408e-05 1.524234676253399812e-06 8.570689260523067787e-07 1.454285229556262493e-04 1.045643443831067998e-06 2.255061262985691428e-04 1.105691262637265027e-05 9.044039870786946267e-06 1.567641083966009319e-05
6.000000000000000000e+03 1.367345885228132829e-05 1.076337139238603413e-05 5.625481662718812004e-07 5.039414077145920601e-07 1.418016327079385519e-04 9.316671594206127338e-07 1.787523979146499187e-05 6.796450634283246472e-06 6.505174042104044929e-06 9.520990715827792883e-06
6.500000000000000000e+03 1.549427543068304658e-05 1.074719330063089728e-05 4.239862505528435577e-07 4.894645826425403357e-07 1.312266831519082189e-04 7.534933956776512787e-07 1.143224017141619697e-05 8.986638022179249674e-06 1.012245138554135337e-05 1.335386150458361953e-05
7.000000000000000000e+03 1.992431134567596018e-05 6.762064731447026134e-05 8.329085403602221049e-07 5.959578288639022503e-07 1.161229738499969244e-04 7.175135010584199335e-07 8.356337639270350337e-05 1.388596592732938007e-05 1.120032811741111800e-05 1.496743334428174421e-05
7.500000000000000000e+03 1.475460521760396659e-05 7.362480573647189885e-06 7.842044169592554681e-07 2.474263283147593029e-07 6.374498479999601841e-05 7.256518301801406778e-07 1.380618323310045525e-05 4.806101060239598155e-06 3.729581976585905068e-06 5.958847395959310234e-06
8.000000000000000000e+03 1.578072806296404451e-05 1.876537680800538510e-05 6.262818033064831980e-07 2.202040008114636294e-07 5.833879913552664220e-05 6.515834911624551751e-07 2.465598663548007607e-05 4.057473688590107486e-06 3.191079713360522874e-06 5.818986664962721989e-06
8.500000000000000000e+03 2.038585444097407162e-05 8.940734005591366440e-06 2.151947882111926447e-07 3.625821989317046246e-07 1.536466006655246019e-04 5.934775231253297534e-07 2.605943518574349582e-05 5.847810371051309630e-06 4.952617473463760689e-06 5.778372724307700992e-06
9.000000000000000000e+03 2.206118369940668344e-05 1.065207197825657204e-05 2.424149840862810379e-07 2.353977492930425797e-07 1.436886377632617950e-04 5.026127496421395335e-07 2.877821134461555630e-05 8.434049050265457481e-06 3.468562908892636187e-06 5.127669737703399733e-06
9.500000000000000000e+03 1.745470581226982176e-05 7.086105142661835998e-06 1.312748452164669288e-07 3.549443476913438644e-07 8.862595132086426020e-05 4.626573399946209975e-07 1.193734897242393345e-05 1.206257911690045148e-05 8.685971693012106698e-07 3.587271521610091440e-06
1.000000000000000000e+04 1.713103119982406497e-05 1.759221049724146724e-05 2.328902155568357557e-07 2.096561956932418980e-06 8.906169387046247721e-05 4.019922243969631381e-07 2.565881186455953866e-05 1.515496660431381315e-05 5.949033493379829451e-06 8.180221811926458031e-06
1.050000000000000000e+04 2.671156653377693146e-05 1.027000507747288793e-05 7.268013177963439375e-07 4.009536098692478845e-07 1.488004199927672744e-04 3.352615181029250380e-07 2.321495958312880248e-05 1.589032308402238414e-06 4.859932687395485118e-07 5.378278729040175676e-06
1.100000000000000000e+04 2.446184043947141618e-05 1.205868375109275803e-05 6.076066938476287760e-07 4.432746720794966677e-07 1.391546102240681648e-04 3.317780112865875708e-07 2.479789691278710961e-05 8.199521062124404125e-07 3.292457790848857258e-07 4.259140951035078615e-06
1.150000000000000000e+04 1.244400391442468390e-05 5.535851869353791699e-06 2.424550586965779075e-07 2.318794258826528676e-07 5.428355143521912396e-05 4.252135852311766939e-07 9.707365279609803110e-06 2.742558308455045335e-06 2.002809878831612878e-06 1.858861310211068485e-06
1.200000000000000000e+04 1.311516189161920920e-05 5.227882411418249831e-06 1.513990923740493599e-07 1.409621575021446915e-07 5.022691038902848959e-05 4.651328993077186169e-07 8.415040610998403281e-06 3.568155307220877148e-06 1.642510710553324316e-06 1.870940991466341075e-06
1.250000000000000000e+04 1.822401645767968148e-05 7.125169304345035926e-06 2.444571691739838570e-07 1.482514306871962617e-07 1.097082349588163197e-04 4.561834998639824335e-07 1.003758188744541258e-05 4.172057401774509344e-07 4.082795044269005302e-07 3.327696504129562527e-06
1.300000000000000000e+04 1.676267129369080067e-05 7.470275249943370000e-06 1.517634444780924241e-07 1.528439099729439477e-07 1.081109658116474748e-04 4.002889966159273172e-07 1.082803009921917692e-05 2.362519921916828025e-07 5.666128117809421383e-07 3.638452653831336647e-06
1.350000000000000000e+04 1.124505797633901238e-05 5.745800990553107113e-06 6.520744477711559739e-08 7.300295123968680855e-08 3.238651697756722569e-05 3.465695783688715892e-07 8.992283255793154240e-06 7.215284085759776644e-07 5.745945941271202173e-07 1.286088377128180582e-06
1.400000000000000000e+04 1.036163939716061577e-05 4.878350409853737801e-06 6.771119842596817762e-08 5.976595929269024055e-08 3.247377026127651334e-05 3.611052932228631107e-07 8.257970876002218574e-06 7.715719902989803813e-07 3.563246480098314350e-07 1.196547714243934024e-06
1.450000000000000000e+04 1.621620504010934383e-05 7.257178367581218481e-06 8.209921986690460471e-08 3.075160464049986331e-07 1.505358522990718484e-04 3.827192927019495983e-07 9.043435056810267270e-06 1.848607666943280492e-07 2.868740239136968739e-06 3.433267011132556945e-06
1.500000000000000000e+04 1.661682836129330099e-05 8.165009603544604033e-06 7.183734140880915220e-08 1.624796368560055271e-07 1.420999615220353007e-04 4.202985337542486377e-07 1.030730072670849040e-05 3.501741048239637166e-07 3.440750560912420042e-06 2.971994490508222952e-06
1.550000000000000000e+04 8.290671758004464209e-06 5.230890565144363791e-06 1.456348570627596928e-07 9.975580184118371108e-08 6.646206020377576351e-05 3.528269019170693355e-07 2.013143057411070913e-05 2.189757992709928658e-07 3.205063023870025063e-07 1.267982725039473735e-06
1.600000000000000000e+04 7.460649612767156214e-06 5.122229595144744962e-06 2.451668592584610451e-07 2.900560218677128432e-07 6.536471482831984758e-05 3.137265025543456431e-07 2.108670560119207948e-05 5.943261953689216170e-07 7.420556471515737940e-07 1.437834043827024288e-06
1.650000000000000000e+04 2.175952977268025279e-05 6.277935426624026150e-06 2.293213015036599245e-07 3.656591616163495928e-07 8.585574687458574772e-05 3.092567624207731569e-07 1.837175295804627240e-05 3.081466672938404372e-07 8.094870054264902137e-07 9.960438092093681917e-07
1.700000000000000000e+04 2.197585854446515441e-05 6.258667326619615778e-06 1.746028317484160652e-07 1.211388109823019477e-07 7.998397632036358118e-05 3.196151112661027582e-07 2.187122481700498611e-05 2.624135788664716529e-07 1.661119881646300200e-06 9.418031368113588542e-07
1.750000000000000000e+04 1.576218528498429805e-05 5.634337412629975006e-06 8.162882636497670319e-08 3.403195591999974567e-07 8.243462798418477178e-05 2.836824535279447446e-07 2.692450652830302715e-05 1.543351913824153598e-06 5.470777182381425519e-07 9.059442049874633085e-07
1.800000000000000000e+04 1.428483028576010838e-05 5.477573722600936890e-06 9.019875335525284754e-08 1.814422887491673464e-07 8.075108053162693977e-05 2.681068735910230316e-07 2.935690645244903862e-05 5.530924340746423695e-07 7.718102779108448885e-07 8.087998253358819056e-07
1.850000000000000000e+04 1.539537515782285482e-05 9.561302249494474381e-06 9.128329736540763406e-08 5.328979568730574101e-07 1.517775526735931635e-04 2.804755752094933996e-07 1.931640508701093495e-05 1.551723158854656504e-07 2.082155532434626366e-07 1.406247747581801377e-06
1.900000000000000000e+04 1.545381928735878319e-05 1.148783267126418650e-04 5.498364998857141472e-07 1.024829657580994535e-06 1.263686572201550007e-04 2.226232851398890489e-07 5.417621287051588297e-05 8.910838573683577124e-07 4.427021167430211790e-07 9.297524229623377323e-06
1.950000000000000000e+04 9.511338248557876796e-06 5.259742010821355507e-06 1.883806248770270031e-07 8.407084806094644591e-08 2.685708932403940707e-05 1.892531429348309757e-07 2.110091918439138681e-05 1.044030000230122823e-06 1.018164198285376187e-06 3.263822065946442308e-07
2.000000000000000000e+04 8.063844688876997679e-06 3.994119197159307078e-06 1.504368327687188867e-07 7.805302004726399900e-08 2.632631731103174388e-05 1.482990512613469036e-07 1.610588697076309472e-05 9.479702498538244981e-07 1.009161564979876857e-06 2.804651728638418717e-07
2.050000000000000000e+04 1.246074225491611287e-05 3.066901626880280674e-05 1.183179705321890651e-07 1.021891335994951078e-07 5.264144783723168075e-05 1.255739476846429170e-07 5.442605106509290636e-05 2.916155779075779719e-07 2.477703219483373687e-06 3.266551175329368562e-06
2.100000000000000000e+04 1.035992590914247558e-05 1.804761632229201496e-05 1.294921787575731287e-07 1.079673893400467932e-06 5.461686305352486670e-05 1.093610180191717518e-07 1.867973878688644618e-05 7.134411816878127865e-08 6.092884177633095533e-06 9.313728241977514699e-07
2.150000000000000000e+04 1.084188079403247684e-05 1.030958082992583513e-05 1.819001909098005854e-07 8.724015998495815438e-08 1.467007241444662213e-04 1.333513779400163912e-07 2.837342435668688267e-05 2.790584403555840254e-07 3.735890913958428428e-06 2.119554210366914049e-06
2.200000000000000000e+04 9.617872819944750518e-06 9.357027010992169380e-06 1.641767397586590960e-07 5.750667497750328039e-08 1.434156729374080896e-04 1.215121585573797347e-07 2.552357182139530778e-05 3.760861488899536198e-07 6.160026259749429300e-06 1.948215867741964757e-06
2.250000000000000000e+04 1.085960411728592589e-05 4.969442215951858088e-06 9.562215552705310984e-08 2.595849082354106940e-07 7.897173054516315460e-05 9.824518798495773808e-08 1.667270225880201906e-05 2.160337089662789367e-06 4.659147180063882843e-06 6.848168254691699985e-07
2.300000000000000000e+04 1.038290884025627747e-05 4.374347554403357208e-06 9.422393532076966949e-08 1.402798091021395521e-07 7.668636681046336889e-05 9.174154058655403787e-08 1.385898303851718083e-05 2.786489176287432201e-06 3.730436674231896177e-06 8.399391049351834226e-07
2.350000000000000000e+04 1.019487990561174229e-05 2.783219088087207638e-06 7.528926460054208292e-08 9.057995953298814129e-08 2.577012310212012380e-05 6.943591301933338400e-08 6.968740308366250247e-06 8.913488272810354829e-06 9.971328836400061846e-06 2.756066237452614587e-07
2.400000000000000000e+04 8.678297490405384451e-06 2.786682671285234392e-06 7.196292983735474991e-08 9.035375114763155580e-08 2.232039514638017863e-05 7.455574291270750109e-08 6.321158707578433678e-06 8.215699381253216416e-06 2.212417530245147645e-05 2.924792283920396585e-07
2.450000000000000000e+04 7.857560376578476280e-06 4.801585419045295566e-06 2.484679271219647489e-07 1.303673258234994137e-07 4.651554627344012260e-05 9.404209322383394465e-08 8.681411600264254957e-06 7.573966058771475218e-07 5.605785190709866583e-06 5.393033575273875613e-07
2.500000000000000000e+04 7.607721272506751120e-06 2.357601943003828637e-06 7.992080952590185916e-08 6.581382194781326689e-08 4.273066588211804628e-05 8.938035023220436415e-08 1.042564963427139446e-05 2.149835154341417365e-06 4.050625193485757336e-06 3.606714642501174239e-07
2.550000000000000000e+04 1.100278223020723090e-05 3.604777930377167650e-06 2.241369401190240751e-07 1.685476433976873523e-07 2.955893796752206981e-05 9.038602399868977955e-08 2.492468229320365936e-05 8.316506523442512844e-07 8.011692216314258985e-07 5.608172841675695963e-07
2.600000000000000000e+04 9.520667845208663493e-06 3.286847231720457785e-06 1.092818990855448646e-07 1.348690830127452500e-07 2.688428685360122472e-05 8.185995170606474858e-08 2.121192846971098334e-05 7.544317668362054974e-07 7.951873044476087671e-07 5.211626898926624563e-07
2.650000000000000000e+04 6.933124495844822377e-06 2.587480821603094228e-06 6.625355553069312009e-08 5.291314764122034831e-08 5.851800233358517289e-05 8.731627332281277631e-08 5.963522198726423085e-06 1.366126753055141307e-06 5.503997044797870331e-07 1.093147488973045256e-06
2.700000000000000000e+04 5.828498615301214159e-06 2.594902980490587652e-06 6.755205816943998798e-08 6.410638775378174614e-08 5.273210263112559915e-05 8.915809246445860481e-08 7.181131422839825973e-06 1.301814108956023119e-06 1.220412968905293383e-06 1.082317794498521835e-06
2.750000000000000000e+04 1.104184048017486930e-05 2.658062385307857767e-06 7.714078975595839438e-08 8.572719423227681546e-08 2.979643795697484165e-05 7.938486845660008839e-08 5.604180842055939138e-06 4.788201295014005154e-06 2.121488250850234181e-05 3.782220119319390506e-07
2.800000000000000000e+04 8.204383448173757643e-06 2.323232765775173903e-04 1.923381432789028622e-06 7.501402023990522139e-07 4.600474130711518228e-05 9.136451240010501351e-08 1.841167686507105827e-04 3.464392420937656425e-06 2.367535671510268003e-05 1.757400241331197321e-05
2.850000000000000000e+04 1.128524854721035808e-05 9.945712918124627322e-06 8.263609885261757881e-08 9.791627064714703010e-08 1.176301157101988792e-04 1.136239191623644729e-07 9.490751835983246565e-06 4.107736515379656339e-07 9.919518561218865216e-06 1.574002567394927610e-06
2.900000000000000000e+04 1.091552439902443439e-05 9.912326277117244899e-06 5.914093037517886842e-08 8.888654434713316732e-08 1.113438702304847538e-04 1.274611065582575975e-07 9.477589628659188747e-06 3.387880838090495672e-07 9.647920705901924521e-06 1.792421130630827975e-06
2.950000000000000000e+04 6.328930794552434236e-06 3.572788955352734774e-06 8.073386936757742660e-08 5.204460507002295344e-08 3.431183722568675876e-05 1.323480631754136994e-07 1.496269942435901612e-05 6.023945502420247067e-07 2.035470788541715592e-05 3.569525972579867812e-07
3.000000000000000000e+04 5.499831786437425762e-06 2.451548652970814146e-06 6.289210574550452293e-08 4.106538753489985538e-08 3.178717088303528726e-05 1.344182720686148969e-07 1.086194788513239473e-05 6.942308914403838571e-07 1.822405283746775240e-05 3.180566920946148457e-07
3.050000000000000000e+04 1.160364990937523544e-05 3.574318498067441396e-06 4.315482016181704239e-08 4.631411343325453345e-08 5.015881470171734691e-05 1.482795681795323617e-07 7.292987447726773098e-06 1.434744149264588486e-06 8.422047358180861920e-06 7.390897849290922750e-07
3.100000000000000000e+04 9.835360287979710847e-06 3.139762839055038057e-06 4.923039753634839144e-08 4.293872990501768072e-08 3.969773388234898448e-05 1.626598162829395733e-07 6.458148618548875675e-06 8.439462249043572228e-07 3.760452500500832684e-06 6.660001190539333038e-07
3.150000000000000000e+04 6.438505806727334857e-06 3.875089078064775094e-06 3.031610162906872574e-08 3.140450743899236841e-08 4.857542080571874976e-05 1.461385465972853126e-07 5.557193162530893460e-06 2.334122228830892709e-07 7.457652372977463529e-06 8.538765996490838006e-07
3.200000000000000000e+04 5.477298145706299692e-06 3.689584218591335230e-06 2.255802833417419606e-08 3.655358682408405002e-08 4.539164729067124426e-05 1.538905536335732904e-07 5.893320121685974300e-06 5.132884552949690260e-07 3.025558498848113231e-06 1.073857902156305499e-06
3.250000000000000000e+04 6.795426088501699269e-06 5.950196282356046140e-06 4.568682498984344420e-08 5.545596337697134004e-08 4.452640860108658671e-05 1.305314611954599968e-07 6.259565907384967431e-06 1.233818579748913180e-06 3.292221322226396296e-07 1.534044372419884894e-06
3.300000000000000000e+04 5.429488737718202174e-06 4.360590537544339895e-06 2.299738000033357821e-08 4.096670735975749267e-08 4.292593439458869398e-05 1.202591164428667980e-07 2.303056817254400812e-06 1.401028839609352872e-06 3.289490280167228775e-07 1.513469555902702268e-06
3.350000000000000000e+04 7.648423888895194978e-06 1.498246888331777882e-06 3.157499506301064685e-08 4.697650268781217164e-08 4.511462975642643869e-05 1.193832872559141833e-07 1.439002971892477944e-06 8.788321537167576025e-08 3.154992555209901184e-06 5.267948495202290360e-07
3.400000000000000000e+04 6.962589395698159933e-06 1.830856376727751922e-06 2.134712673296235153e-08 3.830959727224581002e-08 3.806670065387152135e-05 1.170345385048676690e-07 1.895293166853662115e-06 7.293650128303852398e-08 2.309433511982206255e-06 8.919564038478711154e-07
