# step, loss_train, loss_test, metrics_test
0.000000000000000000e+00 7.660343497991561890e-02 1.609713137149810791e-01 4.431529901921749115e-03 6.637556012719869614e-03 1.533319475129246712e-03 7.754126936197280884e-02 2.691912353038787842e-01 1.489371177740395069e-03 8.544472046196460724e-03 2.440526615828275681e-03
5.000000000000000000e+02 1.730339863570407033e-04 7.855946314521133900e-04 1.013772052829153836e-04 5.898319795960560441e-05 1.986720133572816849e-03 8.890797471394762397e-05 5.928539903834462166e-04 1.036095345625653863e-04 6.604662485187873244e-05 1.824584673158824444e-03
1.000000000000000000e+03 3.291960820206440985e-05 2.964251907542347908e-04 2.320230123586952686e-05 8.230927051045000553e-06 6.279320805333554745e-04 1.156733378593344241e-05 2.461397671140730381e-04 3.090487007284536958e-05 4.209150120004778728e-06 3.868833009619265795e-04
1.500000000000000000e+03 1.506708031229209155e-05 1.784384367056190968e-04 6.196411050041206181e-06 9.922512617777101696e-06 4.490428837016224861e-04 3.932868821721058339e-06 3.806959139183163643e-04 1.284810605284292251e-05 2.612109346955548972e-05 1.359225279884412885e-04
2.000000000000000000e+03 1.015772159007610753e-05 6.992306589381769300e-05 3.096817408732022159e-06 4.034238372696563601e-06 3.578836913220584393e-04 1.814898155316768680e-06 1.331628882326185703e-04 5.428094027593033388e-06 1.896705907711293548e-05 6.530911196023225784e-05
2.500000000000000000e+03 9.594039511284790933e-06 3.227107299608178437e-05 5.014963335270294920e-06 1.223699086949636694e-06 3.015425754711031914e-04 9.539179472994874232e-07 3.829304841929115355e-05 2.751105284914956428e-06 1.547432839288376272e-05 3.626324178185313940e-05
3.000000000000000000e+03 9.622293873690068722e-06 2.463894270476885140e-05 8.014657396415714175e-06 1.031305419019190595e-05 3.096140280831605196e-04 5.522849733097245917e-07 3.724608905031345785e-05 1.161606633104383945e-05 3.759131141123361886e-05 4.060771243530325592e-05
3.500000000000000000e+03 1.601520125404931605e-05 7.019544864306226373e-05 4.771168732986552641e-06 4.970487498212605715e-05 2.784750540740787983e-04 4.880986352873151191e-07 7.059895870042964816e-05 4.780833933182293549e-06 4.919026832794770598e-05 3.795100201386958361e-05
4.000000000000000000e+03 2.152342131012119353e-05 1.747623173287138343e-05 6.322109697975974996e-07 2.214849672554919380e-07 1.969033037312328815e-04 5.533722173822752666e-07 2.129612948920112103e-05 4.703775175585178658e-06 6.324050900730071589e-07 6.542380560858873650e-06
4.500000000000000000e+03 2.749228769971523434e-05 3.274909613537602127e-05 1.951991180249024183e-06 3.241011199861532077e-06 3.185553941875696182e-04 5.010049335396615788e-07 6.227124686120077968e-05 1.236896082446037326e-06 2.831109895851113833e-06 1.105761657527182251e-05
5.000000000000000000e+03 3.045840458071324974e-05 2.798267269099596888e-05 8.448709536423848476e-07 5.812527206217055209e-07 2.447167644277215004e-04 5.827695872540061828e-07 4.745617479784414172e-05 1.970881385204847902e-06 1.188074293168028817e-06 4.289577191229909658e-06
5.500000000000000000e+03 1.337099274678621441e-05 1.250408786290790886e-05 3.787745868066849653e-07 2.049059588671298116e-07 1.229371264344081283e-04 1.966409968190419022e-07 4.127597640035673976e-05 6.046115572644339409e-07 7.198959337983978912e-06 3.431011009524809197e-06
6.000000000000000000e+03 5.169122960069216788e-05 1.065102042048238218e-04 1.007048558676615357e-05 8.453765076410491019e-06 1.493567251600325108e-04 2.249574890811345540e-07 5.312397261150181293e-04 6.011704044794896618e-06 1.715159305604174733e-05 5.412643531599314883e-06
6.500000000000000000e+03 2.757335641945246607e-05 3.133342397632077336e-05 1.596431843609025236e-06 6.088199597797938623e-07 9.912893438013270497e-05 8.552157737540255766e-08 4.595475184032693505e-05 2.481075398463872261e-06 4.379020310807391070e-07 5.227458132139872760e-06
7.000000000000000000e+03 2.128501182596664876e-05 1.484953008912270889e-05 3.804274228969006799e-07 1.222682755042114877e-07 8.866247662808746099e-05 8.477417878793858108e-08 2.750064049905631691e-05 1.541118308523437008e-07 3.377209623067756183e-07 3.644932803581468761e-06
7.500000000000000000e+03 1.342207815469009802e-05 1.429339499736670405e-05 2.447336555633228272e-07 3.383201772066968260e-07 4.473699664231389761e-05 6.167700661308117560e-08 2.620113446027971804e-05 1.375045286522436072e-07 3.417519565118709579e-07 1.630887936698854901e-06
8.000000000000000000e+03 1.201396207761717960e-05 4.143214027862995863e-05 2.153267644189327257e-07 2.218697119360513170e-07 3.590844062273390591e-05 5.599902763719910581e-08 3.746631409740075469e-05 1.735086527787643718e-07 5.827958489135198761e-07 4.187979357084259391e-06
8.500000000000000000e+03 3.312531771371141076e-05 2.058707905234768987e-04 1.338450147159164771e-05 4.494324002735083923e-06 1.819595054257661104e-04 1.346731721696414752e-07 3.118870663456618786e-04 4.477636593946954235e-06 4.824427833227673545e-06 3.751271287910640240e-05
9.000000000000000000e+03 2.329101698705926538e-05 7.036738679744303226e-06 2.187531578101697960e-07 1.014044883618225867e-07 1.344993361271917820e-04 5.395584068423886492e-08 5.345505996956489980e-05 2.558978167144232430e-06 9.482908325253447401e-08 1.095408833862165920e-06
9.500000000000000000e+03 1.310756579187000170e-05 1.796733704395592213e-05 2.620538168685015989e-07 9.927906603479641490e-07 7.540923252236098051e-05 2.567055723545763612e-08 2.770170794974546880e-05 4.920605533698108047e-06 1.935063949076720746e-07 1.915471102620358579e-06
1.000000000000000000e+04 1.250701188837410882e-05 1.094970957637997344e-05 2.355279349330885452e-07 1.068170050189110043e-07 7.366509817074984312e-05 1.275197458738830392e-08 1.725382207951042801e-05 6.821731858508428559e-06 9.718205262743140338e-08 1.709811726868792903e-06
1.050000000000000000e+04 1.827791675168555230e-05 1.092435195459984243e-05 4.816928367290529422e-07 2.225669391009432729e-07 1.021303978632204235e-04 3.286843153205154522e-08 1.674156192166265100e-05 2.371092904240867938e-07 6.816537734266603366e-07 2.268335038024815731e-06
1.100000000000000000e+04 1.366452215734170750e-05 3.374827065272256732e-05 5.381830305850598961e-07 2.938702152732730610e-07 8.338935731444507837e-05 1.232529545092120316e-08 4.231409911881200969e-05 2.882745093302219175e-06 1.402444809173175599e-06 6.002980171615490690e-06
1.150000000000000000e+04 9.315473107562866062e-06 9.831433999352157116e-06 1.435126790738650016e-07 2.598970638700848212e-08 2.712547939154319465e-05 9.363743558310488879e-09 1.795277239580173045e-05 2.989208724102354608e-06 4.300051443806296447e-07 1.307094180447165854e-06
1.200000000000000000e+04 8.566742508264724165e-06 7.553515843028435484e-06 3.078473582718288526e-07 4.790932806031378277e-08 2.284437323396559805e-05 1.046772979407251114e-08 8.014635568542871624e-06 1.779224589881778229e-06 4.755523832500330172e-07 6.682689672743435949e-07
1.250000000000000000e+04 2.462960947013925761e-05 4.247272590873762965e-05 2.339963032227387885e-07 1.888317797238414641e-06 9.649630374042317271e-05 5.928087176698682015e-08 4.815421925741247833e-05 4.102782042991748312e-07 2.110297373292269185e-06 6.174463578645372763e-06
1.300000000000000000e+04 1.049672664521494880e-05 1.270661141461459920e-05 7.987281236410126439e-08 1.552662354242784204e-07 6.848971679573878646e-05 3.476463206197877298e-08 1.965649244084488600e-05 7.594096729235388921e-08 1.441240783606190234e-06 4.457077920960728079e-06
1.350000000000000000e+04 6.005773229844635352e-06 7.274321887962287292e-06 2.417380358110676752e-07 1.451702900112650241e-07 1.789100497262552381e-05 9.142875789791560237e-09 7.321459179365774617e-06 6.920216719663585536e-07 1.025932647280569654e-06 1.475939029660366941e-06
1.400000000000000000e+04 3.443732339292182587e-06 2.051539013336878270e-05 2.742343951922521228e-07 2.677392387795407558e-07 1.192286799778230488e-05 6.416340347925597598e-09 9.088787010114174336e-06 6.429992254197713919e-07 7.060267535052844323e-07 1.292750880566018168e-06
1.450000000000000000e+04 1.510885704192332923e-05 5.372174200601875782e-04 7.912028081591415685e-07 4.471131092032010201e-07 1.544774859212338924e-04 5.227384303196913606e-09 3.743312554433941841e-04 1.846645091063692234e-06 1.177464469037659001e-06 3.370561171323060989e-05
1.500000000000000000e+04 1.649255500524304807e-05 6.221366493264213204e-05 7.510093951168528292e-07 7.743764740553160664e-07 8.877697109710425138e-05 3.612372845296363266e-09 9.041897283168509603e-05 6.998434969318623189e-07 1.302878899878123775e-06 1.035208924804464914e-06
1.550000000000000000e+04 1.691016450422466733e-06 6.343324457702692598e-06 5.566424121639101941e-08 2.418762790057371603e-07 3.303053017589263618e-05 2.654011899139163688e-09 1.363826504530152306e-05 6.812894071117625572e-08 8.378786731100262841e-08 2.670167305041104555e-06
1.600000000000000000e+04 1.947208829733426683e-06 5.105756372358882800e-06 1.995464060655649519e-07 1.131201372572832042e-07 3.335792280267924070e-05 2.958298273014747792e-09 1.513743427494773641e-05 7.307429328307080141e-09 9.437402859191479365e-09 5.308686468197265640e-06
1.650000000000000000e+04 3.201093250027042814e-06 3.795451266341842711e-05 3.789537217357974441e-08 1.865930016720085405e-06 5.216148929321207106e-05 1.121265302828078347e-08 5.462558692670427263e-05 3.190795894170150859e-08 1.270486080784394289e-07 4.933691161568276584e-05
1.700000000000000000e+04 2.265749571961350739e-06 7.163894770201295614e-05 8.461561833428277168e-07 1.742878225741151255e-06 1.439293282601283863e-05 4.774880935087821854e-09 1.091390804504044354e-04 1.549742378870178072e-08 2.154475708948666579e-07 1.286451970372581854e-05
1.750000000000000000e+04 5.201022759138140827e-06 5.242857241682941094e-06 7.799383183737518266e-08 3.796635610342491418e-07 5.802468513138592243e-05 9.469275141782418359e-08 3.560347977327182889e-06 7.512978328350072843e-08 1.092140351488524175e-07 1.185114228974271100e-06
1.800000000000000000e+04 4.331645868660416454e-06 6.269645382417365909e-05 3.048074006528622704e-07 6.382750825650873594e-07 3.465161717031151056e-05 2.034874668765951355e-08 2.663834857230540365e-05 3.361413689617620548e-07 9.579848665453027934e-07 4.825160885957302526e-06
1.850000000000000000e+04 1.628636346140410751e-05 1.565719721838831902e-04 1.045952103595482185e-06 1.760214672685833648e-06 6.779973045922815800e-05 9.977885184753176873e-09 1.333445688942447305e-04 6.281040896283229813e-07 3.992988695245003328e-07 8.654623343318235129e-06
1.900000000000000000e+04 2.286647259097662754e-06 6.323488196358084679e-05 1.152580807683989406e-06 8.205242352232744452e-07 3.154618752887472510e-05 3.926360570005726913e-09 3.276136339991353452e-05 3.002164206122870382e-08 4.571378156015271088e-07 6.165664672153070569e-06
1.950000000000000000e+04 1.576334398123435676e-06 1.978332875296473503e-06 2.058030190710269380e-08 5.146422310531306721e-08 6.467801995313493535e-06 1.541156890993988782e-08 4.060734227095963433e-06 2.528284070990594046e-08 3.889823219083154981e-08 3.380684745479811681e-07
2.000000000000000000e+04 2.904130042225006036e-06 1.772460527718067169e-04 6.262242777665960602e-07 1.367514187222695909e-06 1.883490403997711837e-05 2.893289163807821751e-09 2.349038404645398259e-04 5.578576178777439054e-08 1.129361862695077434e-06 1.450356194254709408e-05
2.050000000000000000e+04 9.017205229611136019e-06 3.989081596955657005e-05 6.904016913722443860e-08 6.977834345889277756e-07 3.862155790557153523e-05 2.721246694648016273e-08 5.605761907645501196e-05 1.010733612361036649e-07 6.980253033361805137e-07 1.265056425836519338e-06
2.100000000000000000e+04 3.682616807054728270e-06 4.475140485737938434e-06 7.267706436664411740e-09 2.414250559468200663e-07 2.296436650794930756e-05 9.251628796391742071e-09 2.644617779878899455e-05 1.364912627366265951e-08 3.114486801791827020e-08 1.742092649692494888e-06
2.150000000000000000e+04 7.613831257913261652e-06 6.319927342701703310e-05 1.839832641792327195e-08 2.050831398037189501e-07 1.079065041267313063e-04 1.566378138306845358e-08 5.279618198983371258e-05 5.410468872923956951e-08 4.633411094800976571e-07 9.780665095604490489e-06
2.200000000000000000e+04 1.842044639488449320e-06 6.708466571581084281e-06 1.978535024704797252e-08 4.808749665130562789e-08 9.738789958646520972e-05 8.047262411992051057e-09 1.248929038411006331e-05 4.866287817151260242e-09 2.066185373905682354e-07 2.114010840159608051e-06
2.250000000000000000e+04 5.425683411885984242e-06 5.215097189648076892e-06 1.034688601464495150e-08 7.174931937470319099e-08 5.340140342013910413e-05 1.792904136266315618e-08 4.409658686199691147e-06 1.954694255346112186e-07 2.689552729862043634e-06 2.173487246182048693e-06
2.300000000000000000e+04 6.749649401172064245e-06 1.256117047887528315e-05 1.792230648334225407e-07 2.675317318789893761e-07 5.568906271946616471e-05 1.147490547026563945e-08 1.785179301805328578e-05 8.560238029531319626e-08 1.190231046166445594e-06 3.998971806140616536e-06
2.350000000000000000e+04 2.150355840058182366e-06 2.030824134635622613e-06 7.511487432054764213e-09 7.539459723204799957e-09 3.710840701387496665e-06 4.442358925160760919e-09 6.564845534740015864e-06 2.325421746718348004e-06 9.629476771522149647e-09 3.850394136861723382e-07
2.400000000000000000e+04 1.456322024750988930e-06 7.979193469509482384e-06 1.706024477243772708e-08 8.131220852192200255e-08 5.258519649942172691e-06 4.573446066302722102e-09 1.686358336883131415e-05 2.462873680997290649e-06 5.421292712526337709e-07 2.019222392846131697e-06
2.450000000000000000e+04 3.708329586515901610e-06 5.597790277533931658e-06 2.282391164953878615e-07 3.375957078333158279e-07 1.395013714500237256e-05 7.190901651910053261e-09 1.810351022868417203e-05 5.570215577677117835e-08 5.024432070399598160e-08 2.205790906373295002e-06
2.500000000000000000e+04 8.000450293366156984e-07 3.538369355737813748e-06 1.181485664858428208e-08 2.423961475983560376e-08 8.136875294439960271e-06 1.661426440868751797e-09 1.030650219036033377e-05 1.908136937345261686e-08 1.032624368235701695e-06 4.592981895257253200e-06
2.550000000000000000e+04 1.374819839838892221e-05 1.793299816199578345e-05 4.655807117615040625e-07 3.332417293222533772e-07 1.090488949557766318e-04 1.438580028434444102e-07 2.047905400104355067e-05 8.949420049475520500e-08 3.887825243964471156e-07 5.176692411623662338e-06
2.600000000000000000e+04 1.114043152483645827e-05 9.866464097285643220e-06 1.348815743540399126e-07 1.312941009246060275e-07 6.750648026354610920e-05 4.823920818353144568e-08 2.482347372279036790e-05 5.259876534324803288e-09 2.138385895023020566e-07 4.504563094087643549e-06
2.650000000000000000e+04 6.103030955273425207e-06 1.020742456603329629e-05 6.306230915242849733e-08 9.968738368115737103e-08 7.927111437311396003e-05 2.201882267627297551e-07 1.318563226959668100e-05 5.037615125047523179e-08 4.101716797322296770e-07 5.462927674670936540e-06
2.700000000000000000e+04 4.877500941802281886e-06 1.117967440222855657e-05 7.190937623136051116e-08 2.001602723566975328e-07 6.184828089317306876e-05 1.436441863233994809e-07 2.658724588400218636e-05 1.179805195761218783e-07 2.236800042965114699e-07 5.323777259036432952e-06
2.750000000000000000e+04 8.008780241652857512e-06 3.671056765597313643e-05 1.356351475578776444e-07 1.068803726411715616e-06 3.444639878580346704e-05 1.585451343544264091e-07 5.359050192055292428e-05 1.207533717462183631e-08 5.840144012836390175e-07 1.117331794375786558e-05
2.800000000000000000e+04 1.141424399975221604e-05 1.623671414563432336e-04 3.284589524810144212e-07 1.145691271631221753e-06 6.022486923029646277e-05 6.353580772611167049e-08 1.567043364048004150e-04 1.117907473258128448e-07 2.663755935827794019e-07 3.723509507835842669e-05
2.850000000000000000e+04 5.538243840419454500e-06 8.448763765045441687e-06 9.199854389407846611e-08 4.421952581878940691e-08 9.513550321571528912e-05 1.645037883690747549e-08 5.277380751067539677e-06 3.892643718472754699e-08 5.462882413098668621e-08 2.594520083221141249e-06
2.900000000000000000e+04 1.534744296805001795e-05 6.613987352466210723e-05 1.251630550314075663e-07 8.688178922966471873e-07 9.104557102546095848e-05 5.575107486777142185e-09 8.987649925984442234e-05 1.306840147208276903e-08 6.307232069957535714e-08 2.459039933455642313e-06
2.950000000000000000e+04 3.393967290321597829e-06 2.341623485335730948e-06 2.701213119848944189e-08 1.297543494871433722e-08 1.657269240240566432e-05 1.061512566735700602e-08 6.096112429077038541e-06 3.049552077527550864e-08 6.587071510466557811e-08 4.095509211765602231e-07
3.000000000000000000e+04 2.688578433662769385e-06 1.537199864287686069e-06 1.630729329349378531e-08 2.138332710899248923e-08 1.047180649038637057e-05 1.820488471082626347e-08 3.453171984801883809e-06 2.258812337174731510e-08 2.372773799663718819e-08 5.738909862884611357e-07
3.050000000000000000e+04 3.868638941639801487e-06 6.913222478033276275e-06 5.482853282501309877e-08 5.862898078135003743e-08 9.571097507432568818e-06 1.050434228488938970e-08 7.359269147855229676e-06 3.017855760845122859e-07 1.249320689566957299e-06 4.325530881033046171e-06
3.100000000000000000e+04 1.880798549791506957e-06 2.379600800850312226e-06 4.804649478273859131e-08 2.264187060063704848e-08 4.325288500695023686e-06 3.487822919367999930e-09 4.813993200514232740e-06 4.029590172649477609e-07 1.647906401558429934e-06 5.500117822521133348e-06
3.150000000000000000e+04 9.930072337738238275e-07 4.380002792458981276e-06 4.769637129697912314e-09 3.008209858990085195e-08 7.102692507032770663e-06 3.680586280196962434e-09 1.139958294515963644e-05 5.162923599755231407e-08 5.892269427931751125e-07 3.642104275058954954e-05
3.200000000000000000e+04 5.971451741970668081e-07 4.546401214611250907e-06 3.307593754442450518e-09 1.973069458927056985e-07 3.232537892472464591e-06 2.975973911745199985e-09 2.144850259355735034e-05 3.900372291809617309e-08 4.063930987285857555e-07 6.771276821382343769e-05
3.250000000000000000e+04 4.201671799819450825e-06 5.482237156684277579e-06 6.808400598856678698e-08 2.413358117792085977e-07 5.543465886148624122e-05 1.350934919486235231e-08 4.746044851344777271e-06 1.286223323404556140e-07 1.214112472780470853e-07 1.783784341569116805e-06
3.300000000000000000e+04 2.250976422146777622e-06 4.901707143289968371e-06 1.433581520160487344e-08 7.922840694618571433e-08 4.441999408300034702e-05 7.779799915397234145e-09 4.539485871646320447e-06 1.284746975471762198e-08 1.062723384848140995e-07 2.614678805912262760e-06
3.350000000000000000e+04 3.907645350409438834e-06 4.571566478261956945e-06 2.816168986896627757e-08 1.403241967068424856e-08 4.749224899569526315e-05 5.039004946638669935e-08 3.819719040620839223e-06 2.808219257133259816e-08 2.142431299034797121e-08 2.607562237244565040e-06
