# step, loss_train, loss_test, metrics_test
0.000000000000000000e+00 7.863946375437080860e-04 1.388692557811737061e-01 3.223029151558876038e-02 1.242968253791332245e-02 2.038658969104290009e-02 7.126902928575873375e-04 1.558039039373397827e-01 2.495393343269824982e-02 5.039549432694911957e-03 2.182309515774250031e-02
5.000000000000000000e+02 2.926711225882172585e-03 8.979336917400360107e-02 3.525399137288331985e-03 1.412566401995718479e-03 2.164062857627868652e-02 2.759930212050676346e-03 9.877596795558929443e-02 2.443088218569755554e-03 4.183300552540458739e-05 2.243163995444774628e-02
1.000000000000000000e+03 5.544191226363182068e-03 7.585265487432479858e-02 2.849331067409366369e-04 4.305758338887244463e-04 1.255260035395622253e-02 5.336388945579528809e-03 8.271388709545135498e-02 1.340675225947052240e-04 8.418252109549939632e-04 1.333261374384164810e-02
1.500000000000000000e+03 5.341729614883661270e-03 8.503756672143936157e-02 3.276682764408178627e-05 4.033706500194966793e-04 7.024079095572233200e-03 5.111833103001117706e-03 7.695903629064559937e-02 5.778393096989020705e-05 1.688147778622806072e-03 7.849537767469882965e-03
2.000000000000000000e+03 4.403242841362953186e-03 8.037069439888000488e-02 1.311551459366455674e-04 4.534183826763182878e-04 4.103433806449174881e-03 4.185008816421031952e-03 7.426385581493377686e-02 1.391804107697680593e-04 1.860815100371837616e-03 4.880767315626144409e-03
2.500000000000000000e+03 3.914748784154653549e-03 9.062531590461730957e-02 1.749065995682030916e-04 3.938800655305385590e-04 3.379281144589185715e-03 3.693646052852272987e-03 7.137051969766616821e-02 1.535718911327421665e-04 1.602132804691791534e-03 4.043126013129949570e-03
3.000000000000000000e+03 3.031732514500617981e-03 8.772595226764678955e-02 1.728505885694175959e-04 3.283064870629459620e-04 3.582764649763703346e-03 2.834185026586055756e-03 6.978987902402877808e-02 1.378615561407059431e-04 1.323915319517254829e-03 4.169484600424766541e-03
3.500000000000000000e+03 3.364267991855740547e-03 6.980337947607040405e-02 4.654963049688376486e-05 2.733943983912467957e-04 3.449990646913647652e-03 3.197967307642102242e-03 6.816609203815460205e-02 6.679388025077059865e-05 7.220975239761173725e-04 4.074717406183481216e-03
4.000000000000000000e+03 2.842289861291646957e-03 6.908989697694778442e-02 4.655219890992157161e-05 2.607917122077196836e-04 3.796355566009879112e-03 2.693348797038197517e-03 6.744311749935150146e-02 7.072449079714715481e-05 5.103649455122649670e-04 4.399980418384075165e-03
4.500000000000000000e+03 7.816740544512867928e-04 5.408600345253944397e-02 2.715134542086161673e-05 3.130041295662522316e-04 3.673995379358530045e-03 6.712550530210137367e-04 7.162772119045257568e-02 3.696593194035813212e-05 5.135568208061158657e-04 4.310747142881155014e-03
5.000000000000000000e+03 6.792135536670684814e-04 5.389476194977760315e-02 3.178005135850980878e-05 3.043924225494265556e-04 3.772259689867496490e-03 5.798454512841999531e-04 7.119043171405792236e-02 4.022161738248541951e-05 3.766462614294141531e-04 4.402363207191228867e-03
5.500000000000000000e+03 6.808607140555977821e-04 5.907571315765380859e-02 7.982354873092845082e-05 2.329193230252712965e-04 3.948838915675878525e-03 5.999079439789056778e-04 7.000130414962768555e-02 7.721217116340994835e-05 4.162891709711402655e-04 4.502529744058847427e-03
6.000000000000000000e+03 5.905028665438294411e-04 5.901722237467765808e-02 8.059792889980599284e-05 2.163102180929854512e-04 3.901955205947160721e-03 5.192812532186508179e-04 6.965362280607223511e-02 7.868046668590977788e-05 3.392954822629690170e-04 4.457294475287199020e-03
6.500000000000000000e+03 4.715295799542218447e-04 6.027636304497718811e-02 1.142683104262687266e-04 1.705519680399447680e-04 4.281848203390836716e-03 3.995146835222840309e-04 6.872637569904327393e-02 9.575439617037773132e-05 3.072806575801223516e-04 4.885761532932519913e-03
7.000000000000000000e+03 4.090422298759222031e-04 6.017737835645675659e-02 1.125925919041037560e-04 1.621851697564125061e-04 4.284557420760393143e-03 3.428029303904622793e-04 6.838741898536682129e-02 8.927538146963343024e-05 2.389384753769263625e-04 4.887962713837623596e-03
7.500000000000000000e+03 5.568617489188909531e-04 7.398684322834014893e-02 1.262123987544327974e-04 2.229314413852989674e-04 5.145949777215719223e-03 4.856110317632555962e-04 6.596209108829498291e-02 1.056032997439615428e-04 1.093268438125960529e-04 5.705945659428834915e-03
8.000000000000000000e+03 4.973742761649191380e-04 7.386909425258636475e-02 1.202355269924737513e-04 2.163279859814792871e-04 5.078746005892753601e-03 4.292345547582954168e-04 6.565854698419570923e-02 1.180486651719547808e-04 8.450051973341032863e-05 5.640760529786348343e-03
8.500000000000000000e+03 3.055831184610724449e-04 5.704092606902122498e-02 8.342613000422716141e-05 1.763309846865013242e-04 3.579963929951190948e-03 2.612409007269889116e-04 6.780878454446792603e-02 1.205582084367051721e-04 1.067812336259521544e-04 4.255730193108320236e-03
9.000000000000000000e+03 3.129782853648066521e-04 5.707774683833122253e-02 9.019896242534741759e-05 1.758547296049073339e-04 3.423249116167426109e-03 2.677050651982426643e-04 6.760867685079574585e-02 1.497011689934879541e-04 1.001873097266070545e-04 4.101243801414966583e-03
9.500000000000000000e+03 5.028707091696560383e-04 5.435657501220703125e-02 5.918660826864652336e-05 2.145081234630197287e-04 3.252718597650527954e-03 4.440362972673028708e-04 6.661574542522430420e-02 1.438150356989353895e-04 3.494144766591489315e-05 3.926048520952463150e-03
1.000000000000000000e+04 5.528494948521256447e-04 5.431463569402694702e-02 6.050697993487119675e-05 2.036679215962067246e-04 3.095387713983654976e-03 4.848352109547704458e-04 6.634557247161865234e-02 1.649646583246067166e-04 2.818846951413433999e-05 3.771733492612838745e-03
1.050000000000000000e+04 5.916018853895366192e-04 5.623205751180648804e-02 1.310591615037992597e-04 1.828598178690299392e-04 3.111007856205105782e-03 5.032350309193134308e-04 6.613579392433166504e-02 1.967579300981014967e-04 6.237078923732042313e-05 3.657191293314099312e-03
1.100000000000000000e+04 6.241709925234317780e-04 5.618578195571899414e-02 1.323414035141468048e-04 1.873559085652232170e-04 2.983134007081389427e-03 5.299313925206661224e-04 6.597205996513366699e-02 1.953368628164753318e-04 6.928105722181499004e-05 3.530766349285840988e-03
1.150000000000000000e+04 1.022611395455896854e-03 6.747407466173171997e-02 1.150692551163956523e-04 1.590094325365498662e-04 3.394340397790074348e-03 9.126681252382695675e-04 6.437005847692489624e-02 3.019174619112163782e-04 1.738972059683874249e-05 3.990998025983572006e-03
1.200000000000000000e+04 1.100827124901115894e-03 6.734301894903182983e-02 1.166880465461872518e-04 1.563273253850638866e-04 3.221477381885051727e-03 9.745256975293159485e-04 6.424348056316375732e-02 3.413987578824162483e-04 1.694640013738535345e-05 3.819126868620514870e-03
1.250000000000000000e+04 8.864738047122955322e-04 7.040190696716308594e-02 1.112826503231190145e-04 2.285463706357404590e-04 3.321403404697775841e-03 7.701421272940933704e-04 6.433618068695068359e-02 2.360408689128234982e-04 2.953595867438707501e-05 3.959554247558116913e-03
1.300000000000000000e+04 8.395466720685362816e-04 7.032180577516555786e-02 1.088398130377754569e-04 2.404153929091989994e-04 3.202567109838128090e-03 7.290656212717294693e-04 6.432152539491653442e-02 2.297270111739635468e-04 3.542817285051569343e-05 3.836590563878417015e-03
1.350000000000000000e+04 7.206297595985233784e-04 6.562312692403793335e-02 6.580591434612870216e-05 1.904543751152232289e-04 3.177506616339087486e-03 6.117000593803822994e-04 6.426531076431274414e-02 3.141436900477856398e-04 3.202253355993889272e-05 3.765943925827741623e-03
1.400000000000000000e+04 6.573283462785184383e-04 6.552214175462722778e-02 6.731281609972938895e-05 1.914082968141883612e-04 3.059715265408158302e-03 5.596054252237081528e-04 6.421174854040145874e-02 3.562821657396852970e-04 3.531098263920284808e-05 3.646387485787272453e-03
1.450000000000000000e+04 4.772683314513415098e-04 6.427680701017379761e-02 1.265580940525978804e-04 1.590091851539909840e-04 2.680632984265685081e-03 4.057215701323002577e-04 6.463065743446350098e-02 3.032884269487112761e-04 2.950291491288226098e-05 3.231079550459980965e-03
1.500000000000000000e+04 4.297406412661075592e-04 6.420315057039260864e-02 1.301907759625464678e-04 1.506736152805387974e-04 2.608220325782895088e-03 3.650899743661284447e-04 6.462913751602172852e-02 2.637343131937086582e-04 2.591342854429967701e-05 3.152334596961736679e-03
1.550000000000000000e+04 3.175207530148327351e-04 5.189447104930877686e-02 9.830767521634697914e-05 1.437286991858854890e-04 1.772787538357079029e-03 2.672931295819580555e-04 6.641011685132980347e-02 1.322472526226192713e-04 2.582420347607694566e-05 2.415478229522705078e-03
1.600000000000000000e+04 2.913228236138820648e-04 5.185676366090774536e-02 1.002609496936202049e-04 1.414715516148135066e-04 1.762751373462378979e-03 2.453603374306112528e-04 6.641396135091781616e-02 1.148348164861090481e-04 3.121070403722114861e-05 2.403866499662399292e-03
1.650000000000000000e+04 1.556118077132850885e-04 6.676293909549713135e-02 1.550770684843882918e-04 1.662536233197897673e-04 2.884185174480080605e-03 1.246831816388294101e-04 6.552413105964660645e-02 7.950165309011936188e-05 3.395332169020548463e-05 3.274904098361730576e-03
1.700000000000000000e+04 1.314820256084203720e-04 6.662492454051971436e-02 1.611647021491080523e-04 1.663538569118827581e-04 2.869088901206851006e-03 1.041304712998680770e-04 6.559880077838897705e-02 6.449568900279700756e-05 3.556549563654698431e-05 3.252531867474317551e-03
1.750000000000000000e+04 1.230217312695458531e-04 6.512396782636642456e-02 1.275593822356313467e-04 1.519786892458796501e-04 2.063022227957844734e-03 9.986715303966775537e-05 6.653747707605361938e-02 6.903363100718706846e-05 3.872281740768812597e-05 2.645911416038870811e-03
1.800000000000000000e+04 1.129650190705433488e-04 6.507603824138641357e-02 1.282239682041108608e-04 1.571440079715102911e-04 2.056048717349767685e-03 9.187719115288928151e-05 6.645681709051132202e-02 7.273252413142472506e-05 4.934535900247283280e-05 2.637478057295084000e-03
1.850000000000000000e+04 5.318885450833477080e-05 5.203646048903465271e-02 1.955935149453580379e-04 9.287155262427404523e-05 1.782110310159623623e-03 3.734608981176279485e-05 6.938672065734863281e-02 6.744269921910017729e-05 1.730521944409701973e-05 2.341012004762887955e-03
1.900000000000000000e+04 5.161272565601393580e-05 5.199654027819633484e-02 2.128243650076910853e-04 8.254850399680435658e-05 1.779360813088715076e-03 3.575394657673314214e-05 6.945944577455520630e-02 6.325387948891147971e-05 1.127042014559265226e-05 2.337968209758400917e-03
1.950000000000000000e+04 1.404804934281855822e-04 6.213253736495971680e-02 1.105086630559526384e-04 1.719160063657909632e-04 2.359238918870687485e-03 1.150208554463461041e-04 6.554923951625823975e-02 7.804127380950376391e-05 4.693709342973306775e-05 2.880970016121864319e-03
2.000000000000000000e+04 1.299970754189416766e-04 6.203437596559524536e-02 1.023113727569580078e-04 2.031896437983959913e-04 2.347354544326663017e-03 1.049290149239823222e-04 6.545974314212799072e-02 6.665818364126607776e-05 5.863478509127162397e-05 2.867468399927020073e-03
2.050000000000000000e+04 2.432883484289050102e-04 6.770963221788406372e-02 1.901008217828348279e-04 1.451450516469776630e-04 2.501195995137095451e-03 2.045271103270351887e-04 6.439991295337677002e-02 1.248476910404860973e-04 4.722468293039128184e-05 2.987748943269252777e-03
2.100000000000000000e+04 2.394576440565288067e-04 6.762748211622238159e-02 2.017332444665953517e-04 1.552226603962481022e-04 2.476921770721673965e-03 1.981205132324248552e-04 6.429646164178848267e-02 1.343483017990365624e-04 4.897605322184972465e-05 2.963464008644223213e-03
2.150000000000000000e+04 3.234716132283210754e-04 5.959972739219665527e-02 1.217398676089942455e-04 2.738590701483190060e-04 1.989752519875764847e-03 2.701350022107362747e-04 6.460786610841751099e-02 1.055614702636376023e-04 1.473954616812989116e-04 2.543949056416749954e-03
2.200000000000000000e+04 3.248068678658455610e-04 5.951359495520591736e-02 1.191700139315798879e-04 3.018521238118410110e-04 1.942761358805000782e-03 2.681532932911068201e-04 6.446197628974914551e-02 1.252786023542284966e-04 2.038905222434550524e-04 2.497373148798942566e-03
2.250000000000000000e+04 6.024750764481723309e-04 6.764663755893707275e-02 1.231175556313246489e-04 5.734685109928250313e-04 2.900681225582957268e-03 5.086621968075633049e-04 6.484851241111755371e-02 1.385493378620594740e-04 4.901121719740331173e-04 3.376918146386742592e-03
2.300000000000000000e+04 5.605561891570687294e-04 6.739897280931472778e-02 1.241503196069970727e-04 6.468076026067137718e-04 2.902280073612928391e-03 4.666317836381494999e-04 6.501606851816177368e-02 1.288464409299194813e-04 5.584836471825838089e-04 3.374912310391664505e-03
2.350000000000000000e+04 8.103650179691612720e-04 5.553200468420982361e-02 7.547578570665791631e-05 5.621549789793789387e-04 1.736060599796473980e-03 6.769833853468298912e-04 6.425420194864273071e-02 1.183798885904252529e-04 7.679119007661938667e-04 2.321787411347031593e-03
2.400000000000000000e+04 9.624002850614488125e-04 5.518775433301925659e-02 8.161352889146655798e-05 5.936127854511141777e-04 1.585434773005545139e-03 8.097494137473404408e-04 6.419856846332550049e-02 1.912143779918551445e-04 9.210599237121641636e-04 2.186838770285248756e-03
2.450000000000000000e+04 3.728678275365382433e-04 5.413348972797393799e-02 1.143980116466991603e-04 4.626837035175412893e-04 1.317263231612741947e-03 3.114231803920120001e-04 6.516259163618087769e-02 1.836074225138872862e-04 4.459323827177286148e-04 1.961873611435294151e-03
2.500000000000000000e+04 3.851082292385399342e-04 5.413064733147621155e-02 1.174213903141207993e-04 4.234666994307190180e-04 1.255326671525835991e-03 3.190333663951605558e-04 6.513702124357223511e-02 1.775790733518078923e-04 4.061999788973480463e-04 1.905792742036283016e-03
2.550000000000000000e+04 2.611337113194167614e-04 5.911660566926002502e-02 2.287309616804122925e-04 3.486331261228770018e-04 2.103687031194567680e-03 1.984949194593355060e-04 6.426095217466354370e-02 1.196634839288890362e-04 3.007770865224301815e-04 2.606087131425738335e-03
2.600000000000000000e+04 2.419913216726854444e-04 5.898453295230865479e-02 2.114004018949344754e-04 3.245612897444516420e-04 2.147888764739036560e-03 1.816937146941199899e-04 6.434541940689086914e-02 1.114396800403483212e-04 2.684003848116844893e-04 2.645040163770318031e-03
2.650000000000000000e+04 2.634580014273524284e-04 4.849788174033164978e-02 1.319144503213465214e-04 2.818183274939656258e-04 1.518580946139991283e-03 1.997700164793059230e-04 6.489459425210952759e-02 9.504927584202960134e-05 2.418069634586572647e-04 2.161466283723711967e-03
2.700000000000000000e+04 2.912069612648338079e-04 4.847535863518714905e-02 1.341508468613028526e-04 2.763893571682274342e-04 1.462120912037789822e-03 2.229809906566515565e-04 6.473443657159805298e-02 1.097181811928749084e-04 2.243679191451519728e-04 2.108392305672168732e-03
2.750000000000000000e+04 8.585617761127650738e-04 5.644843727350234985e-02 1.664761366555467248e-04 4.202369600534439087e-04 1.389538869261741638e-03 7.026130333542823792e-04 6.356954574584960938e-02 1.647016906645148993e-04 3.078859008383005857e-04 2.019426552578806877e-03
2.800000000000000000e+04 9.039025753736495972e-04 5.632293596863746643e-02 1.736436097417026758e-04 4.320722364354878664e-04 1.326810102909803391e-03 7.273104856722056866e-04 6.342625617980957031e-02 1.726878836052492261e-04 3.046005440410226583e-04 1.960920868441462517e-03
2.850000000000000000e+04 2.940910926554352045e-04 5.390000715851783752e-02 1.857881579780951142e-04 3.434769460000097752e-04 1.599271781742572784e-03 2.195854322053492069e-04 6.404837965965270996e-02 1.259627460967749357e-04 1.888830738607794046e-04 2.177652437239885330e-03
2.900000000000000000e+04 2.804132527671754360e-04 5.383503437042236328e-02 1.863915967987850308e-04 3.502811887301504612e-04 1.606764155440032482e-03 2.096113312290981412e-04 6.400565803050994873e-02 1.206840388476848602e-04 1.879526389529928565e-04 2.181264571845531464e-03
2.950000000000000000e+04 2.519311383366584778e-04 5.976283922791481018e-02 1.607814920134842396e-04 4.656210949178785086e-04 1.941129332408308983e-03 1.815869181882590055e-04 6.364928185939788818e-02 9.203652734868228436e-05 3.936810244340449572e-04 2.463961951434612274e-03
3.000000000000000000e+04 2.325937093701213598e-04 5.966915190219879150e-02 1.570282765896990895e-04 4.758347931783646345e-04 1.945578027516603470e-03 1.667899778112769127e-04 6.361929327249526978e-02 8.148782217176631093e-05 4.428114916663616896e-04 2.466515637934207916e-03
3.050000000000000000e+04 3.587891114875674248e-04 5.706863477826118469e-02 3.180153144057840109e-04 2.166791819036006927e-04 1.861379598267376423e-03 2.537246618885546923e-04 6.341352313756942749e-02 1.445137022528797388e-04 8.445001731161028147e-05 2.339650643989443779e-03
3.100000000000000000e+04 3.833794035017490387e-04 5.692705512046813965e-02 3.419122076593339443e-04 1.879355841083452106e-04 1.817709999158978462e-03 2.699058095458894968e-04 6.340236216783523560e-02 2.069965557893738151e-04 5.369522477849386632e-05 2.296934602782130241e-03
3.150000000000000000e+04 2.335644094273447990e-04 5.550650507211685181e-02 2.039831451838836074e-04 1.925936376210302114e-04 1.632561557926237583e-03 1.772679534042254090e-04 6.611402332782745361e-02 1.697929401416331530e-04 4.771041130879893899e-05 2.186476718634366989e-03
3.200000000000000000e+04 2.232691767858341336e-04 5.538902804255485535e-02 1.908723206724971533e-04 2.114063390763476491e-04 1.640286063775420189e-03 1.664123992668464780e-04 6.613596528768539429e-02 1.574969210196286440e-04 6.596532330149784684e-05 2.189869759604334831e-03
3.250000000000000000e+04 2.809131110552698374e-04 5.387686938047409058e-02 1.889309351099655032e-04 3.012520319316536188e-04 1.476855715736746788e-03 2.035384386545047164e-04 6.374309957027435303e-02 1.809472014429047704e-04 2.005925489356741309e-04 2.045337576419115067e-03
3.300000000000000000e+04 3.074447449762374163e-04 5.373141914606094360e-02 1.971812307601794600e-04 3.253276518080383539e-04 1.429260475561022758e-03 2.215425920439884067e-04 6.347741931676864624e-02 1.961230591405183077e-04 2.305466477992013097e-04 1.999937696382403374e-03
3.350000000000000000e+04 2.333123702555894852e-04 4.916874319314956665e-02 1.762162719387561083e-04 3.906038182321935892e-04 1.561535755172371864e-03 1.570492604514583945e-04 6.464703381061553955e-02 1.527234126115217805e-04 1.987051946343854070e-04 2.096243435516953468e-03
3.400000000000000000e+04 2.288600517204031348e-04 4.891508072614669800e-02 1.909085403895005584e-04 4.264754243195056915e-04 1.590735977515578270e-03 1.497361954534426332e-04 6.449001282453536987e-02 1.683654263615608215e-04 2.237506414530798793e-04 2.121597761288285255e-03
3.450000000000000000e+04 2.544868621043860912e-04 5.134452134370803833e-02 1.306840858887881041e-04 6.594368605874478817e-04 1.461556996218860149e-03 1.682483125478029251e-04 6.364073604345321655e-02 1.580183743499219418e-04 4.956825287081301212e-04 1.976697938516736031e-03
3.500000000000000000e+04 2.792494487948715687e-04 5.111947283148765564e-02 1.466495887143537402e-04 6.605667877011001110e-04 1.448440132662653923e-03 1.863350917119532824e-04 6.344223767518997192e-02 1.659851986914873123e-04 5.265261279419064522e-04 1.964581198990345001e-03
3.550000000000000000e+04 3.020620497409254313e-04 5.634999275207519531e-02 1.619042886886745691e-04 5.895492504350841045e-04 1.165946479886770248e-03 2.120916906278580427e-04 6.311560422182083130e-02 1.805026986403390765e-04 5.605706828646361828e-04 1.855100039392709732e-03
3.600000000000000000e+04 3.339007962495088577e-04 5.602110549807548523e-02 1.871913555078208447e-04 6.291113677434623241e-04 1.148633658885955811e-03 2.336839534109458327e-04 6.250502169132232666e-02 2.485543955117464066e-04 5.972066428512334824e-04 1.838062307797372341e-03
3.650000000000000000e+04 8.805281249806284904e-04 7.176645845174789429e-02 5.615885602310299873e-04 6.511578103527426720e-04 2.204618416726589203e-03 6.292535690590739250e-04 6.067370250821113586e-02 5.602263845503330231e-04 5.147246993146836758e-04 2.563043497502803802e-03
3.700000000000000000e+04 9.398832917213439941e-04 7.138344645500183105e-02 6.742812111042439938e-04 6.167629035189747810e-04 2.171824453398585320e-03 6.687437999062240124e-04 6.051447615027427673e-02 7.276609539985656738e-04 4.630184266716241837e-04 2.529918914660811424e-03
