# step, loss_train, loss_test, metrics_test
0.000000000000000000e+00 1.994784176349639893e-02 7.331205904483795166e-02 1.823787242174148560e-01 6.214399635791778564e-02 9.373839944601058960e-02 2.031565830111503601e-02 9.148517251014709473e-02 1.587333381175994873e-01 7.301712781190872192e-02 9.277909994125366211e-02
5.000000000000000000e+02 4.923855885863304138e-05 7.729238271713256836e-02 8.070161566138267517e-03 2.255098894238471985e-03 7.537191268056631088e-03 4.884126610704697669e-05 8.730792254209518433e-02 7.685410324484109879e-03 2.525056479498744011e-03 8.284928277134895325e-03
1.000000000000000000e+03 2.512179082259535789e-03 6.650864332914352417e-02 8.105729357339441776e-04 3.106022268184460700e-05 2.552934223785996437e-03 2.539740176871418953e-03 7.148706167936325073e-02 9.991289116442203522e-04 6.383009349519852549e-06 3.374000079929828644e-03
1.500000000000000000e+03 1.660893904045224190e-03 7.491286844015121460e-02 4.870759439654648304e-04 1.061459624907001853e-05 3.065349301323294640e-03 1.671282458119094372e-03 6.765457987785339355e-02 6.361613050103187561e-04 2.867409421014599502e-06 3.761778352782130241e-03
2.000000000000000000e+03 7.774189580231904984e-04 7.151400297880172729e-02 2.464220742695033550e-04 1.427995903213741258e-05 4.082404077053070068e-03 7.856341544538736343e-04 6.641069054603576660e-02 3.475796838756650686e-04 9.652650987845845520e-06 4.696695599704980850e-03
2.500000000000000000e+03 5.482662236317992210e-04 8.284589648246765137e-02 1.245244202436879277e-04 4.852772690355777740e-05 5.355776287615299225e-03 5.532532813958823681e-04 6.550183892250061035e-02 1.845482765929773450e-04 3.505748463794589043e-05 5.809149239212274551e-03
3.000000000000000000e+03 3.386176540516316891e-04 8.201942592859268188e-02 8.118444384308531880e-05 7.965815893840044737e-05 6.059730425477027893e-03 3.424321766942739487e-04 6.530106812715530396e-02 1.269075291929766536e-04 5.356610199669376016e-05 6.476379930973052979e-03
3.500000000000000000e+03 1.110014971345663071e-03 6.643674522638320923e-02 2.659041638253256679e-05 1.282160083064809442e-04 4.670157097280025482e-03 1.120635657571256161e-03 6.533502042293548584e-02 7.904960511950775981e-05 1.359441375825554132e-04 5.233169998973608017e-03
4.000000000000000000e+03 1.209184527397155762e-03 6.640424579381942749e-02 3.758569437195546925e-05 1.235156378243118525e-04 4.344286397099494934e-03 1.216343836858868599e-03 6.529636681079864502e-02 9.728650911711156368e-05 1.371761318296194077e-04 4.919332917779684067e-03
4.500000000000000000e+03 8.531585626769810915e-05 5.386788770556449890e-02 2.711392880883067846e-05 8.618419815320521593e-05 3.578576957806944847e-03 8.256795263150706887e-05 6.819231063127517700e-02 5.629874431178905070e-05 5.598186180577613413e-05 4.208202008157968521e-03
5.000000000000000000e+03 9.424531890545040369e-05 5.388730391860008240e-02 3.184950764989480376e-05 9.301860700361430645e-05 3.488301066681742668e-03 9.059949661605060101e-05 6.818198412656784058e-02 5.857909491169266403e-05 6.039646177669055760e-05 4.120143130421638489e-03
5.500000000000000000e+03 1.774426636984571815e-04 5.882130190730094910e-02 6.029036376276053488e-05 7.037210161797702312e-05 3.581904806196689606e-03 1.718078419798985124e-04 6.743502616882324219e-02 9.046616469277068973e-05 4.790865568793378770e-05 4.143654834479093552e-03
6.000000000000000000e+03 1.898578775580972433e-04 5.880262702703475952e-02 5.938006506767123938e-05 7.078285125317052007e-05 3.490389091894030571e-03 1.808159431675449014e-04 6.731599569320678711e-02 8.306618838105350733e-05 4.594775236910209060e-05 4.053004551678895950e-03
6.500000000000000000e+03 1.333938562311232090e-04 6.039719283580780029e-02 8.486449951305985451e-05 6.600240885745733976e-05 3.856541588902473450e-03 1.181125626317225397e-04 6.676264852285385132e-02 9.381637210026383400e-05 3.640771319624036551e-05 4.463498014956712723e-03
7.000000000000000000e+03 1.492675510235130787e-04 6.035676226019859314e-02 8.581721340306103230e-05 6.821713759563863277e-05 3.714554011821746826e-03 1.308172941207885742e-04 6.670641899108886719e-02 7.816078868927434087e-05 3.467165515758097172e-05 4.320985637605190277e-03
7.500000000000000000e+03 3.141016059089452028e-04 7.379154115915298462e-02 8.491434709867462516e-05 1.171394760604016483e-04 4.480166826397180557e-03 2.869191521313041449e-04 6.512477993965148926e-02 7.971566810738295317e-05 5.482618871610611677e-05 5.035769660025835037e-03
8.000000000000000000e+03 3.693525504786521196e-04 7.369822263717651367e-02 8.533874643035233021e-05 1.236668758792802691e-04 4.124806262552738190e-03 3.309592430014163256e-04 6.502030789852142334e-02 7.885119703132659197e-05 5.156715633347630501e-05 4.679191857576370239e-03
8.500000000000000000e+03 2.316878963029012084e-04 5.703288689255714417e-02 5.708181561203673482e-05 9.886070620268583298e-05 2.719259122386574745e-03 2.072642382699996233e-04 6.659924238920211792e-02 5.888870509807020426e-05 2.991346264025196433e-05 3.370520193129777908e-03
9.000000000000000000e+03 1.928287965711206198e-04 5.693162232637405396e-02 5.883056655875407159e-05 9.918656724039465189e-05 2.550182165578007698e-03 1.737970305839553475e-04 6.661172211170196533e-02 6.872600351925939322e-05 2.463984856149181724e-05 3.192665288224816322e-03
9.500000000000000000e+03 3.469831426627933979e-04 5.417199805378913879e-02 4.279560016584582627e-05 1.245308667421340942e-04 2.231485210359096527e-03 3.166854439768940210e-04 6.582792848348617554e-02 7.147262658691033721e-05 3.900300362147390842e-05 2.886499278247356415e-03
1.000000000000000000e+04 3.046737692784518003e-04 5.404346808791160583e-02 4.732701199827715755e-05 1.234103983733803034e-04 2.102051395922899246e-03 2.776356996037065983e-04 6.568910181522369385e-02 1.071422811946831644e-04 3.977767482865601778e-05 2.749978797510266304e-03
1.050000000000000000e+04 2.768193662632256746e-04 5.589342117309570312e-02 1.236746611539274454e-04 9.609702101442962885e-05 2.130845794454216957e-03 2.478536334820091724e-04 6.547596305608749390e-02 1.886169484350830317e-04 1.610962135600857437e-05 2.656142925843596458e-03
1.100000000000000000e+04 2.359371428610756993e-04 5.571359023451805115e-02 1.384070346830412745e-04 1.100765512092038989e-04 2.080980222672224045e-03 2.066760644083842635e-04 6.526558846235275269e-02 1.897091860882937908e-04 1.789381531125400215e-05 2.606780501082539558e-03
1.150000000000000000e+04 5.782892694696784019e-04 6.644496321678161621e-02 1.494389289291575551e-04 1.730049407342448831e-04 2.176562324166297913e-03 5.006549181416630745e-04 6.386170536279678345e-02 4.198746464680880308e-04 1.302522287005558610e-04 2.734060632064938545e-03
1.200000000000000000e+04 5.305806989781558514e-04 6.598310917615890503e-02 2.143296442227438092e-04 2.536530082579702139e-04 2.051906893029808998e-03 4.335065896157175303e-04 6.339807808399200439e-02 5.884499405510723591e-04 2.204683696618303657e-04 2.614149358123540878e-03
1.250000000000000000e+04 2.476890222169458866e-04 6.875210255384445190e-02 2.433093031868338585e-04 5.091117927804589272e-04 2.138182055205106735e-03 1.772154791979119182e-04 6.322969496250152588e-02 3.373831277713179588e-04 1.769557420630007982e-04 2.697038697078824043e-03
1.300000000000000000e+04 2.514433872420340776e-04 6.804248690605163574e-02 3.327673184685409069e-04 6.831799983046948910e-04 1.939550274983048439e-03 1.587706792633980513e-04 6.250809878110885620e-02 4.099319048691540956e-04 2.541232970543205738e-04 2.494099084287881851e-03
1.350000000000000000e+04 2.529209887143224478e-04 6.278426945209503174e-02 3.408456686884164810e-04 7.043801597319543362e-04 1.677974592894315720e-03 1.524260442238301039e-04 6.095714867115020752e-02 7.926810067147016525e-04 6.237630150280892849e-04 2.260664943605661392e-03
1.400000000000000000e+04 2.644134219735860825e-04 6.099531799554824829e-02 4.762671887874603271e-04 9.550148388370871544e-04 1.457456964999437332e-03 1.525890402263030410e-04 5.851052328944206238e-02 6.847839104011654854e-04 1.111331395804882050e-03 2.025319496169686317e-03
1.450000000000000000e+04 2.769210841506719589e-04 5.561725422739982605e-02 6.868427735753357410e-04 1.387331401929259300e-03 1.561692333780229092e-03 1.677130348980426788e-04 5.479497089982032776e-02 4.305590409785509109e-04 1.013374770991504192e-03 1.937421387992799282e-03
1.500000000000000000e+04 3.985391522292047739e-04 4.733928292989730835e-02 7.542510284110903740e-04 1.616103458218276501e-03 1.951244310475885868e-03 2.643133047968149185e-04 4.490465670824050903e-02 5.894554778933525085e-04 2.563630230724811554e-03 2.209687139838933945e-03
1.550000000000000000e+04 3.494300763122737408e-04 3.606585413217544556e-02 8.087314781732857227e-04 1.085881376639008522e-03 1.416288316249847412e-03 2.358168712817132473e-04 4.093337431550025940e-02 4.731898952741175890e-04 1.919907168485224247e-03 1.821862300857901573e-03
1.600000000000000000e+04 3.970694961026310921e-04 3.304899483919143677e-02 5.714848521165549755e-04 1.033612992614507675e-03 1.588074141182005405e-03 2.728559775277972221e-04 3.630571439862251282e-02 4.516478511504828930e-04 2.031164476647973061e-03 1.944190473295748234e-03
1.650000000000000000e+04 3.204916720278561115e-04 3.784345090389251709e-02 4.969441797584295273e-04 1.114582875743508339e-03 3.024675184860825539e-03 2.293048601131886244e-04 3.240545839071273804e-02 4.441856872290372849e-04 1.746951485984027386e-03 3.045114921405911446e-03
1.700000000000000000e+04 2.881741093005985022e-04 3.413085639476776123e-02 2.361615624977275729e-04 9.603902581147849560e-04 3.132678335532546043e-03 2.073736686725169420e-04 2.931638807058334351e-02 3.466122143436223269e-04 1.697617350146174431e-03 3.087680088356137276e-03
1.750000000000000000e+04 4.585047136060893536e-04 2.810493670403957367e-02 2.383685496170073748e-04 9.885929757729172707e-04 2.758739050477743149e-03 2.923268766608089209e-04 2.309267036616802216e-02 5.463681882247328758e-04 6.031358614563941956e-03 2.835035789757966995e-03
1.800000000000000000e+04 4.903958761133253574e-04 2.431282028555870056e-02 2.953658986371010542e-04 8.740311022847890854e-04 2.752673346549272537e-03 2.970544446725398302e-04 1.949442736804485321e-02 4.787415091414004564e-04 6.112860515713691711e-03 2.773541957139968872e-03
1.850000000000000000e+04 2.505791198927909136e-04 1.915521174669265747e-02 3.204593376722186804e-04 3.712144389282912016e-04 2.413211157545447350e-03 1.846711966209113598e-04 2.050499059259891510e-02 2.387755375821143389e-04 1.320363953709602356e-03 2.317542210221290588e-03
1.900000000000000000e+04 2.487052115611732006e-04 1.641862094402313232e-02 3.480640298221260309e-04 3.060585295315831900e-04 2.498660003766417503e-03 1.839047035900875926e-04 1.755437441170215607e-02 1.661600690567865968e-04 1.410746481269598007e-03 2.341735409572720528e-03
1.950000000000000000e+04 3.208157431799918413e-04 1.516961585730314255e-02 3.877440467476844788e-04 3.677828644867986441e-04 2.670747227966785431e-03 2.050847397185862064e-04 1.224179938435554504e-02 2.013745397562161088e-04 1.960065681487321854e-03 2.622771309688687325e-03
2.000000000000000000e+04 3.575925657059997320e-04 1.126445271074771881e-02 4.003787471447139978e-04 3.361588460393249989e-04 2.821776084601879120e-03 2.232773986179381609e-04 8.594296872615814209e-03 1.870440901257097721e-04 1.623899093829095364e-03 2.695867093279957771e-03
2.050000000000000000e+04 3.728329902514815331e-04 7.540073245763778687e-03 3.301365068182349205e-04 3.318779054097831249e-04 3.415991319343447685e-03 2.345170651096850634e-04 5.808071698993444443e-03 3.478208382148295641e-04 1.603578915819525719e-03 2.893144031986594200e-03
2.100000000000000000e+04 3.688429715111851692e-04 4.516602493822574615e-03 2.728681720327585936e-04 2.409404405625537038e-04 3.629831131547689438e-03 2.263849746668711305e-04 3.554681316018104553e-03 2.771456784103065729e-04 1.093073282390832901e-03 3.032594686374068260e-03
2.150000000000000000e+04 3.973916755057871342e-04 2.830690005794167519e-03 2.334320888621732593e-04 1.612318301340565085e-04 3.114466555416584015e-03 2.412140020169317722e-04 1.962775830179452896e-03 1.088690187316387892e-04 5.092830397188663483e-04 2.923079300671815872e-03
2.200000000000000000e+04 3.678458742797374725e-04 1.993989106267690659e-03 1.142793844337575138e-04 1.172235788544639945e-04 3.122278023511171341e-03 2.193513064412400126e-04 1.329825841821730137e-03 6.180465425131842494e-05 3.103000635746866465e-04 2.900439314544200897e-03
2.250000000000000000e+04 2.991562942042946815e-04 1.510614994913339615e-03 4.432435162016190588e-05 8.979713311418890953e-05 3.154744161292910576e-03 1.675123930908739567e-04 1.154632540419697762e-03 2.213076368207111955e-05 2.917418605647981167e-04 2.934857970103621483e-03
2.300000000000000000e+04 2.533014048822224140e-04 1.300262752920389175e-03 2.627644244057592005e-05 6.759746611351147294e-05 2.994525013491511345e-03 1.386507065035402775e-04 9.880976285785436630e-04 1.256883388123242185e-05 2.292696444783359766e-04 2.746239770203828812e-03
2.350000000000000000e+04 2.756763133220374584e-04 1.294109621085226536e-03 2.349482747376896441e-05 1.386803487548604608e-04 2.705109538510441780e-03 1.445854140911251307e-04 6.763121346011757851e-04 1.424826950824353844e-05 1.676198589848354459e-04 2.289685187861323357e-03
2.400000000000000000e+04 2.452073385939002037e-04 1.227393979206681252e-03 1.544721453683450818e-05 1.392289850628003478e-04 2.592815551906824112e-03 1.210728732985444367e-04 6.258047651499509811e-04 1.004446403385372832e-05 1.484036183683201671e-04 2.177240094169974327e-03
2.450000000000000000e+04 2.297834289493039250e-04 1.249154563993215561e-03 9.356659575132653117e-06 9.081199823413044214e-05 2.510233083739876747e-03 1.176546211354434490e-04 5.747165414504706860e-04 9.801150554267223924e-06 2.103701117448508739e-04 2.060167957097291946e-03
2.500000000000000000e+04 2.044217544607818127e-04 1.132267992943525314e-03 9.130182661465369165e-06 9.669862629380077124e-05 2.445721067488193512e-03 9.959971794160082936e-05 5.283697391860187054e-04 7.079273473209468648e-06 2.004684938583523035e-04 1.983222784474492073e-03
2.550000000000000000e+04 1.525944826425984502e-04 9.443109156563878059e-04 1.295061156270094216e-05 1.155379650299437344e-04 2.356666605919599533e-03 6.869259959785267711e-05 5.342101212590932846e-04 8.906454240786843002e-06 1.943056704476475716e-04 2.173866843804717064e-03
2.600000000000000000e+04 1.362122129648923874e-04 8.924030698835849762e-04 1.049243928719079122e-05 1.089095385395921767e-04 2.248015720397233963e-03 5.914985013077966869e-05 5.101201240904629230e-04 1.030983639793703333e-05 1.777999132173135877e-04 2.062255050987005234e-03
2.650000000000000000e+04 1.472449075663462281e-04 8.179382421076297760e-04 7.135071427910588682e-06 7.705299503868445754e-05 2.227473771199584007e-03 6.210547144291922450e-05 5.069545586593449116e-04 1.364921263302676380e-05 2.143326128134503961e-04 1.789684873074293137e-03
2.700000000000000000e+04 1.389891403960064054e-04 7.646115846000611782e-04 6.800506525905802846e-06 3.522219776641577482e-05 2.062510931864380836e-03 5.331202919478528202e-05 4.688880871981382370e-04 1.518783392384648323e-05 1.811141992220655084e-04 1.619941438548266888e-03
2.750000000000000000e+04 1.015529269352555275e-04 6.799204275012016296e-04 1.056010842148680240e-05 1.916352266562171280e-05 1.657054992392659187e-03 4.006941526313312352e-05 4.387772351037710905e-04 1.117894589697243646e-05 5.758347106166183949e-05 1.521530793979763985e-03
2.800000000000000000e+04 8.697652810951694846e-05 6.246077828109264374e-04 1.031030569720314816e-05 2.102570579154416919e-05 1.565691083669662476e-03 3.393441147636622190e-05 4.052821896038949490e-04 1.040543247654568404e-05 7.562708924524486065e-05 1.430769800208508968e-03
2.850000000000000000e+04 7.379680755548179150e-05 5.765077657997608185e-04 1.107726711779832840e-05 3.843645390588790178e-05 1.752346637658774853e-03 2.790595317492261529e-05 3.879371506627649069e-04 1.774372140062041581e-05 5.938525646342895925e-05 1.423744601197540760e-03
2.900000000000000000e+04 6.231923180166631937e-05 5.258196033537387848e-04 1.024107223202008754e-05 3.777306119445711374e-05 1.660255133174359798e-03 2.357870835112407804e-05 3.615340683609247208e-04 1.625102595426142216e-05 4.800809620064683259e-05 1.314373337663710117e-03
2.950000000000000000e+04 5.647620491799898446e-05 5.286341183818876743e-04 8.037376574066001922e-06 3.702407775563187897e-05 1.709860633127391338e-03 2.109268643835093826e-05 3.285859129391610622e-04 1.313749999098945409e-05 6.272819882724434137e-05 1.161360996775329113e-03
3.000000000000000000e+04 4.827399607165716588e-05 4.694847448263317347e-04 6.821282113378401846e-06 2.672284608706831932e-05 1.565086306072771549e-03 1.773919393599499017e-05 3.015786933246999979e-04 1.414830967405578122e-05 5.280689219944179058e-05 1.034366316162049770e-03
3.050000000000000000e+04 4.430242915987037122e-05 3.610964631661772728e-04 6.044072506483644247e-06 2.059681173705030233e-05 1.324273645877838135e-03 1.438728850189363584e-05 3.339869144838303328e-04 1.118111231335205957e-05 3.360903428983874619e-05 9.355697548016905785e-04
3.100000000000000000e+04 3.636002657003700733e-05 3.190812713000923395e-04 4.142119905736763030e-06 1.853224239312112331e-05 1.188898691907525063e-03 1.252736728929448873e-05 3.044145414605736732e-04 1.019616684061475098e-05 3.153273428324609995e-05 8.180080330930650234e-04
3.150000000000000000e+04 2.291517557750921696e-05 2.947898756247013807e-04 1.353770016976341140e-06 1.732566670398227870e-05 1.017064205370843410e-03 1.085214171325787902e-05 2.162931632483378053e-04 8.936850463214796036e-06 1.938524655997753143e-05 7.066887337714433670e-04
3.200000000000000000e+04 1.858071482274681330e-05 2.534674131311476231e-04 9.899965789372799918e-07 8.820811672194395214e-06 8.896663202904164791e-04 9.467604286328423768e-06 1.895178720587864518e-04 1.066868571797385812e-05 3.235106487409211695e-05 5.923390272073447704e-04
3.250000000000000000e+04 1.869055085990112275e-05 2.405906561762094498e-04 1.864849537014379166e-06 7.578573331556981429e-06 7.280133431777358055e-04 7.886592356953769922e-06 1.896293979370966554e-04 2.832183326972881332e-06 2.326698995602782816e-05 5.128016346134245396e-04
3.300000000000000000e+04 1.617161979083903134e-05 2.079668774968013167e-04 2.521467877159011550e-06 7.321340490307193249e-06 6.533140549436211586e-04 6.928709353815065697e-06 1.692890800768509507e-04 2.437496505081071518e-06 8.681290637468919158e-06 4.391419060993939638e-04
3.350000000000000000e+04 1.977505780814681202e-05 1.988475269172340631e-04 4.723289293906418607e-06 4.952441940986318514e-06 8.094393415376543999e-04 6.976262284297263250e-06 1.551600871607661247e-04 2.793681460389052518e-06 6.389414465957088396e-06 3.393983351998031139e-04
3.400000000000000000e+04 1.778746809577569366e-05 1.697033294476568699e-04 6.331295480777043849e-06 4.027779596071923152e-06 7.208687602542340755e-04 6.202544682309962809e-06 1.369364763377234340e-04 3.362670213391538709e-06 3.705703420564532280e-06 2.738471666816622019e-04
3.450000000000000000e+04 1.636910928937140852e-05 1.529586443211883307e-04 5.879720447410363704e-06 4.555732175504090264e-06 5.925172008574008942e-04 5.135614628670737147e-06 1.212795978062786162e-04 3.206869450878002681e-06 7.980745067470706999e-06 2.343033265788108110e-04
3.500000000000000000e+04 1.485571010562125593e-05 1.282138982787728310e-04 6.812626907048979774e-06 3.618052915044245310e-06 5.513776559382677078e-04 4.239802819938631728e-06 1.051721119438298047e-04 4.561099103739252314e-06 7.024697424640180543e-06 1.952605234691873193e-04
3.550000000000000000e+04 1.253814662049990147e-05 1.016243986668996513e-04 6.261914677452296019e-06 2.111693675033166073e-06 5.394882173277437687e-04 3.395143039597314782e-06 9.266735287383198738e-05 3.553860551619436592e-06 6.196692538651404902e-06 1.576193171786144376e-04
3.600000000000000000e+04 1.159934618044644594e-05 8.746390813030302525e-05 7.159677807067055255e-06 2.821723910528817214e-06 4.947161651216447353e-04 2.529294533815118484e-06 8.719078323338180780e-05 4.488832018978428096e-06 1.330746908934088424e-05 1.251755020348355174e-04
3.650000000000000000e+04 9.774537829798646271e-06 8.143002924043685198e-05 1.075425097951665521e-05 3.338543137942906469e-06 5.519626429304480553e-04 2.590716803752002306e-06 6.676689372397959232e-05 8.931910087994765490e-06 6.500927611341467127e-06 1.060169233824126422e-04
3.700000000000000000e+04 9.200256499752867967e-06 7.287917833309620619e-05 1.140580388891976327e-05 3.411488933124928735e-06 5.211132229305803776e-04 2.123657395713962615e-06 6.077791840652935207e-05 1.088389399228617549e-05 5.235074240772519261e-06 8.910970063880085945e-05
3.750000000000000000e+04 9.996872904594056308e-06 6.492476677522063255e-05 1.014766348816920072e-05 2.952044724224833772e-06 5.291287670843303204e-04 1.812199116102419794e-06 4.477423863136209548e-05 1.290375348617089912e-05 2.258476342831272632e-05 7.147732685552909970e-05
3.800000000000000000e+04 1.069835161615628749e-05 5.459581734612584114e-05 1.166367837868165225e-05 2.706416125874966383e-06 4.805166972801089287e-04 1.636171532481967006e-06 4.044685556436888874e-05 1.778972728061489761e-05 5.205758498050272465e-05 5.750838681706227362e-05
3.850000000000000000e+04 9.478712854615878314e-06 3.877854760503396392e-05 1.510510992375202477e-05 2.486612402208265848e-06 3.959406749345362186e-04 1.649838623052346520e-06 4.985436316928826272e-05 2.140985634468961507e-05 1.345519922324456275e-05 4.909644485451281071e-05
3.900000000000000000e+04 9.379022230859845877e-06 3.395056774024851620e-05 1.056232940754853189e-05 2.795452019199728966e-06 3.714489575941115618e-04 1.486073415435384959e-06 4.735384572995826602e-05 1.587941733305342495e-05 1.618651367607526481e-05 4.118559809285216033e-05
3.950000000000000000e+04 8.722907296032644808e-06 4.348939546616747975e-05 7.496471880585886538e-06 3.459868139543686993e-06 3.188354021403938532e-04 1.247104819412925281e-06 4.519522553891874850e-05 1.486854853283148259e-05 1.185717792395735160e-05 3.535088035278022289e-05
4.000000000000000000e+04 8.956998499343171716e-06 3.894476685672998428e-05 6.565629973920295015e-06 2.811738113450701348e-06 3.079024027101695538e-04 1.151439278146426659e-06 4.084706961293704808e-05 1.241754307557130232e-05 4.411348527355585247e-06 3.167531758663244545e-05
4.050000000000000000e+04 1.122880621551303193e-05 4.011995042674243450e-05 6.738607680745190009e-06 2.318322458449983969e-06 4.004099173471331596e-04 1.135835532295459416e-06 1.927324592543300241e-05 9.026312909554690123e-06 1.895621971925720572e-05 2.812461025314405560e-05
4.100000000000000000e+04 1.138116476795403287e-05 3.603593722800724208e-05 6.248582849366357550e-06 1.621669639462197665e-06 3.853173402603715658e-04 1.134591343543434050e-06 1.659715235291514546e-05 7.342603112192591652e-06 2.211417086073197424e-05 2.521470560168381780e-05
4.150000000000000000e+04 7.009599357843399048e-06 2.641816899995319545e-05 4.791018000105395913e-06 9.920271395458257757e-07 2.188225626014173031e-04 1.047827140610024799e-06 2.496962952136527747e-05 3.306253120172186755e-06 1.040948700392618775e-05 2.158993629564065486e-05
4.200000000000000000e+04 6.827589004387846217e-06 2.365730870224069804e-05 3.972661488660378382e-06 9.012302939481742214e-07 2.125478058587759733e-04 8.934507036428840365e-07 2.321244937775190920e-05 2.396446461716550402e-06 7.921883479866664857e-06 1.882913056761026382e-05
4.250000000000000000e+04 1.194868855236563832e-05 2.618385406094603240e-05 3.458767650954541750e-06 1.018430680232995655e-06 2.707376261241734028e-04 6.475027589658566285e-07 5.322997822077013552e-05 5.056505870015826076e-06 2.275740916957147419e-05 1.838968637457583100e-05
4.300000000000000000e+04 1.260857789020519704e-05 2.310152740392368287e-05 3.771578803934971802e-06 9.039293900059419684e-07 2.584350586403161287e-04 5.969884568912675604e-07 4.730765067506581545e-05 5.090932972962036729e-06 1.839609831222333014e-05 1.759800761647056788e-05
4.350000000000000000e+04 1.162523585662711412e-05 2.086522908939514309e-05 7.995745363587047905e-06 2.841807372533367015e-06 1.974118058569729328e-04 6.404617920452437829e-07 2.484688775439281017e-05 2.843052698153769597e-06 7.583617389173014089e-06 1.453886397939641029e-05
4.400000000000000000e+04 1.144197540270397440e-05 1.819033423089422286e-05 6.132293947302969173e-06 2.812461616485961713e-06 1.928710407810285687e-04 5.637199933516967576e-07 2.082584978779777884e-05 3.021457359864143655e-06 8.022263500606641173e-06 1.368425091641256586e-05
4.450000000000000000e+04 1.253158916370011866e-05 2.061865598079748452e-05 2.273729705848381855e-06 2.422098759780055843e-06 2.718699106480926275e-04 4.298998135254805675e-07 1.102829446608666331e-05 3.173674713252694346e-06 1.222704668180085719e-05 1.590919964655768126e-05
4.500000000000000000e+04 1.456837708246894181e-05 1.971903475350700319e-05 2.245586756544071250e-06 1.857901224866509438e-06 2.571385994087904692e-04 3.781200064167933306e-07 1.082667677110293880e-05 3.720663016792968847e-06 9.655807843955699354e-06 1.559669181006029248e-05
4.550000000000000000e+04 2.122921978298109025e-05 2.315106939931865782e-05 5.975920430500991642e-06 7.383448519249213859e-07 3.417390107642859221e-04 5.918128636039909907e-07 1.395837898598983884e-05 4.219033144181594253e-06 4.079298014403320849e-05 1.767839967214968055e-05
4.600000000000000000e+04 2.228069934062659740e-05 2.170058360206894577e-05 5.177454113436397165e-06 7.343459174080635421e-07 3.251177258789539337e-04 5.695056870536063798e-07 1.459708619222510606e-05 3.977122105425223708e-06 9.650306310504674911e-05 1.814494316931813955e-05
4.650000000000000000e+04 1.753607102727983147e-05 1.343332132819341496e-05 2.781737293844344094e-06 7.915523951851355378e-07 1.357758010271936655e-04 4.576703247494151583e-07 1.042762778524775058e-05 5.100800535728922114e-06 2.495883563824463636e-06 1.163470824394607916e-05
4.700000000000000000e+04 1.631807936064433306e-05 1.229195368068758398e-05 2.185082848882302642e-06 6.599272523999388795e-07 1.353955012746155262e-04 4.066043004513630876e-07 1.018745388137176633e-05 5.019372565584490076e-06 2.410817614872939885e-06 9.370005500386469066e-06
4.750000000000000000e+04 1.532261558168102056e-05 1.087220425688428804e-05 3.645149945441517048e-06 5.423166271611989941e-07 9.587246313458308578e-05 3.874003482451371383e-07 1.921136936289258301e-05 2.007411922022583894e-06 5.861859244760125875e-05 1.081652590073645115e-05
4.800000000000000000e+04 1.635215267015155405e-05 9.771913937584031373e-06 2.884433797589736059e-06 4.228433851949375821e-07 9.120846516452729702e-05 3.431318873481359333e-07 1.787240580597426742e-05 1.660924681345932186e-06 6.444883183576166630e-05 1.076503394870087504e-05
4.850000000000000000e+04 1.860376323747914284e-05 9.113206942856777459e-06 1.246356305273366161e-06 1.138480570261890534e-06 1.208920875797048211e-04 3.400157027044770075e-07 1.354379310214426368e-05 9.947526677933637984e-07 1.020925446937326342e-05 1.013786186376819387e-05
4.900000000000000000e+04 1.913611595227848738e-05 8.275494110421277583e-06 1.209817355629638769e-06 6.470940547842474189e-07 1.155288337031379342e-04 3.021932002411631402e-07 1.431238342775031924e-05 9.492403592048503924e-07 9.872811460809316486e-06 9.967015103029552847e-06
4.950000000000000000e+04 1.709076605038717389e-05 1.143129884439986199e-05 1.981497007363941520e-06 5.551368644773901906e-07 1.291238877456635237e-04 2.483616867721138988e-07 1.087292821466689929e-05 2.948216206277720630e-06 3.887928687618114054e-05 1.047899513650918379e-05
5.000000000000000000e+04 1.758584039635024965e-05 1.155455265688942745e-05 1.740804918881622143e-06 4.412588054947264027e-07 1.243076694663614035e-04 2.055591750149687869e-07 9.200498425343539566e-06 2.938033276222995482e-06 6.830491656728554517e-06 1.029382929118582979e-05
5.050000000000000000e+04 2.668283195816911757e-05 1.714688551146537066e-05 1.326819187852379400e-06 2.457670404965028865e-07 2.299454208696261048e-04 2.343124805292973178e-07 1.113708185584982857e-05 1.438489107385976240e-06 2.082773789879865944e-05 1.132602574216434732e-05
5.100000000000000000e+04 2.785046854114625603e-05 1.739617800922133029e-05 1.163050455943448469e-06 2.096514464255960775e-07 2.238311280962079763e-04 2.329371824316694983e-07 1.339763821306405589e-05 1.377824560222506989e-06 4.690054265665821731e-05 1.125849667005240917e-05
5.150000000000000000e+04 2.448074701533187181e-05 1.196105131384683773e-05 1.000193833533558063e-06 4.237542725604726002e-07 1.571086468175053596e-04 1.834348779539141105e-07 1.079099092748947442e-05 1.601655867489171214e-06 1.044289729179581627e-05 1.026164318318478763e-05
5.200000000000000000e+04 2.410777415207121521e-05 1.105581577576231211e-05 8.790312335804628674e-07 2.827869991506304359e-07 1.533302420284599066e-04 1.838147341004514601e-07 1.077770866686478257e-05 1.691808392934035510e-06 7.413659204758005217e-06 1.006005913950502872e-05
5.250000000000000000e+04 2.294164187333080918e-05 1.087959844880970195e-05 9.384528425471216906e-07 3.970161515098880045e-07 1.526039850432425737e-04 2.276161410463828361e-07 6.832894086983287707e-06 4.512852228799602017e-06 1.579528179718181491e-04 8.395456461585126817e-06
5.300000000000000000e+04 2.334342934773303568e-05 1.005512694973731413e-05 9.147005357590387575e-07 3.764404254980036058e-07 1.472771109547466040e-04 2.220130568275635596e-07 6.505993042082991451e-06 6.676124939986038953e-06 9.901406883727759123e-05 8.503044227836653590e-06
5.350000000000000000e+04 1.967047137441113591e-05 8.153757335094269365e-06 1.040799702423100825e-06 8.999197689263382927e-07 1.391389378113672137e-04 2.092066324621555395e-07 1.170114501292118803e-05 9.639137488193227910e-07 1.256976829608902335e-04 7.574218670924892649e-06
5.400000000000000000e+04 2.020531792368274182e-05 8.205832273233681917e-06 6.969570449655293487e-07 4.778455036102968734e-07 1.359785965178161860e-04 2.102082703459018376e-07 1.374530074826907367e-05 6.481196805907529779e-07 1.135586280724965036e-04 6.888839379826094955e-06
5.450000000000000000e+04 3.210830618627369404e-05 1.122338744607986882e-05 1.748457378880630131e-07 2.975520771997253178e-07 1.629471662454307079e-04 2.473270797054283321e-07 1.248778880835743621e-05 4.250313168085995130e-07 1.931725637405179441e-05 5.969382982584647834e-06
5.500000000000000000e+04 3.079024463659152389e-05 1.157610859081614763e-05 2.296183367889170768e-07 2.021108684857608750e-07 1.598537346580997109e-04 2.673352810234064236e-07 1.420319858880247921e-05 4.504665298554755282e-07 1.459648410673253238e-05 5.958811925665941089e-06
5.550000000000000000e+04 2.386539017606992275e-05 9.023377060657367110e-06 6.132766543487377930e-07 5.734389105782611296e-07 1.154646597569808364e-04 2.467202193656703457e-07 1.109253025788348168e-05 8.502872219651180785e-07 9.559810132486745715e-05 4.542779606708791107e-06
5.600000000000000000e+04 2.241848778794519603e-05 8.255795364675577730e-06 5.656970643030945212e-07 5.121535195939941332e-07 1.150633543147705495e-04 2.673603773928334704e-07 9.615164344722870737e-06 9.790702506506931968e-07 1.729465875541791320e-04 4.436065410118317232e-06
5.650000000000000000e+04 1.821059049689210951e-05 6.707045940856914967e-06 2.194667416688389494e-07 5.110068173053150531e-07 4.233012077747844160e-05 2.803556640174065251e-07 1.102959231502609327e-05 8.446510832982312422e-07 1.038278355736110825e-06 3.237291139157605357e-06
5.700000000000000000e+04 1.782131039362866431e-05 6.179370757308788598e-06 2.144890771660357132e-07 3.479605936718144221e-07 4.214723958284594119e-05 3.115178799362183781e-07 1.063525451172608882e-05 8.380925464734900743e-07 1.243404540218762122e-06 3.183606168022379279e-06
5.750000000000000000e+04 1.470292318117571995e-05 6.069458777346881106e-06 4.460017635210533626e-07 2.604186306598421652e-07 7.712488149991258979e-05 3.353765123392804526e-07 1.563948535476811230e-05 9.734834520713775419e-07 1.563591126796382014e-06 3.455509840932791121e-06
5.800000000000000000e+04 1.471641462558181956e-05 5.726346898882184178e-06 3.447359517849690747e-07 2.123060625081052422e-07 7.536313205491751432e-05 3.910187444944313029e-07 1.513858387625077739e-05 7.516526352446817327e-07 6.312228038041212130e-07 3.507349902065470815e-06
5.850000000000000000e+04 1.437961964256828651e-05 5.970590791548602283e-06 2.464023793891101377e-07 6.398258847184479237e-07 1.473552401876077056e-04 4.188011075711983722e-07 1.098500433727167547e-05 4.430403635069524171e-07 9.899471251628710888e-07 4.749183517560595647e-06
5.900000000000000000e+04 1.493924173701088876e-05 5.762723048974294215e-06 2.213991052713026875e-07 5.119166530676011462e-07 1.456173049518838525e-04 4.288471302515972639e-07 1.087672717403620481e-05 4.764928007716662250e-07 5.927157076257572044e-07 4.911828000331297517e-06
5.950000000000000000e+04 1.775381133484188467e-05 6.952287549211177975e-06 1.287876898459217045e-07 1.365895400340377819e-06 1.046654069796204567e-04 3.278142344242951367e-07 7.916872164059896022e-06 6.136594379313464742e-07 2.715713526413310319e-05 3.516442802720121108e-06
6.000000000000000000e+04 1.711924051051028073e-05 6.346706413751235232e-06 1.180750004436958989e-07 7.224926434901135508e-07 1.047053592628799379e-04 3.841592786102410173e-07 8.229618288169149309e-06 6.893872637192544062e-07 4.110742520424537361e-05 3.281976660218788311e-06
6.050000000000000000e+04 2.296077764185611159e-05 6.214225322764832526e-06 3.090006259753863560e-07 4.406381322041852400e-07 1.327788631897419691e-04 3.890722553023806540e-07 1.053518280969001353e-05 1.166226297755201813e-06 1.986742063309065998e-05 3.532937171257799491e-06
6.100000000000000000e+04 2.249974204460158944e-05 5.951590537733864039e-06 2.857339040929218754e-07 3.721894756836263696e-07 1.316116249654442072e-04 4.152049086769693531e-07 1.108805918192956597e-05 1.138444872594845947e-06 2.145655525964684784e-05 3.692132167998352088e-06
6.150000000000000000e+04 1.869116749730892479e-05 6.554298579430906102e-06 5.598421353170124348e-07 2.841930495378619526e-07 9.582375787431374192e-05 5.811538699163065758e-07 1.572795008542016149e-05 1.038024493027478456e-06 6.143273367342771962e-06 5.127104486746247858e-06
6.200000000000000000e+04 1.905371937027666718e-05 6.880037290102336556e-06 3.814409410551888868e-07 2.587739516002329765e-07 9.232328011421486735e-05 5.416706585492647719e-07 1.619134854990988970e-05 1.003725060400029179e-06 4.319275831221602857e-06 5.301469172991346568e-06
6.250000000000000000e+04 2.548114935052581131e-05 5.388460067479172722e-06 2.390006841324066045e-07 4.938248139296774752e-07 8.180780423572286963e-05 5.145891464053420350e-07 2.425989077892154455e-05 6.370094070007326081e-07 2.894674025810672902e-06 3.583269062801264226e-06
6.300000000000000000e+04 2.367911110923159868e-05 5.445016540761571378e-06 2.097234244047285756e-07 4.016653463168040616e-07 8.164265454979613423e-05 5.596638175120460801e-07 2.536721694923471659e-05 5.534142815122322645e-07 2.689522034415858798e-06 3.575922619347693399e-06
6.350000000000000000e+04 1.747906026139389724e-05 5.373154181143036112e-06 1.522457893088358105e-07 1.635132434785191435e-06 5.755872916779480875e-05 4.726928750642400701e-07 1.439819061488378793e-05 6.525494313791568857e-07 2.108939770550932735e-05 3.252523356422898360e-06
6.400000000000000000e+04 1.784674532245844603e-05 4.972839178662979975e-06 1.465325425442642882e-07 1.317392161581665277e-06 5.649554077535867691e-05 4.956379484610806685e-07 1.312282711296575144e-05 8.137186000567453448e-07 1.698423329798970371e-05 3.010903583344770595e-06
6.450000000000000000e+04 1.735973091854248196e-05 7.396085038635646924e-06 1.384549506155963172e-07 4.200725811642769258e-07 1.359200832666829228e-04 5.042074349148606416e-07 8.631855052954051644e-06 2.699711956211103825e-07 3.492937321425415576e-05 3.993940026703057811e-06
6.500000000000000000e+04 1.873841938504483551e-05 7.427019681927049533e-06 1.391357500324374996e-07 3.029119852726580575e-07 1.314064429607242346e-04 4.567349378703511320e-07 8.717576747585553676e-06 2.399800962393783266e-07 2.269234209961723536e-05 3.941916929761646315e-06
6.550000000000000000e+04 2.565656905062496662e-05 7.250962426041951403e-06 2.746483573901059572e-07 1.749489797475689556e-07 1.358803565381094813e-04 4.539545557236124296e-07 1.820884426706470549e-05 1.997204890358261764e-06 1.621265255380421877e-06 2.967709178847144358e-06
6.600000000000000000e+04 2.310572381247766316e-05 7.045011898298980668e-06 2.881631928630667971e-07 1.695182589855903643e-07 1.368823868688195944e-04 4.768688199874304701e-07 1.866340971901081502e-05 2.229290430477703921e-06 2.207808620369178243e-06 2.925042736023897305e-06
6.650000000000000000e+04 1.326917936239624396e-05 4.598692157742334530e-06 2.666784553184697870e-07 6.663022418251784984e-07 7.885076774982735515e-05 5.037380788053269498e-07 1.086898737412411720e-05 8.479856319354439620e-07 5.793269792775390670e-06 3.302260438431403600e-06
6.700000000000000000e+04 1.367598542856285349e-05 4.285889644961571321e-06 2.180902498594150529e-07 4.547619312234019162e-07 7.725866453256458044e-05 5.618521186079306062e-07 1.028909991873661056e-05 7.025687409623060375e-07 9.508955372439231724e-06 3.347607162140775472e-06
