# step, loss_train, loss_test, metrics_test
0.000000000000000000e+00 9.065461345016956329e-03 1.060062646865844727e-01 2.818386442959308624e-02 1.383846858516335487e-03 1.363178528845310211e-02 8.617328479886054993e-03 1.087738201022148132e-01 3.614433482289314270e-02 4.090836271643638611e-03 1.468406990170478821e-02
5.000000000000000000e+02 3.156954771839082241e-04 1.964458264410495758e-02 4.038967599626630545e-04 8.577345870435237885e-04 2.089428016915917397e-03 3.491700044833123684e-05 2.746838331222534180e-02 3.947522491216659546e-04 6.082346080802381039e-04 2.261636080220341682e-03
1.000000000000000000e+03 5.331566353561356664e-05 2.781549119390547276e-04 9.895261428027879447e-06 1.329440328845521435e-05 3.676122578326612711e-04 1.829688358157000039e-06 4.391709808260202408e-04 7.114000254659913480e-06 1.183741915156133473e-05 1.339494338026270270e-04
1.500000000000000000e+03 2.420794953650329262e-05 2.730517880991101265e-04 8.880253517418168485e-06 1.674325903877615929e-05 3.577462630346417427e-04 1.023046593218168709e-06 8.200654410757124424e-04 7.906941391411237419e-06 3.180115072609623894e-06 8.431071182712912560e-05
2.000000000000000000e+03 2.280636363138910383e-05 5.701711052097380161e-05 4.323074790590908378e-06 2.521765054552815855e-06 2.967175969388335943e-04 4.385031786569015821e-07 2.150180516764521599e-04 4.155300757702207193e-06 2.421948693154263310e-06 4.144215563428588212e-05
2.500000000000000000e+03 2.194110493292100728e-05 3.797627869062125683e-05 2.929997435785480775e-06 1.903809788927901536e-06 2.421491954009979963e-04 9.654327186581213027e-07 6.504011253127828240e-05 2.504796611901838332e-06 3.243072569603100419e-06 1.980005617951974273e-05
3.000000000000000000e+03 1.773414078343193978e-05 2.744953599176369607e-05 1.103579165828705300e-06 1.312060817326710094e-06 2.356024197069928050e-04 6.419921874112333171e-07 3.792662391788326204e-05 1.723141849652165547e-06 1.350282332168717403e-06 1.247498039447236806e-05
3.500000000000000000e+03 2.503768155293073505e-05 2.877530459954869002e-05 1.728223537611484062e-06 1.187442421723972075e-06 1.511981972726061940e-04 6.447364171435765456e-07 3.496790668577887118e-05 3.969018507632426918e-06 1.219455953105352819e-06 6.593638772756094113e-06
4.000000000000000000e+03 2.281554952787701041e-05 2.559926724643446505e-05 2.370109086768934503e-06 4.758866509746439988e-07 1.188289752462878823e-04 3.783925990319403354e-07 3.083981209783814847e-05 5.968481673335190862e-06 5.052611982137023006e-07 5.403371687862090766e-06
4.500000000000000000e+03 3.052453757845796645e-05 2.366654189245309681e-05 4.288408490538131446e-06 1.714427639853965957e-06 2.027342852670699358e-04 2.048769687235107995e-07 1.027427715598605573e-04 5.380516540753887966e-06 9.060351544576406013e-07 2.677205657164449804e-06
5.000000000000000000e+03 3.047096288355533034e-05 2.479119575582444668e-05 2.421029194010770880e-06 9.891542731566005386e-07 1.772515533957630396e-04 9.947887491534856963e-08 1.251505018444731832e-04 5.236970991973066702e-06 5.473690976032230537e-07 2.163982571801170707e-06
5.500000000000000000e+03 1.601089752512052655e-05 2.943587060144636780e-05 2.668203251232625917e-06 3.100617789186799200e-07 9.970748214982450008e-05 2.723783154578995891e-08 6.902109453221783042e-05 3.000880610670719761e-07 2.267648113729592296e-07 4.385321517474949360e-06
6.000000000000000000e+03 1.180952767754206434e-05 2.006412432820070535e-05 4.268912050520157209e-07 5.457527549879159778e-07 8.105676533887162805e-05 1.109747049810039243e-08 3.246439882786944509e-05 1.923787522173370235e-06 1.421324071770868613e-07 1.163936531156650744e-06
6.500000000000000000e+03 2.474599386914633214e-05 1.918139423651155084e-05 2.013376274589973036e-07 1.397608713205045206e-07 6.558724999194964767e-05 6.373233940593081570e-09 2.834492079273331910e-05 4.204264030249760253e-07 2.627426738399663009e-07 3.302132881799479946e-06
7.000000000000000000e+03 2.304539702890906483e-05 2.462584416207391769e-05 2.819972735323972302e-07 4.096383321439134306e-08 6.393752846634015441e-05 7.166133020319875868e-09 3.111617115791887045e-05 6.377465524565195665e-07 6.037187461060966598e-08 3.089234724029665813e-06
7.500000000000000000e+03 1.078452896763337776e-05 1.385115592711372301e-05 3.649532231975172181e-07 1.839787699964290368e-07 2.217659675807226449e-05 1.975020502698043856e-08 3.064808333874680102e-05 9.036430697051400784e-07 4.580683210519964632e-08 1.615171754565380979e-06
8.000000000000000000e+03 1.177039030153537169e-05 2.271976882184389979e-05 1.981186841248927522e-07 2.419303370970737888e-07 2.010954085562843829e-05 3.331211928525590338e-08 3.592520442907698452e-05 5.640154654429352377e-07 2.414671307349181006e-08 1.234872911481943447e-06
8.500000000000000000e+03 3.013519381056539714e-05 2.208975784014910460e-04 1.562469333293847740e-05 8.826938938000239432e-06 2.540917485021054745e-04 2.076162886055499257e-08 7.811115356162190437e-04 9.853428309725131840e-06 3.622539850312023191e-07 3.879424184560775757e-06
9.000000000000000000e+03 1.909059574245475233e-05 1.906191901070997119e-04 1.745923441376362462e-07 2.287423370717078797e-07 7.104803080437704921e-05 4.649830032121826662e-08 1.887254475150257349e-04 6.766551337022974622e-07 3.011668070485029602e-07 6.051292530173668638e-06
9.500000000000000000e+03 8.007359610928688198e-06 4.344487679190933704e-04 4.541464591056865174e-07 8.558830586480326019e-07 5.544855230255052447e-05 4.250112084491775022e-08 4.353961558081209660e-04 5.546820602830848657e-07 3.607955250117811374e-07 1.556921597511973232e-05
1.000000000000000000e+04 7.892453140811994672e-06 1.177436479338211939e-05 1.078297060530530871e-07 1.538823113378384733e-07 5.880696335225366056e-05 2.981878211016919522e-08 1.432997032679850236e-05 5.961545070931606460e-07 2.596104877738980576e-07 4.431254012615681859e-07
1.050000000000000000e+04 1.350431557511910796e-05 1.527366657683160156e-05 2.619878500809136312e-07 4.562118931517034071e-07 8.244439959526062012e-05 2.626735273736358067e-08 2.290874181198887527e-05 1.822461541678421781e-07 1.608738813274612767e-07 1.899426933960057795e-06
1.100000000000000000e+04 1.207860623253509402e-05 7.328344509005546570e-05 3.310302361114736414e-07 8.447532877653429750e-07 7.152458420023322105e-05 4.198607328476100520e-08 6.824412412242963910e-05 1.327065888290235307e-07 1.196055023910957971e-07 1.312162476097000763e-05
1.150000000000000000e+04 1.476481520512606949e-05 1.271795008506160229e-05 3.126273497855436290e-07 1.258372179790967493e-07 1.846759732870850712e-05 2.819830591249683494e-08 2.797772685880772769e-05 3.296731563295907108e-07 4.359916516705197864e-08 2.822735268637188710e-06
1.200000000000000000e+04 4.247677679813932627e-06 1.044919827108969912e-05 6.340190594755767961e-08 4.383800700225037872e-08 9.373736247653141618e-06 2.613990091049345210e-08 2.229120764241088182e-05 7.837073923155912780e-08 4.619815641149216390e-08 5.782699759038223419e-07
1.250000000000000000e+04 9.169410986942239106e-06 1.464314118493348360e-05 8.531772266451298492e-08 2.219550765403255355e-07 4.799634189112111926e-05 3.961249461781335413e-08 3.197272963006980717e-05 1.239681779452439514e-07 4.441071155270037707e-07 1.365430671285139397e-05
1.300000000000000000e+04 8.886614523362368345e-06 3.122174894087947905e-05 3.770660939039771620e-08 1.440534731500520138e-07 3.648705751402303576e-05 6.099863725239629275e-08 4.557380816549994051e-05 1.079629043942986755e-07 2.930736400230671279e-07 1.410302047588629648e-05
1.350000000000000000e+04 2.112836409651208669e-05 1.254992639587726444e-05 4.894052381132496521e-07 2.371355378727457719e-07 2.168137325497809798e-05 4.118745522418976179e-08 2.377383680141065270e-05 7.765889904476352967e-07 5.845906514423404587e-08 6.965750003473658580e-07
1.400000000000000000e+04 7.158028893172740936e-06 6.675184522464405745e-06 7.677645896819740301e-08 4.622910410034819506e-08 1.032050658977823332e-05 3.492451838837951072e-08 1.103384147427277640e-05 1.061175325389740465e-07 1.255518355947060627e-07 4.916053057968383655e-07
1.450000000000000000e+04 7.515102879551704973e-06 1.339507343800505623e-05 4.876588732827258355e-08 1.378226812676075497e-07 5.492276977747678757e-05 2.085968908716040460e-08 1.995553975575603545e-05 1.311157831196396728e-07 8.656405015017298865e-08 6.348448096105130389e-06
1.500000000000000000e+04 6.351896900014253333e-06 1.761414569045882672e-05 6.290542131637266721e-08 1.310107933250037604e-07 4.604965579346753657e-05 6.798204665869889141e-09 1.874680674518458545e-05 1.105957423419567931e-07 1.954101591650214687e-08 7.242009360197698697e-06
1.550000000000000000e+04 7.070096216921228915e-06 1.259071086678886786e-05 1.690830941925014486e-07 1.828221201094493154e-07 2.781495277304202318e-05 2.135569410199877893e-08 5.037343726144172251e-05 3.827397776490215620e-08 1.318863809274262167e-07 8.282578392027062364e-07
1.600000000000000000e+04 5.362057891034055501e-06 1.125158541981363669e-05 6.544403419184163795e-08 8.264377981959114550e-08 1.898356458696071059e-05 8.095586423451095470e-09 4.373408228275366127e-05 5.632687560819249484e-08 1.445933683896782895e-08 1.197333062918914948e-06
1.650000000000000000e+04 4.474666638998314738e-06 6.600100277864839882e-06 1.714796411533825449e-07 1.517328627187453094e-07 4.679493031289894134e-06 1.585030240391915868e-08 1.213940231536980718e-05 1.911469738047344435e-08 3.005309565651259618e-07 7.780759574416151736e-07
1.700000000000000000e+04 3.377787152203381993e-06 6.834184205217752606e-06 9.043527882113266969e-08 9.502359432644880144e-08 2.812555749187595211e-06 1.025774043483806963e-08 8.194409929274115711e-06 3.781655166790187650e-08 1.956619577470064542e-08 8.445168759863008745e-07
1.750000000000000000e+04 3.638579755715909414e-06 2.256932930322363973e-05 4.193702096699780668e-08 7.634621113083994715e-08 8.748369509703479707e-06 1.853058684275765700e-08 3.201815707143396139e-05 1.311362183287201333e-07 5.553388504608847143e-08 5.172408691578311846e-06
1.800000000000000000e+04 2.887394430217682384e-06 1.766223977028857917e-05 1.659595305625316541e-08 4.823761301508966426e-08 3.999143245891900733e-06 8.003575580062260997e-09 3.151980854454450309e-05 1.295365308351392741e-07 3.252467095649080875e-08 1.101684460991236847e-06
1.850000000000000000e+04 1.992469151446130127e-05 6.223906530067324638e-05 7.924099918454885483e-06 1.376598561364517082e-06 1.119461667258292437e-04 2.558550704634399153e-09 1.260975113837048411e-04 1.764273747539846227e-06 3.920535789347923128e-07 1.197557594423415139e-05
1.900000000000000000e+04 9.445902833249419928e-06 6.763947567378636450e-06 8.803978062132955529e-07 3.801059165198239498e-07 1.243448514287592843e-05 2.221993433693114639e-08 9.728728400659747422e-06 4.444411842996487394e-07 1.187776916822258499e-07 3.770530156543827616e-06
1.950000000000000000e+04 6.822192972322227433e-06 3.310796046207542531e-06 7.200576135346636875e-08 1.874364414788942668e-07 4.611435542756225914e-06 2.180845726229563297e-09 5.899136795051163062e-06 6.499159610484639416e-08 6.331993773756039445e-08 1.993151499846135266e-06
2.000000000000000000e+04 4.452653229236602783e-06 4.260866717231692746e-06 2.963148126866599341e-08 1.020773012783138256e-07 3.613601393226417713e-06 4.553385668515375073e-09 3.295160695415688679e-06 4.152267507606666186e-08 1.881587508023585542e-08 2.366508851991966367e-06
2.050000000000000000e+04 6.286461939453147352e-06 1.714934842311777174e-05 1.530135662619613868e-08 1.144340160408319207e-07 2.805357325996737927e-06 1.732615273475346385e-09 1.502830400568200275e-05 1.088624745904098745e-08 7.548867841933315503e-08 8.856912245391868055e-06
2.100000000000000000e+04 2.987826292155659758e-06 1.950115802173968405e-06 1.291872209208122513e-08 1.095962431918451330e-07 1.655030473557417281e-06 1.461992860107841352e-09 7.132337941584410146e-06 4.249165463932058628e-09 4.437520928490812366e-08 3.439920419623376802e-06
2.150000000000000000e+04 9.772519661055412143e-06 1.565765887789893895e-05 2.990182963458209997e-07 6.547562065861711744e-07 1.369484380120411515e-04 6.049317935463704998e-09 9.725285963213536888e-06 2.559602023666229798e-07 9.266032208188335062e-08 4.476002686715219170e-06
2.200000000000000000e+04 4.389520199765684083e-06 1.810204230423551053e-05 3.185252239745750558e-07 1.350156111357136979e-07 8.660632011014968157e-05 2.730307979703638921e-09 1.633195461181458086e-05 5.043247952585261373e-08 6.794780915697629098e-08 1.676143619988579303e-05
2.250000000000000000e+04 7.081978765199892223e-06 1.205955049954354763e-05 8.366421866412565578e-08 1.311033912543280167e-07 1.865450576588045806e-05 1.470441435280633868e-09 6.866890089440857992e-06 2.402381085175875342e-07 2.122605877730165957e-07 8.857955253915861249e-05
2.300000000000000000e+04 7.038770490908063948e-06 1.068396250047953799e-05 6.606187241686711786e-08 5.862246865717679611e-08 5.123985829413868487e-06 2.876409110896815946e-09 9.436021173314657062e-06 1.201128441152832238e-07 3.374538266598392511e-07 2.370794682065024972e-04
2.350000000000000000e+04 2.793762178043834865e-06 2.277497287650476210e-06 3.053998653967937571e-08 3.273835602612962248e-08 2.441179276502225548e-06 6.382278261440887945e-09 2.446238113407162018e-06 2.518712349797169736e-08 6.829433374377913424e-08 1.370622248941799626e-05
2.400000000000000000e+04 4.544227522274013609e-06 4.899604391539469361e-05 4.603813152925795293e-08 2.660719822245027899e-08 1.134284320869483054e-05 1.111758241023608207e-08 3.665776239358820021e-05 3.772095524823271262e-08 5.043018802552978741e-08 1.434588193660601974e-05
2.450000000000000000e+04 2.152044316972023807e-06 5.670219252351671457e-06 1.304510561794813839e-07 5.516087853152384923e-08 3.854506758216302842e-06 1.469454602442965552e-08 1.016531768982531503e-05 3.498274026014769333e-08 9.501528808186776587e-08 1.446525402570841834e-05
2.500000000000000000e+04 1.499755398981506005e-06 1.398107997374609113e-05 8.625677594409353333e-08 5.527898139234821429e-08 4.703739705291809514e-06 8.152539976435946301e-09 1.170287850982276723e-05 4.648158835607318906e-08 2.088923523047014896e-08 7.107200508471578360e-05
2.550000000000000000e+04 3.484129774733446538e-05 1.432486078556394204e-05 6.083553785174444783e-07 2.775518908038066002e-07 9.860123100224882364e-05 1.048802573677676264e-07 1.419303680449957028e-05 3.233092797927383799e-07 3.995458541794505436e-07 4.174146397417644039e-06
2.600000000000000000e+04 2.004460293392185122e-05 1.163424713013228029e-05 5.205322963774960954e-07 1.594792564674207824e-07 6.144840153865516186e-05 2.648287367179591456e-09 3.896575071848928928e-05 3.593501674004073720e-08 4.031042237784276949e-07 4.297783561924006790e-06
2.650000000000000000e+04 1.254697781405411661e-05 1.286667429667431861e-05 3.648204369710583705e-07 1.265973139652487589e-07 7.442143396474421024e-05 1.189927179012784109e-08 1.901453651953488588e-05 2.159538681212325173e-08 9.146514656777071650e-08 4.603679826686857268e-06
2.700000000000000000e+04 1.102945134334731847e-05 2.083893559756688774e-05 2.809509282997169066e-07 9.156197222637274535e-08 5.826496999361552298e-05 1.870770915957109537e-08 2.617800055304542184e-05 1.431548124486425877e-08 4.121970675896591274e-08 7.017796633590478450e-06
2.750000000000000000e+04 1.039647395373322070e-05 1.346256340184481815e-05 1.001381590981509362e-07 3.485905040179204661e-07 3.018873030669055879e-05 7.600489126957654662e-09 1.834043905546423048e-05 1.409814576192047753e-08 5.791485691020170634e-08 1.153221205640875269e-06
2.800000000000000000e+04 1.170967061625560746e-05 5.253667040960863233e-05 1.549654271570943820e-08 4.505404547217040090e-07 2.947916618722956628e-05 6.106718242193664992e-09 6.468398350989446044e-05 2.161746337492331804e-08 1.531232243223712430e-07 4.973923751094844192e-06
2.850000000000000000e+04 8.826173143461346626e-06 2.861007124010939151e-05 2.374102194835359114e-07 1.519497800472890958e-06 9.384517761645838618e-05 3.867457465389634308e-08 3.304163328721188009e-05 1.243735567868498038e-07 4.872368890573852696e-07 3.351714212840306573e-06
2.900000000000000000e+04 6.396995104296365753e-06 2.669061177584808320e-05 1.857559794871121994e-07 1.714363548899200396e-07 6.690918235108256340e-05 5.449711792948619404e-08 2.520325506338849664e-05 1.271948519843135728e-07 3.022965984200709499e-07 5.188786872167838737e-06
2.950000000000000000e+04 7.397732588287908584e-06 1.569267769809812307e-04 7.649618538607683149e-08 5.123378628013597336e-07 3.074993946938775480e-05 1.260963102822643123e-07 1.557637879159301519e-04 2.324074976911560952e-08 3.656017725006677210e-06 9.999971553042996675e-06
3.000000000000000000e+04 5.220470484346151352e-06 1.148882984125521034e-05 2.045183045140674949e-08 1.096259794053366932e-07 1.182164396595908329e-05 1.078426805634080665e-07 9.184347618429455906e-06 9.259711930553748971e-08 1.517144596618891228e-06 7.365749297605361789e-06
3.050000000000000000e+04 4.407562755659455433e-06 7.481643933715531603e-06 2.911087904067244381e-08 1.635696520452256664e-07 4.561979039863217622e-06 8.830011921645564144e-08 6.997552191023714840e-06 3.825135408419555461e-08 5.580130846283282153e-07 1.455132041883189231e-05
3.100000000000000000e+04 3.284561444161226973e-06 4.480739789869403467e-06 3.556647243385668844e-08 8.043323163064997061e-08 2.841610466930433176e-06 7.679549440808841609e-08 7.430500318150734529e-06 3.894112055036202946e-08 3.399433410322671989e-07 1.535299452370963991e-05
