# step, loss_train, loss_test, metrics_test
0.000000000000000000e+00 1.869509741663932800e-02 1.057288795709609985e-01 9.785412810742855072e-03 5.474456120282411575e-03 2.194210328161716461e-02 1.894290745258331299e-02 1.476767361164093018e-01 8.713803254067897797e-03 6.591840647161006927e-03 2.238053642213344574e-02
5.000000000000000000e+02 9.216621401719748974e-04 5.732404813170433044e-02 4.111455564270727336e-05 1.198837708216160536e-04 2.748686121776700020e-03 8.654923876747488976e-04 6.516131013631820679e-02 7.378854206763207912e-06 6.345871952362358570e-05 3.419732209295034409e-03
1.000000000000000000e+03 3.845653845928609371e-04 5.656982213258743286e-02 1.135646525654010475e-04 2.127884072251617908e-04 1.908035133965313435e-03 3.173766308464109898e-04 6.432815641164779663e-02 1.024159137159585953e-04 9.594963194103911519e-05 2.513501560315489769e-03
1.500000000000000000e+03 1.169100432889536023e-04 6.410413980484008789e-02 5.455336067825555801e-04 5.322742508724331856e-04 1.298960065469145775e-03 6.971090624574571848e-05 6.259740889072418213e-02 2.245644864160567522e-04 1.451099233236163855e-04 1.710001612082123756e-03
2.000000000000000000e+03 2.147058112313970923e-04 1.169647905044257641e-03 8.032166078919544816e-05 3.312966728117316961e-04 2.595429541543126106e-03 1.109820732381194830e-04 1.027194317430257797e-03 3.644551907200366259e-05 3.178853075951337814e-04 2.055102726444602013e-03
2.500000000000000000e+03 6.353353819577023387e-05 4.907479160465300083e-04 4.333507604314945638e-05 1.135064376285299659e-04 1.442885026335716248e-03 2.500351001799572259e-05 3.581654746085405350e-04 3.145106529700569808e-05 9.187688556266948581e-05 1.055780332535505295e-03
3.000000000000000000e+03 3.739885869435966015e-05 2.628054353408515453e-04 3.483976615825667977e-05 2.816608866851311177e-05 9.216942125931382179e-04 1.438096660422161222e-05 2.274195430800318718e-04 2.393006252532359213e-05 4.110046211280860007e-05 5.761153879575431347e-04
3.500000000000000000e+03 2.508447323634754866e-05 1.656137465033680201e-04 1.394304217683384195e-05 1.731844895402900875e-05 6.906206835992634296e-04 1.008650360745377839e-05 1.734956022119149566e-04 2.609675175335723907e-05 2.817526910803280771e-05 2.794296597130596638e-04
4.000000000000000000e+03 1.693551166681572795e-05 1.128360672737471759e-04 8.836638698994647712e-06 1.021299704007105902e-05 5.146995536051690578e-04 5.923501703364308923e-06 1.260909630218520761e-04 8.349210474989376962e-06 1.963336217158939689e-05 1.475648314226418734e-04
4.500000000000000000e+03 1.332217470917385072e-05 9.238393249688670039e-05 6.918427061464171857e-06 8.682613952259998769e-06 6.035710684955120087e-04 3.611736929087783210e-06 9.857707482296973467e-05 1.619362956262193620e-05 1.177125977847026661e-05 7.887397805461660028e-05
5.000000000000000000e+03 1.085126496036536992e-05 6.244677933864295483e-05 6.319744898064527661e-06 5.681682978320168331e-06 5.088131292723119259e-04 2.872729737646295689e-06 7.540910155512392521e-05 8.541635907022282481e-06 1.295372931053861976e-05 4.380372411105781794e-05
5.500000000000000000e+03 7.039860520308138803e-06 3.005275721079669893e-05 2.508680381652084179e-06 2.797533170451060869e-06 2.627435314934700727e-04 2.132751433236990124e-06 3.785103763220831752e-05 4.240149337420007214e-06 1.979455009859520942e-05 2.794312786136288196e-05
6.000000000000000000e+03 6.764613772247685120e-06 1.920920476550236344e-05 1.246557076228782535e-06 2.427499566692858934e-06 2.384829276707023382e-04 1.579895979375578463e-06 2.399009281361941248e-05 3.336495183248189278e-06 1.747803980833850801e-05 1.947136115632019937e-05
6.500000000000000000e+03 8.895584869605954736e-06 1.925567812577355653e-05 9.047471962730924133e-07 1.385506038786843419e-06 2.472056075930595398e-04 1.278835725315730087e-06 1.763906220730859786e-05 6.413323717424646020e-06 1.437152604921720922e-05 2.195959496020805091e-05
7.000000000000000000e+03 1.193683328892802820e-05 2.217846849816851318e-05 8.061059020292304922e-07 1.498692768109322060e-06 2.062706771539524198e-04 1.175372744910418987e-06 2.627263893373310566e-05 6.356036919896723703e-06 1.781098580977413803e-05 2.296341881447006017e-05
7.500000000000000000e+03 1.158582836069399491e-05 1.088286444428376853e-05 6.065744742045353632e-07 8.909192956707556732e-07 1.089265788323245943e-04 1.220318608829984441e-06 1.955973311851266772e-05 2.717606776059255935e-06 6.347841463139047846e-06 1.313917437073541805e-05
8.000000000000000000e+03 1.240324399987002835e-05 2.591305201349314302e-05 9.351576295557606500e-07 1.246609485860972200e-06 9.935690468410030007e-05 1.057343069987837225e-06 5.238461380940862000e-05 4.238067504047648981e-06 8.219262781494762748e-06 1.287010763917351142e-05
8.500000000000000000e+03 1.677336513239424676e-05 9.346060323878191411e-06 3.459327331256645266e-07 5.621138257083657663e-07 2.071586932288482785e-04 8.008186114238924347e-07 2.109189153998158872e-05 2.270774302814970724e-06 3.321142457934911363e-06 1.190770581160904840e-05
9.000000000000000000e+03 1.843095378717407584e-05 8.385023647861089557e-06 3.148045664147502976e-07 4.698563600413763197e-07 1.953526225406676531e-04 7.462553526238480117e-07 1.923039599205367267e-05 1.126898609982163180e-06 2.137684077752055600e-06 1.121021523431409150e-05
9.500000000000000000e+03 1.762712417985312641e-05 8.207665814552456141e-06 2.383342092571183457e-07 6.499066671494801994e-07 1.153785633505322039e-04 7.736482530162902549e-07 1.109014738176483661e-05 8.010790679691126570e-07 1.161494651569228154e-06 8.781886208453215659e-06
1.000000000000000000e+04 1.581943070050328970e-05 9.250582661479711533e-05 3.999358852979639778e-07 1.334562398369598668e-06 1.201390332425944507e-04 6.056101256035617553e-07 1.681829453445971012e-04 1.781119749466597568e-07 1.234309479514195118e-06 1.081785740097984672e-05
1.050000000000000000e+04 2.836892235791310668e-05 1.126005372498184443e-05 4.716418970929225907e-07 5.949272576799558010e-07 1.979258231585845351e-04 4.567685891743167304e-07 1.428129780833842233e-05 3.330116555844142567e-07 2.580050477263284847e-06 1.043397242028731853e-05
1.100000000000000000e+04 3.047362952202092856e-05 1.093656919692875817e-05 5.457716838463966269e-07 5.135120204613485839e-07 1.845663500716909766e-04 3.859664730043732561e-07 1.445059024263173342e-05 2.242547623154678149e-07 2.801843720590113662e-06 9.764841706783045083e-06
1.150000000000000000e+04 1.548714135424233973e-05 5.240824521024478599e-06 1.800685396347034839e-07 2.207265339393416070e-07 6.809722981415688992e-05 4.127243187213025521e-07 6.773849690944189206e-06 1.680987793406529818e-07 5.650048478855751455e-06 5.325027814251370728e-06
1.200000000000000000e+04 1.508803234173683450e-05 4.967419954482465982e-06 1.907001916379158502e-07 1.831604663493635599e-07 6.646076508332043886e-05 3.785724231875065016e-07 6.213296273926971480e-06 1.919537311323438189e-07 4.740592430607648566e-06 4.976779109711060300e-06
1.250000000000000000e+04 1.913536652864422649e-05 7.018975793471327052e-06 2.534715122237685136e-07 4.863027811552456114e-07 1.289177016587927938e-04 3.365206566741107963e-07 7.290422217920422554e-06 2.563789962550799828e-07 1.536257855150324758e-06 6.953448064450640231e-06
1.300000000000000000e+04 1.990644705074373633e-05 7.389785423583816737e-06 2.270459447117900709e-07 4.016240779947111150e-07 1.245478342752903700e-04 3.027335822025634116e-07 8.497348972014151514e-06 2.636641909248282900e-07 1.618113969925616402e-06 6.428267624869477004e-06
1.350000000000000000e+04 1.519741454103495926e-05 5.413205144577659667e-06 8.234243864535528701e-08 1.727912888327409746e-07 4.390420144773088396e-05 2.767388309621310327e-07 7.833577910787425935e-06 3.948456139823974809e-07 2.510755621187854558e-06 3.351175337229506113e-06
1.400000000000000000e+04 1.393872662447392941e-05 4.541333055385621265e-06 8.241630666816490702e-08 1.793271593442113954e-07 4.373000774648971856e-05 2.991467624724464258e-07 7.168740012275520712e-06 6.628367259509104770e-07 3.094289013461093418e-06 3.051271733056637459e-06
1.450000000000000000e+04 2.289713120262604207e-05 6.904810561536578462e-06 4.894651084441647981e-08 1.625478915912026423e-07 1.814643328543752432e-04 2.947126915842090966e-07 7.892004759924020618e-06 2.610851197459851392e-07 1.641156472942384426e-06 5.994955699861748144e-06
1.500000000000000000e+04 2.195972228946629912e-05 1.100203007808886468e-05 1.195258363395623746e-07 2.308386228833114728e-07 1.765529304975643754e-04 3.440097486873128219e-07 1.929917016241233796e-05 1.640551801074252580e-07 1.566851778989075683e-06 5.151066488906508312e-06
1.550000000000000000e+04 1.103228623833274469e-05 4.143883415963500738e-06 2.704266250930231763e-07 6.003579642310796771e-07 8.325841918122023344e-05 3.642772412604244892e-07 1.122046614909777418e-05 7.080607389298165799e-08 7.680210387661645655e-07 2.841868763425736688e-06
1.600000000000000000e+04 1.030496059684082866e-05 6.931719326530583203e-06 2.744729954429203644e-07 3.503014340822119266e-07 7.998554792720824480e-05 3.094026794769888511e-07 1.143125700764358044e-05 1.300952590099768713e-07 6.368457547978323419e-07 2.389542942182742991e-06
1.650000000000000000e+04 2.750185194599907845e-05 6.778853730793343857e-06 6.772214646844076924e-07 1.709945252059696941e-07 1.101698799175210297e-04 3.303788389530382119e-07 1.012237953545991331e-05 3.547638982581702294e-07 8.968422093857952859e-07 2.325185960216913372e-06
1.700000000000000000e+04 2.753867738647386432e-05 6.915192898304667324e-06 4.004687070846557617e-07 1.601057988409593236e-07 1.046841425704769790e-04 3.224301394766371232e-07 1.129338124883361161e-05 1.878762958540391992e-07 1.049219576998439152e-06 2.093630200761253946e-06
1.750000000000000000e+04 2.056624180113431066e-05 6.102283805375918746e-06 1.686048278770613251e-07 3.166412625432712957e-07 1.052038569469004869e-04 3.597542672650888562e-07 2.462319207552354783e-05 1.336233026449917816e-07 8.193563871827791445e-07 1.918466068673296832e-06
1.800000000000000000e+04 2.053239222732372582e-05 5.923824119236087427e-06 1.206676358833647100e-07 2.705983490614016773e-07 1.013347791740670800e-04 3.969890371990913991e-07 2.245361793029587716e-05 4.119538132840716571e-08 9.227069313055835664e-07 2.164050101782777347e-06
1.850000000000000000e+04 2.627876710903365165e-05 1.044293730956269428e-05 1.076389025911339559e-06 1.042925987349008210e-06 1.904083328554406762e-04 2.801968150833999971e-07 3.293140980531461537e-05 1.284652284994081128e-06 1.258719294128241017e-06 3.649667632998898625e-06
1.900000000000000000e+04 2.344108179386239499e-05 1.072185568773420528e-05 9.340340056951390579e-07 1.035505647450918332e-06 1.796301221475005150e-04 2.964856946618965594e-07 3.548373570083640516e-05 4.165041900705546141e-06 1.669872517595649697e-06 3.028518904102384113e-06
1.950000000000000000e+04 1.394297305523650721e-05 5.977423370495671406e-06 2.726822003751294687e-07 3.367064493886573473e-07 3.422345616854727268e-05 2.916171411015966441e-07 1.816675285226665437e-05 2.895922989409882575e-06 2.637455509102437645e-06 1.005633407658024225e-06
2.000000000000000000e+04 1.240810343006160110e-05 4.974819603376090527e-06 2.071714675366820302e-07 2.846112749921303475e-07 3.406430914765223861e-05 2.548782731537357904e-07 1.407479157933266833e-05 2.257629148516571149e-06 2.089984263875521719e-06 9.754071470524650067e-07
2.050000000000000000e+04 1.568334846524521708e-05 6.779572231607744470e-06 1.231320254646561807e-07 2.398097080913430545e-07 6.464638136094436049e-05 2.688011306872795103e-07 1.485504435549955815e-05 4.799712201020156499e-07 1.413640006830974016e-06 1.813033577491296455e-06
2.100000000000000000e+04 1.401601548423059285e-05 6.681263585051055998e-06 8.221979186373573611e-08 1.919862455679322011e-07 6.199361087055876851e-05 2.328377064486630843e-07 1.732963391987141222e-05 3.746702077478403226e-07 1.283257461182074621e-06 1.948958924913313240e-06
2.150000000000000000e+04 1.170654286397621036e-05 9.868485904007684439e-06 2.717700908760889433e-07 4.172468948127061594e-07 1.629584148759022355e-04 1.820310302491634502e-07 1.048962803906761110e-05 1.165156731985916849e-06 3.739944986591581255e-06 3.102091795881278813e-06
2.200000000000000000e+04 1.144744692282984033e-05 9.709172445582225919e-06 2.329479826812530519e-07 3.173355480612372048e-07 1.555219350848346949e-04 1.737372059551489656e-07 1.348791101918322966e-05 2.035166744462912902e-06 4.592258846969343722e-06 3.218415940864360891e-06
2.250000000000000000e+04 9.728203622216824442e-06 6.574847702722763643e-06 5.354318659556156490e-07 7.451658916579617653e-07 8.377418998861685395e-05 1.565809526482553338e-07 1.401194549544015899e-05 1.241202085111581255e-06 2.133358066203072667e-06 1.248609578397008590e-06
2.300000000000000000e+04 9.535456229059491307e-06 6.190243311721133068e-06 3.011786589013354387e-07 5.275132366477919277e-07 8.225670899264514446e-05 1.489554790623515146e-07 1.370765949104679748e-05 4.241594524501124397e-07 3.701092055052868091e-06 1.198804284285870381e-06
2.350000000000000000e+04 1.226615222549298778e-05 3.704769596879486926e-06 7.655376776938283001e-08 9.632737629772236687e-08 3.451618977123871446e-05 1.548792027961098938e-07 1.238749337062472478e-05 1.800409989982654224e-07 6.449452939705224708e-06 7.917805078250239603e-07
2.400000000000000000e+04 1.146898375736782327e-05 3.608319047998520546e-06 7.192536344291511341e-08 1.093851409450508072e-07 3.071789251407608390e-05 1.627741994525422342e-07 1.255769893759861588e-05 1.576702999273038586e-07 1.203503779834136367e-05 5.417348347691586241e-07
2.450000000000000000e+04 1.144574071076931432e-05 4.451346285350155085e-06 2.651660224728402682e-07 2.914922561103594489e-07 5.354675886337645352e-05 1.473375874638804817e-07 1.897164293040987104e-05 3.372379069332964718e-06 3.638594535004813224e-06 7.120528380255564116e-07
2.500000000000000000e+04 1.016040096146753058e-05 3.981038389611057937e-06 1.737894876896461938e-07 2.218081789351344923e-07 5.293838694342412055e-05 1.530781617020693375e-07 1.971975689230021089e-05 3.456727881712140515e-06 3.332411552037228830e-06 7.775842618684691843e-07
2.550000000000000000e+04 1.035360946843866259e-05 3.782182147915591486e-06 4.624020562005171087e-07 2.586880043509154348e-07 3.436087354202754796e-05 2.016750073607909144e-07 1.644799522182438523e-05 2.073144059977494180e-06 1.088710519070446026e-06 1.695839046078617685e-06
2.600000000000000000e+04 9.864160347206052393e-06 3.876264145219465718e-06 3.522830809288279852e-07 1.986689710520295193e-07 3.165289672324433923e-05 2.113366832645624527e-07 1.517464079370256513e-05 1.852717218753241468e-06 9.155889415524143260e-07 1.483237724642094690e-06
2.650000000000000000e+04 8.764036465436220169e-06 5.193578999751480296e-06 8.567413090077025117e-08 1.660584700857725693e-07 7.304497557925060391e-05 2.149079278979115770e-07 8.818193236947990954e-06 1.158376107923686504e-06 1.601746930646186229e-06 1.376248405904334504e-06
2.700000000000000000e+04 8.392466043005697429e-06 4.750223070004722103e-06 8.305485721393779386e-08 1.572881558331573615e-07 6.689372094115242362e-05 2.228788957836513873e-07 8.634417099528945982e-06 9.003200034385372419e-07 2.054554443020606413e-06 1.267701691176625900e-06
2.750000000000000000e+04 1.398135736963013187e-05 4.741090833704220131e-06 8.531554129831420141e-08 2.345212379850636353e-07 3.953240593546070158e-05 1.932042863472815952e-07 1.243114093085750937e-05 4.266437088062957628e-07 1.293469449592521414e-05 6.398229857040860225e-07
2.800000000000000000e+04 1.142520886787679046e-05 1.859752410382498056e-05 7.491759390632068971e-08 3.019979146756668342e-07 3.939853559131734073e-05 1.587545028769454802e-07 3.055503111681900918e-05 4.722502353615709580e-07 8.452890142507385463e-06 1.509495632490143180e-06
2.850000000000000000e+04 1.443451674276730046e-05 1.208308458444662392e-05 9.046079441077381489e-08 1.637009461319394177e-07 1.298033894272521138e-04 1.209291866643980029e-07 1.355453605356160551e-05 7.577357763466352480e-08 5.574562692345352843e-06 2.531242216718965210e-06
2.900000000000000000e+04 1.322666867054067552e-05 1.222263108502374962e-05 4.862265257088438375e-08 1.533404372366931057e-07 1.258931006304919720e-04 1.123266670788325428e-07 1.676633291936013848e-05 6.331326574127160711e-08 4.701986654254142195e-06 2.627998355819727294e-06
2.950000000000000000e+04 6.540804406540701166e-06 4.651093149732332677e-06 1.153976540990697686e-07 1.769793982475675875e-07 3.441330773057416081e-05 1.380340393097867491e-07 1.727478047541808337e-05 2.985127594001824036e-06 6.474787369370460510e-06 7.225322633530595340e-07
3.000000000000000000e+04 5.763382432633079588e-06 3.847651441901689395e-06 8.057860156895912951e-08 1.463783689814590616e-07 3.225657565053552389e-05 1.307444676967861596e-07 1.663989314693026245e-05 3.621735913839074783e-06 7.722048394498415291e-06 6.951318027859088033e-07
3.050000000000000000e+04 1.044219243340194225e-05 9.850307833403348923e-06 7.701001436544174794e-08 1.643032163656243938e-07 5.675828651874326169e-05 1.174993258246104233e-07 1.817216070776339620e-05 1.039944322656083386e-06 1.198229824694863055e-06 1.079298044714960270e-06
3.100000000000000000e+04 9.903930731525178999e-06 8.099359547486528754e-05 7.511800959036918357e-07 3.671509887226420688e-07 6.641396612394601107e-05 1.120218158234820294e-07 6.024753747624345124e-05 6.635609111071971711e-07 3.036118982890911866e-07 7.334141628234647214e-06
3.150000000000000000e+04 7.849232133594341576e-06 5.537568085856037214e-06 3.400125692110123055e-08 9.831708780438930262e-08 5.355418761610053480e-05 1.191470815342654532e-07 1.443435667169978842e-05 1.506485176605565357e-07 1.996160392536694417e-07 9.994590755013632588e-07
3.200000000000000000e+04 6.843902610853547230e-06 5.573087946686428040e-06 3.101903089941515645e-08 8.542561857893815613e-08 5.229629459790885448e-05 1.142645800200625672e-07 1.486561541241826490e-05 1.449949991183530074e-07 1.135657612394425087e-06 1.152038294094381854e-06
3.250000000000000000e+04 7.035201633698306978e-06 7.476258815586334094e-06 1.829096589744949597e-07 6.311934441782796057e-08 4.695837924373336136e-05 7.394280032713140827e-08 1.028004135150695220e-05 1.584011499744519824e-07 1.895850942901233793e-07 1.468680125071841758e-06
3.300000000000000000e+04 6.250202204682864249e-06 6.520117040054174140e-06 1.224662895538131124e-07 4.878026516053068917e-08 4.592060577124357224e-05 7.543939517518083449e-08 8.608645657659508288e-06 9.915183341036026832e-08 1.766322839102940634e-07 1.602420979907037690e-06
3.350000000000000000e+04 5.819193120260024443e-06 2.990755547216394916e-06 4.612521564695271081e-08 5.739271458082839672e-08 5.079641414340585470e-05 7.716970173987647286e-08 8.579500899941194803e-06 1.977916923578959540e-07 6.514866299767163582e-07 6.132730163699307013e-07
3.400000000000000000e+04 5.490224793902598321e-06 6.216093424882274121e-06 5.950851900138331985e-08 2.575543476268649101e-07 4.900722706224769354e-05 6.909529304266470717e-08 1.351112678094068542e-05 1.711731130171756377e-07 5.191901664147735573e-07 1.581609467393718660e-06
3.450000000000000000e+04 6.972305527597200125e-06 4.728021394839743152e-06 1.808349594512037584e-07 1.256905051150170038e-07 4.353093754616566002e-05 5.597919638944404142e-08 3.065753116970881820e-05 1.059781766343803611e-06 6.520500619444646873e-07 5.991062153043458238e-07
3.500000000000000000e+04 6.097323421272449195e-06 4.598014584189513698e-06 8.298804488049427164e-08 1.049007636311216629e-07 4.229262049193494022e-05 6.938036989367901697e-08 3.089815072598867118e-05 1.114466840590466745e-06 5.162543175174505450e-07 5.616315661427506711e-07
3.550000000000000000e+04 9.149335710390005261e-06 5.374101965571753681e-05 2.492011503818503115e-07 2.761248367733060149e-07 4.403046114020980895e-05 8.041663335234261467e-08 9.881681762635707855e-05 2.098896857205545530e-06 4.564579967336612754e-07 2.669501554919406772e-06
3.600000000000000000e+04 8.420407539233565331e-06 9.318103366240393370e-06 8.499795001171150943e-08 1.652622927394986618e-07 3.688275683089159429e-05 8.931194628303273930e-08 3.626639590947888792e-05 4.635623554349876940e-06 1.815533323679119349e-06 1.765764523042889778e-06
3.650000000000000000e+04 9.772094017534982413e-06 7.453105354215949774e-06 4.839736078565692878e-08 7.718135464074293850e-08 5.676302316715009511e-05 1.366562116800196236e-07 1.052552852343069389e-05 7.903504410933237523e-07 2.426204730454628589e-07 3.026764716196339577e-06
3.700000000000000000e+04 8.547125617042183876e-06 7.876061317801941186e-06 3.271764725809589436e-08 9.716463011955056572e-08 5.149095522938296199e-05 1.004333824994319002e-07 1.246274132427060977e-05 7.612550803060003091e-07 2.440480102450237609e-07 3.149819804093567654e-06
3.750000000000000000e+04 9.132860213867388666e-06 7.108706995495595038e-06 7.995948436700928141e-08 1.421165052306605503e-07 8.245851495303213596e-05 8.071155832567455946e-08 3.277215000707656145e-05 5.428547638075542636e-07 5.372960004024207592e-06 9.368220617034239694e-07
3.800000000000000000e+04 7.380872830253792927e-06 6.602954726986354217e-06 4.500197192669475044e-08 7.930315604198767687e-08 7.968200225150212646e-05 7.743560104245261755e-08 3.504492633510380983e-05 3.519960785069997655e-07 4.081213319295784459e-06 7.728930313533055596e-07
3.850000000000000000e+04 5.507174591912189499e-06 7.223743068607291207e-06 1.582728259563737083e-07 4.714343404543797078e-08 5.362312003853730857e-05 5.292938354273246659e-08 1.899515336845070124e-05 2.244721827082685195e-06 2.031818667092011310e-06 1.526691562503401656e-06
3.900000000000000000e+04 4.915531462756916881e-06 7.435296993207884952e-06 1.051147080488590291e-07 4.415965193516058207e-08 5.143499220139347017e-05 5.354439380766962131e-08 1.832320594985503703e-05 3.261149913669214584e-06 1.827851178859418724e-06 1.932344048327649944e-06
3.950000000000000000e+04 5.696059361071093008e-06 3.213742274965625256e-06 6.101865324126265477e-08 8.998842560004050029e-08 2.749554369074758142e-05 6.138869679261915735e-08 1.483543201175052673e-05 5.954696575827256311e-07 9.394272638019174337e-06 9.046509603649610654e-07
4.000000000000000000e+04 4.558185537462122738e-06 2.916970743171987124e-06 4.465736935799213825e-08 5.997743102170716156e-08 2.375769145146477968e-05 5.279646586586750345e-08 1.485452412453014404e-05 5.871576149729662575e-07 9.049884283740539104e-06 6.774212124582845718e-07
4.050000000000000000e+04 5.990241788822459057e-06 1.350152342638466507e-05 4.886535975856531877e-08 1.100127420272656309e-07 1.146418726420961320e-04 7.874413654462841805e-08 2.859761661966331303e-05 2.371086509356246097e-07 5.305402282829163596e-06 5.466456059366464615e-06
4.100000000000000000e+04 5.223225798545172438e-06 1.393528782500652596e-05 3.102286427747458220e-08 6.709124278359013260e-08 1.082393355318345129e-04 8.119971539599646349e-08 3.448075221967883408e-05 2.317006817520450568e-07 4.241375791025348008e-06 6.567727268702583387e-06
4.150000000000000000e+04 4.433488811628194526e-06 1.186318604595726356e-05 7.205540697441392695e-08 6.077212333366333041e-08 7.568173168692737818e-05 4.620796545395933208e-08 1.499847166996914893e-05 3.827372836440190440e-07 4.188916022940247785e-07 1.163895194622455165e-05
4.200000000000000000e+04 3.830515197478234768e-06 1.078195418813265860e-05 5.639718736460963555e-08 5.306731409859821724e-08 7.411626575049012899e-05 3.994987096689328610e-08 1.421456454409053549e-05 4.062818561578751542e-07 3.372030903392442269e-07 1.178977527160895988e-05
4.250000000000000000e+04 7.590188488393323496e-06 5.333459739631507546e-06 2.347028669191786321e-07 5.125770741187807289e-08 5.052607230027206242e-05 3.588416674915606563e-08 1.576515387569088489e-05 9.862255865300539881e-07 7.793839813530212268e-07 9.092314030567649752e-07
4.300000000000000000e+04 6.882083653181325644e-06 3.914453372999560088e-06 1.028290412818932964e-07 2.620299000000159140e-08 4.826933218282647431e-05 3.142520910159873893e-08 1.212768165714805946e-05 1.166371589533810038e-06 2.118335032719187438e-06 7.583118986076442525e-07
4.350000000000000000e+04 7.447722055076155812e-06 5.606467766483547166e-06 2.002321082272828789e-07 8.975968057711725123e-08 6.961268081795424223e-05 4.003092612947511952e-08 1.821529440348967910e-05 4.626511440619651694e-07 1.256744752708982560e-07 1.357856262984569184e-06
4.400000000000000000e+04 5.617279839498223737e-06 1.144748330261791125e-05 1.636363435864041094e-07 9.864950101245995029e-08 6.419902638299390674e-05 3.975008411316593993e-08 1.452926608180860057e-05 1.642628149056690745e-07 5.747365321440156549e-07 2.681561227291240357e-06
4.450000000000000000e+04 8.672008334542624652e-06 4.441590135684236884e-06 3.420971594891852874e-08 1.171323944504365500e-07 2.598566970846150070e-05 3.527841840877954382e-08 8.285735020763240755e-06 2.460274401983042480e-07 1.384697156936454121e-07 9.621475101084797643e-07
4.500000000000000000e+04 6.877760824863798916e-06 3.409018063393887132e-06 2.529396070372058603e-08 1.174684030047501437e-07 2.159339965146500617e-05 3.901673295558794052e-08 7.047137842164374888e-06 3.302338882349431515e-07 1.634442838849281543e-07 9.357369208373711444e-07
4.550000000000000000e+04 7.933793312986381352e-06 9.403286640008445829e-06 9.530671718493977096e-08 3.517622104709516861e-08 8.011585305212065578e-05 4.475142745263838151e-08 1.826644438551738858e-05 4.594739095864497358e-07 3.271459263487486169e-07 1.674605869084189180e-06
4.600000000000000000e+04 6.486475740530295298e-06 8.159551725839264691e-06 7.047242434055078775e-08 2.549520594641307980e-08 7.494644523831084371e-05 4.757419347356517392e-08 2.231802864116616547e-05 3.407233180041657761e-07 1.061106218003260437e-06 1.575814394527697004e-06
4.650000000000000000e+04 3.758736056624911726e-06 1.163638808066025376e-05 9.889211582958523650e-08 4.465761449523597548e-08 1.646848977543413639e-05 5.387714097082607623e-08 2.684714308998081833e-05 3.352524231559073087e-07 7.997599738018834614e-08 1.075777504411234986e-06
4.700000000000000000e+04 2.871710194085608236e-06 4.069812348461709917e-06 4.232020600625219231e-08 3.116751301490694459e-08 1.167602295026881620e-05 4.405252340689003177e-08 1.920161957968957722e-05 4.284304964130569715e-07 7.146824998471856816e-08 5.860379133082460612e-07
4.750000000000000000e+04 1.987442146855755709e-06 3.822101916739484295e-06 1.075728945920673141e-07 3.735704368068581971e-08 4.026589067507302389e-06 3.620407085236365674e-08 1.456289373891195282e-05 5.514294230124505702e-07 1.441606968910491560e-06 1.289254896619240753e-06
4.800000000000000000e+04 1.849520458563347347e-06 3.267847660026745871e-06 7.681097002887327108e-08 2.809007249027217767e-08 3.602744982345029712e-06 2.991092884485624381e-08 1.182891628559445962e-05 5.218083742875023745e-07 1.725287006593134720e-06 1.081047344086982775e-06
4.850000000000000000e+04 1.470486040489049628e-06 2.250327725050738081e-06 7.137110458188544726e-08 3.333144249495489930e-08 4.218076810502680019e-06 3.023023609216579644e-08 1.090416299120988697e-05 1.816092094486521091e-07 2.603000439194147475e-06 2.738288742420991184e-07
4.900000000000000000e+04 1.329288011220342014e-06 1.818689725041622296e-06 4.209274706568066904e-08 2.737601967339742259e-08 3.471448735581361689e-06 2.557866451979862177e-08 9.516529644315596670e-06 1.126348507796137710e-07 2.741623120527947322e-06 3.907384780177380890e-07
4.950000000000000000e+04 3.300525349914096296e-06 5.989857982058310881e-06 7.129875001510299626e-08 7.558993075917896931e-08 1.523710307083092630e-05 2.970400636570502684e-08 1.202435942104784772e-05 3.431506456763599999e-07 2.349925580347189680e-06 4.753943812829675153e-06
5.000000000000000000e+04 2.693976966838818043e-06 4.712644567916868255e-06 3.503857115561004321e-08 4.873750469869264634e-08 1.288426483370130882e-05 3.385430957791868423e-08 1.147382590716006234e-05 2.402085783614893444e-07 2.568557647464331239e-06 5.241781309450743720e-06
5.050000000000000000e+04 7.955041837703902274e-06 9.405235687154345214e-06 7.656616674012184376e-08 4.943039044746910804e-08 7.226056186482310295e-05 4.333909231490906677e-08 2.531362952140625566e-05 2.281951481108990265e-07 2.437471039229421876e-06 2.296803359058685601e-06
5.100000000000000000e+04 5.745950147684197873e-06 8.609822543803602457e-06 7.390591605371810147e-08 5.350758414124356932e-08 6.519703310914337635e-05 5.202914366009281366e-08 2.662297265487723053e-05 1.902910895523746149e-07 9.422253242519218475e-06 2.782187493721721694e-06
5.150000000000000000e+04 4.244273895892547444e-06 4.191695552435703576e-06 3.581865115620530560e-08 6.073788227922705119e-08 9.800605766940861940e-06 4.717026413914027216e-08 2.686626612558029592e-05 2.486765993126027752e-07 7.364933026110520586e-06 2.699318429222330451e-06
5.200000000000000000e+04 3.350228325871285051e-06 4.282562258595135063e-06 2.358666151280885970e-08 6.324214041342202108e-08 7.432981874444521964e-06 4.976744349960426916e-08 2.304548434040043503e-05 3.187610957411379786e-07 3.709330940182553604e-06 1.984366463148035109e-06
5.250000000000000000e+04 2.532472080929437652e-06 2.569303433119785041e-06 4.813101739387093403e-08 3.929491043663801975e-08 7.847079359635245055e-06 3.952405336349329446e-08 1.255555162060773000e-05 1.792417378965183161e-07 2.769760840237722732e-06 7.589757728965196293e-07
5.300000000000000000e+04 2.082855871776700951e-06 2.145093048966373317e-06 3.051519570362870581e-08 3.090414679718378466e-08 6.267656317504588515e-06 2.900437934272304119e-08 9.239332939614541829e-06 1.307932961935875937e-07 1.848137799242977053e-06 9.607417723600519821e-07
5.350000000000000000e+04 1.266301524083246477e-06 3.033914708794327453e-06 2.883163574551872443e-08 3.078876318340917351e-07 3.435314647504128516e-05 3.088564781705827045e-08 1.671736572461668402e-05 6.510693992822780274e-07 3.459216941337217577e-06 1.166742777058971114e-06
5.400000000000000000e+04 1.212319602927891538e-06 3.142123887300840579e-06 3.164715778325444262e-08 1.318000215633219341e-07 3.247967833885923028e-05 3.258119818383420352e-08 1.819568205974064767e-05 8.015576895559206605e-07 6.257771929085720330e-06 1.635841954339412041e-06
5.450000000000000000e+04 4.433814865478780121e-06 8.632755452708806843e-06 1.963816131933526776e-08 5.200338293320783123e-08 3.198299236828461289e-05 3.820041527546891302e-08 1.748396243783645332e-05 7.591581834276439622e-07 1.184209850180195644e-06 1.581905235070735216e-05
5.500000000000000000e+04 3.764534540096065030e-06 8.507707207172643393e-06 2.206148508321348345e-08 5.117655277331323305e-08 2.465666693751700222e-05 3.307301099653159326e-08 1.494757361797383055e-05 9.393886557518271729e-07 1.818073087633820251e-06 2.471525476721581072e-05
5.550000000000000000e+04 4.138253189012175426e-06 3.396311285541742109e-06 6.309495859113667393e-08 1.239896789684280520e-07 2.141560435120481998e-05 2.842449475792818703e-08 1.127845644077751786e-05 5.684389634552644566e-06 9.881682672130409628e-07 2.392752776358975098e-06
5.600000000000000000e+04 3.684688408611691557e-06 2.623233740450814366e-06 4.393882946374105813e-08 9.473782824898080435e-08 1.720815453154500574e-05 3.682596272369664803e-08 9.705800948722753674e-06 2.367554998272680677e-06 2.005024498430429958e-06 2.031871190411038697e-06
5.650000000000000000e+04 3.457297225395450369e-06 2.772146444840473123e-06 4.154149380042326811e-08 8.424299835496640299e-08 4.283174803276779130e-06 6.332921742568942136e-08 9.642488294048234820e-06 9.521354513708502054e-07 9.313620807915867772e-07 1.246664282916754019e-06
5.700000000000000000e+04 2.482022864569444209e-06 2.477047928550746292e-06 2.713234970030953264e-08 6.904605953650388983e-08 4.036779500893317163e-06 4.454707536183377670e-08 8.278194400190841407e-06 5.794925641566806007e-07 6.734729822710505687e-07 1.199189568978908937e-06
5.750000000000000000e+04 2.522100430724094622e-06 3.035556574104703031e-06 4.823132115916450857e-08 1.009281902497605188e-07 1.076963326340774074e-05 4.682875953676557401e-08 2.594606667116750032e-05 8.384012062379042618e-08 5.595504148914187681e-07 5.314159920999372844e-07
5.800000000000000000e+04 2.767433898043236695e-06 6.896760169183835387e-05 2.029871239983549458e-07 1.534867948294049711e-07 1.223454910359578207e-05 4.433594824604369933e-08 3.063360418309457600e-05 1.417757715671541519e-07 5.106568892188079190e-07 6.428115284506930038e-06
5.850000000000000000e+04 2.736155238380888477e-06 3.358293724886607379e-06 4.068229486620111857e-08 6.714905254057157435e-08 2.500869777577463537e-05 4.055650748568950803e-08 1.319092643825570121e-05 1.365420303045539185e-06 2.654487047948350664e-07 3.955764213969814591e-07
5.900000000000000000e+04 2.161253632948501036e-06 3.339956492709461600e-06 2.807333387977450911e-08 5.517844670066551771e-08 2.081966704281512648e-05 3.502014322975810501e-08 1.269414860871620476e-05 1.064640173353836872e-06 3.038489069240313256e-07 2.816573498876095982e-07
