# step, loss_train, loss_test, metrics_test
0.000000000000000000e+00 5.778030492365360260e-03 6.243055313825607300e-02 4.090047627687454224e-02 2.817194350063800812e-02 7.677984982728958130e-02 5.824238993227481842e-03 6.348168104887008667e-02 3.936332836747169495e-02 2.402817830443382263e-02 7.584294676780700684e-02
5.000000000000000000e+02 4.524089454207569361e-04 5.835998430848121643e-02 2.312525430170353502e-05 9.019285789690911770e-05 4.944012034684419632e-03 4.615014477167278528e-04 6.621957570314407349e-02 1.408121443091658875e-05 2.304016234120354056e-04 5.627367645502090454e-03
1.000000000000000000e+03 4.705586761701852083e-04 5.826510488986968994e-02 2.147287341358605772e-05 8.123588486341759562e-05 4.779329523444175720e-03 4.796858411282300949e-04 6.603006273508071899e-02 1.111769688577624038e-05 1.990406890399754047e-04 5.465726833790540695e-03
1.500000000000000000e+03 2.198792353738099337e-04 6.915133446455001831e-02 4.482274016481824219e-05 4.920713035971857607e-05 6.221476010978221893e-03 2.132540976162999868e-04 6.542158871889114380e-02 2.678069540706928819e-05 1.160008832812309265e-04 6.774995941668748856e-03
2.000000000000000000e+03 2.620198938529938459e-04 6.910807639360427856e-02 4.871113560511730611e-05 4.482903750613331795e-05 6.090160924941301346e-03 2.528055629227310419e-04 6.536304950714111328e-02 3.271511377533897758e-05 7.389599340967833996e-05 6.643439177423715591e-03
2.500000000000000000e+03 4.201404226478189230e-04 8.199900388717651367e-02 4.234918742440640926e-05 7.768181967549026012e-05 6.175356451421976089e-03 3.898212744388729334e-04 6.506835669279098511e-02 3.752038901438936591e-05 7.026676757959648967e-05 6.608790252357721329e-03
3.000000000000000000e+03 4.638262907974421978e-04 8.177554607391357422e-02 4.408491440699435771e-05 8.796623296802863479e-05 5.388016346842050552e-03 4.174410714767873287e-04 6.494458764791488647e-02 4.875478771282359958e-05 4.101850208826363087e-05 5.822128150612115860e-03
3.500000000000000000e+03 2.041062572970986366e-03 6.452536582946777344e-02 2.175049485231284052e-05 1.112656973418779671e-04 2.310473471879959106e-03 1.803631545044481754e-03 6.506030261516571045e-02 4.194297434878535569e-05 1.064813695847988129e-04 2.932663774117827415e-03
4.000000000000000000e+03 1.930932165123522282e-03 6.407830864191055298e-02 2.468521415721625090e-05 1.011393251246772707e-04 1.737312879413366318e-03 1.643166760914027691e-03 6.531808525323867798e-02 6.890980148455128074e-05 8.110191265586763620e-05 2.355276141315698624e-03
4.500000000000000000e+03 3.746788934222422540e-05 5.332236364483833313e-02 2.214412415924016386e-05 6.072550240787677467e-05 1.909621176309883595e-03 3.231946902815252542e-05 6.706675142049789429e-02 6.261297676246613264e-05 9.845831300481222570e-06 2.469694707542657852e-03
5.000000000000000000e+03 2.171106461901217699e-05 5.314143374562263489e-02 2.260368273709900677e-05 6.626528920605778694e-05 1.872399938292801380e-03 1.857390634540934116e-05 6.698495894670486450e-02 5.181084998184815049e-05 1.651551610848400742e-05 2.417333889752626419e-03
5.500000000000000000e+03 5.070467886980623007e-05 5.786214396357536316e-02 8.245380740845575929e-05 4.364806954981759191e-05 1.761330408044159412e-03 3.742322587640956044e-05 6.554889678955078125e-02 1.129707670770585537e-04 2.224135641881730407e-05 2.300917636603116989e-03
6.000000000000000000e+03 4.647452806239016354e-05 5.758582800626754761e-02 1.145585192716680467e-04 9.747441072249785066e-05 1.681797206401824951e-03 3.193764132447540760e-05 6.513963639736175537e-02 1.152600016212090850e-04 6.748338637407869101e-05 2.220999682322144508e-03
6.500000000000000000e+03 2.410249180684331805e-05 5.816426500678062439e-02 2.343015221413224936e-04 2.184905461035668850e-04 1.997528364881873131e-03 2.221645263489335775e-05 6.474114954471588135e-02 1.433007419109344482e-04 1.303937751799821854e-04 2.504169242456555367e-03
7.000000000000000000e+03 2.388999200775288045e-05 5.748293176293373108e-02 2.311824646312743425e-04 4.189324972685426474e-04 1.880687894299626350e-03 2.077364842989481986e-05 6.408124417066574097e-02 1.293240638915449381e-04 2.887767041102051735e-04 2.367876935750246048e-03
7.500000000000000000e+03 6.474190013250336051e-05 6.890097260475158691e-02 2.188530488638207316e-04 8.887923322618007660e-04 1.886037411168217659e-03 5.046976366429589689e-05 6.029557809233665466e-02 1.789601374184712768e-04 6.728845182806253433e-04 2.375874901190400124e-03
8.000000000000000000e+03 7.232053030747920275e-05 6.013569608330726624e-02 1.232089416589587927e-04 6.029149517416954041e-04 2.151912543922662735e-03 6.030582517269067466e-05 5.201463773846626282e-02 1.016781825455836952e-04 7.532335584983229637e-04 2.557784086093306541e-03
8.500000000000000000e+03 9.031953231897205114e-05 4.014342278242111206e-02 7.079289207467809319e-05 4.891786957159638405e-04 2.291397191584110260e-03 8.139533019857481122e-05 4.562573507428169250e-02 6.875028338981792331e-05 7.540429360233247280e-04 2.732698339968919754e-03
9.000000000000000000e+03 1.363201736239716411e-04 3.003104962408542633e-02 1.910120481625199318e-04 4.087158595211803913e-04 3.429964650422334671e-03 1.195382646983489394e-04 3.457969054579734802e-02 4.069395436090417206e-05 5.932080675847828388e-04 3.741207299754023552e-03
9.500000000000000000e+03 5.890896427445113659e-04 1.755226776003837585e-02 1.831418339861556888e-04 2.651239337865263224e-04 4.905734676867723465e-03 5.377162015065550804e-04 2.178404666483402252e-02 2.163798199035227299e-04 2.692236739676445723e-04 5.005222745239734650e-03
1.000000000000000000e+04 4.345373308751732111e-04 1.122826803475618362e-02 1.017975082504563034e-04 1.602808188181370497e-04 6.346390116959810257e-03 3.941039030905812979e-04 1.404365710914134979e-02 8.435268682660534978e-05 1.402025518473237753e-04 6.348460912704467773e-03
1.050000000000000000e+04 4.332182870712131262e-04 7.388323079794645309e-03 1.470306742703542113e-04 8.808761049294844270e-05 6.788282655179500580e-03 3.711545723490417004e-04 8.784234523773193359e-03 6.562489579664543271e-05 2.635814780660439283e-05 6.224336102604866028e-03
1.100000000000000000e+04 4.410591209307312965e-04 4.921183921396732330e-03 1.752658572513610125e-04 7.631321204826235771e-05 6.352483294904232025e-03 3.800024860538542271e-04 5.687761120498180389e-03 7.134104816941544414e-05 5.547594264498911798e-05 5.705334711819887161e-03
1.150000000000000000e+04 5.368510028347373009e-04 3.119105007499456406e-03 1.845888764364644885e-04 3.317987284390255809e-05 5.901010241359472275e-03 4.867094394285231829e-04 2.826006850227713585e-03 6.654520984739065170e-05 8.929661271395161748e-05 5.654588807374238968e-03
1.200000000000000000e+04 4.419566539581865072e-04 1.896295580081641674e-03 2.127994084730744362e-04 7.502999778807861730e-06 5.665539763867855072e-03 3.919380251318216324e-04 1.550448825582861900e-03 7.618641393491998315e-05 5.404316470958292484e-05 5.400379654020071030e-03
1.250000000000000000e+04 3.441963635850697756e-04 1.153820310719311237e-03 1.970931334653869271e-04 1.229987901751883328e-05 5.251927301287651062e-03 3.007914638146758080e-04 8.652419201098382473e-04 4.245939271640963852e-05 3.999458203907124698e-05 5.403378047049045563e-03
1.300000000000000000e+04 3.058161528315395117e-04 8.335068123415112495e-04 1.429813564755022526e-04 1.768350921338424087e-05 4.904794972389936447e-03 2.633265103213489056e-04 5.363685777410864830e-04 2.667447552084922791e-05 4.631273259292356670e-05 5.042192991822957993e-03
1.350000000000000000e+04 2.318350889254361391e-04 7.882927893660962582e-04 9.787411545403301716e-05 1.713671008474193513e-05 4.953556228429079056e-03 1.870038686320185661e-04 3.498258884064853191e-04 5.536147000384517014e-05 3.045884477614890784e-05 4.658036399632692337e-03
1.400000000000000000e+04 1.980985107365995646e-04 6.657671183347702026e-04 9.381162089994177222e-05 1.470651386625831947e-05 4.659901373088359833e-03 1.555147464387118816e-04 2.753391163423657417e-04 7.159532106015831232e-05 2.476836743880994618e-05 4.365630913525819778e-03
1.450000000000000000e+04 2.041411207756027579e-04 6.613298319280147552e-04 1.096198102459311485e-04 2.295842568855732679e-05 4.724188242107629776e-03 1.611097541172057390e-04 2.572824014350771904e-04 6.190548447193577886e-05 3.108696546405553818e-05 4.055739846080541611e-03
1.500000000000000000e+04 1.827633386710658669e-04 6.146224332042038441e-04 7.722943701082840562e-05 2.617638892843388021e-05 4.509587306529283524e-03 1.412896381225436926e-04 2.382182574365288019e-04 4.682059807237237692e-05 3.896289490512572229e-05 3.851097077131271362e-03
1.550000000000000000e+04 1.832609414122998714e-04 6.302908295765519142e-04 5.988906923448666930e-05 3.335954897920601070e-05 3.865567967295646667e-03 1.391362311551347375e-04 3.631406289059668779e-04 2.379141369601711631e-05 5.142458758200518787e-05 3.427864285185933113e-03
1.600000000000000000e+04 1.736578415147960186e-04 6.262842798605561256e-04 4.002793866675347090e-05 5.130114732310175896e-05 3.681191010400652885e-03 1.276738184969872236e-04 3.862736921291798353e-04 1.716764381853863597e-05 6.191716965986415744e-05 3.260897006839513779e-03
1.650000000000000000e+04 1.388655364280566573e-04 5.034345085732638836e-04 3.425260001677088439e-05 8.183051249943673611e-05 4.071030765771865845e-03 9.826507448451593518e-05 1.607370359124615788e-04 2.137954834324773401e-05 9.137181768892332911e-05 3.499845741316676140e-03
1.700000000000000000e+04 1.404456706950441003e-04 4.876011516898870468e-04 3.637425470515154302e-05 9.277879871660843492e-05 3.926263190805912018e-03 9.842120925895869732e-05 1.483929954702034593e-04 3.444329195190221071e-05 9.282152313971891999e-05 3.361287061125040054e-03
1.750000000000000000e+04 1.421909837517887354e-04 4.576975770760327578e-04 3.971153273596428335e-05 7.315100083360448480e-05 3.399389330297708511e-03 9.808754111872985959e-05 1.926900149555876851e-04 2.071583003271371126e-05 6.745338032487779856e-05 3.068333957344293594e-03
1.800000000000000000e+04 1.448930852347984910e-04 4.306205082684755325e-04 5.838633660459890962e-05 7.917038601590320468e-05 3.166791517287492752e-03 9.917061106534674764e-05 1.642027200432494283e-04 3.278859730926342309e-05 7.428293611155822873e-05 2.834817627444863319e-03
1.850000000000000000e+04 1.237468095496296883e-04 4.627647576853632927e-04 7.287267362698912621e-05 1.039607159327715635e-04 3.208030248060822487e-03 8.664836786920204759e-05 1.812263071769848466e-04 4.428503234521485865e-05 5.509125185199081898e-05 2.680159639567136765e-03
1.900000000000000000e+04 1.312226377194747329e-04 4.309075884521007538e-04 8.066975715337321162e-05 7.159175584092736244e-05 3.098518354818224907e-03 9.072515968000516295e-05 1.521050144219771028e-04 5.352974767447449267e-05 3.211685179849155247e-05 2.566055394709110260e-03
1.950000000000000000e+04 1.468305417802184820e-04 3.165205998811870813e-04 9.464105824008584023e-05 4.594923666445538402e-05 2.731438027694821358e-03 9.344411955680698156e-05 1.093663668143562973e-04 3.631282379501499236e-05 2.827558455464895815e-05 2.482925541698932648e-03
2.000000000000000000e+04 1.471900322940200567e-04 3.010113432537764311e-04 8.708775567356497049e-05 3.880688382196240127e-05 2.615164965391159058e-03 9.097369184019044042e-05 1.021242132992483675e-04 3.821569407591596246e-05 2.204710472142323852e-05 2.366680186241865158e-03
2.050000000000000000e+04 1.499347999924793839e-04 3.613057488109916449e-04 7.570613524876534939e-05 3.599101910367608070e-05 2.883472712710499763e-03 9.616345050744712353e-05 1.174711214844137430e-04 5.999168934067711234e-05 1.774833981471601874e-05 2.263787435367703438e-03
2.100000000000000000e+04 1.400091714458540082e-04 3.437374252825975418e-04 5.924663491896353662e-05 3.263266262365505099e-05 2.750903600826859474e-03 8.608620555605739355e-05 1.169314855360426009e-04 5.039761890657246113e-05 1.713021447358187288e-05 2.137556904926896095e-03
2.150000000000000000e+04 1.302029122598469257e-04 3.214868484064936638e-04 4.286610055714845657e-05 2.622840656840708107e-05 2.296482212841510773e-03 8.745461673242971301e-05 9.331110049970448017e-05 6.196737376740202308e-05 1.529500332253519446e-05 1.970015000551939011e-03
2.200000000000000000e+04 1.152388504124246538e-04 2.944943844340741634e-04 2.922099884017370641e-05 2.894448334700427949e-05 2.170233521610498428e-03 7.310038199648261070e-05 8.686776709510013461e-05 4.855951192439533770e-05 2.883972229028586298e-05 1.841913443058729172e-03
2.250000000000000000e+04 1.149850068031810224e-04 2.141729200957342982e-04 2.120357385138049722e-05 3.472754542599432170e-05 1.924050156958401203e-03 5.828698340337723494e-05 1.038011105265468359e-04 2.533896076784003526e-05 4.480100324144586921e-05 1.723137684166431427e-03
2.300000000000000000e+04 1.073795574484393001e-04 1.975635968847200274e-04 1.842754318204242736e-05 4.160857133683748543e-05 1.801508245989680290e-03 5.227975998423062265e-05 1.044003001879900694e-04 2.391749694652389735e-05 5.604048055829480290e-05 1.601768890395760536e-03
2.350000000000000000e+04 1.285945472773164511e-04 2.866158029064536095e-04 2.013303310377523303e-05 4.214149885228835046e-05 1.836017938330769539e-03 5.199775478104129434e-05 1.278145209653303027e-04 4.140492092119529843e-05 3.350867700646631420e-05 1.400773529894649982e-03
2.400000000000000000e+04 1.181374682346358895e-04 2.714417059905827045e-04 2.455929097777698189e-05 4.348873335402458906e-05 1.775972079485654831e-03 4.558614091365598142e-05 1.202292114612646401e-04 5.313131987350061536e-05 3.501671744743362069e-05 1.337722991593182087e-03
2.450000000000000000e+04 1.179484825115650892e-04 2.130625216523185372e-04 1.739616527629550546e-05 5.500872066477313638e-05 1.717803417704999447e-03 5.164779213373549283e-05 1.081798764062114060e-04 4.824385905521921813e-05 7.015937444521114230e-05 1.251821639016270638e-03
2.500000000000000000e+04 1.153734774561598897e-04 2.050991461146622896e-04 2.019084240600932389e-05 4.639399048755876720e-05 1.647576922550797462e-03 4.777091817231848836e-05 1.086964621208608150e-04 4.970611189492046833e-05 5.908995808567851782e-05 1.188528724014759064e-03
2.550000000000000000e+04 8.088664617389440536e-05 1.618596434127539396e-04 3.708811345859430730e-05 4.014232763438485563e-05 1.590568455867469311e-03 2.771442814264446497e-05 8.139489364111796021e-05 4.062289008288644254e-05 3.856475086649879813e-05 1.291718217544257641e-03
2.600000000000000000e+04 7.690521306358277798e-05 1.487312110839411616e-04 3.415968603803776205e-05 3.191722498741000891e-05 1.552105532027781010e-03 2.601181768113747239e-05 7.166454452089965343e-05 3.236229895264841616e-05 3.363770520081743598e-05 1.250514527782797813e-03
2.650000000000000000e+04 8.050431642914190888e-05 2.087199100060388446e-04 3.224257307010702789e-05 2.495801345503423363e-05 1.653642859309911728e-03 3.119599932688288391e-05 7.825175271136686206e-05 4.990768866264261305e-05 2.825274532369803637e-05 1.152431010268628597e-03
2.700000000000000000e+04 8.051310578593984246e-05 1.975566265173256397e-04 2.661628059286158532e-05 1.955212064785882831e-05 1.620283001102507114e-03 3.034090696019120514e-05 6.932311953278258443e-05 3.914226181223057210e-05 2.083627805404830724e-05 1.121724722906947136e-03
2.750000000000000000e+04 6.390641647158190608e-05 1.686632749624550343e-04 1.903246629808563739e-05 1.519711895525688305e-05 1.346802222542464733e-03 2.797714842017740011e-05 5.946517921984195709e-05 2.639380545588210225e-05 1.881460411823354661e-05 1.095224870368838310e-03
2.800000000000000000e+04 6.048276918591000140e-05 1.593244087416678667e-04 1.827360028983093798e-05 1.092450838768854737e-05 1.307228929363191128e-03 2.611670424812473357e-05 5.493795833899639547e-05 2.698299431358464062e-05 1.162248099717544392e-05 1.055051223374903202e-03
2.850000000000000000e+04 6.263358227442950010e-05 1.351220416836440563e-04 1.820101169869303703e-05 1.005968351819319651e-05 1.416626386344432831e-03 2.418218173261266202e-05 5.498230166267603636e-05 9.168037649942561984e-06 7.540626938862260431e-06 1.062278635799884796e-03
2.900000000000000000e+04 5.946828969172202051e-05 1.257442199857905507e-04 1.611753759789280593e-05 1.035044078889768571e-05 1.390905817970633507e-03 2.263086571474559605e-05 4.672842624131590128e-05 7.367316356976516545e-06 6.107832177804084495e-06 1.032492611557245255e-03
2.950000000000000000e+04 4.858115426031872630e-05 1.207626482937484980e-04 1.793960655049886554e-05 1.481068375142058358e-05 1.420594519004225731e-03 1.699813037703279406e-05 2.787809171422850341e-05 3.556328010745346546e-05 7.066035777825163677e-06 1.013908185996115208e-03
3.000000000000000000e+04 4.607427035807631910e-05 1.143455228884704411e-04 1.693332160357385874e-05 1.511057052994146943e-05 1.389852142892777920e-03 1.500657072028843686e-05 2.483449134160764515e-05 3.522595216054469347e-05 8.149644600052852184e-06 9.861690923571586609e-04
3.050000000000000000e+04 4.880077176494523883e-05 1.007869213935919106e-04 1.172760130430106074e-05 1.152328604803187773e-05 1.298128161579370499e-03 1.314615201408741996e-05 3.308480518171563745e-05 2.596139165689237416e-05 1.624843207537196577e-05 9.573526913300156593e-04
3.100000000000000000e+04 4.540853115031495690e-05 9.717033390188589692e-05 9.285099622502457350e-06 1.153054654423613101e-05 1.252807443961501122e-03 1.111069104808848351e-05 3.453791578067466617e-05 2.441069227643311024e-05 1.704347232589498162e-05 9.170580306090414524e-04
3.150000000000000000e+04 4.229318801662884653e-05 1.050697537721134722e-04 7.850646397855598480e-06 9.741912435856647789e-06 1.213709358125925064e-03 1.076313128578476608e-05 3.019157520611770451e-05 2.381393642281182110e-05 1.133463047153782099e-05 8.499846444465219975e-04
3.200000000000000000e+04 4.000793342129327357e-05 1.006438324111513793e-04 6.172820576466619968e-06 1.137616072810487822e-05 1.155764679424464703e-03 9.656903785071335733e-06 3.207341796951368451e-05 1.304227134824031964e-05 1.290627551497891545e-05 8.058306993916630745e-04
3.250000000000000000e+04 4.286440162104554474e-05 8.932864875532686710e-05 7.237331828946480528e-06 1.388671080349013209e-05 1.029270817525684834e-03 9.076391506823711097e-06 4.106266715098172426e-05 1.452518790756585076e-05 2.245125870103947818e-05 7.794176926836371422e-04
3.300000000000000000e+04 4.105742846149951220e-05 8.829236321616917849e-05 5.652178060699952766e-06 1.249419528903672472e-05 1.003541285172104836e-03 8.648661605548113585e-06 4.281073051970452070e-05 1.024153334583388641e-05 2.398384094703942537e-05 7.532855961471796036e-04
3.350000000000000000e+04 5.410176163422875106e-05 1.220925769302994013e-04 5.488264378072926775e-06 7.702970833634026349e-06 1.189844217151403427e-03 9.395055712957400829e-06 4.419832112034782767e-05 4.776928108185529709e-06 5.412674727267585695e-05 6.844191811978816986e-04
3.400000000000000000e+04 5.300304110278375447e-05 1.208067551488056779e-04 2.835065970430150628e-06 8.187219464161898941e-06 1.153590739704668522e-03 9.180791494145523757e-06 4.762776734423823655e-05 4.276699655747506768e-06 8.787326805759221315e-05 6.543606286868453026e-04
3.450000000000000000e+04 4.815680222236551344e-05 1.002201897790655494e-04 2.464136741764377803e-06 2.197212052124086767e-05 1.054735970683395863e-03 8.812793566903565079e-06 4.125906707486137748e-05 4.674515821534441784e-06 2.079203477478586137e-05 6.715709459967911243e-04
3.500000000000000000e+04 4.840814654016867280e-05 1.005580706987529993e-04 2.688084350666031241e-06 2.002913788601290435e-05 1.044064410962164402e-03 8.509979124937672168e-06 4.188264210824854672e-05 4.993548373022349551e-06 2.071687049465253949e-05 6.623105728067457676e-04
3.550000000000000000e+04 4.988666478311643004e-05 1.009025509119965136e-04 6.027737526892451569e-06 2.366709668422117829e-05 1.102755661122500896e-03 9.816402780415955931e-06 3.808665496762841940e-05 3.344431206642184407e-06 1.354111100226873532e-05 6.532599800266325474e-04
3.600000000000000000e+04 4.997007636120542884e-05 1.000569754978641868e-04 6.855902483948739246e-06 2.131722067133523524e-05 1.091154059395194054e-03 9.585995940142311156e-06 3.723915870068594813e-05 3.805161668424261734e-06 1.225199503096519038e-05 6.451214430853724480e-04
3.650000000000000000e+04 4.928254202241078019e-05 9.514564590062946081e-05 3.228146624678629451e-06 1.582925324328243732e-05 1.166429370641708374e-03 8.554175110475625843e-06 3.073072730330750346e-05 5.687527846021112055e-06 1.264041929971426725e-05 6.330237374641001225e-04
3.700000000000000000e+04 4.978269862476736307e-05 9.362307173432782292e-05 5.334457455319352448e-06 1.611100924492347986e-05 1.148073235526680946e-03 8.754801456234417856e-06 3.111909245490096509e-05 7.689906851737760007e-06 1.433057695976458490e-05 6.187392864376306534e-04
3.750000000000000000e+04 4.333027391112409532e-05 1.117299252655357122e-04 5.014660018787253648e-06 2.228530502179637551e-05 1.288614119403064251e-03 8.292166057799477130e-06 3.440241562202572823e-05 7.927227670734282583e-06 2.379880606895312667e-05 6.164654041640460491e-04
3.800000000000000000e+04 4.238354085828177631e-05 1.072058366844430566e-04 5.357272129913326353e-06 1.677157342783175409e-05 1.267406274564564228e-03 8.247029654739890248e-06 3.267694410169497132e-05 4.155618626100476831e-06 2.643332845764234662e-05 6.009918288327753544e-04
3.850000000000000000e+04 3.626790567068383098e-05 7.037931936793029308e-05 2.677586962818168104e-05 9.505802154308184981e-06 1.013551489450037479e-03 7.264813120855251327e-06 3.099023160757496953e-05 1.630466977076139301e-05 1.278901163459522650e-05 6.316713988780975342e-04
3.900000000000000000e+04 3.497269062791019678e-05 6.724536797264590859e-05 1.723721106827724725e-05 8.825447366689331830e-06 1.013931818306446075e-03 7.078112957970006391e-06 2.723594298004172742e-05 1.071453698386903852e-05 1.298192910326179117e-05 6.327080773189663887e-04
3.950000000000000000e+04 3.717272556968964636e-05 7.397693843813613057e-05 1.356329175905557349e-05 1.388932741974713281e-05 8.720740443095564842e-04 9.543855412630364299e-06 3.366199234733358026e-05 1.312889889959478751e-05 2.973922164528630674e-05 6.213813321664929390e-04
4.000000000000000000e+04 3.665400436148047447e-05 7.308321073651313782e-05 1.215384872921276838e-05 1.195843560708453879e-05 8.679333841428160667e-04 9.186835995933506638e-06 3.272263347753323615e-05 1.101413181459065527e-05 2.829952245519962162e-05 6.175468442961573601e-04
4.050000000000000000e+04 4.430071203387342393e-05 9.700391819933429360e-05 1.500613507232628763e-05 1.077268007065868005e-05 1.085580559447407722e-03 6.971487891860306263e-06 3.092037513852119446e-05 6.070090876164613292e-06 8.199855074053630233e-06 5.897578666917979717e-04
4.100000000000000000e+04 4.293059100746177137e-05 9.526199573883786798e-05 1.650181548029650003e-05 1.034103206620784476e-05 1.075367559678852558e-03 6.521508566947886720e-06 3.074473352171480656e-05 7.194559202616801485e-06 8.450374480162281543e-06 5.818055942654609680e-04
4.150000000000000000e+04 3.617840775405056775e-05 7.564493716927245259e-05 4.803877345693763345e-06 9.353561836178414524e-06 7.810836541466414928e-04 6.842353741376427934e-06 3.798891702899709344e-05 4.473793669603765011e-04 5.348693321138853207e-06 5.659728194586932659e-04
4.200000000000000000e+04 3.623430166044272482e-05 7.349085353780537844e-05 6.448853127949405462e-06 9.797693564905785024e-06 7.666642777621746063e-04 7.547632776550017297e-06 3.735569043783470988e-05 9.856871329247951508e-04 4.689805791713297367e-06 5.522184073925018311e-04
4.250000000000000000e+04 3.375379310455173254e-05 7.437364547513425350e-05 1.845502265496179461e-05 7.432396614603931084e-06 9.761918336153030396e-04 1.015884572552749887e-05 3.688252763822674751e-05 1.295607398787979037e-05 1.055063239618903026e-05 5.646594800055027008e-04
4.300000000000000000e+04 3.313954948680475354e-05 7.360240851994603872e-05 1.598930612090043724e-05 8.131646609399467707e-06 9.705632692202925682e-04 9.748016964294947684e-06 3.751126132556237280e-05 1.142099608841817826e-05 1.138495645136572421e-05 5.595714901573956013e-04
4.350000000000000000e+04 3.301176548120565712e-05 8.470355533063411713e-05 1.221416277985554188e-05 6.510328148578992113e-06 1.022575306706130505e-03 6.596254934265743941e-06 2.299271181982476264e-05 1.594063178345095366e-05 1.102318037737859413e-05 5.561727448366582394e-04
4.400000000000000000e+04 3.159673360642045736e-05 8.050807082327082753e-05 1.411687208019429818e-05 8.026869181776419282e-06 1.011501648463308811e-03 6.712665708619169891e-06 2.028077142313122749e-05 2.078042416542302817e-05 1.460298244637669995e-05 5.475031794048845768e-04
4.450000000000000000e+04 4.817326043848879635e-05 9.459269494982436299e-05 3.705348717630840838e-05 1.779859121597837657e-05 1.042693620547652245e-03 9.157487511401996017e-06 2.508124634914565831e-05 8.592713857069611549e-05 1.962922942766454071e-05 5.328716360963881016e-04
4.500000000000000000e+04 4.720298238680697978e-05 9.293408220401033759e-05 2.786133882182184607e-05 1.506596163380891085e-05 1.045559183694422245e-03 8.978424375527538359e-06 2.382424645475111902e-05 7.727706542937085032e-05 1.535735464130993932e-05 5.363271338865160942e-04
4.550000000000000000e+04 3.662586823338642716e-05 1.025940946419723332e-04 8.084513865469489247e-06 6.383712388924323022e-06 1.308085513301193714e-03 5.959155714663211256e-06 2.983316335303243250e-05 7.106509656296111643e-06 2.437393959553446621e-05 5.360067589208483696e-04
4.600000000000000000e+04 3.681398811750113964e-05 1.014103472698479891e-04 1.162444186775246635e-05 8.065142537816427648e-06 1.291527296416461468e-03 5.794307071482762694e-06 2.915178083640057594e-05 1.102158421417698264e-05 2.744476478255819529e-05 5.248716333881020546e-04
4.650000000000000000e+04 2.575500366219785064e-05 5.706280353479087353e-05 3.415920946281403303e-05 1.788526424206793308e-05 6.926710484549403191e-04 6.815502274548634887e-06 2.355977267143316567e-05 2.989981112477835268e-05 1.113656253437511623e-05 5.641478346660733223e-04
4.700000000000000000e+04 2.448440136504359543e-05 5.331336069502867758e-05 2.612638309074100107e-05 1.439395873603643849e-05 6.966451765038073063e-04 6.614707217522663996e-06 2.140131800842937082e-05 2.611493073345627636e-05 1.073347812052816153e-05 5.695564905181527138e-04
4.750000000000000000e+04 3.717407525982707739e-05 7.821906910976395011e-05 2.523272814869415015e-05 7.031242603261489421e-06 9.823772124946117401e-04 8.329974662046879530e-06 1.952278580574784428e-05 2.889543247874826193e-05 1.855846130638383329e-05 5.243354244157671928e-04
4.800000000000000000e+04 3.793541327468119562e-05 7.909159467089921236e-05 2.266858791699633002e-05 7.057753464323468506e-06 9.691922459751367569e-04 7.891041605034843087e-06 2.054182914434932172e-05 2.772812149487435818e-05 2.599068466224707663e-05 5.181726883165538311e-04
4.850000000000000000e+04 3.452067539910785854e-05 6.808601028751581907e-05 1.508019704488106072e-05 9.603310900274664164e-06 9.100655443035066128e-04 6.899367235746467486e-06 2.117385702149476856e-05 2.279843283758964390e-05 5.763376975664868951e-06 5.143802845850586891e-04
4.900000000000000000e+04 3.363325959071516991e-05 6.824398587923496962e-05 1.577440343680791557e-05 1.098581287806155160e-05 8.972868672572076321e-04 7.205495421658270061e-06 2.226768629043363035e-05 3.644517346401698887e-05 7.763725079712457955e-06 5.041688564233481884e-04
4.950000000000000000e+04 5.118563422001898289e-05 5.707301170332357287e-05 2.114953167620114982e-05 2.003170084208250046e-05 7.846212829463183880e-04 1.007079481496475637e-05 2.035170473391190171e-05 4.279703716747462749e-05 1.176113801193423569e-05 4.915952449664473534e-04
5.000000000000000000e+04 5.196222264203242958e-05 5.633174805552698672e-05 1.710658398224040866e-05 1.649086880206596106e-05 7.812022231519222260e-04 9.949293598765507340e-06 1.944633550010621548e-05 3.972090053139254451e-05 1.120558954426087439e-05 4.892142023891210556e-04
5.050000000000000000e+04 4.248337791068479419e-05 7.817561709089204669e-05 1.166044148703804240e-05 1.483544929214986041e-05 1.086176140233874321e-03 6.731779194524278864e-06 3.121020927210338414e-05 1.141086067946162075e-05 6.140025107015389949e-06 4.941812367178499699e-04
5.100000000000000000e+04 4.267065014573745430e-05 7.669979822821915150e-05 1.189385420730104670e-05 1.508941477368352935e-05 1.078143483027815819e-03 6.643313099630177021e-06 3.032944914593826979e-05 9.513772965874522924e-06 5.496212907019071281e-06 4.880908236373215914e-04
5.150000000000000000e+04 3.944821219192817807e-05 5.727156894863583148e-05 2.115222559950780123e-05 8.027946023503318429e-06 8.772338042035698891e-04 7.031832865322940052e-06 2.418551594018936157e-05 8.581780093663837761e-06 8.351607903023250401e-06 4.911055439151823521e-04
5.200000000000000000e+04 3.860382275888696313e-05 5.660116221406497061e-05 1.788413464964833111e-05 9.031283298099879175e-06 8.719416218809783459e-04 6.607347131648566574e-06 2.433239023957867175e-05 8.076049198280088603e-06 9.877122465695720166e-06 4.866387462243437767e-04
5.250000000000000000e+04 3.360587652423419058e-05 5.808475179946981370e-05 6.860558642074465752e-06 1.964320290426257998e-05 8.581295842304825783e-04 5.020368462282931432e-06 2.252564809168688953e-05 1.288512157771037892e-05 2.956596836156677455e-05 4.870512348134070635e-04
5.300000000000000000e+04 3.244411709601990879e-05 5.636999048874713480e-05 1.009071274893358350e-05 1.887491816887632012e-05 8.499100222252309322e-04 4.621381776814814657e-06 2.079353726003319025e-05 2.131943438143935055e-05 3.005310463777277619e-05 4.799733287654817104e-04
5.350000000000000000e+04 3.167677277815528214e-05 5.327163671609014273e-05 1.877462818811181933e-05 1.512529343017376959e-05 8.184961625374853611e-04 5.512872121471446007e-06 1.387017073284368962e-05 1.989484007935971022e-05 9.032100933836773038e-06 4.832858685404062271e-04
5.400000000000000000e+04 3.133442078251391649e-05 5.275503281154669821e-05 1.483757387177320197e-05 1.539920049253851175e-05 8.159173885360360146e-04 5.523264462681254372e-06 1.383128983434289694e-05 1.417536350345471874e-05 9.503924957243725657e-06 4.812697588931769133e-04
5.450000000000000000e+04 3.901618401869200170e-05 4.816825821762904525e-05 1.422855530108790845e-05 1.529160545032937080e-05 8.551934733986854553e-04 6.474774181697284803e-06 1.999519554374273866e-05 2.036021396634168923e-05 5.153541496838442981e-05 4.865519003942608833e-04
5.500000000000000000e+04 3.817917968262918293e-05 4.721010191133245826e-05 1.450345280318288133e-05 1.342546238447539508e-05 8.483048295602202415e-04 6.488917279057204723e-06 1.968139440577942878e-05 2.407926331216003746e-05 5.478093225974589586e-05 4.798696318175643682e-04
5.550000000000000000e+04 4.422268830239772797e-05 4.733779496746137738e-05 1.114428505388787016e-05 1.814937422750517726e-05 7.382744224742054939e-04 7.755051228741649538e-06 1.394291575707029551e-05 2.437321563775185496e-05 3.326393198221921921e-05 4.500680370256304741e-04
5.600000000000000000e+04 4.405889558256603777e-05 4.675741001847200096e-05 1.250941295438678935e-05 1.817556949390564114e-05 7.342841126956045628e-04 7.689456651860382408e-06 1.394535956933395937e-05 2.560434404585976154e-05 3.354415821377187967e-05 4.456542374100536108e-04
5.650000000000000000e+04 2.559337553975638002e-05 3.725857459357939661e-05 1.132450506702298298e-05 1.495893957326188684e-05 5.900742835365235806e-04 4.544739567791111767e-06 1.800497193471528590e-05 1.490847171226050705e-05 1.211463313666172326e-05 4.683723673224449158e-04
5.700000000000000000e+04 2.523942566767800599e-05 3.654578176792711020e-05 1.123710262618260458e-05 1.571935172250960022e-05 5.865286802873015404e-04 4.347826688899658620e-06 1.781620449037291110e-05 1.648389297770336270e-05 1.229356439580442384e-05 4.649381153285503387e-04
5.750000000000000000e+04 2.052954914688598365e-05 3.725224087247624993e-05 1.768620677466969937e-05 1.738052378641441464e-05 6.738775409758090973e-04 3.571311935957055539e-06 2.328360096726100892e-05 2.268026400997769088e-05 1.382612390443682671e-05 4.838975146412849426e-04
5.800000000000000000e+04 2.027576374530326575e-05 3.548662789398804307e-05 1.513831830379785970e-05 1.613663698663003743e-05 6.735227652825415134e-04 3.679570227177464403e-06 2.170256811950821429e-05 2.119112286891322583e-05 1.178835464088479057e-05 4.838217573706060648e-04
5.850000000000000000e+04 2.275140468555036932e-05 4.583462214213795960e-05 6.042700988473370671e-06 1.217859971802681684e-05 7.865269435569643974e-04 5.467930805025389418e-06 1.576036083861254156e-05 2.246809890493750572e-05 1.568540392327122390e-05 4.432125133462250233e-04
5.900000000000000000e+04 2.237835178675595671e-05 4.495963730732910335e-05 8.913728379411622882e-06 1.406608953402610496e-05 7.738047861494123936e-04 5.447140210890211165e-06 1.465632340114098042e-05 3.299515083199366927e-05 1.881838215922471136e-05 4.312314558774232864e-04
5.950000000000000000e+04 2.119091186614241451e-05 3.999456384917721152e-05 2.463120108586736023e-05 2.724416299315635115e-05 7.139617227949202061e-04 6.626275535381864756e-06 1.397396954416763037e-05 1.363628507533576339e-05 1.615900146134663373e-05 4.629163886420428753e-04
6.000000000000000000e+04 2.007545481319539249e-05 3.895747795468196273e-05 1.861318742157891393e-05 2.079155819956213236e-05 7.175073260441422462e-04 5.776642865384928882e-06 1.232669910677941516e-05 1.166169568023178726e-05 1.383099515805952251e-05 4.662785213440656662e-04
6.050000000000000000e+04 2.784186108328867704e-05 4.896877726423554122e-05 1.126736515288939700e-05 1.662922295508906245e-05 8.247665246017277241e-04 5.611209417111240327e-06 1.260243516298942268e-05 2.900876825151499361e-05 6.046488124411553144e-05 4.506376862991601229e-04
6.100000000000000000e+04 2.749258419498801231e-05 4.867620737059041858e-05 1.221165439346805215e-05 1.591400723555125296e-05 8.182058227248489857e-04 5.444076577987289056e-06 1.260153385373996571e-05 3.360513801453635097e-05 6.773107452318072319e-05 4.455898888409137726e-04
6.150000000000000000e+04 2.410487286397255957e-05 6.010049401083961129e-05 1.005875856208149344e-05 1.572289693285711110e-05 7.929063285700976849e-04 4.677029664890142158e-06 1.582290678925346583e-05 1.323858941759681329e-05 1.779334343154914677e-05 4.318167921155691147e-04
6.200000000000000000e+04 2.363385465287137777e-05 5.834063631482422352e-05 1.074515694199362770e-05 1.572496512380894274e-05 7.853154093027114868e-04 4.820433332497486845e-06 1.526983032817952335e-05 1.843646896304562688e-05 1.959111796168144792e-05 4.254274535924196243e-04
6.250000000000000000e+04 2.778589259833097458e-05 4.329595685703679919e-05 1.624329888727515936e-05 8.781204087426885962e-06 7.407556986436247826e-04 5.089089881948893890e-06 2.324591332580894232e-05 7.725169416517019272e-05 5.529966983885969967e-06 4.179021634627133608e-04
6.300000000000000000e+04 2.771081381069961935e-05 4.376977813080884516e-05 1.449315095669589937e-05 1.013763812807155773e-05 7.324626785703003407e-04 4.799319412995828316e-06 2.575661892478819937e-05 7.239070691866800189e-05 6.279801255004713312e-06 4.131293098907917738e-04
6.350000000000000000e+04 2.619401675474364311e-05 3.477212158031761646e-05 1.679533670539967716e-05 2.490700535418000072e-05 5.708391545340418816e-04 3.725966735146357678e-06 1.257686835742788389e-05 2.680354737094603479e-05 1.803587110771331936e-05 4.254766390658915043e-04
6.400000000000000000e+04 2.544498602219391614e-05 3.413517333683557808e-05 1.572399196447804570e-05 2.422538454993627965e-05 5.698556778952479362e-04 3.612974978750571609e-06 1.291280932491645217e-05 2.471034531481564045e-05 2.113149821525439620e-05 4.243778239469975233e-04
6.450000000000000000e+04 2.782167575787752867e-05 5.328171755536459386e-05 1.617341513338033110e-05 1.180892832053359598e-05 8.919143583625555038e-04 4.350728886493016034e-06 9.870203030004631728e-06 1.268013329536188394e-05 2.821811358444392681e-05 4.090222064405679703e-04
6.500000000000000000e+04 2.826432682923041284e-05 5.298548057908192277e-05 1.746328234730754048e-05 1.229546978720463812e-05 8.786841062828898430e-04 4.440991688170470297e-06 1.065076594386482611e-05 1.351654373138444498e-05 2.859367123164702207e-05 4.014646110590547323e-04
6.550000000000000000e+04 2.203971780545543879e-05 3.761727202800102532e-05 1.175581473944475874e-05 1.387836528010666370e-05 7.189052994363009930e-04 3.911780822818400338e-06 1.704798341961577535e-05 1.584865276527125388e-05 3.373568324605002999e-05 4.127649008296430111e-04
6.600000000000000000e+04 2.203519397880882025e-05 3.736598591785877943e-05 9.268540452467277646e-06 1.181218613055534661e-05 7.159946835599839687e-04 3.525126203385298140e-06 1.730564872559625655e-05 1.285800772166112438e-05 3.323570126667618752e-05 4.105354310013353825e-04
6.650000000000000000e+04 2.114856033585965633e-05 4.233119761920534074e-05 1.167779646493727341e-05 1.464733577449806035e-05 7.052177097648382187e-04 3.647235644166357815e-06 1.449280625820392743e-05 1.001371947495499626e-05 1.962131500476971269e-05 4.095940385013818741e-04
6.700000000000000000e+04 2.090049747494049370e-05 4.216696106595918536e-05 1.050963055604370311e-05 1.347292709397152066e-05 6.986578810028731823e-04 3.564872713468503207e-06 1.480399168940493837e-05 8.396292287216056138e-06 1.833761416492052376e-05 4.048411792609840631e-04
6.750000000000000000e+04 3.234808900742791593e-05 5.412495374912396073e-05 4.809440270037157461e-06 2.285062873852439225e-05 1.024141558445990086e-03 3.467820761215989478e-06 1.822311241994611919e-05 3.405448978810454719e-06 3.603550794650800526e-05 3.953795530833303928e-04
6.800000000000000000e+04 3.220848520868457854e-05 5.415524356067180634e-05 9.645309546613134444e-06 2.240284266008529812e-05 1.011825981549918652e-03 3.226438366255024448e-06 1.785636777640320361e-05 4.593448011291911826e-06 3.418806591071188450e-05 3.879425348713994026e-04
6.850000000000000000e+04 3.213066884200088680e-05 5.802588930237106979e-05 7.426381671393755823e-06 1.243260794581146911e-05 8.815914625301957130e-04 6.338663297356106341e-06 1.561184217280242592e-05 1.333238014922244474e-05 1.174755834654206410e-05 3.604357189033180475e-04
6.900000000000000000e+04 3.349530379637144506e-05 5.932514613959938288e-05 5.676014552591368556e-06 1.189737577078631148e-05 8.668017107993364334e-04 6.328795279841870070e-06 1.323314063483849168e-05 7.859594916226342320e-06 1.316920588578796014e-05 3.514088166411966085e-04
6.950000000000000000e+04 2.812768434523604810e-05 5.135339961270801723e-05 6.357551228575175628e-06 9.738259905134327710e-06 9.185682283714413643e-04 4.409392658999422565e-06 1.722758497635368258e-05 7.601832294312771410e-06 1.247807813342660666e-05 3.652656450867652893e-04
7.000000000000000000e+04 2.826827767421491444e-05 5.040112228016369045e-05 7.949580322019755840e-06 1.152837830886710435e-05 9.106128709390759468e-04 4.459040610527154058e-06 1.708499803498852998e-05 1.097705535357818007e-05 1.268818141397787258e-05 3.584456862881779671e-04
7.050000000000000000e+04 3.491713505354709923e-05 5.877556759514845908e-05 9.726140888233203441e-06 1.594528657733462751e-05 9.371779160574078560e-04 3.711267709149979055e-06 2.673280687304213643e-05 7.503491815441520885e-06 9.140467227553017437e-06 3.627353580668568611e-04
7.100000000000000000e+04 3.485108391032554209e-05 5.854124538018368185e-05 8.536357199773192406e-06 1.163787601399235427e-05 9.296566713601350784e-04 3.916357854905072600e-06 2.575811231508851051e-05 5.528720521397190168e-06 6.492989996331743896e-06 3.588472027331590652e-04
7.150000000000000000e+04 2.030499672400765121e-05 3.541971818776801229e-05 3.998037300334544852e-06 5.100855560158379376e-06 5.824884865432977676e-04 2.960180609079543501e-06 1.439682637283112854e-05 2.761526275207870640e-06 9.888000931823626161e-06 3.473329124972224236e-04
7.200000000000000000e+04 2.010321986745111644e-05 3.442052548052743077e-05 4.366735538496868685e-06 4.901238753518555313e-06 5.749711417593061924e-04 2.979081045850762166e-06 1.418267856934107840e-05 5.671236067428253591e-06 1.017006798065267503e-05 3.408434859011322260e-04
7.250000000000000000e+04 3.389603443793021142e-05 4.466154132387600839e-05 3.565714678188669495e-06 1.291825083171715960e-05 6.053913966752588749e-04 5.632669854094274342e-06 9.737935215525794774e-06 1.707286537566687912e-05 2.425003367534372956e-05 3.161343047395348549e-04
7.300000000000000000e+04 3.381311034900136292e-05 4.406347215990535915e-05 5.006650098948739469e-06 1.424924630555324256e-05 5.904982681386172771e-04 5.275096555124036968e-06 8.920513209886848927e-06 2.333151314815040678e-05 3.320186806377023458e-05 3.084566269535571337e-04
7.350000000000000000e+04 2.722737008298281580e-05 4.241250644554384053e-05 9.274231160816270858e-06 9.729560588311869651e-06 7.854382856748998165e-04 3.960224148613633588e-06 1.107418574974872172e-05 5.060633611719822511e-06 4.711059318651678041e-06 3.251272137276828289e-04
7.400000000000000000e+04 2.694113209145143628e-05 4.157064176979474723e-05 9.115426109929103404e-06 8.576424079365096986e-06 7.799152517691254616e-04 4.037740382045740262e-06 1.133392015617573634e-05 5.730532393499743193e-06 4.253286988387117162e-06 3.210789873264729977e-04
7.450000000000000000e+04 2.862837754946667701e-05 3.464308611000888050e-05 7.102089966792846099e-06 7.326646482397336513e-06 5.494484212249517441e-04 4.131522928219055757e-06 1.091103877115529031e-05 1.462117052142275497e-05 8.838403118716087192e-06 3.151162236463278532e-04
7.500000000000000000e+04 2.882476837839931250e-05 3.421904693823307753e-05 6.703779945382848382e-06 7.012817604845622554e-06 5.441773682832717896e-04 3.960197773267282173e-06 1.042942221829434857e-05 1.455993060517357662e-05 8.690190043125767261e-06 3.117261803708970547e-04
7.550000000000000000e+04 2.278405554534401745e-05 3.632057632785290480e-05 1.427758979843929410e-05 5.338624760042876005e-06 5.420930683612823486e-04 3.001183131345896982e-06 2.489986763976048678e-05 8.605935363448224962e-06 1.248888383997837082e-05 3.198566846549510956e-04
7.600000000000000000e+04 2.194287662860006094e-05 3.471714808256365359e-05 1.240864912688266486e-05 5.938866252108709887e-06 5.393650499172508717e-04 2.995638396896538325e-06 2.320872226846404374e-05 5.877858257008483633e-06 1.437314131180755794e-05 3.170105628669261932e-04
7.650000000000000000e+04 3.161924178129993379e-05 4.525235635810531676e-05 6.240336006158031523e-06 1.526292544440366328e-05 7.178664673119783401e-04 4.514889496931573376e-06 1.251590492756804451e-05 1.001350392471067607e-05 1.154791243607178330e-05 2.994378446601331234e-04
7.700000000000000000e+04 3.208545604138635099e-05 4.636836820282042027e-05 6.254190338950138539e-06 1.302991222473792732e-05 7.090487633831799030e-04 4.440570592123549432e-06 1.313587927143089473e-05 1.116678595280973241e-05 1.101502402889309451e-05 2.950976195279508829e-04
7.750000000000000000e+04 2.983487502206116915e-05 3.288152947789058089e-05 9.700235750642605126e-06 7.213407570816343650e-06 5.528785986825823784e-04 3.408572183616342954e-06 1.315442750637885183e-05 4.459054707695031539e-06 9.463959031563717872e-06 2.973377122543752193e-04
7.800000000000000000e+04 2.970243986055720598e-05 3.205185930710285902e-05 9.241138286597561091e-06 7.749298674752935767e-06 5.471708136610686779e-04 3.379987219886970706e-06 1.302979671891080216e-05 3.890811512974323705e-06 1.033794433169532567e-05 2.940420235972851515e-04
7.850000000000000000e+04 3.412897785892710090e-05 3.657022534753195941e-05 6.385253982443828136e-06 4.666641416406491771e-06 6.829801714047789574e-04 4.280840585124678910e-06 1.280217566090868786e-05 5.988297743897419423e-06 1.115217492042575032e-05 2.849978627637028694e-04
7.900000000000000000e+04 3.401744470465928316e-05 3.624417149694636464e-05 7.106926659616874531e-06 5.124273229739628732e-06 6.742202676832675934e-04 4.171569344180170447e-06 1.303281533182598650e-05 7.150105830078246072e-06 1.492851060902466998e-05 2.795304462779313326e-04
7.950000000000000000e+04 2.130331631633453071e-05 3.968983583035878837e-05 1.492586670792661607e-05 1.771293318597599864e-05 5.442542023956775665e-04 3.228164359825314023e-06 1.587244514666963369e-05 1.985493690881412476e-05 1.071197220881003886e-05 3.060107410419732332e-04
8.000000000000000000e+04 2.068898174911737442e-05 3.755021680262871087e-05 1.128080293710809201e-05 1.045348835759796202e-05 5.450657336041331291e-04 3.147425331917474978e-06 1.407037143508205190e-05 1.444939061912009493e-05 8.442118996754288673e-06 3.059269511140882969e-04
8.050000000000000000e+04 2.261740337416995317e-05 3.330909021315164864e-05 8.220969903049990535e-06 4.457597242435440421e-06 5.600068834610283375e-04 3.903356173395877704e-06 1.066971253749215975e-05 4.998714757675770670e-06 6.120803845988120884e-06 2.739190822467207909e-04
8.100000000000000000e+04 2.279370528412982821e-05 3.250185909564606845e-05 9.718433830130379647e-06 5.781509571534115821e-06 5.468759336508810520e-04 4.139567863603588194e-06 1.025098936224821955e-05 6.227393896551802754e-06 7.166089289967203513e-06 2.672550908755511045e-04
8.150000000000000000e+04 1.876223723229486495e-05 2.758896516752429307e-05 1.914723907248117030e-05 4.196921963739441708e-06 5.063500138930976391e-04 3.026679905815399252e-06 1.378076649416470900e-05 1.569592859596014023e-05 2.238067281723488122e-06 2.847301075235009193e-04
8.200000000000000000e+04 1.818113560148049146e-05 2.680035686353221536e-05 1.422918558091623709e-05 3.621653604568564333e-06 5.058369133621454239e-04 2.793891553665162064e-06 1.344812881143298000e-05 1.190333659906173125e-05 2.304728241142584011e-06 2.843524271156638861e-04
8.250000000000000000e+04 1.618292299099266529e-05 2.383104947512038052e-05 3.340607008794904687e-06 1.609542096048244275e-06 3.745291905943304300e-04 2.951359874714398757e-06 1.482043353462358937e-05 4.689833076554350555e-06 2.858823063434101641e-05 2.780545037239789963e-04
8.300000000000000000e+04 1.565000638947822154e-05 2.206497993029188365e-05 3.279154952906537801e-06 1.977924966922728345e-06 3.679433139041066170e-04 3.030449079233221710e-06 1.364852050755871460e-05 2.741931893979199231e-06 4.062526568304747343e-05 2.716330054681748152e-04
8.350000000000000000e+04 2.102714461216237396e-05 2.968101944134104997e-05 5.355768735171295702e-06 9.469733413425274193e-06 4.886661772616207600e-04 2.763238171610282734e-06 1.473801694373833016e-05 5.676297405443619937e-06 8.280738256871700287e-06 2.696575829759240150e-04
8.400000000000000000e+04 2.079724436043761671e-05 2.884013701986987144e-05 5.655789664160693064e-06 8.699476893525570631e-06 4.835174768231809139e-04 2.800320544338319451e-06 1.449806677555898204e-05 8.299982255266513675e-06 8.839453585096634924e-06 2.663074992597103119e-04
8.450000000000000000e+04 1.766505192790646106e-05 2.706029590626712888e-05 8.849711775837931782e-06 6.677828423562459648e-06 5.809568683616816998e-04 4.092077688255812973e-06 1.615082510397769511e-05 8.478394192934501916e-06 3.764369921555044129e-06 2.682158083189278841e-04
8.500000000000000000e+04 1.756985147949308157e-05 2.667079752427525818e-05 8.344148227479308844e-06 6.378491889336146414e-06 5.763061344623565674e-04 3.980925612268038094e-06 1.653917024668771774e-05 7.834850293875206262e-06 4.636794528778409585e-06 2.654771087691187859e-04
8.550000000000000000e+04 1.367446839140029624e-05 1.924718526424840093e-05 2.054831384157296270e-06 3.248889242968289182e-06 3.991246921941637993e-04 2.887002210627542809e-06 1.556469942443072796e-05 3.512402145133819431e-06 1.061647617461858317e-05 2.511789498385041952e-04
8.600000000000000000e+04 1.338798938377294689e-05 1.888935548777226359e-05 1.902726467051252257e-06 3.165591124343336560e-06 3.938522131647914648e-04 2.740543550316942856e-06 1.459284339944133535e-05 8.331665412697475404e-06 1.277405681321397424e-05 2.455897047184407711e-04
8.650000000000000000e+04 1.999581400013994426e-05 3.655600448837503791e-05 1.449546971343806945e-06 4.709791028290055692e-06 6.817023386247456074e-04 2.788903657346963882e-06 1.497313951404066756e-05 1.810592493711737916e-06 5.088647867523832247e-06 2.377990604145452380e-04
8.700000000000000000e+04 1.998686639126390219e-05 3.814614319708198309e-05 8.751668246986810118e-06 7.104157248249975964e-06 6.744107813574373722e-04 2.834429778886260465e-06 1.545203303976450115e-05 5.575420345849124715e-06 1.285665348405018449e-05 2.337127953069284558e-04
8.750000000000000000e+04 2.313485128979664296e-05 3.206410110578872263e-05 1.357694054604507983e-05 1.539643926662392914e-05 5.315223243087530136e-04 3.670265641630976461e-06 1.015151337924180552e-05 7.102019480953458697e-06 1.899889139167498797e-05 2.518704859539866447e-04
8.800000000000000000e+04 2.206252429459709674e-05 3.125767761957831681e-05 1.034194883686723188e-05 1.245306702912785113e-05 5.321323405951261520e-04 3.356164143042406067e-06 1.175408942799549550e-05 5.337895800039405003e-06 1.494597199780400842e-05 2.516257518436759710e-04
8.850000000000000000e+04 2.125677383446600288e-05 2.271480116178281605e-05 3.557772743079112843e-06 3.742157332453643903e-06 4.498902417253702879e-04 3.341852334415307269e-06 1.933449675561860204e-05 1.708595846139360219e-05 5.015776878281030804e-06 2.333099255338311195e-04
8.900000000000000000e+04 2.086233689624350518e-05 2.230697464256081730e-05 3.351518444105749950e-06 3.667333885459811427e-06 4.438428441062569618e-04 3.392576218175236136e-06 1.903615338960662484e-05 2.435813621559645981e-05 5.721199158870149404e-06 2.286645030835643411e-04
8.950000000000000000e+04 2.298348954354878515e-05 3.428672789596021175e-05 1.303732005908386782e-05 7.177753104770090431e-06 6.561229238286614418e-04 3.911369276465848088e-06 6.676388238702202216e-06 2.885192225221544504e-05 2.374286850681528449e-05 2.358120545977726579e-04
9.000000000000000000e+04 2.357988705625757575e-05 3.558666139724664390e-05 1.026010340865468606e-05 7.144984465412562713e-06 6.493175751529633999e-04 4.061759227624861524e-06 7.118231678759912029e-06 5.143353337189182639e-05 2.916520497819874436e-05 2.341724903089925647e-04
9.050000000000000000e+04 1.994661761273164302e-05 2.443841185595374554e-05 3.990765890193870291e-06 4.173919478489551693e-06 4.877726896665990353e-04 3.728338242581230588e-06 1.025240635499358177e-05 2.250824763905256987e-05 5.457490715343737975e-06 2.238187298644334078e-04
9.100000000000000000e+04 1.975466147996485233e-05 2.333469456061720848e-05 4.259865818312391639e-06 3.989265223935944960e-06 4.829250392504036427e-04 3.663842107926029712e-06 1.083546885638497770e-05 3.089191523031331599e-05 6.022468369337730110e-06 2.190831000916659832e-04
9.150000000000000000e+04 2.098784352710936219e-05 4.730438740807585418e-05 9.524736924504395574e-06 1.864453588495962322e-05 7.968430873006582260e-04 3.564603957784129307e-06 1.593859451531898230e-05 3.693307735375128686e-05 1.974989208974875510e-05 2.334414457436650991e-04
9.200000000000000000e+04 2.117821713909506798e-05 4.721422374132089317e-05 8.411524504481349140e-06 1.698405867500696331e-05 7.925822865217924118e-04 3.446744130997103639e-06 1.633553074498195201e-05 3.686877244035713375e-05 1.967279604286886752e-05 2.324745873920619488e-04
9.250000000000000000e+04 2.343334563192911446e-05 3.332636333652772009e-05 6.683442279609153047e-06 6.406925876945024356e-06 6.862503942102193832e-04 3.455866817603236996e-06 1.506896296632476151e-05 9.406440767634194344e-06 1.115978557209018618e-05 2.231921243946999311e-04
9.300000000000000000e+04 2.359142854402307421e-05 3.318273957120254636e-05 7.040870968921808526e-06 6.432383543142350391e-06 6.787194870412349701e-04 3.401661160751245916e-06 1.438020353816682473e-05 1.095237257686676458e-05 1.046592115017119795e-05 2.188941725762560964e-04
