# step, loss_train, loss_test, metrics_test
0.000000000000000000e+00 1.508679091930389404e-01 2.138514071702957153e-01 1.145187648944556713e-03 5.291906651109457016e-03 8.703687228262424469e-03 1.516814082860946655e-01 3.973575532436370850e-01 1.130786840803921223e-03 7.999185472726821899e-03 9.571018628776073456e-03
5.000000000000000000e+02 1.014200039207935333e-03 5.988826602697372437e-02 1.050788559950888157e-04 5.285887255013221875e-06 3.606584155932068825e-03 1.013921573758125305e-03 6.722176820039749146e-02 6.852173828519880772e-05 1.421463184669846669e-05 4.318962804973125458e-03
1.000000000000000000e+03 4.665792803280055523e-04 5.833491310477256775e-02 4.523989264271222055e-05 7.129130972316488624e-05 4.849460441619157791e-03 4.673823132179677486e-04 6.617794185876846313e-02 1.095622337743407115e-05 1.192939089378342032e-04 5.525912623852491379e-03
1.500000000000000000e+03 1.535062328912317753e-04 6.903187185525894165e-02 7.758951687719672918e-05 5.748760304413735867e-05 6.310559809207916260e-03 1.497457851655781269e-04 6.549240648746490479e-02 1.486365636083064601e-05 8.202806930057704449e-05 6.850686389952898026e-03
2.000000000000000000e+03 1.661022542975842953e-04 6.899979710578918457e-02 7.234602526295930147e-05 5.588092608377337456e-05 6.111227441579103470e-03 1.587981387274339795e-04 6.542562693357467651e-02 1.078594596037873998e-05 6.044393740012310445e-05 6.651049945503473282e-03
2.500000000000000000e+03 3.195325552951544523e-04 8.186287432909011841e-02 5.734640581067651510e-05 9.640378993935883045e-05 6.045841146260499954e-03 2.934460644610226154e-04 6.511895358562469482e-02 7.765234840917401016e-06 8.603632886661216617e-05 6.470460444688796997e-03
3.000000000000000000e+03 4.121153033338487148e-04 8.168112486600875854e-02 5.509273614734411240e-05 1.203903011628426611e-04 5.466240458190441132e-03 3.650707949418574572e-04 6.500560045242309570e-02 1.065570540959015489e-05 6.440796278184279799e-05 5.899792537093162537e-03
3.500000000000000000e+03 1.891782274469733238e-03 6.480441242456436157e-02 3.232531889807432890e-05 1.623054122319445014e-04 2.811027457937598228e-03 1.712947501800954342e-03 6.492216885089874268e-02 1.616176268726121634e-05 1.912864681798964739e-04 3.422670532017946243e-03
4.000000000000000000e+03 2.035697223618626595e-03 6.434921175241470337e-02 4.315752448746934533e-05 1.769890805007889867e-04 2.302416134625673294e-03 1.806191867217421532e-03 6.489355862140655518e-02 5.329093619366176426e-05 1.468807895435020328e-04 2.912185154855251312e-03
4.500000000000000000e+03 9.463251626584678888e-05 5.347053706645965576e-02 4.545553019852377474e-05 1.496787444921210408e-04 2.231922000646591187e-03 8.091510972008109093e-05 6.721097230911254883e-02 4.285169416107237339e-05 3.151281634927727282e-05 2.818403067067265511e-03
5.000000000000000000e+03 4.517861816566437483e-05 5.325312539935112000e-02 4.276651452528312802e-05 1.200738770421594381e-04 2.184657612815499306e-03 3.773824573727324605e-05 6.720717251300811768e-02 3.083689080085605383e-05 5.079572656541131437e-05 2.752197207883000374e-03
5.500000000000000000e+03 8.948788308771327138e-05 5.808167904615402222e-02 7.835495489416643977e-05 8.081884152488783002e-05 2.135804854333400726e-03 7.350479427259415388e-05 6.597264111042022705e-02 8.090845221886411309e-05 4.421175981406122446e-05 2.673524664714932442e-03
6.000000000000000000e+03 7.657358946744352579e-05 5.792544782161712646e-02 9.380283881910145283e-05 1.213309660670347512e-04 2.025203546509146690e-03 5.958369001746177673e-05 6.571574509143829346e-02 9.324598795501515269e-05 6.304302951321005821e-05 2.564739901572465897e-03
6.500000000000000000e+03 2.660953032318502665e-05 5.902804061770439148e-02 1.702485169516876340e-04 1.356677094008773565e-04 2.245273208245635033e-03 2.041068364633247256e-05 6.561046838760375977e-02 9.521398897049948573e-05 4.012382487417198718e-05 2.782567171379923820e-03
7.000000000000000000e+03 2.528448567318264395e-05 5.852950736880302429e-02 2.312991709914058447e-04 1.805298670660704374e-04 1.943623181432485580e-03 1.703869565972127020e-05 6.524065136909484863e-02 1.496273907832801342e-04 5.054812936577945948e-05 2.458504866808652878e-03
7.500000000000000000e+03 9.921372839016839862e-05 7.006577402353286743e-02 2.289250551257282495e-04 5.804310785606503487e-04 1.798751414753496647e-03 6.234675674932077527e-05 6.101125106215476990e-02 2.565002941992133856e-04 3.842804580926895142e-04 2.294137608259916306e-03
8.000000000000000000e+03 2.716491580940783024e-04 5.043824762105941772e-02 2.826508425641804934e-04 1.099315588362514973e-03 2.535574836656451225e-03 1.983187103178352118e-04 4.162376001477241516e-02 7.218935061246156693e-04 1.993366284295916557e-03 2.854481106624007225e-03
8.500000000000000000e+03 1.412004057783633471e-04 3.026755154132843018e-02 2.042650885414332151e-04 6.856110412627458572e-04 3.281454555690288544e-03 1.157667793449945748e-04 3.206140175461769104e-02 4.144321719650179148e-04 1.795364078134298325e-03 3.676332067698240280e-03
9.000000000000000000e+03 2.473859349265694618e-04 1.853031851351261139e-02 1.488677808083593845e-04 5.013920599594712257e-04 3.947137389332056046e-03 2.040153776761144400e-04 1.921515166759490967e-02 6.400048005161806941e-05 1.722545828670263290e-03 4.190367646515369415e-03
9.500000000000000000e+03 5.349604762159287930e-04 7.791887968778610229e-03 1.093015380320139229e-04 3.815983363892883062e-04 4.327759612351655960e-03 4.795033892150968313e-04 9.019168093800544739e-03 2.308888069819658995e-04 3.297040238976478577e-04 4.250296857208013535e-03
1.000000000000000000e+04 4.657749959733337164e-04 5.306832026690244675e-03 6.285156268859282136e-05 1.911226718220859766e-04 4.512401297688484192e-03 4.378700687084347010e-04 5.676547065377235413e-03 6.939620652701705694e-05 1.040221613948233426e-04 4.341989755630493164e-03
1.050000000000000000e+04 3.992725105490535498e-04 3.742072032764554024e-03 6.040469816070981324e-05 1.456276077078655362e-04 4.638467915356159210e-03 3.306858707219362259e-04 3.966802265495061874e-03 2.901458356063812971e-05 7.065318641252815723e-05 3.969714976847171783e-03
1.100000000000000000e+04 3.583491488825529814e-04 2.691705711185932159e-03 5.721804336644709110e-05 2.095436357194557786e-04 4.278401844203472137e-03 2.853888727258890867e-04 2.686826279386878014e-03 2.594749275885988027e-05 1.166095025837421417e-04 3.583536250516772270e-03
1.150000000000000000e+04 3.839285345748066902e-04 1.817107899114489555e-03 1.819770477595739067e-05 1.884258963400498033e-04 3.626188030466437340e-03 3.249200817663222551e-04 1.456530182622373104e-03 2.487684469087980688e-05 2.838608052115887403e-04 3.436074825003743172e-03
1.200000000000000000e+04 2.854783961083739996e-04 9.992747800424695015e-04 1.857228198787197471e-05 1.571566099300980568e-04 3.304936690255999565e-03 2.364555402891710401e-04 7.035191520117223263e-04 3.188275877619162202e-05 3.982112393714487553e-04 3.115439787507057190e-03
1.250000000000000000e+04 1.818596792872995138e-04 5.997546832077205181e-04 1.806782893254421651e-05 9.623898949939757586e-05 2.924418076872825623e-03 1.390450343023985624e-04 3.220887447241693735e-04 1.830086875997949392e-05 1.296312402701005340e-04 2.913887379691004753e-03
1.300000000000000000e+04 1.425193331670016050e-04 3.725511778611689806e-04 3.213698801118880510e-05 2.680372199392877519e-05 2.564859809353947639e-03 9.642865916248410940e-05 1.517243072157725692e-04 2.367666820646263659e-05 3.574258153093978763e-05 2.505747834220528603e-03
1.350000000000000000e+04 9.167353709926828742e-05 3.039887233171612024e-04 4.137974974582903087e-05 1.850305125117301941e-05 2.425750484690070152e-03 5.555722600547596812e-05 8.403747779084369540e-05 7.598932279506698251e-05 2.258406493638176471e-05 2.117551164701581001e-03
1.400000000000000000e+04 7.281688158400356770e-05 2.362564555369317532e-04 3.273946640547364950e-05 3.059090158785693347e-05 2.088311361148953438e-03 3.959931927965953946e-05 5.513565338333137333e-05 1.314814726356416941e-04 2.385050902375951409e-05 1.794159295968711376e-03
1.450000000000000000e+04 8.354223245987668633e-05 2.271832781843841076e-04 2.452806984365452081e-05 3.451316661085002124e-05 2.118500415235757828e-03 3.774898141273297369e-05 4.182440898148342967e-05 1.063242525560781360e-04 9.208507981384173036e-05 1.468423753976821899e-03
1.500000000000000000e+04 7.102515519363805652e-05 1.843639620346948504e-04 8.470142347505316138e-06 3.954958083340898156e-05 1.901238341815769672e-03 2.989706263178959489e-05 3.256819763919338584e-05 6.302306428551673889e-05 1.152127297245897353e-04 1.273878733627498150e-03
1.550000000000000000e+04 5.825421976624056697e-05 1.589396269991993904e-04 1.900363167806062847e-05 3.608894985518418252e-05 1.534405862912535667e-03 2.464651879563461989e-05 3.080246460740454495e-05 3.074488631682470441e-05 1.420025655534118414e-04 1.114905462600290775e-03
1.600000000000000000e+04 4.942095620208419859e-05 1.283218298340216279e-04 2.140905417036265135e-05 2.813229912135284394e-05 1.414755359292030334e-03 1.888832775875926018e-05 2.288989526277873665e-05 3.107176598859950900e-05 1.059076239471323788e-04 9.930729866027832031e-04
1.650000000000000000e+04 4.017966421088203788e-05 9.914072870742529631e-05 2.042985397565644234e-05 3.296725117252208292e-05 1.510398462414741516e-03 1.336854893452255055e-05 1.552336470922455192e-05 2.777443842205684632e-05 9.337329538539052010e-05 9.420446003787219524e-04
1.700000000000000000e+04 3.391084464965388179e-05 8.969386544777080417e-05 1.610944309504702687e-05 3.080102032981812954e-05 1.413489109836518764e-03 1.049753336701542139e-05 1.400277778884628788e-05 2.108283479174133390e-05 8.899023669073358178e-05 8.453823975287377834e-04
1.750000000000000000e+04 2.789402788039296865e-05 7.479028863599523902e-05 5.078772119304630905e-06 1.941883965628221631e-05 1.149470801465213299e-03 8.414126568823121488e-06 9.419924936082679778e-06 1.712979246804025024e-05 4.205588993499986827e-05 7.639630348421633244e-04
1.800000000000000000e+04 2.392303940723650157e-05 6.464032048825174570e-05 3.454579655226552859e-06 1.147524380940012634e-05 1.063482603058218956e-03 6.696466243738541380e-06 7.997610737220384181e-06 1.420625540049513802e-05 2.693257374630775303e-05 6.819231784902513027e-04
1.850000000000000000e+04 2.366463741054758430e-05 7.607203588122501969e-05 7.175831342465244234e-06 1.727915878291241825e-05 1.234059454873204231e-03 5.816172233608085662e-06 1.893790613394230604e-05 2.182382013415917754e-05 2.923375723185017705e-05 6.046600756235420704e-04
1.900000000000000000e+04 2.202002360718324780e-05 7.139820809243246913e-05 9.753404810908250511e-06 1.295275069423951209e-05 1.169688650406897068e-03 5.341214091458823532e-06 1.674338454904500395e-05 2.294164551130961627e-05 3.016176560777239501e-05 5.454337224364280701e-04
1.950000000000000000e+04 1.830371911637485027e-05 4.314348552725277841e-05 9.189100637740921229e-06 1.176655950985150412e-05 8.072584751062095165e-04 4.416355295688845217e-06 8.903792149794753641e-06 2.030620453297160566e-05 2.177090937038883567e-05 5.017971270717680454e-04
2.000000000000000000e+04 1.639124820940196514e-05 4.019084008177742362e-05 1.018590319290524349e-05 1.321514901064801961e-05 7.593004847876727581e-04 3.834016297332709655e-06 8.818442438496276736e-06 2.087092252622824162e-05 2.517185384931508452e-05 4.572133766487240791e-04
2.050000000000000000e+04 1.711488403088878840e-05 5.194820187170989811e-05 1.026133395498618484e-05 9.240578037861268967e-06 9.660657960921525955e-04 3.942499915865482762e-06 7.702984476054552943e-06 1.590043029864318669e-05 1.279079606320010498e-05 4.210578917991369963e-04
2.100000000000000000e+04 1.664176124904770404e-05 4.892928336630575359e-05 1.032388809107942507e-05 4.294323844078462571e-06 9.114409331232309341e-04 3.570377884898334742e-06 8.317594620166346431e-06 1.667382457526400685e-05 1.674147279118187726e-05 3.772269410546869040e-04
2.150000000000000000e+04 1.406696173944510520e-05 5.234007767285220325e-05 1.243971837538992986e-05 7.576104053441667929e-06 7.654913351871073246e-04 3.719539790836279280e-06 9.617879186407662928e-06 1.410808908985927701e-05 9.542572115606162697e-06 3.435118705965578556e-04
2.200000000000000000e+04 1.336948025709716603e-05 4.962186721968464553e-05 9.546231922286096960e-06 8.437324140686541796e-06 7.376882131211459637e-04 3.376211225258884951e-06 1.025346045935293660e-05 8.373433956876397133e-06 1.089662964659510180e-05 3.173889708705246449e-04
2.250000000000000000e+04 1.541971687402110547e-05 2.790172584354877472e-05 7.997336979315150529e-06 9.335084541817195714e-06 5.854459013789892197e-04 2.628680931593407877e-06 8.787093065620865673e-06 2.416259485471528023e-05 2.043702988885343075e-05 2.992575755342841148e-04
2.300000000000000000e+04 1.436183629266452044e-05 2.631788993312511593e-05 7.018033556960290298e-06 9.621413482818752527e-06 5.591465742327272892e-04 2.359898644499480724e-06 8.587473530496936291e-06 2.339765160286333412e-05 2.657150071172509342e-05 2.751531137619167566e-04
2.350000000000000000e+04 1.434645764675224200e-05 4.822017581318505108e-05 7.304749033210100606e-06 1.335294837190303952e-05 6.749324966222047806e-04 2.447505494274082594e-06 9.454843166167847812e-06 2.401413803454488516e-05 4.202833952149376273e-05 2.459419192746281624e-04
2.400000000000000000e+04 1.382471418764907867e-05 4.579886081046424806e-05 7.416238076984882355e-06 1.134824742621276528e-05 6.508292281068861485e-04 2.292918907187413424e-06 7.787809408910106868e-06 4.235317101120017469e-05 3.853422458632849157e-05 2.267627278342843056e-04
2.450000000000000000e+04 1.499173413321841508e-05 4.281976725906133652e-05 1.208565572596853599e-05 1.168522521766135469e-05 6.038434221409261227e-04 1.883853997242113110e-06 1.490263912273803726e-05 7.034764712443575263e-05 2.138890522473957390e-05 2.086780586978420615e-04
2.500000000000000000e+04 1.414832058799220249e-05 4.092830204172059894e-05 1.159553357865661383e-05 8.744929800741374493e-06 5.746866809204220772e-04 1.732993268888094462e-06 1.821738442231435329e-05 6.531955295940861106e-05 1.740053448884282261e-05 1.913425367092713714e-04
2.550000000000000000e+04 1.348537080048117787e-05 2.291815690114162862e-05 1.460644034523284063e-05 8.897607585822697729e-06 4.867198003921657801e-04 1.513136112407664768e-06 2.294928526680450886e-05 1.357948167424183339e-05 1.545553459436632693e-05 1.834720169426873326e-04
2.600000000000000000e+04 1.324149161519017071e-05 2.219296220573596656e-05 9.460783076065126806e-06 7.770795491524040699e-06 4.705869068857282400e-04 1.469991502744960599e-06 2.311066782567650080e-05 8.716130651009734720e-06 1.623800744710024446e-05 1.709743955871090293e-04
2.650000000000000000e+04 1.266112485609482974e-05 4.487229307414963841e-05 6.030478289176244289e-06 3.815253421635134146e-06 6.210120045579969883e-04 1.667045694375701714e-06 4.002276909886859357e-06 1.890008024929556996e-05 1.366733340546488762e-05 1.523525716038420796e-04
2.700000000000000000e+04 1.320313549513230100e-05 4.455806993064470589e-05 5.098339897813275456e-06 2.633674057506141253e-06 5.963272997178137302e-04 1.663455009293102194e-06 4.638520749722374603e-06 1.682105903455521911e-05 1.712499397399369627e-05 1.400627807015553117e-04
2.750000000000000000e+04 8.134255949698854238e-06 2.704465441638603806e-05 4.809955498785711825e-06 4.552740847429959103e-06 3.830062632914632559e-04 1.837905870161193889e-06 1.250545392394997180e-05 5.250670801615342498e-05 8.536019777238834649e-06 1.350164529867470264e-04
2.800000000000000000e+04 7.331299002544255927e-06 2.498780122550670058e-05 4.235560936649562791e-06 3.282269062765408307e-06 3.717640065588057041e-04 1.754150957822275814e-06 1.053508003678871319e-05 4.940811049891635776e-05 6.683870651613688096e-06 1.262954174308106303e-04
2.850000000000000000e+04 1.022329797706333920e-05 2.728444633248727769e-05 1.096945561585016549e-05 5.599147243628976867e-06 4.939731443300843239e-04 1.393534830640419386e-06 8.466259714623447508e-06 9.316106115875300020e-06 7.954478860483504832e-06 1.170715331682004035e-04
2.900000000000000000e+04 9.785957445274107158e-06 2.647933433763682842e-05 9.684215910965576768e-06 4.969844212610041723e-06 4.801141622010618448e-04 1.354876758341561072e-06 8.756591341807506979e-06 8.041186447371728718e-06 9.253075404558330774e-06 1.082309026969596744e-04
2.950000000000000000e+04 8.255061402451246977e-06 2.108015905832871795e-05 4.114458988624392077e-06 2.324177557966322638e-06 4.228210309520363808e-04 1.604329554538708180e-06 1.209161109727574512e-05 1.166070251201745123e-05 1.350112961517879739e-05 1.027423713821917772e-04
3.000000000000000000e+04 8.238665941462386400e-06 1.998310654016677290e-05 4.334843652031850070e-06 2.252236754429759458e-06 4.070825234521180391e-04 1.555860194457636680e-06 1.249220895260805264e-05 1.134942249336745590e-05 1.485817574575776234e-05 9.448196215089410543e-05
3.050000000000000000e+04 8.735366463952232152e-06 1.507850902271457016e-05 8.585278010286856443e-06 4.721304321719799191e-06 3.618812188506126404e-04 1.298675329053367022e-06 1.437695118511328474e-05 1.200791029987158254e-05 6.038412266207160428e-06 8.790005813352763653e-05
3.100000000000000000e+04 8.379123755730688572e-06 1.442082793801091611e-05 7.974364052643068135e-06 4.098463705304311588e-06 3.558064054232090712e-04 1.202198177452373784e-06 1.251428784598829225e-05 1.186793997476343066e-05 5.392136699811089784e-06 8.328215335495769978e-05
3.150000000000000000e+04 5.535272975976113230e-06 1.132769739342620596e-05 4.860622539126779884e-06 1.968640390259679407e-06 2.974527305923402309e-04 1.169299594039330259e-06 1.324248751188861206e-05 2.390982444921974093e-05 9.381599738844670355e-06 7.820685277692973614e-05
3.200000000000000000e+04 5.458715804707026109e-06 1.077382421499351040e-05 4.087567049282370135e-06 2.010522848649998195e-06 2.894410863518714905e-04 1.050483774633903522e-06 1.257584699487779289e-05 2.369676440139301121e-05 8.815022738417610526e-06 7.317573908949270844e-05
3.250000000000000000e+04 7.962128620420116931e-06 1.020022045850055292e-05 5.000982127967290580e-06 2.514126890673651360e-06 2.479153918102383614e-04 1.060341105585393962e-06 1.373188206343911588e-05 1.304076704400358722e-05 1.211205653817160055e-05 7.079312490532174706e-05
3.300000000000000000e+04 7.825015927664935589e-06 9.553848940413445234e-06 3.181149622832890600e-06 2.129803988282219507e-06 2.385593979852274060e-04 9.513553891338233370e-07 1.326974324911134318e-05 1.104548664443427697e-05 1.331402017967775464e-05 6.587832467630505562e-05
3.350000000000000000e+04 8.139607416524086148e-06 1.855916343629360199e-05 3.217866151317139156e-06 2.017033466472639702e-06 3.522099868860095739e-04 7.982899887792882510e-07 3.190974666722468100e-06 9.024494829645846039e-06 1.957370159288984723e-06 5.866535866516642272e-05
3.400000000000000000e+04 8.600141882197931409e-06 1.831828012655023485e-05 2.892627890105359256e-06 1.933323574121459387e-06 3.394263621885329485e-04 7.388967446786409710e-07 3.485499973976402543e-06 8.636708116682711989e-06 3.376480663064285181e-06 5.394827167037874460e-05
3.450000000000000000e+04 8.656507816340308636e-06 1.512498602096457034e-05 3.292932206022669561e-06 1.916570909088477492e-06 3.298973897472023964e-04 7.709773512942774687e-07 7.015985374891897663e-06 8.606594747107010335e-06 1.225145842909114435e-05 5.024999700253829360e-05
3.500000000000000000e+04 8.950844858190976083e-06 1.477984278608346358e-05 3.300226126157213002e-06 1.888070869426883291e-06 3.209389105904847383e-04 7.133204462661524303e-07 7.860754521971102804e-06 8.246465768024791032e-06 1.206470915349200368e-05 4.714799069915898144e-05
3.550000000000000000e+04 9.708371180749963969e-06 1.674527447903528810e-05 5.359423084883019328e-06 1.964466946446918882e-06 3.456463164184242487e-04 7.645987807336496189e-07 3.308500708953943104e-06 1.095759398594964296e-05 8.201593118428718299e-06 4.552767859422601759e-05
3.600000000000000000e+04 1.014164172374876216e-05 1.641666312934830785e-05 5.027864972362294793e-06 1.998957259274902754e-06 3.364074509590864182e-04 8.168506724359758664e-07 3.973987531935563311e-06 1.343047551927156746e-05 9.065190170076675713e-06 4.345818160800263286e-05
3.650000000000000000e+04 1.138721836468903348e-05 1.744230394251644611e-05 2.026530182774877176e-06 1.789885004654934164e-06 3.928958612959831953e-04 7.725179784756619483e-07 3.170169065924710594e-06 8.415559932473115623e-06 1.409680135111557320e-05 3.932014806196093559e-05
3.700000000000000000e+04 1.177592639578506351e-05 1.707091178104747087e-05 2.919831558756413870e-06 2.033873442996991798e-06 3.842130827251821756e-04 8.242955118475947529e-07 2.540585001042927615e-06 1.192541185446316376e-05 1.797524782887194306e-05 3.661632217699661851e-05
3.750000000000000000e+04 1.258675729332026094e-05 1.887359758256934583e-05 2.703661493796971627e-06 2.786546019706293009e-06 3.993824648205190897e-04 7.618807558174012229e-07 1.211167364090215415e-05 1.882945980469230562e-05 1.042557141772704199e-05 4.094641917617991567e-05
3.800000000000000000e+04 1.301366683037485927e-05 1.774095289874821901e-05 2.706359737203456461e-06 2.565340309956809506e-06 3.888384089805185795e-04 7.834029247533180751e-07 1.140686799772083759e-05 1.810127832868602127e-05 1.315416375291533768e-05 3.884718535118736327e-05
3.850000000000000000e+04 1.072313170880079269e-05 1.309519848291529343e-05 3.748561766769853421e-06 2.522538125049322844e-06 3.286852152086794376e-04 1.072105078492313623e-06 1.725410220387857407e-05 4.662345236283726990e-05 8.758397598285228014e-06 3.764964640140533447e-05
3.900000000000000000e+04 1.087694636225933209e-05 1.254095423064427450e-05 3.313825800432823598e-06 2.215051836174097843e-06 3.209628339391201735e-04 1.010447590488183778e-06 1.677469299465883523e-05 5.907867307541891932e-05 1.085863004846032709e-05 3.679908695630729198e-05
3.950000000000000000e+04 1.358553981845034286e-05 1.254928793059661984e-05 3.841468696919037029e-06 2.925890839833300561e-06 2.683979982975870371e-04 7.176191161306633148e-07 9.895523362501990050e-06 6.762176326446933672e-06 1.878154216683469713e-05 3.181759529979899526e-05
4.000000000000000000e+04 1.368127414025366306e-05 1.374686598865082487e-05 4.373578121885657310e-06 3.060836888835183345e-06 2.624207118060439825e-04 6.780254580007749610e-07 1.358098234049975872e-05 6.058286544430302456e-06 3.077701330767013133e-05 3.062329051317647099e-05
4.050000000000000000e+04 1.534683906356804073e-05 1.610784784134011716e-05 2.359084419367718510e-06 2.150261479982873425e-06 3.687909047584980726e-04 6.517962560792511795e-07 3.481154180917656049e-06 6.063207365514244884e-06 1.052252355293603614e-05 2.550656790845096111e-05
4.100000000000000000e+04 1.546254861750639975e-05 1.560512646392453462e-05 2.392411488472134806e-06 2.029897359534515999e-06 3.642423253040760756e-04 6.840456308054854162e-07 3.003165829795761965e-06 6.326881702989339828e-06 8.863896255206782371e-06 2.405127270321827382e-05
4.150000000000000000e+04 1.204922409669961780e-05 9.075592970475554466e-06 2.324643446627305821e-06 1.917266672535333782e-06 2.085308369714766741e-04 7.987006256371387281e-07 4.757634542329469696e-06 3.618952860051649623e-06 1.933004023157991469e-05 2.034188219113275409e-05
4.200000000000000000e+04 1.191739738715114072e-05 9.136874723481014371e-06 2.067741206701612100e-06 1.839308652051840909e-06 2.063609572360292077e-04 7.881023975642165169e-07 5.024195615987991914e-06 5.285365659801755100e-06 1.950926343852188438e-05 1.916217297548428178e-05
4.250000000000000000e+04 1.421980141458334401e-05 1.146183421951718628e-05 2.489112375769764185e-06 2.448797658871626481e-06 2.648418885655701160e-04 6.980769740039249882e-07 9.907875210046768188e-06 6.272335667745210230e-06 1.872784923762083054e-05 2.240524008811917156e-05
4.300000000000000000e+04 1.456914924347074702e-05 1.118287582357879728e-05 2.042758978859637864e-06 2.796072067212662660e-06 2.593879471533000469e-04 7.560851145171909593e-07 1.050492210197262466e-05 6.671576556982472539e-06 3.456004196777939796e-05 2.196292734879534692e-05
4.350000000000000000e+04 1.124753180192783475e-05 1.151030573964817449e-05 4.862670721195172518e-06 3.194691544194938615e-06 2.124821039615198970e-04 1.248977923751226626e-06 8.969592272478621453e-06 3.535512405505869538e-06 5.805662567581748590e-06 1.758039616106543690e-05
4.400000000000000000e+04 1.116089515562634915e-05 9.833473086473532021e-06 2.984254933835472912e-06 2.285623395437141880e-06 2.100950368912890553e-04 1.026862264552619308e-06 6.898761512275086716e-06 5.797276571684051305e-06 3.886535523633938283e-06 1.650013473408762366e-05
4.450000000000000000e+04 1.358452936983667314e-05 1.337693356617819518e-05 1.374646103613486048e-06 2.040204662989708595e-06 2.936426608357578516e-04 8.620895641797687858e-07 4.183703822491224855e-06 8.732674359634984285e-06 9.132982995652128011e-06 2.040875187958590686e-05
4.500000000000000000e+04 1.431802229490131140e-05 1.325811717833857983e-05 1.133944692810473498e-06 1.882998049040907063e-06 2.860087261069566011e-04 8.557680644116771873e-07 4.718489890365162864e-06 7.382363946817349643e-06 8.785330464888829738e-06 2.147389750462025404e-05
4.550000000000000000e+04 1.765546221577096730e-05 1.498375786468386650e-05 2.179202965635340661e-06 1.235666218235564884e-06 3.948365047108381987e-04 8.567179747842601500e-07 7.777928658470045775e-06 1.771311303855327424e-06 2.077903218378196470e-06 2.075779957522172481e-05
4.600000000000000000e+04 1.835888360801618546e-05 1.487391455157194287e-05 1.878490479612082709e-06 1.197228357341373339e-06 3.850696957670152187e-04 9.036101005222008098e-07 8.397983947361353785e-06 1.348527121081133373e-06 3.366343207744648680e-06 1.995429011003579944e-05
4.650000000000000000e+04 1.762956344464328140e-05 7.576787083962699398e-06 6.988798304519150406e-07 1.194345600197266322e-06 1.564508856972679496e-04 1.104577222577063367e-06 7.584341801702976227e-06 2.500578148101340048e-06 5.071389296062989160e-06 1.227278062287950888e-05
4.700000000000000000e+04 1.660750967857893556e-05 7.118211215129122138e-06 5.258821715869999025e-07 9.242614282811700832e-07 1.558249205118045211e-04 1.113247435569064692e-06 7.868198736105114222e-06 3.976908828917657956e-06 5.755220172432018444e-06 1.149104991782223806e-05
4.750000000000000000e+04 1.333157524641137570e-05 6.273201506701298058e-06 9.386134252054034732e-07 1.440495111637574155e-06 1.293967507081106305e-04 8.855499231685826089e-07 3.943193405575584620e-06 4.653646556107560173e-06 1.053922824212349951e-05 1.617670568521134555e-05
4.800000000000000000e+04 1.391293881169985980e-05 5.799113296234281734e-06 8.218271432269830257e-07 1.270983375434298068e-06 1.245268213097006083e-04 8.429859690295415930e-07 4.191676453046966344e-06 4.181370059086475521e-06 1.449027604394359514e-05 1.616281224414706230e-05
4.850000000000000000e+04 1.386866733810165897e-05 7.203650966403074563e-06 8.590085940340941306e-07 1.258185420738300309e-06 1.655859960010275245e-04 8.796754400464124046e-07 3.933725110982777551e-06 1.171593339677201584e-06 2.261353756694006734e-06 1.499870359111810103e-05
4.900000000000000000e+04 1.424607944500166923e-05 7.070550509524764493e-06 6.528630365210119635e-07 1.173824784928001463e-06 1.608757302165031433e-04 8.391546657549042720e-07 3.907737664121668786e-06 1.501025735706207342e-06 3.116197603958426043e-06 1.444567806174745783e-05
4.950000000000000000e+04 1.433954821550287306e-05 7.882435966166667640e-06 1.185982682727626525e-06 1.860889369709184393e-06 1.662934664636850357e-04 8.047859409998636693e-07 2.669004061317536980e-06 5.760628937423462048e-06 1.443319342797622085e-05 1.314396467932965606e-05
5.000000000000000000e+04 1.447921113140182570e-05 7.884957994974683970e-06 7.000957680247665849e-07 1.342573227702814620e-06 1.627373712835833430e-04 7.544770141976187006e-07 2.253854290756862611e-06 5.206955847825156525e-06 5.123375558468978852e-06 1.250822060683276504e-05
5.050000000000000000e+04 2.206867611675988883e-05 1.343054918834241107e-05 3.668742465379182249e-07 5.110684924147790298e-07 2.799464855343103409e-04 7.676840709791576955e-07 1.121954392147017643e-05 2.106481360897305422e-06 2.631369534356053919e-05 1.663080911384895444e-05
5.100000000000000000e+04 2.207546276622451842e-05 1.345154851151164621e-05 3.053580712730763480e-07 4.806630045095516834e-07 2.742013602983206511e-04 8.085920626399456523e-07 1.316921498073497787e-05 2.722232693486148492e-06 3.943226329283788800e-05 1.700490975053980947e-05
5.150000000000000000e+04 1.644977237447164953e-05 9.214638339472003281e-06 4.906749495603435207e-07 1.539583649901032913e-06 2.015639620367437601e-04 7.680596354475710541e-07 6.786485300835920498e-06 2.617224708956200629e-06 6.837834007455967367e-06 1.611862535355612636e-05
5.200000000000000000e+04 1.621382398298010230e-05 9.056811904883943498e-06 4.293651727493852377e-07 1.101036332329385914e-06 1.983379042940214276e-04 7.473755090359190945e-07 7.055176411085994914e-06 4.250242454872932285e-06 9.460670298722106963e-06 1.624011383682955056e-05
5.250000000000000000e+04 1.886531572381500155e-05 8.075093319348525256e-06 5.114897589919564780e-07 9.945719057213864289e-07 1.953874307218939066e-04 6.738899855918134563e-07 7.579326393170049414e-06 8.250095561379566789e-06 4.547810749500058591e-05 1.228006112796720117e-05
5.300000000000000000e+04 1.918710768222808838e-05 9.189790034724865109e-06 1.438569938727596309e-06 8.432831464233458973e-07 1.918326888699084520e-04 6.776105010430910625e-07 1.095197603717679158e-05 1.332206920778844506e-05 5.584700920735485852e-05 1.236091520695481449e-05
5.350000000000000000e+04 1.682605761743616313e-05 6.511862466140883043e-06 6.407873911484784912e-07 1.324125378232565708e-06 1.782067265594378114e-04 6.511077117465902120e-07 1.265854007215239108e-05 4.939138307236135006e-06 5.163751484360545874e-05 9.537249752611387521e-06
5.400000000000000000e+04 1.695603168627712876e-05 6.584505172213539481e-06 4.881087534158723429e-07 8.490627578794374131e-07 1.759898295858874917e-04 6.727265144945704378e-07 1.445718771719839424e-05 5.905993020860478282e-06 5.806082845083437860e-05 9.354856047139037400e-06
5.450000000000000000e+04 2.048701026069466025e-05 8.930936928663868457e-06 8.178084840437804814e-07 1.941849177455878817e-06 2.077993412967771292e-04 6.981397291383473203e-07 7.617517894686898217e-06 5.503817192220594734e-06 1.763557884260080755e-05 9.851491995505057275e-06
5.500000000000000000e+04 2.100070742017123848e-05 9.202666660712566227e-06 6.322121066659747157e-07 1.243727865585242398e-06 2.048761380137875676e-04 6.810283821323537268e-07 7.703126357228029519e-06 4.526205884758383036e-06 1.152514050772879273e-05 1.005306330625899136e-05
5.550000000000000000e+04 1.890819839900359511e-05 6.945784662093501538e-06 2.482985053120501107e-07 4.715951718026190065e-07 1.381913752993568778e-04 6.575307338607672136e-07 5.369694918044842780e-06 1.320716364716645330e-05 1.636038905417080969e-05 9.766064977156929672e-06
5.600000000000000000e+04 1.812790287658572197e-05 6.652937827311689034e-06 2.403154724106570939e-07 4.132115805077773985e-07 1.374808925902470946e-04 6.441656523747951724e-07 4.610729320120299235e-06 1.237954438693122938e-05 2.432050496281590313e-05 9.592916285328101367e-06
5.650000000000000000e+04 1.652197897783480585e-05 4.874381829722551629e-06 3.519570554999518208e-07 6.518666850752197206e-07 6.720885721733793616e-05 6.517707333841826767e-07 7.658628419449087232e-06 3.155091690132394433e-06 3.147620418531005271e-06 8.092230018519330770e-06
5.700000000000000000e+04 1.594400418980512768e-05 4.206002358841942623e-06 2.953932494165201206e-07 4.023707447231572587e-07 6.695774209219962358e-05 6.549670956701447722e-07 6.757687970093684271e-06 2.620889972604345530e-06 1.981637296921689995e-06 7.881228157202713192e-06
5.750000000000000000e+04 1.273830275749787688e-05 3.356554088895791210e-06 4.134023754431837006e-07 3.582436534088628832e-07 8.873003389453515410e-05 5.916992904531070963e-07 1.500654616393148899e-05 9.059798458110890351e-07 1.226088329531194177e-06 9.036685696628410369e-06
5.800000000000000000e+04 1.238061395270051435e-05 3.011696890098392032e-06 2.569919104189466452e-07 3.245344259994453751e-07 8.828903810353949666e-05 5.580470201493881177e-07 1.351016089756740257e-05 8.248626954809878953e-07 1.482799348195840139e-06 9.131141268881037831e-06
5.850000000000000000e+04 1.518133012723410502e-05 5.307292212819447741e-06 3.197368130258837482e-07 2.037247099906380754e-07 1.831179106375202537e-04 5.589147917817172129e-07 6.238503829081309959e-06 1.617293264644104056e-06 1.935594809765461832e-05 9.685657460067886859e-06
5.900000000000000000e+04 1.512127983005484566e-05 5.307585524860769510e-06 2.916204095981811406e-07 1.597924637053438346e-07 1.815414580050855875e-04 5.481466018864011858e-07 6.293915703281527385e-06 1.598035851202439517e-06 2.054164906439837068e-05 9.687967576610390097e-06
5.950000000000000000e+04 1.382510527037084103e-05 4.509872724156593904e-06 4.888013336312724277e-07 1.406874275744485203e-06 1.263306621694937348e-04 5.479404876496118959e-07 5.279067408991977572e-06 3.604410949265002273e-06 2.597541879367781803e-06 7.632835149706806988e-06
6.000000000000000000e+04 1.350750062556471676e-05 4.144440026720985770e-06 4.508891606747056358e-07 1.185217570309760049e-06 1.259488781215623021e-04 5.055583187640877441e-07 4.989176431990927085e-06 3.694889073813101277e-06 8.707885399417136796e-07 7.622997600265080109e-06
6.050000000000000000e+04 1.579439776833169162e-05 4.264066319592529908e-06 5.278195658320328221e-07 3.662569838525087107e-07 1.577912189532071352e-04 4.566749112200341187e-07 2.689243274289765395e-06 2.657916866155574098e-06 1.827312075874942821e-06 9.222025255439803004e-06
6.100000000000000000e+04 1.573560257384087890e-05 4.119688583159586415e-06 5.286687496663944330e-07 2.617426275719481055e-07 1.563996338518336415e-04 4.541296334537037183e-07 2.848936674126889557e-06 2.492585963409510441e-06 2.759285735010053031e-06 9.208361916535068303e-06
6.150000000000000000e+04 1.684272865531966090e-05 5.099614554637810215e-06 5.671452072419924662e-07 1.054381641552026849e-06 1.387857628287747502e-04 4.344279034285136731e-07 9.278463039663620293e-06 1.096729420169140212e-06 3.505033646433730610e-06 8.679156053403858095e-06
6.200000000000000000e+04 1.713722122076433152e-05 5.178001174499513581e-06 3.909952397407323588e-07 8.273482876575144473e-07 1.359134330414235592e-04 4.273703098078840412e-07 1.111173060053260997e-05 1.153390826402755920e-06 2.748140786934527569e-06 9.031208719534333795e-06
6.250000000000000000e+04 2.024875539063941687e-05 4.787907073477981612e-06 1.224938159793964587e-06 7.833899076103989501e-07 1.180821054731495678e-04 4.031930984638165683e-07 1.462236377847148106e-05 2.472881988069275394e-06 7.023961643426446244e-06 8.855677151586860418e-06
6.300000000000000000e+04 1.943330607900861651e-05 4.832842023461125791e-06 5.603055797109846026e-07 1.055250322679057717e-06 1.169968090835027397e-04 3.953736325001955265e-07 1.485024222347419709e-05 1.385467385262018070e-06 6.766509613953530788e-06 9.100505849346518517e-06
6.350000000000000000e+04 1.381945730827283114e-05 3.644842763605993241e-06 3.260265941662510158e-07 3.875046274970372906e-07 8.063358109211549163e-05 4.266155713139596628e-07 5.914952907914994285e-06 4.561323294183239341e-06 3.054989747397485189e-06 7.186542461568024009e-06
6.400000000000000000e+04 1.370478366879979149e-05 3.239440047764219344e-06 3.548862821389775490e-07 3.109674651113891741e-07 8.022198744583874941e-05 4.438173846210702322e-07 5.349371804186375812e-06 3.694234010254149325e-06 3.711681983986636624e-06 6.800487426517065614e-06
6.450000000000000000e+04 1.394461378367850557e-05 6.671897153864847496e-06 1.343347776128211990e-06 6.939554850760032423e-07 1.769745431374758482e-04 4.131202047119586496e-07 4.181476924713933840e-06 4.753409029945032671e-06 6.184531684993999079e-06 9.465692528465297073e-06
6.500000000000000000e+04 1.493634408689104021e-05 6.777274847991066054e-06 1.071075871550419834e-06 4.809165830010897480e-07 1.729919022182002664e-04 4.035343863506568596e-07 4.526027169049484655e-06 5.589171905739931390e-06 9.215070349455345422e-06 9.664875506132375449e-06
6.550000000000000000e+04 1.584564415679778904e-05 5.118747594679007307e-06 3.269142325734719634e-07 2.890731423121906118e-07 1.667260949034243822e-04 3.877965752963064006e-07 4.143061232753098011e-06 1.627984147489769384e-06 1.048390731739345938e-05 7.572748927486827597e-06
6.600000000000000000e+04 1.531079578853677958e-05 4.888649982603965327e-06 3.025684520707727643e-07 2.188925805057806429e-07 1.663149450905621052e-04 3.762996527711948147e-07 3.511986960802460089e-06 1.567456820339430124e-06 1.231612259289249778e-05 7.342858680203789845e-06
6.650000000000000000e+04 1.375050032947910950e-05 2.955510353785939515e-06 6.179394631544710137e-07 6.240933885237609502e-07 1.055359243764542043e-04 4.361452567991364049e-07 4.713741873274557292e-06 1.964762077477644198e-06 1.137831077357986942e-05 7.275128155015408993e-06
6.700000000000000000e+04 1.354566120426170528e-05 3.613142780523048714e-06 1.239193011315364856e-06 7.573180482722818851e-07 1.043902811943553388e-04 4.382295060167962220e-07 5.869772849109722301e-06 3.881839802488684654e-06 9.975726243283133954e-06 7.489233212254475802e-06
