# step, loss_train, loss_test, metrics_test
0.000000000000000000e+00 5.028357356786727905e-02 6.368789821863174438e-02 1.011720043607056141e-03 4.213953856378793716e-03 1.772264949977397919e-02 5.122257396578788757e-02 6.478171795606613159e-02 3.646251745522022247e-03 6.852474994957447052e-03 1.854548044502735138e-02
5.000000000000000000e+02 1.354411415377398953e-05 2.680695033632218838e-04 7.794098564772866666e-06 8.234339475166052580e-06 7.421273039653897285e-04 6.253712285797519144e-07 2.573633391875773668e-04 7.651655323570594192e-06 1.121801233239239082e-05 4.898358020000159740e-04
1.000000000000000000e+03 1.313452412432525307e-05 1.011986823868937790e-04 8.048369636526331306e-06 7.130908670660573989e-06 4.091082664672285318e-04 3.394955285784817534e-07 1.634254440432414412e-04 8.895198334357701242e-06 3.390644224054994993e-06 1.347278303001075983e-04
1.500000000000000000e+03 6.347557700792094693e-06 5.866024730494245887e-05 1.108247670345008373e-05 2.344595850445330143e-05 5.195293924771249294e-04 4.020473056698392611e-07 2.983311787829734385e-05 1.131261160480789840e-05 1.393777165503706783e-05 1.025122837745584548e-04
2.000000000000000000e+03 2.839502412825822830e-04 5.206553032621741295e-04 1.308117207372561097e-04 1.885869824036490172e-05 3.397316206246614456e-03 1.375522260786965489e-04 6.232853047549724579e-04 1.101678353734314442e-03 8.298141437990125269e-06 2.726153004914522171e-03
2.500000000000000000e+03 4.991632158635184169e-05 4.934622847940772772e-05 4.524711584963370115e-06 4.035134224977809936e-06 6.523112533614039421e-04 7.009153250692179427e-06 4.595473728841170669e-05 2.088589781124028377e-06 2.941489583463408053e-06 3.142348723486065865e-04
3.000000000000000000e+03 2.822627720888704062e-05 3.383811417734250426e-05 2.968974058603635058e-06 1.936743274200125597e-06 4.358001460786908865e-04 3.389063749636989087e-06 3.643965828814543784e-05 6.082846653043816332e-07 1.265715923182142433e-06 1.214442600030452013e-04
3.500000000000000000e+03 2.508535180822946131e-05 3.092595216003246605e-05 1.573457552694890182e-06 1.273478801522287540e-06 3.807755128946155310e-04 1.947239979926962405e-06 2.893874443543609232e-05 5.033568868384463713e-07 1.368272592117136810e-06 4.435262235347181559e-05
4.000000000000000000e+03 2.908187889261171222e-05 2.966233842016663402e-05 1.763125737852533348e-06 1.455276787964976393e-06 3.670330625027418137e-04 8.748233426558726933e-07 3.137463136226870120e-05 5.695833920071891043e-07 6.677566943835699931e-07 4.263329174136742949e-05
4.500000000000000000e+03 2.498383582860697061e-05 3.727728471858426929e-05 1.333113459622836672e-06 4.090819061275396962e-07 4.324466572143137455e-04 7.957614229781029280e-07 9.617398609407246113e-05 9.141558052760956343e-07 2.836897579072683584e-07 2.409698936389759183e-05
5.000000000000000000e+03 2.738460170803591609e-05 3.825287058134563267e-05 1.484507151872094255e-06 4.941035172123520169e-07 4.407694214023649693e-04 1.337246771981881466e-06 9.713690815260633826e-05 5.159405418453388847e-07 3.263513974616216728e-07 2.984563252539373934e-05
5.500000000000000000e+03 8.502664059051312506e-06 2.319348823220934719e-05 4.873575676356267650e-07 5.471907229548378382e-07 2.379660145379602909e-04 5.486388658937357832e-07 1.899540075100958347e-05 4.684668510890332982e-07 3.407052417969680391e-07 1.317163878411520272e-05
6.000000000000000000e+03 1.098083157557994127e-05 1.760734630806837231e-05 7.524090506194625050e-07 3.023091323939297581e-07 1.796274736989289522e-04 5.882357072550803423e-07 3.692953396239317954e-05 4.061309084590902785e-07 5.319369051903777290e-07 8.289062861877027899e-06
6.500000000000000000e+03 8.053805504459887743e-05 4.831117621506564319e-05 1.983037918762420304e-06 1.004684349936724175e-06 7.210397743619978428e-04 3.483973614493152127e-06 5.406256605056114495e-05 1.347611828350636642e-06 9.567302186042070389e-07 3.147279203403741121e-04
7.000000000000000000e+03 2.229620076832361519e-05 3.180191924911923707e-05 1.101497332456347067e-06 3.440597708959103329e-07 3.371349012013524771e-04 6.464251782745122910e-07 1.051693616318516433e-04 2.547881763348414097e-07 5.505744411493651569e-07 4.641149280359968543e-05
7.500000000000000000e+03 6.519322050735354424e-05 4.551867605186998844e-04 2.719376425375230610e-06 2.611974196042865515e-06 3.139168838970363140e-04 6.094121545174857602e-07 7.463652291335165501e-04 3.679006113088689744e-06 2.143204710591817275e-06 5.310476990416646004e-05
8.000000000000000000e+03 2.282017157995142043e-05 4.367508881841786206e-05 9.091426136365043931e-07 1.226648691954324022e-06 1.285701146116480231e-04 3.295648980383703019e-07 1.651019847486168146e-04 3.422796623908652691e-07 2.640958882693666965e-06 1.184258508146740496e-05
8.500000000000000000e+03 1.868350955191999674e-04 1.594219356775283813e-03 2.426955916234874167e-06 3.937170731660444289e-06 1.110002864152193069e-03 1.354960841126739979e-05 2.751364139840006828e-03 1.662267891333613079e-06 2.484556489434908144e-06 9.776882361620664597e-04
9.000000000000000000e+03 1.380383764626458287e-05 1.517054352007107809e-05 4.676154787830455462e-07 1.196107461964857066e-07 3.740106476470828056e-04 4.469122529826563550e-07 7.677856774535030127e-05 1.222719134830185794e-07 2.047939915428287350e-07 2.295030935783870518e-05
9.500000000000000000e+03 1.822299236664548516e-05 1.289790816372260451e-05 1.825171267455516499e-07 3.065138116653542966e-07 1.466723624616861343e-04 6.965057650631933939e-07 3.614939851104281843e-05 6.743001534914583317e-08 1.162715079772169702e-07 3.300102889625122771e-06
1.000000000000000000e+04 6.312651385087519884e-05 4.711875953944399953e-05 2.592353212094167247e-06 2.376130396442022175e-06 4.616126534529030323e-04 1.270653910978580825e-06 5.739738116972148418e-05 1.632596308809297625e-06 2.313827280886471272e-06 1.745906920405104756e-04
1.050000000000000000e+04 3.244945764890871942e-05 2.375849726377055049e-05 8.637117616672185250e-07 9.644297733757412061e-07 1.574531343067064881e-04 1.269150970983901061e-06 6.145771476440131664e-05 3.040105696072714636e-07 5.691055662282451522e-07 1.229970366694033146e-04
1.100000000000000000e+04 1.006290040095336735e-05 3.891880623996257782e-05 1.205781927637872286e-07 3.110863531219365541e-07 4.984058250556699932e-05 1.987338151820949861e-07 1.290274958591908216e-04 6.058171919676169637e-08 3.956268983529298566e-07 2.306794049218297005e-04
1.150000000000000000e+04 2.049710019491612911e-06 1.995097773033194244e-05 3.686187710627564229e-08 2.144161292960689025e-08 8.061491826083511114e-06 1.423426425617435598e-07 3.091437247348949313e-05 8.128107964466835256e-09 7.968952075998458895e-08 3.119415487162768841e-04
1.200000000000000000e+04 1.092503453037352301e-06 9.971126928576268256e-06 3.236513279603059345e-08 1.483843092842107581e-08 5.965574473520973697e-06 7.124544509906627354e-08 1.948554381669964641e-05 7.537999557882812951e-09 2.716573099803554214e-08 2.385150874033570290e-04
1.250000000000000000e+04 1.582058393978513777e-05 2.953873263322748244e-05 4.997227875946919085e-08 8.364151682371812058e-08 7.488781557185575366e-05 1.246286984724065405e-07 9.679812501417472959e-05 2.524781805846032512e-08 7.450314853940653848e-08 1.825495201046578586e-05
1.300000000000000000e+04 4.894449375569820404e-06 4.450685537449317053e-06 5.311881068337243050e-08 5.496941923865961144e-08 4.722320227301679552e-06 8.962643249788015964e-08 1.918173802550882101e-05 5.718663231846221606e-08 1.022273732331768770e-08 1.432119606761261821e-04
1.350000000000000000e+04 4.924877430312335491e-06 2.989203676406759769e-05 2.832713619227433810e-07 2.155959322180933668e-08 2.013095763686578721e-05 1.383030650004002382e-07 6.380389095284044743e-05 2.382023609470707015e-07 3.116198499242273101e-08 5.977443834126461297e-06
1.400000000000000000e+04 6.602060693694511428e-07 3.843206741294125095e-06 1.332652743712969823e-08 4.714005630290785120e-09 3.680979261844186112e-06 2.352481232037462178e-08 1.140059430326800793e-05 6.948562969455451821e-08 7.899190634930164379e-09 1.506984858679061290e-06
1.450000000000000000e+04 1.338216648605339287e-09 7.320449501276016235e-02 6.823801612654278870e-08 5.666519337088615771e-11 9.035514667630195618e-03 4.496585395696861553e-11 7.612419128417968750e-02 3.404470305667928187e-08 1.565151307170165040e-11 1.330173201858997345e-02
1.500000000000000000e+04 1.374905411744009598e-09 7.320079952478408813e-02 6.590020973362697987e-08 5.370459285614082034e-11 9.035591036081314087e-03 3.761520608880353223e-11 7.612334191799163818e-02 2.956601186099305778e-08 1.329310793385385381e-11 1.099855732172727585e-02
1.550000000000000000e+04 3.269369486247342138e-08 1.420823478698730469e+01 7.021747450153270620e-08 5.858090013077799085e-09 1.539810752868652344e+01 1.062708765431352731e-08 1.393461036682128906e+01 9.094460295955286711e-09 8.229833703410349699e-09 1.538307189941406250e+01
1.600000000000000000e+04 3.375306079078654875e-08 1.413196563720703125e+01 7.172636173891078215e-08 5.915818057644628425e-09 1.531853008270263672e+01 1.112969982841605088e-08 1.385908889770507812e+01 9.020731717157559615e-09 8.321508815356537525e-09 1.530353546142578125e+01
1.650000000000000000e+04 4.072587600489896431e-08 1.383896732330322266e+01 7.171458094035187969e-08 6.297318666526052766e-09 1.521728038787841797e+01 1.183609654731299088e-08 1.376300048828125000e+01 8.915142402088349627e-09 8.443036492167266260e-09 1.520232677459716797e+01
1.700000000000000000e+04 4.306755485572466569e-08 1.371619892120361328e+01 7.412466374034920591e-08 6.400731056288577747e-09 1.508816814422607422e+01 1.285138839790533893e-08 1.364051628112792969e+01 8.762725656197289936e-09 8.605480772416740365e-09 1.507328033447265625e+01
1.750000000000000000e+04 4.123799612898437772e-08 1.372048568725585938e+01 7.631589937773242127e-08 5.641082267970887187e-09 1.492330455780029297e+01 1.436166119361814708e-08 1.348416137695312500e+01 8.539491780368280160e-09 8.825900899012140144e-09 1.490851020812988281e+01
1.800000000000000000e+04 4.587059621030675771e-08 1.351959609985351562e+01 8.170393073214654578e-08 5.828362681370435894e-09 1.471316146850585938e+01 1.666480109463464032e-08 1.328493118286132812e+01 8.223047132105421042e-09 9.129801803453574394e-09 1.469848060607910156e+01
1.850000000000000000e+04 5.336682917800317227e-08 1.340263080596923828e+01 1.064125427774342825e-07 6.914124384138631285e-09 1.444402027130126953e+01 2.028103018858473661e-08 1.302987861633300781e+01 7.797381407215198124e-09 9.557554747630092606e-09 1.442948246002197266e+01
1.900000000000000000e+04 6.469522872976085637e-08 1.307036304473876953e+01 1.194126753034652211e-07 7.323524453539675960e-09 1.409808635711669922e+01 2.609571403411337087e-08 1.270225238800048828e+01 7.267640711461353931e-09 1.016312456414425469e-08 1.408373832702636719e+01
1.950000000000000000e+04 8.092825254379931721e-08 1.240229320526123047e+01 1.411086998359678546e-07 7.699731519039687555e-09 1.365196895599365234e+01 3.530861292233566928e-08 1.228009128570556641e+01 6.724694134874198426e-09 1.099832847017978565e-08 1.363787460327148438e+01
2.000000000000000000e+04 1.042811206275473523e-07 1.184814262390136719e+01 1.732752963334860397e-07 8.542856200222104235e-09 1.306846046447753906e+01 4.814873122427343333e-08 1.172851085662841797e+01 6.382913309010973535e-09 1.201017418850369722e-08 1.305469703674316406e+01
2.050000000000000000e+04 1.255981061376587604e-07 1.106751346588134766e+01 6.316410150475348928e-08 8.709103660464734276e-09 1.231126403808593750e+01 5.787822487945959438e-08 1.101381111145019531e+01 6.336906555048926748e-09 1.266764648732987553e-08 1.229793643951416016e+01
2.100000000000000000e+04 1.103762485854531405e-07 1.019168090820312500e+01 5.663415691969930776e-08 8.211730850860021746e-09 1.138380146026611328e+01 4.924954666307712614e-08 1.014021778106689453e+01 6.278487951760780561e-09 1.188709131128007357e-08 1.137102603912353516e+01
2.150000000000000000e+04 6.622971682190836873e-08 9.295952796936035156e+00 1.462981487065917463e-07 6.503922733713807247e-09 1.035495567321777344e+01 2.835635548592563282e-08 9.173769950866699219e+00 6.596296397987089222e-09 9.827673785878232593e-09 1.034281635284423828e+01
2.200000000000000000e+04 3.748729326957800367e-08 8.287121772766113281e+00 9.737343731330838636e-08 5.085689647188473828e-09 9.285391807556152344e+00 1.366171176186981029e-08 8.172511100769042969e+00 7.328086137903255803e-09 7.709285654300401802e-09 9.273951530456542969e+00
2.250000000000000000e+04 1.923039505413726147e-08 7.072783470153808594e+00 2.155207745602183422e-08 4.392067154412870877e-09 8.258907318115234375e+00 5.726766616476197669e-09 7.215428829193115234e+00 8.590535394148446358e-09 5.951695580819205134e-09 8.248173713684082031e+00
2.300000000000000000e+04 1.105270808210434552e-08 6.220115661621093750e+00 1.361778956265879970e-08 3.841182039110435653e-09 7.330664634704589844e+00 2.930694797953492525e-09 6.353759765625000000e+00 9.667439293536972400e-09 4.936675956912495167e-09 7.320611476898193359e+00
2.350000000000000000e+04 1.089544365839856255e-08 5.623591899871826172e+00 2.722506842189886811e-08 3.358358036109621025e-09 6.457003593444824219e+00 3.136458870400815613e-09 5.546712398529052734e+00 9.073688467253759882e-09 4.555147814500060122e-09 6.447630882263183594e+00
2.400000000000000000e+04 1.432363916364920442e-08 4.828715324401855469e+00 2.504708795925125742e-08 3.142354820795389969e-09 5.598233699798583984e+00 5.401666225424150980e-09 4.757977008819580078e+00 7.121538470045152280e-09 4.385884988522548156e-09 5.589581966400146484e+00
