# step, loss_train, loss_test, metrics_test
0.000000000000000000e+00 6.879580672830343246e-03 1.830326020717620850e-01 3.628820180892944336e-02 1.247898302972316742e-02 1.086073555052280426e-02 6.825123913586139679e-03 2.060578614473342896e-01 1.345109660178422928e-02 7.791978772729635239e-03 1.247609872370958328e-02
5.000000000000000000e+02 2.858747029677033424e-04 4.703121259808540344e-02 8.340085041709244251e-04 1.891631400212645531e-03 6.690536392852663994e-04 1.300933072343468666e-04 5.283935368061065674e-02 4.673982621170580387e-04 1.099476474337279797e-03 1.179889310151338577e-03
1.000000000000000000e+03 2.064846376015339047e-05 2.385123079875484109e-04 3.790695018324186094e-06 9.511982170806732029e-06 5.392102757468819618e-04 6.720039436913793907e-06 2.687163068912923336e-04 2.063437250399147160e-06 1.116813291446305811e-05 2.876719809137284756e-04
1.500000000000000000e+03 6.192624823597725481e-06 9.366363519802689552e-05 4.108678695047274232e-06 3.719517053468734957e-06 3.705740964505821466e-04 2.227482582384254783e-06 1.241785939782857895e-04 3.092038014074205421e-06 6.551865226356312633e-06 7.027486572042107582e-05
2.000000000000000000e+03 5.374537977331783623e-06 3.858935451717115939e-05 3.456926378930802457e-06 2.752991576926433481e-06 2.781899529509246349e-04 1.435219246559427120e-06 5.118710396345704794e-05 2.670971525731147267e-06 5.272758698993129656e-06 2.066026172542478889e-05
2.500000000000000000e+03 9.999424946727231145e-06 2.350498107261955738e-05 8.526130841346457601e-07 2.129036602127598599e-06 2.370554429944604635e-04 8.441718932772346307e-07 2.397807656961958855e-05 1.667937112870276906e-06 4.040152361994842067e-06 1.079046614904655144e-05
3.000000000000000000e+03 1.469570179324364290e-05 4.298553394619375467e-04 1.320916680924710818e-06 2.438780938973650336e-06 1.905058452393859625e-04 9.640830285206902772e-07 6.248250720091164112e-04 9.726618372951634228e-07 4.150007043790537864e-06 1.179799801320768893e-05
3.500000000000000000e+03 1.676215106272138655e-05 1.946274278452619910e-05 4.200423973088618368e-07 7.368476531155465636e-07 2.196278801420703530e-04 1.530470967736619059e-06 1.687792246229946613e-05 4.939878976983891334e-07 1.614136522221087944e-06 7.063727480272063985e-06
4.000000000000000000e+03 2.373859751969575882e-05 1.704258647805545479e-05 3.026450485776877031e-07 6.850338536423805635e-07 1.750464580254629254e-04 1.475801582273561507e-06 1.255034203495597467e-05 6.771828338969498873e-06 8.875275057107501198e-07 6.951225714146858081e-06
4.500000000000000000e+03 3.152174394926987588e-05 2.919512371590826660e-05 2.588853249108069576e-06 2.875868858609464951e-06 2.858593361452221870e-04 1.481916001466743182e-06 5.490683906828053296e-05 1.515805593044206034e-06 1.176017576653975993e-06 5.914037956245010719e-06
5.000000000000000000e+03 3.597859540604986250e-05 2.629387927299831063e-05 1.164902755590446759e-06 1.670317601565329824e-06 2.356104523641988635e-04 9.437581525162386242e-07 5.803521344205364585e-05 1.372567453472584020e-06 7.248301585605076980e-07 4.968294888385571539e-06
5.500000000000000000e+03 1.416193117620423436e-05 1.200772749143652618e-05 1.435903413948835805e-07 3.932315166821354069e-07 1.161109103122726083e-04 3.272168385137774749e-07 2.927712375822011381e-05 1.049306661116133910e-06 6.369513357640244067e-06 2.286147719132713974e-06
6.000000000000000000e+03 1.460749808757100254e-05 1.060850718204164878e-05 1.192756116097370978e-07 3.683785507746506482e-07 1.049850761773996055e-04 1.624281367185176350e-07 2.741987373156007379e-05 1.122336925618583336e-06 5.881460765522206202e-06 1.739572667247557547e-06
6.500000000000000000e+03 2.348301677557174116e-05 1.989399606827646494e-05 1.494274926017169491e-07 5.774490432486345526e-07 1.007586906780488789e-04 1.415534569559895317e-07 1.765673005138523877e-05 4.202320837976003531e-07 4.393788458401104435e-06 2.622684405650943518e-06
7.000000000000000000e+03 2.008107549045234919e-05 2.262177258671727031e-05 6.235884484340203926e-07 3.460478865235927515e-06 1.050194114213809371e-04 9.962224822857024265e-08 5.454798156279139221e-05 3.514909110435837647e-07 7.538541467511095107e-06 1.273307771043619141e-05
7.500000000000000000e+03 1.068589426722610369e-05 1.957460699486546218e-05 1.750320137716698810e-07 9.677803518570726737e-07 4.357006037025712430e-05 4.094946604027427384e-08 3.731154356501065195e-05 4.216520324007433373e-07 2.347954023207421415e-06 2.098247705362155102e-06
8.000000000000000000e+03 1.065827746060676873e-05 1.636422530282288790e-05 3.706048801177530549e-07 4.418637672642944381e-06 4.591212928062304854e-05 3.026919870308120153e-08 1.761906605679541826e-05 2.758833943516947329e-07 4.170270130998687819e-06 8.519690709363203496e-06
8.500000000000000000e+03 2.197260801040101796e-05 1.148821502283681184e-05 3.789786831021046964e-07 3.195099225195008330e-07 1.467439869884401560e-04 6.392664175791651360e-08 3.113378988928161561e-05 7.125915999495191500e-07 8.400404112762771547e-06 1.184302846013451926e-06
9.000000000000000000e+03 2.877181213989388198e-05 3.147017559967935085e-05 2.095088802889222279e-06 6.784081961086485535e-06 1.686074974713847041e-04 1.316730759981510346e-07 1.180385152110829949e-04 5.247229637461714447e-07 6.485760422947350889e-06 1.116286966862389818e-05
9.500000000000000000e+03 1.134164358518319204e-05 7.889295375207439065e-06 1.075402238370770647e-07 2.791172164506861009e-07 7.631923654116690159e-05 3.652254676467237005e-08 1.540662924526259303e-05 9.328180112788686529e-07 2.829189270414644852e-06 1.569067194395756815e-06
1.000000000000000000e+04 9.671231055108364671e-06 7.819559868948999792e-06 5.254301527202187572e-08 1.937698357323824894e-07 7.446736708516255021e-05 3.620069932708247507e-08 1.825709114200435579e-05 4.782222617905063089e-07 2.497158220648998395e-06 1.784635401236300822e-06
1.050000000000000000e+04 1.907728619698900729e-05 8.629406511317938566e-05 7.232476946228416637e-07 1.573310328240040690e-06 1.193884672829881310e-04 3.060918984942873067e-08 5.878851879970170557e-05 7.912391311037936248e-07 2.766189481917535886e-07 3.210338263670564629e-06
1.100000000000000000e+04 1.532784881419502199e-05 1.384274364681914449e-04 6.354124479912570678e-07 1.752498292262316681e-06 7.635466317879036069e-05 3.409741111681796610e-08 6.621011561946943402e-05 2.029752295129583217e-06 1.613988274584698956e-06 1.244121267518494278e-05
1.150000000000000000e+04 9.607595529814716429e-06 3.245230982429347932e-05 1.502819770848873304e-07 9.832258456299314275e-07 3.061207098653540015e-05 2.685098188237589056e-08 3.430129072512499988e-05 1.018398734231595881e-06 1.966505351447267458e-06 1.887932171484862920e-06
1.200000000000000000e+04 1.058838643075432628e-05 6.155278242658823729e-05 2.141291304269543616e-07 4.623256700142519549e-06 2.293534998898394406e-05 4.659803920503691188e-08 5.770547795691527426e-05 1.281332515645772219e-06 7.741612535028252751e-06 2.437562898194300942e-06
1.250000000000000000e+04 1.169138431578176096e-05 6.297314939729403704e-06 1.394624433714852785e-07 1.258577100315960706e-07 7.449069380527362227e-05 5.311688155984484183e-08 1.523470109532354400e-05 4.443910484042135067e-07 2.410573642919189297e-07 2.835289478753111325e-06
1.300000000000000000e+04 1.076860917237354442e-05 1.611424886505119503e-05 2.754599108811817132e-07 1.960615691132261418e-06 6.388648034771904349e-05 8.405415741208344116e-08 1.927680023072753102e-05 5.673549594575888477e-07 1.045572048496978823e-06 1.940930815180763602e-05
1.350000000000000000e+04 4.563749371300218627e-06 1.515811163699254394e-04 1.542069583138072630e-08 1.136797322942584287e-07 1.927532684931065887e-05 1.976230556977043307e-08 4.808800804312340915e-05 1.161371301350300200e-07 4.628179226529027801e-07 9.562027116771787405e-06
1.400000000000000000e+04 2.959556013593100943e-06 2.167179900425253436e-06 1.818063743996845005e-08 4.010038878732302692e-08 1.093707669497234747e-05 1.885551625946391141e-08 2.405669647487229668e-06 5.864327334847985185e-08 1.982855479809586541e-07 2.742936544564145152e-07
1.450000000000000000e+04 1.148210503743030131e-05 2.977606345666572452e-05 2.579578790573577862e-07 5.955185997663647868e-07 9.464015602134168148e-05 2.141172927849765983e-08 1.741203959682025015e-05 3.985045111676299712e-07 1.477426962992467452e-07 1.997253775698482059e-06
1.500000000000000000e+04 1.181279731099493802e-05 9.275270713260397315e-05 1.401419353896926623e-07 4.900713292954606004e-07 7.905696838861331344e-05 2.102190954644811427e-08 4.143267506151460111e-05 1.324978256889153272e-06 8.287207009516350809e-08 3.542711283444077708e-06
1.550000000000000000e+04 3.450884605626924895e-06 3.555695457180263475e-06 6.542865094161243178e-08 4.533645281412646000e-08 3.223410021746531129e-05 2.517767150322924863e-08 1.694371712801512331e-05 6.554842002515215427e-09 1.213430493862688309e-07 6.648542694165371358e-07
1.600000000000000000e+04 2.885638650695909746e-06 3.434793825363158248e-06 3.692692374102080066e-08 3.788079538935562596e-08 2.753501394181512296e-05 2.468253157417166221e-08 1.883276127045974135e-05 4.496600070069689536e-08 7.641948940317888628e-08 9.089313266485987697e-07
1.650000000000000000e+04 7.306090083147864789e-06 2.571276809248956852e-06 1.163740108722777222e-07 9.337814077525763423e-08 1.233606235473416746e-05 3.130036674292568932e-08 3.031854021173785441e-06 1.534627358523721341e-08 1.235184328152172384e-07 3.573013316326978384e-07
1.700000000000000000e+04 4.968120720150182024e-06 5.365681136026978493e-05 1.144237216976762284e-06 1.604213366590556689e-06 1.161379987024702132e-05 2.774745588851601497e-08 8.046042785281315446e-05 1.914564080607306096e-07 3.791413689668843290e-07 5.781178970210021362e-06
1.750000000000000000e+04 3.500566208458621986e-06 4.859475302509963512e-05 1.814250438769704488e-08 1.079460432151790883e-07 2.406029670964926481e-05 5.489256604818137930e-09 2.529594166844617575e-05 7.660806211617909867e-09 5.479725473378493916e-08 4.506895493250340223e-06
1.800000000000000000e+04 3.413366130189388059e-06 8.582750524510629475e-06 4.547684966382803395e-07 1.488088514634000603e-07 3.621190626290626824e-05 2.936434650990804585e-09 9.885348845273256302e-06 2.562233589742390905e-07 1.240653944023506483e-07 1.768658876244444400e-05
1.850000000000000000e+04 3.580206112019368447e-06 4.981651272828457877e-06 3.602164255767092982e-08 2.901758762163808569e-07 2.939367004728410393e-05 1.127200643935566404e-08 1.034402430377667770e-05 6.898463311699742917e-07 3.818974292357779632e-08 1.746571456351375673e-06
1.900000000000000000e+04 2.452886747050797567e-06 1.770929520716890693e-05 1.997053828972639167e-07 1.778352469727906282e-07 2.394344664935488254e-05 5.986580564609766952e-09 1.107342905015684664e-05 9.374853107146918774e-07 2.179189984019558324e-08 3.851418171052500838e-07
1.950000000000000000e+04 1.447706722501607146e-06 2.246595386168337427e-06 3.054089248166746984e-08 2.578756586046893062e-08 4.905154582957038656e-06 1.959648443516925909e-09 4.061523213749751449e-06 1.534768045985401841e-07 8.088679948059507296e-08 5.244359044809243642e-07
2.000000000000000000e+04 1.693680019343446475e-06 1.246241026819916442e-05 1.641540059438284516e-08 2.041074367298278958e-07 1.010631422104779631e-05 3.543820126239438650e-09 2.683884667931124568e-05 6.091924120710245916e-08 1.378493124093438382e-07 5.430056262412108481e-06
2.050000000000000000e+04 1.924952630361076444e-05 1.100498138839611784e-05 1.625441825581219746e-07 2.286368641080116504e-07 6.220275827217847109e-05 2.981394686685234774e-07 3.647636913228780031e-05 3.997371550212847069e-06 1.235304978308704449e-07 1.335032834504090715e-06
2.100000000000000000e+04 7.818534868420101702e-06 4.468889073905302212e-06 1.260735302821558435e-07 1.049914786221961549e-07 3.295561691629700363e-05 2.238201801674222224e-07 1.591194813954643905e-05 2.758428991000982933e-06 1.599067473989634891e-07 5.126418045620084740e-07
2.150000000000000000e+04 6.012411631672875956e-06 5.967523520666873083e-06 2.952076840756490128e-07 1.267652010028541554e-07 1.150521857198327780e-04 1.983492694535016199e-07 1.471934047003742307e-05 6.420822842301276978e-07 4.558122768116845691e-08 1.071008341568813194e-06
2.200000000000000000e+04 3.505107088130898774e-06 4.311807970225345343e-06 1.006851775287032069e-07 7.637756027634168277e-08 1.071446386049501598e-04 8.970455667167698266e-08 1.039557537296786904e-05 6.088591817388078198e-07 6.266962060408332036e-08 1.411213702340319287e-06
2.250000000000000000e+04 5.617329406959470361e-06 6.698763627355219796e-06 3.622507449563272530e-08 9.235002096374955727e-08 5.490934199769981205e-05 2.674850030359721131e-08 5.330457497620955110e-06 7.481898478545190301e-07 8.940539686363990768e-08 4.036410246044397354e-06
2.300000000000000000e+04 4.054394594277255237e-06 5.881549896002979949e-06 5.101581024291590438e-08 7.042105920618269010e-08 4.591090691974386573e-05 1.411965744324561456e-08 5.065261575509794056e-06 3.154535477278841427e-07 3.968893480532642570e-08 4.638056452677119523e-06
2.350000000000000000e+04 3.249275778216542676e-06 1.299480209127068520e-05 1.182498152729749563e-07 3.566976261026866268e-07 4.198156602797098458e-06 1.101758861921098287e-08 2.079650585073977709e-05 9.364711104353773408e-07 5.920844259321711434e-08 4.616596527284855256e-07
2.400000000000000000e+04 2.544112930991104804e-06 2.163710860259016044e-06 2.279574218277957698e-08 2.519495367891977367e-08 2.923844022006960586e-06 8.997013800637887471e-09 5.366467121348250657e-06 9.573406032359343953e-07 6.189165624448378367e-09 5.014049406781850848e-07
2.450000000000000000e+04 1.578653382239281200e-06 1.867617015705036465e-06 1.682511197031999473e-08 2.932171661029769894e-08 8.549581252736970782e-06 5.989425844177276304e-09 3.346918902025208808e-06 9.223131769431347493e-07 9.659260769012689707e-08 5.880210665054619312e-07
2.500000000000000000e+04 9.981121138480375521e-07 3.079194584643119015e-06 1.925777404210293753e-08 6.625333526244503446e-08 6.396381650120019913e-06 3.838623641172489442e-09 3.792415554926265031e-06 9.665950528869871050e-07 4.149345400605852774e-08 1.917834879350266419e-06
2.550000000000000000e+04 4.113501290703425184e-06 1.303557746723527089e-05 5.189144403061618505e-08 1.597218641791187110e-07 1.200970473291818053e-05 1.236571023355281795e-08 3.347132951603271067e-05 1.679624261896606185e-08 2.223421802227676380e-08 1.694461502665944863e-06
2.600000000000000000e+04 2.615671292005572468e-06 3.221941369702108204e-06 3.394954717350628925e-08 6.006330011132376967e-08 3.872147772199241444e-06 2.679435562313869923e-09 1.064955358742736280e-05 2.305042823280700759e-09 2.384322783655079547e-08 4.182858219792251475e-07
2.650000000000000000e+04 1.772670998434477951e-06 1.143127010436728597e-04 2.158837730803497834e-08 6.687645281999721192e-07 3.605886740842834115e-05 6.886805348216284983e-09 4.579043888952583075e-05 3.392001701740809949e-08 1.858471563309649355e-07 1.054046060744440183e-05
2.700000000000000000e+04 1.180002641376631800e-06 8.847457138472236693e-06 3.024538557383493753e-07 8.306543719527326175e-08 1.455635901947971433e-05 1.197764554206059984e-08 8.069480827543884516e-06 2.223000876711012097e-07 5.134080538482521661e-08 2.988954520333209075e-06
2.750000000000000000e+04 4.723474830825580284e-06 1.105433402699418366e-04 1.013117767456606089e-07 2.300845807212681393e-07 4.140894816373474896e-05 2.120581399367438280e-08 1.990478631341829896e-04 5.722471314584254287e-07 4.313712338444020133e-07 2.873860103136394173e-05
2.800000000000000000e+04 2.515252162993419915e-06 2.726438651734497398e-05 4.520911645045089244e-08 2.638535363530536415e-07 7.656371963093988597e-06 1.453283982044695222e-08 3.449898940743878484e-05 8.001723585948639084e-07 1.175709272160929686e-07 3.798636498686391860e-06
2.850000000000000000e+04 2.668638899194775149e-06 4.709312179329572245e-06 1.154036581851869414e-07 6.353051418273025774e-08 4.956877455697394907e-05 1.136416205582690964e-08 4.203830940241459757e-06 1.981088644242845476e-07 7.011901459463842912e-08 9.424057907381211407e-07
2.900000000000000000e+04 1.869291372713632882e-05 1.911308208946138620e-04 3.745283265743637457e-07 2.672183541108097415e-07 5.087206227472051978e-05 3.106321644352760813e-09 1.389298704452812672e-04 4.597450597998431476e-08 5.874661823668247962e-08 1.055086977430619299e-05
2.950000000000000000e+04 2.340942273804103024e-06 4.248700861353427172e-06 3.499796363826135348e-08 1.010880055218876805e-07 4.035211532027460635e-06 7.034392623950225243e-09 9.502055945631582290e-06 3.470792364623775939e-08 4.926231156332505634e-08 2.490241740815690719e-06
3.000000000000000000e+04 1.356311713607283309e-06 1.538985088700428605e-06 3.176273466465318052e-08 3.261487790950923227e-08 1.468292794015724212e-06 5.775449896106010783e-09 2.806123575282981619e-06 2.705827917282022099e-08 9.195223782398898038e-08 4.786447220794798341e-07
3.050000000000000000e+04 5.796047730655118357e-07 1.029243435368698556e-06 1.379243741439495352e-08 3.604235132570465794e-08 8.800143973530794028e-07 9.881318874249700457e-09 3.300265007055713795e-06 1.982291841784444841e-08 1.394141122545988765e-07 1.862030103438883089e-07
3.100000000000000000e+04 6.181949174788314849e-07 5.952380888629704714e-05 3.491549023237894289e-07 6.452967227232875302e-07 1.767092498994315974e-06 7.855482486718301516e-09 8.128066110657528043e-05 1.823340056716915569e-07 7.113660558388801292e-07 1.621598585188621655e-06
3.150000000000000000e+04 9.251946835320268292e-07 3.653504973044618964e-05 1.568562701947939786e-08 5.248087120435229735e-08 7.998178830348479096e-07 7.993587125554313388e-09 1.458510450902394950e-05 4.715244017461373005e-08 5.090298031973361503e-07 2.093172770400997251e-05
3.200000000000000000e+04 3.953338421069929609e-07 3.162454731864272617e-06 1.323659670759980145e-08 2.566586410068794066e-08 5.721310571971116588e-07 6.808606567432207157e-09 4.653345513361273333e-06 5.382695178468566155e-08 1.906194881939882180e-07 1.158902614406542853e-05
3.250000000000000000e+04 1.206178694701520726e-05 1.488725229137344286e-05 1.550926214122227975e-07 8.176032224582741037e-07 6.572042912011966109e-05 3.985426033636940701e-08 2.358542224101256579e-05 6.787828965570952278e-08 7.798644787726516370e-07 2.890492169171920978e-06
3.300000000000000000e+04 5.676034561474807560e-06 1.040286861098138615e-05 1.492031600491827703e-07 2.296690553293956327e-07 5.406732816481962800e-05 2.036852642106623534e-08 1.755582343321293592e-05 7.109262156745899119e-08 2.422380021016579121e-07 3.017013796124956571e-06
3.350000000000000000e+04 4.889906904281815514e-06 8.166068255377467722e-06 4.002347253617699607e-08 8.939036177935122396e-08 6.612498691538348794e-05 2.504209462017570331e-08 5.576770490733906627e-06 9.996383454335955321e-08 9.385979637954733334e-07 3.893159373546950519e-06
3.400000000000000000e+04 4.516868102655280381e-06 6.983661478443536907e-06 3.818592730908676458e-08 4.684510201968805632e-08 5.636561763822101057e-05 1.816193950787692302e-08 5.907103513891343027e-06 1.307554953200451564e-07 6.544808002217905596e-07 3.328399998281383887e-06
3.450000000000000000e+04 4.176541551714763045e-06 6.019007287250133231e-06 1.667313682673920994e-07 3.563402728445907997e-08 4.203324715490452945e-05 7.752277042527566664e-09 2.337236037419643253e-05 1.798863991098187398e-08 2.485197398982563755e-07 3.024645138793857768e-06
3.500000000000000000e+04 2.792464783851755783e-06 5.649670129059813917e-06 1.130975917362775363e-07 2.653524511231353245e-08 3.629557977546937764e-05 1.056153209333388077e-08 3.903023753082379699e-05 1.460868048752672621e-07 7.377670385722012725e-08 3.371477077962481417e-06
3.550000000000000000e+04 3.546823108990793116e-06 1.152488948719110340e-05 8.098970027958785067e-08 1.259910789030982414e-07 2.876363032555673271e-05 1.670815930054914134e-09 1.620258262846618891e-05 2.301849377772668959e-07 3.254128614571527578e-06 6.684000254608690739e-06
3.600000000000000000e+04 1.750278897816315293e-06 5.230458555161021650e-06 1.827248929942015820e-08 5.076701370398950530e-08 1.685604729573242366e-05 7.272255575507813319e-10 2.022869375650770962e-05 1.541504559554596199e-07 3.102339178440161049e-06 9.387103091285098344e-06
3.650000000000000000e+04 7.759409527352545410e-06 5.718600277759833261e-06 2.257747944156562880e-08 1.716419717467942974e-07 2.203083931817673147e-05 3.294656547581098494e-09 5.334018624125747010e-06 1.068040660356928129e-07 1.110560816641736892e-07 6.885945913381874561e-05
3.700000000000000000e+04 4.074779553775442764e-06 4.990887646272312850e-06 7.893743436682143511e-09 7.887929598382470431e-08 8.284721843665465713e-06 2.105139706998215843e-08 6.516233952424954623e-06 7.505593657697318122e-08 5.249634682513715234e-08 2.097197138937190175e-04
3.750000000000000000e+04 2.761887117230799049e-06 3.568497049855068326e-06 6.052349732499351376e-08 2.772559604125035548e-08 5.623426113743335009e-05 3.092709732754883589e-08 5.994353159621823579e-06 1.866501264657927095e-07 1.269697122552315705e-06 1.971678329937276430e-06
3.800000000000000000e+04 2.151204398614936508e-06 4.639219696400687099e-06 5.058307550598328817e-08 2.753451688874974934e-08 5.428225631476379931e-05 1.332279975230221680e-08 5.666635843226686120e-06 1.285266364448034437e-07 7.557608796560089104e-07 2.121909574270830490e-06
3.850000000000000000e+04 1.881103912637627218e-06 6.100550763221690431e-06 1.960594531169590482e-08 1.519057235555010266e-08 1.572688961459789425e-05 3.201224840765348745e-09 4.390673893794883043e-06 3.268682746693230001e-07 7.426909860441810451e-07 2.571663208073005080e-05
3.900000000000000000e+04 5.150884135218802840e-06 1.120518863899633288e-04 3.583698671150159498e-08 2.830563339273339807e-08 1.557276482344605029e-05 4.968049527320772540e-09 8.426946442341431975e-05 3.016431264768471010e-07 5.104906790620589163e-07 9.066361963050439954e-05
3.950000000000000000e+04 2.597025286377174780e-06 5.027284714742563665e-06 2.586644498592249874e-08 1.257100166185409762e-07 3.252391024943790399e-06 6.048580747375353894e-09 5.781485469924518839e-06 2.495997364349022973e-07 8.767581221036380157e-07 1.967632124433293939e-05
4.000000000000000000e+04 1.062276510310766753e-06 8.749871085456106812e-07 1.132864557717994103e-08 8.025973663450258755e-09 1.297956146117940079e-06 8.568965981226028816e-09 4.929826900479383767e-06 2.324414793974938220e-07 3.865307576234044973e-07 3.390112397028133273e-05
4.050000000000000000e+04 1.715574626359739341e-06 1.218958641402423382e-05 4.386243546150581096e-08 1.686308195303354296e-07 3.923219628632068634e-05 1.442143648944238521e-08 6.749079602741403505e-06 9.383767718418312143e-08 7.962072459122282453e-07 1.041640061885118484e-04
