# step, loss_train, loss_test, metrics_test
0.000000000000000000e+00 6.879575084894895554e-03 1.830326020717620850e-01 3.628820180892944336e-02 1.247898954898118973e-02 1.086074020713567734e-02 6.825116928666830063e-03 2.060578316450119019e-01 1.345109939575195312e-02 7.791986688971519470e-03 1.247610338032245636e-02
5.000000000000000000e+02 8.904463029466569424e-04 5.868099629878997803e-02 9.026530460687354207e-05 1.159270541393198073e-04 4.386891610920429230e-03 8.736411691643297672e-04 6.684277206659317017e-02 2.096624375553801656e-04 4.478670689422870055e-06 5.074561107903718948e-03
1.000000000000000000e+03 7.048379629850387573e-04 5.763586238026618958e-02 5.311310451361350715e-05 1.521630038041621447e-04 3.877736395224928856e-03 6.712675094604492188e-04 6.562811881303787231e-02 3.972355625592172146e-05 1.830990731832571328e-05 4.571944940835237503e-03
1.500000000000000000e+03 6.472236127592623234e-04 6.808179616928100586e-02 9.629844862502068281e-05 1.899453054647892714e-04 4.691284149885177612e-03 5.590025102719664574e-04 6.485074758529663086e-02 8.768097177380695939e-05 7.968275895109400153e-05 5.236749071627855301e-03
2.000000000000000000e+03 6.784148281440138817e-04 6.758324056863784790e-02 1.114021943067200482e-04 1.746001944411545992e-04 3.866367042064666748e-03 5.826691631227731705e-04 6.464321166276931763e-02 1.435806334484368563e-04 5.965116724837571383e-05 4.391257651150226593e-03
2.500000000000000000e+03 5.307337851263582706e-04 7.975837588310241699e-02 1.499899517511948943e-04 2.671696129254996777e-04 3.156674792990088463e-03 4.501216462813317776e-04 6.403639912605285645e-02 7.747987547190859914e-05 2.409728040220215917e-05 3.549831919372081757e-03
3.000000000000000000e+03 3.291116154287010431e-04 7.745212316513061523e-02 4.482889489736407995e-04 6.125002400949597359e-04 2.740461612120270729e-03 2.357550401939079165e-04 6.219753250479698181e-02 2.658310404513031244e-04 1.616802765056490898e-04 3.107239957898855209e-03
3.500000000000000000e+03 1.345358556136488914e-03 4.710544273257255554e-02 5.100825801491737366e-04 2.045188331976532936e-03 1.385205658152699471e-03 1.014614826999604702e-03 4.404205456376075745e-02 1.610601437278091908e-03 5.988960154354572296e-03 1.853773952461779118e-03
4.000000000000000000e+03 6.065524066798388958e-04 3.582540666684508324e-03 1.998552761506289244e-04 5.049979663453996181e-04 3.471039002761244774e-03 4.006506060250103474e-04 3.760827938094735146e-03 1.183843778562732041e-04 1.006521866656839848e-03 3.164616413414478302e-03
4.500000000000000000e+03 2.149804640794172883e-04 8.452184847556054592e-04 9.987598605221137404e-05 1.227096799993887544e-04 3.108517033979296684e-03 1.288313651457428932e-04 7.881068158894777298e-04 1.236965326825156808e-04 1.539913355372846127e-04 2.477421425282955170e-03
5.000000000000000000e+03 1.380183239234611392e-04 4.988061264157295227e-04 7.310172804864123464e-05 2.613688775454647839e-05 2.309168921783566475e-03 6.832909275544807315e-05 4.351449897512793541e-04 1.402167545165866613e-04 5.042502743890509009e-05 1.662499504163861275e-03
5.500000000000000000e+03 7.500698848161846399e-05 3.618337796069681644e-04 4.161888864473439753e-05 1.093893843062687665e-05 1.514552044682204723e-03 3.518077937769703567e-05 2.759619674179702997e-04 1.946507109096273780e-04 2.634988777572289109e-05 1.117547159083187580e-03
6.000000000000000000e+03 4.824911593459546566e-05 2.979690325446426868e-04 1.301177871937397867e-05 1.167629216070054099e-05 1.099105924367904663e-03 2.144670179404783994e-05 2.385436819167807698e-04 1.316806738032028079e-04 2.629408299981150776e-05 7.182224071584641933e-04
6.500000000000000000e+03 3.559356991900131106e-05 2.585538022685796022e-04 7.640020157850813121e-06 1.257655367226107046e-05 9.333915659226477146e-04 1.769956725183874369e-05 2.077119133900851011e-04 8.351129508810117841e-05 2.734002919169142842e-05 4.831305705010890961e-04
7.000000000000000000e+03 3.093515988439321518e-05 2.067620371235534549e-04 6.765005309716798365e-06 1.339333721261937171e-05 7.639731629751622677e-04 1.373534723825287074e-05 1.725671900203451514e-04 5.063402568339370191e-05 2.861865687009412795e-05 3.289128944743424654e-04
7.500000000000000000e+03 1.358776989945909008e-05 1.415352162439376116e-04 7.203227596619399264e-06 1.095740844903048128e-05 5.102134309709072113e-04 7.250735052366508171e-06 1.721796870697289705e-04 1.165946196124423295e-05 1.676693682384211570e-05 2.283060748595744371e-04
8.000000000000000000e+03 8.527266800228971988e-06 1.014524605125188828e-04 4.268475549906725064e-06 8.189260370272677392e-06 4.065561806783080101e-04 3.472096068435348570e-06 1.259549899259582162e-04 1.189057456940645352e-05 1.206223805638728663e-05 1.397798769176006317e-04
8.500000000000000000e+03 9.965828212443739176e-06 7.093066233210265636e-05 3.023675844815443270e-06 4.155184342380380258e-06 4.167683364357799292e-04 2.070416030619526282e-06 1.321869494859129190e-04 2.479160320945084095e-05 1.485732627770630643e-05 9.904376202030107379e-05
9.000000000000000000e+03 8.343368790519889444e-06 4.876561797573231161e-05 1.708664399302506354e-06 3.026009380846517161e-06 3.843929443974047899e-04 1.480662490394024644e-06 1.026294194161891937e-04 2.561384462751448154e-05 8.294522558571770787e-06 6.510148523375391960e-05
9.500000000000000000e+03 7.573492894152877852e-06 3.475041012279689312e-05 1.808463707675400656e-06 3.538540795489097945e-06 2.738482435233891010e-04 1.285629537051136140e-06 4.265497409505769610e-05 9.916152521327603608e-06 1.581784204063296784e-06 3.578313408070243895e-05
1.000000000000000000e+04 8.006187272258102894e-06 2.576796214270871133e-05 1.451250568607065361e-06 2.489743792466470040e-06 2.341452200198546052e-04 1.156191842710541096e-06 3.042249772988725454e-05 7.079076112859183922e-06 8.812025953375268728e-07 2.163959470635745674e-05
1.050000000000000000e+04 8.909913049137685448e-06 3.625175668275915086e-05 1.729347673062875401e-06 1.471535028940706979e-06 3.476135025266557932e-04 1.027259031616267748e-06 3.413713056943379343e-05 4.352772066340548918e-06 5.305044510350853670e-07 1.797798540792427957e-05
1.100000000000000000e+04 1.314248675043927506e-05 2.305456473550293595e-05 1.042689405039709527e-06 9.017194315674714744e-07 3.007841587532311678e-04 9.747951708050095476e-07 1.285743292100960389e-05 2.887767323045409285e-06 9.770634505912312306e-07 1.929396057676058263e-05
1.150000000000000000e+04 1.104379589378368109e-05 1.008572780847316608e-05 9.318204092778614722e-07 4.630187504517380148e-07 1.019159826682880521e-04 9.772363682714058086e-07 6.972313713049516082e-06 4.102663297089748085e-06 1.366884362141718157e-06 1.261841953237308189e-05
1.200000000000000000e+04 1.047361911332700402e-05 8.795830581220798194e-06 7.372610184575023595e-07 4.279990548639034387e-07 9.879191929940134287e-05 9.834291176957776770e-07 6.682560524495784193e-06 6.861096153443213552e-06 1.984081791306380183e-06 1.066420190909411758e-05
1.250000000000000000e+04 1.381451784254750237e-05 1.132911347667686641e-05 8.542882028450549114e-07 8.256994306066189893e-07 1.872931024990975857e-04 1.026177187668508850e-06 7.021402325335657224e-06 2.455231651765643619e-06 9.812816870180540718e-07 1.645912379899527878e-05
1.300000000000000000e+04 1.588240411365404725e-05 1.092476213671034202e-05 7.580858891742536798e-07 9.314726412412710488e-07 1.701410365058109164e-04 1.144519160334311891e-06 8.051552867982536554e-06 2.455766889397636987e-06 1.022241349346586503e-06 1.583618904987815768e-05
1.350000000000000000e+04 1.406792762281838804e-05 7.766280759824439883e-06 3.957686658395687118e-07 1.207540663017425686e-06 7.316800474654883146e-05 1.128879262068949174e-06 9.024191967910155654e-06 5.264078481559408829e-06 2.017971837631193921e-06 8.120901838992722332e-06
1.400000000000000000e+04 1.353233983536483720e-05 6.576285613846266642e-06 3.449508199082629289e-07 1.147915895671758335e-06 7.052483852021396160e-05 9.175935815619595814e-07 8.371362127945758402e-06 6.855124411231372505e-06 1.545099166833097115e-06 6.375670182023895904e-06
1.450000000000000000e+04 2.549057353462558240e-05 1.264211459783837199e-05 2.702102790408389410e-07 7.181087653407303151e-07 2.299808838870376348e-04 6.665064802291453816e-07 1.118770251196110621e-05 1.983759102586191148e-05 7.115041853467118926e-07 1.103129670809721574e-05
1.500000000000000000e+04 2.811000194924417883e-05 1.267725019715726376e-05 2.699330821087642107e-07 7.786501896589470562e-07 2.173691464122384787e-04 6.125462164163764101e-07 1.119956959882983938e-05 1.870882078947033733e-05 1.168955122921033762e-06 9.868045708572026342e-06
1.550000000000000000e+04 1.651061211305204779e-05 7.352782631642185152e-06 8.941289593167311978e-07 2.010673597396817058e-06 1.029211271088570356e-04 6.386868562913150527e-07 1.584920028108172119e-05 1.362055354547919706e-05 2.797800107146031223e-06 6.003273483656812459e-06
1.600000000000000000e+04 1.646075179451145232e-05 7.137884495023172349e-06 7.414568017338751815e-07 1.603817622708447743e-06 9.900946315610781312e-05 5.241927851784566883e-07 1.747747410263400525e-05 1.340884682576870546e-05 2.616732899696216919e-06 5.108837740408489481e-06
1.650000000000000000e+04 2.631377719808369875e-05 1.119002627092413604e-05 6.557412461916101165e-07 2.521597025406663306e-06 1.545645645819604397e-04 4.718115746982221026e-07 8.476054063066840172e-06 4.426710802363231778e-06 1.575601004333293531e-06 5.108678578835679218e-06
1.700000000000000000e+04 2.907254202000331134e-05 1.153904941020300612e-05 6.205174258866463788e-07 2.618105327201192267e-06 1.439890911569818854e-04 4.273848333014029777e-07 1.025373876473167911e-05 3.082658167841145769e-06 1.164788841379049700e-06 4.246949174557812512e-06
1.750000000000000000e+04 2.718792711675632745e-05 8.938750397646799684e-06 5.429835709946928546e-07 5.865015850758936722e-07 1.318441936746239662e-04 4.870784096056013368e-07 2.903246240748558193e-05 3.184779416187666357e-06 1.193254774989327416e-06 3.114726496278308332e-06
1.800000000000000000e+04 2.752685941231902689e-05 9.512910764897242188e-06 4.854936719311808702e-07 3.992357164861459751e-07 1.276196126127615571e-04 4.884095119450648781e-07 2.905224391724914312e-05 3.138706460958928801e-06 1.114784254241385497e-06 2.957392780444934033e-06
1.850000000000000000e+04 4.111807356821373105e-05 1.779458216333296150e-05 2.417658890863094712e-07 1.933916337293339893e-06 2.385050902375951409e-04 3.810947077909077052e-07 3.617998663685284555e-05 1.623222487978637218e-06 1.026704921969212592e-06 4.818046363652683794e-06
1.900000000000000000e+04 4.028292823932133615e-05 1.983105539693497121e-05 2.010188495660258923e-07 1.610112803973606788e-06 2.311198331881314516e-04 3.636933172401768388e-07 3.585261219996027648e-05 1.178226170850393828e-06 1.220930812451115344e-06 4.987976808479288593e-06
1.950000000000000000e+04 3.011440094269346446e-05 1.231540954904630780e-05 3.727269586306647398e-07 1.003874103844282217e-06 4.482125586946494877e-05 5.353610390557150822e-07 2.511445745767559856e-05 1.589146336300473195e-06 2.235910415038233623e-06 2.268095386170898564e-06
2.000000000000000000e+04 2.684515857254154980e-05 1.026961035677231848e-05 2.782310559723555343e-07 9.285047326557105407e-07 4.631338015315122902e-05 5.534363367587502580e-07 2.652375223988201469e-05 2.121043507941067219e-06 1.739679987622366752e-06 2.347365352761698887e-06
2.050000000000000000e+04 2.392688111285679042e-05 8.449910637864377350e-06 1.761271732902969234e-07 1.038804157360573299e-06 9.060071170097216964e-05 4.024383599698921898e-07 2.663442137418314815e-05 1.368618768537999131e-06 3.336143095111765433e-07 3.776498488150537014e-06
2.100000000000000000e+04 2.451360523991752416e-05 9.015291652758605778e-06 1.470718302698514890e-07 8.862421623234695289e-07 8.482940756948664784e-05 3.810624207289947663e-07 2.699726428545545787e-05 9.979796686820918694e-07 3.187481354416377144e-07 3.635914254118688405e-06
2.150000000000000000e+04 1.787802648323122412e-05 1.464092929381877184e-05 8.001696301107585896e-07 1.746936163726786617e-06 1.855325681390240788e-04 3.751578390165377641e-07 2.189561564591713250e-05 1.407334025316231418e-06 1.021919615595834330e-06 2.832351810866384767e-06
2.200000000000000000e+04 1.843133759393822402e-05 1.373331997456261888e-05 7.380847932836331893e-07 1.367323307022161316e-06 1.809998066164553165e-04 3.732168920578260440e-07 2.273169229738414288e-05 1.586018925081589259e-06 9.795273854251718149e-07 2.695618604775518179e-06
2.250000000000000000e+04 2.174038854718673974e-05 7.684050615353044122e-06 4.393446886297169840e-07 2.482308616436057491e-07 9.295590280089527369e-05 4.596375902110594325e-07 1.656925633142236620e-05 1.455819187867746223e-06 3.127694526483537629e-06 2.848390977305825800e-06
2.300000000000000000e+04 1.909173806780017912e-05 7.538815225416328758e-06 4.157460011811053846e-07 1.692088744675857015e-07 9.255359327653422952e-05 3.999862485670746537e-07 1.235608760907780379e-05 1.262041564586979803e-06 3.751322537937085144e-06 3.465242798483814113e-06
2.350000000000000000e+04 2.985408173117320985e-05 9.432898878003470600e-06 3.053137334063649178e-07 2.612972309634642443e-07 6.313744961516931653e-05 3.641580690327828052e-07 1.551601417304482311e-05 4.114029707125155255e-06 2.880517513403901830e-06 3.663057441372075118e-06
2.400000000000000000e+04 2.943863728432916105e-05 9.150419828074518591e-06 2.478867884292412782e-07 1.543125449643412139e-07 6.034947364241816103e-05 4.321666438045212999e-07 1.670853816904127598e-05 1.197804613184416667e-05 6.452981324400752783e-06 3.798158331846934743e-06
2.450000000000000000e+04 1.838742537074722350e-05 1.004258319881046191e-05 3.415210585444583558e-07 9.255293207388604060e-07 6.944793130969628692e-05 4.209706503388588317e-07 2.141240292985457927e-05 1.574810653437452856e-06 8.026351565604272764e-07 3.506331040625809692e-06
2.500000000000000000e+04 1.795081152522470802e-05 9.386720194015651941e-06 2.741751643497991608e-07 7.702000743847747799e-07 6.893935642438009381e-05 3.839387545667705126e-07 2.054976175713818520e-05 2.236200089100748301e-06 1.037572019413346425e-06 3.510154101604712196e-06
2.550000000000000000e+04 2.261579174955841154e-05 8.041240107559133321e-06 3.472044909358373843e-07 3.714888237027480500e-07 6.230895814951509237e-05 3.967145403294125572e-07 2.114601375069469213e-05 7.265174417625530623e-07 7.927558840492565650e-07 2.633187023093341850e-06
2.600000000000000000e+04 2.225354182883165777e-05 7.634773282916285098e-06 2.773856806470575975e-07 2.393393288002698682e-07 5.974170198896899819e-05 3.901046454757306492e-07 1.887717917270492762e-05 6.178971716508385725e-07 5.613016469396825414e-07 2.650390797498403117e-06
2.650000000000000000e+04 1.939585308718960732e-05 1.043918564391788095e-05 9.196125461130577605e-08 3.383165960713085951e-07 1.072404775186441839e-04 4.031037974527862389e-07 1.405567491019610316e-05 2.104424311255570501e-06 4.404910498578828992e-07 3.762399273909977637e-06
2.700000000000000000e+04 1.995398633880540729e-05 1.030711791827343404e-05 1.106360798530658940e-07 2.172245530118743773e-07 1.020372001221403480e-04 4.057101534726825776e-07 1.455466190236620605e-05 1.499898985457548406e-06 3.611636714140331605e-07 3.336615691296174191e-06
2.750000000000000000e+04 2.385634616075549275e-05 8.433222319581545889e-06 3.038999523141683312e-07 2.875554514503164683e-07 5.825277185067534447e-05 3.742052001598494826e-07 1.996183527808170766e-05 9.679454251454444602e-07 5.319845968188019469e-07 2.035297711699968204e-06
2.800000000000000000e+04 2.154793946829158813e-05 8.526242709194775671e-06 2.717252414186077658e-07 2.538723435918655014e-07 5.689432873623445630e-05 3.807012092238437617e-07 2.034459430433344096e-05 1.584473352522763889e-06 2.974647941300645471e-07 2.077033286695950665e-06
2.850000000000000000e+04 2.460650284774601460e-05 1.137288654717849568e-05 1.892966565719689243e-07 6.546808322127617430e-07 1.606587466085329652e-04 4.138742326631472679e-07 1.397775577061111107e-05 5.972256076347548515e-07 7.119294309632095974e-07 2.693850774448947050e-06
2.900000000000000000e+04 2.449872954457532614e-05 1.155231166194425896e-05 1.639393047980775009e-07 4.860708600062935147e-07 1.586011640029028058e-04 4.060619573920121184e-07 1.357653309241868556e-05 4.683118959292187355e-07 5.217401053414505441e-07 2.702160145418019965e-06
2.950000000000000000e+04 1.257446183444699273e-05 8.141603757394477725e-06 1.793622601553579443e-07 1.851816051612331648e-07 5.203047840041108429e-05 4.264741164661245421e-07 1.705427712295204401e-05 1.270929601560055744e-06 1.637543618926429190e-06 1.238062054653710220e-06
3.000000000000000000e+04 1.239096945937490091e-05 7.286423169716726989e-06 1.232025397257530130e-07 1.097917987635810277e-07 5.077344030723907053e-05 4.078447943811625009e-07 1.766084278642665595e-05 9.936434253177139908e-07 2.134884425686323084e-06 1.192821287077094894e-06
3.050000000000000000e+04 2.076488271995913237e-05 8.898417945601977408e-06 2.021656797523974092e-07 1.885683360569601064e-07 9.824309381656348705e-05 3.386959406270761974e-07 1.533680733700748533e-05 2.225889943474612664e-07 2.868313231374486350e-07 2.454841933285933919e-06
3.100000000000000000e+04 1.979413900699000806e-05 7.761182132526300848e-06 1.779969380777401966e-07 1.584679552024681470e-07 9.642278018873184919e-05 3.210970476175134536e-07 1.441942094970727339e-05 2.774948200112703489e-07 2.206950284744380042e-07 2.539455863370676525e-06
3.150000000000000000e+04 1.377957778458949178e-05 1.072186205419711769e-05 2.788040376344724791e-07 2.682298827494378202e-07 7.323652243940159678e-05 2.986922424952354049e-07 1.772406540112569928e-05 1.704193323348590638e-06 1.352512413177464623e-06 3.050300847462494858e-06
3.200000000000000000e+04 1.258521751879015937e-05 5.791827788925729692e-06 2.594874786154832691e-07 1.623997434307966614e-07 7.406800432363525033e-05 2.856259868622146314e-07 1.025617802952183411e-05 1.847466705839906354e-06 1.273427642445312813e-06 2.360212192797916941e-06
3.250000000000000000e+04 1.157126916950801387e-05 6.885235052322968841e-06 3.236079066937236348e-07 1.034856111914450594e-07 5.719079126720316708e-05 2.640018124111520592e-07 1.879299634310882539e-05 2.578193971203290857e-06 3.177563030476449057e-07 1.679904471529880539e-06
3.300000000000000000e+04 1.057915960700483993e-05 5.175834303372539580e-06 1.791942878526242566e-07 8.050033528661515447e-08 5.679473906639032066e-05 2.633474025515170069e-07 1.241054269485175610e-05 2.483757953086751513e-06 2.291567540169126005e-07 1.807458602343103848e-06
3.350000000000000000e+04 1.652613536862190813e-05 6.551493697770638391e-06 1.749584299659545650e-07 2.755008381427614950e-07 7.756650302326306701e-05 3.244110757805174217e-07 9.928489816957153380e-06 3.521015514706959948e-07 2.384124258014708175e-07 2.448563691359595396e-06
3.400000000000000000e+04 1.564818921906407923e-05 6.751629825885174796e-06 1.270498870553637971e-07 1.896150223501535947e-07 7.480927160941064358e-05 3.413749141145672183e-07 1.226189124281518161e-05 4.239421684815170011e-07 1.907261690803352394e-07 2.354916432523168623e-06
3.450000000000000000e+04 1.782496474334038794e-05 5.523765594261931255e-06 3.302341440303280251e-07 3.037123121885088040e-07 6.262476381380110979e-05 3.049169947644259082e-07 2.149456668121274561e-05 1.198040195049543399e-06 3.884864270276011666e-07 3.211633838873240165e-06
3.500000000000000000e+04 1.666691969148814678e-05 5.280280674924142659e-06 2.080330148146458669e-07 2.329333170791869634e-07 6.175824819365516305e-05 3.176818950123561081e-07 2.221330760221462697e-05 1.288876319449627772e-06 5.323270784174383152e-07 3.572312152755330317e-06
3.550000000000000000e+04 1.768500624166335911e-05 6.451348781411070377e-06 5.940306095908454154e-07 2.932632128249679226e-07 7.009345426922664046e-05 3.934747496714408044e-07 8.948299182520713657e-06 9.046327704709256068e-07 1.465907985220837872e-06 3.882219516526674852e-06
3.600000000000000000e+04 1.786757457011844963e-05 6.623095032409764826e-06 4.266110806838696590e-07 2.143580957181256963e-07 6.735709030181169510e-05 3.871015223921858706e-07 9.752749974722974002e-06 8.739683039493684191e-07 1.027589178193011321e-06 3.786691877394332550e-06
3.650000000000000000e+04 1.892759973998181522e-05 9.003131708595901728e-06 1.758640877369543887e-07 1.714179660439185682e-07 9.323558333562687039e-05 3.688478500407654792e-07 6.990258953010197729e-06 7.801825745445967186e-07 3.447286758273548912e-07 4.087874458491569385e-06
3.700000000000000000e+04 1.898483606055378914e-05 8.828672434901818633e-06 1.543342591503460426e-07 1.493872332503087819e-07 9.068445069715380669e-05 3.598420335038099438e-07 7.091359748301329091e-06 6.769469109713099897e-07 2.854093565929360921e-07 3.878783445543376729e-06
3.750000000000000000e+04 2.048895112238824368e-05 6.667139587079873309e-06 2.612184744066325948e-07 1.539652032533922466e-07 1.036820685840211809e-04 3.582977683436183725e-07 1.166193214885424823e-05 1.709456000753561966e-06 3.578453799946146319e-07 1.621682599761697929e-06
3.800000000000000000e+04 1.967639400390908122e-05 6.300900167843792588e-06 2.299263002214502194e-07 1.460113452367295395e-07 1.019455812638625503e-04 3.725720318925596075e-07 1.068202618625946343e-05 1.368311018268286716e-06 4.628009264706633985e-07 1.569696451042545959e-06
3.850000000000000000e+04 1.600927134859375656e-05 4.984877705282997340e-06 1.640881492903645267e-07 1.430274352287597139e-07 7.437668682541698217e-05 3.605386211802397156e-07 1.034793058352079242e-05 1.668660161158186384e-07 3.147196139252628200e-07 2.178620206905179657e-06
3.900000000000000000e+04 1.532395981485024095e-05 5.072522071714047343e-06 1.262481532648962457e-07 1.309413164563011378e-07 7.258528785314410925e-05 3.600347326937480830e-07 1.018639886751770973e-05 3.515501418860367266e-07 3.703227378082374344e-07 2.065351054625352845e-06
3.950000000000000000e+04 1.476856323279207572e-05 4.085206001036567613e-06 1.216045717455926933e-07 2.055335102113531320e-07 5.526828681468032300e-05 3.789896538819448324e-07 1.352161598333623260e-05 8.876520951162092388e-06 7.405690212181070819e-07 1.401419922331115231e-06
4.000000000000000000e+04 1.454445100534940138e-05 3.916808054782450199e-06 1.174887529487023130e-07 1.839346452925383346e-07 5.339214112609624863e-05 3.394537770873284899e-07 1.489611622673692182e-05 1.051070921676000580e-05 8.056346132434555329e-07 1.105091655517753679e-06
