# step, loss_train, loss_test, metrics_test
0.000000000000000000e+00 7.843446917831897736e-03 6.627636402845382690e-02 1.001448463648557663e-02 7.295204792171716690e-03 5.146937444806098938e-03 7.861817255616188049e-03 6.806871294975280762e-02 8.484257385134696960e-03 3.732026088982820511e-03 6.033664569258689880e-03
5.000000000000000000e+02 4.068347159773111343e-03 6.785823404788970947e-02 7.028477266430854797e-04 1.147934119217097759e-03 8.969487389549612999e-04 4.085901193320751190e-03 7.194603234529495239e-02 5.371250445023179054e-04 1.169176393887028098e-04 1.782219624146819115e-03
1.000000000000000000e+03 2.555184764787554741e-03 6.409363448619842529e-02 3.541922487784177065e-04 4.119419900234788656e-04 1.714255893602967262e-03 2.554947277531027794e-03 6.998549401760101318e-02 1.947845157701522112e-04 5.122645688970806077e-06 2.527290489524602890e-03
1.500000000000000000e+03 1.257876749150454998e-03 7.382529228925704956e-02 4.029478877782821655e-04 1.332185784121975303e-04 3.256997093558311462e-03 1.229362795129418373e-03 6.773147732019424438e-02 1.366916985716670752e-04 3.910603118129074574e-05 3.932822030037641525e-03
2.000000000000000000e+03 6.338672246783971786e-04 7.085768878459930420e-02 2.401530655333772302e-04 5.173858153284527361e-05 4.668268840759992599e-03 6.025685579515993595e-04 6.650830805301666260e-02 4.535983680398203433e-05 1.338970614597201347e-04 5.272805690765380859e-03
2.500000000000000000e+03 5.248567904345691204e-04 8.246219903230667114e-02 1.543502730783075094e-04 1.151964388554915786e-04 5.878346040844917297e-03 4.901426727883517742e-04 6.555247306823730469e-02 2.929332913481630385e-05 2.268776006530970335e-04 6.327641196548938751e-03
3.000000000000000000e+03 4.009225813206285238e-04 8.184994012117385864e-02 1.177202939288690686e-04 1.506537228124216199e-04 6.298204883933067322e-03 3.673279425129294395e-04 6.531050801277160645e-02 2.714858783292584121e-05 1.956921478267759085e-04 6.721579469740390778e-03
3.500000000000000000e+03 1.201606355607509613e-03 6.615918874740600586e-02 3.621046198531985283e-05 1.752187235979363322e-04 4.615872167050838470e-03 1.162515836767852306e-03 6.524402648210525513e-02 3.037766691704746336e-05 2.758555638138204813e-04 5.194894038140773773e-03
4.000000000000000000e+03 1.288389903493225574e-03 6.599689275026321411e-02 4.551390520646236837e-05 1.601808762643486261e-04 4.247723147273063660e-03 1.238636556081473827e-03 6.507109105587005615e-02 5.494662400451488793e-05 2.323402004549279809e-04 4.840746987611055374e-03
4.500000000000000000e+03 2.366429980611428618e-04 5.393704771995544434e-02 3.357277455506846309e-05 1.060391368810087442e-04 3.446757793426513672e-03 2.045081928372383118e-04 6.774412095546722412e-02 2.713251888053491712e-05 7.734928658464923501e-05 4.095272626727819443e-03
5.000000000000000000e+03 2.400206140009686351e-04 5.394643172621726990e-02 4.084460306330583990e-05 1.172043630504049361e-04 3.342977957800030708e-03 2.086560707539319992e-04 6.775422394275665283e-02 3.064486008952371776e-05 7.050922431517392397e-05 3.992505371570587158e-03
5.500000000000000000e+03 3.122981579508632421e-04 5.884373188018798828e-02 7.032339635770767927e-05 9.140246402239426970e-05 3.431704826653003693e-03 2.782945812214165926e-04 6.702239811420440674e-02 4.597549923346377909e-05 4.564702248899266124e-05 4.009672440588474274e-03
6.000000000000000000e+03 3.255398478358983994e-04 5.880763754248619080e-02 6.907139322720468044e-05 9.121789480559527874e-05 3.311548149213194847e-03 2.879661624319851398e-04 6.689639389514923096e-02 4.421029734658077359e-05 3.621264477260410786e-05 3.888352308422327042e-03
6.500000000000000000e+03 2.686330990400165319e-04 6.037470325827598572e-02 1.046753022819757462e-04 8.652366523165255785e-05 3.611977677792310715e-03 2.257943124277517200e-04 6.643317639827728271e-02 4.774086482939310372e-05 2.264522845507599413e-05 4.228370729833841324e-03
7.000000000000000000e+03 2.513793006073683500e-04 6.025134772062301636e-02 1.086646807380020618e-04 8.689211244927719235e-05 3.400899702683091164e-03 2.124618767993524671e-04 6.641063094139099121e-02 4.284285751054994762e-05 2.067324930976610631e-05 4.011525306850671768e-03
7.500000000000000000e+03 4.229511541780084372e-04 7.352180033922195435e-02 1.165813446277752519e-04 1.514965988462790847e-04 3.915544133633375168e-03 3.698219661600887775e-04 6.474580615758895874e-02 7.871582783991470933e-05 3.683613977045752108e-05 4.466484300792217255e-03
8.000000000000000000e+03 3.933270636480301619e-04 7.328011840581893921e-02 1.237881951965391636e-04 1.548264554003253579e-04 3.478192724287509918e-03 3.443039895500987768e-04 6.458254158496856689e-02 1.015497546177357435e-04 3.896377529599703848e-05 4.018059931695461273e-03
8.500000000000000000e+03 1.881279749795794487e-04 5.653572827577590942e-02 1.113964608521200716e-04 1.231877395184710622e-04 2.312751719728112221e-03 1.671760110184550285e-04 6.620536744594573975e-02 9.325599967269226909e-05 2.396551099081989378e-05 2.939872676506638527e-03
9.000000000000000000e+03 1.508514396846294403e-04 5.632678046822547913e-02 1.361553877359256148e-04 1.403390779159963131e-04 2.203157870098948479e-03 1.335411216132342815e-04 6.605453044176101685e-02 1.204643631353974342e-04 2.653804949659388512e-05 2.820394001901149750e-03
9.500000000000000000e+03 2.796824555844068527e-04 5.356082692742347717e-02 9.828334441408514977e-05 1.995618076762184501e-04 1.995231024920940399e-03 2.483951684553176165e-04 6.493431329727172852e-02 1.959879155037924647e-04 7.528503920184448361e-05 2.630815608426928520e-03
1.000000000000000000e+04 2.509875339455902576e-04 5.332979559898376465e-02 1.293117820750921965e-04 2.460207033436745405e-04 1.919377944432199001e-03 2.183171454817056656e-04 6.459861993789672852e-02 2.726276288740336895e-04 1.115310296881943941e-04 2.549129771068692207e-03
1.050000000000000000e+04 2.437169896438717842e-04 5.473695695400238037e-02 3.791093186009675264e-04 3.030024818144738674e-04 1.930570579133927822e-03 1.981808309210464358e-04 6.438091397285461426e-02 2.868213050533086061e-04 9.660840441938489676e-05 2.445385558530688286e-03
1.100000000000000000e+04 2.364660613238811493e-04 5.427192896604537964e-02 4.837167216464877129e-04 3.331518382765352726e-04 1.816133502870798111e-03 1.821978075895458460e-04 6.393277645111083984e-02 3.554053546395152807e-04 1.258058036910369992e-04 2.328461036086082458e-03
1.150000000000000000e+04 5.884485435672104359e-04 6.418363749980926514e-02 5.878619849681854248e-04 4.529506550170481205e-04 1.806249492801725864e-03 4.533970204647630453e-04 6.157989799976348877e-02 6.782482960261404514e-04 6.112525006756186485e-04 2.356784651055932045e-03
1.200000000000000000e+04 6.058086291886866093e-04 6.267596781253814697e-02 8.263712516054511070e-04 5.742012290284037590e-04 1.689582481049001217e-03 4.426794184837490320e-04 6.001294031739234924e-02 7.908166735433042049e-04 1.290222280658781528e-03 2.235111314803361893e-03
1.250000000000000000e+04 4.526848788373172283e-04 6.401432305574417114e-02 8.646482019685208797e-04 7.365932688117027283e-04 1.865596976131200790e-03 3.368532925378531218e-04 5.830803140997886658e-02 6.172715220600366592e-04 1.370950485579669476e-03 2.403602004051208496e-03
1.300000000000000000e+04 6.080173188820481300e-04 6.090917065739631653e-02 8.741421042941510677e-04 8.718517492525279522e-04 1.890370156615972519e-03 4.745245969388633966e-04 5.460478365421295166e-02 6.009559147059917450e-04 2.287012757733464241e-03 2.414204645901918411e-03
1.350000000000000000e+04 5.976916872896254063e-04 5.450477451086044312e-02 6.370488554239273071e-04 8.313032449223101139e-04 1.897957641631364822e-03 4.870150005444884300e-04 5.025959387421607971e-02 3.255096671637147665e-04 3.765419358387589455e-03 2.409240696579217911e-03
1.400000000000000000e+04 6.806838791817426682e-04 5.051474645733833313e-02 5.172822275198996067e-04 9.745673160068690777e-04 2.052149269729852676e-03 5.733101279474794865e-04 4.484096169471740723e-02 3.594463923946022987e-04 4.647979512810707092e-03 2.525397110730409622e-03
1.450000000000000000e+04 6.785580771975219250e-04 4.471506550908088684e-02 5.095621454529464245e-04 1.161696738563477993e-03 2.559797372668981552e-03 5.725908558815717697e-04 4.084729403257369995e-02 3.882794990204274654e-04 3.352726809680461884e-03 2.818216569721698761e-03
1.500000000000000000e+04 6.812830688431859016e-04 4.133772477507591248e-02 4.338370345067232847e-04 1.253652153536677361e-03 2.768202451989054680e-03 5.730856209993362427e-04 3.682039678096771240e-02 4.104420368093997240e-04 3.613649867475032806e-03 2.971764421090483665e-03
1.550000000000000000e+04 4.980461671948432922e-04 3.338148072361946106e-02 4.898906336165964603e-04 9.303491096943616867e-04 1.991149969398975372e-03 4.117845383007079363e-04 3.617364168167114258e-02 2.866089635062962770e-04 1.953969709575176239e-03 2.345446497201919556e-03
1.600000000000000000e+04 4.949114518240094185e-04 3.198616951704025269e-02 4.000908811576664448e-04 9.071577806025743484e-04 2.017694991081953049e-03 4.048284026794135571e-04 3.422658517956733704e-02 2.426345599815249443e-04 1.954028150066733360e-03 2.351100090891122818e-03
1.650000000000000000e+04 4.194793000351637602e-04 3.792143240571022034e-02 4.656265955418348312e-04 1.081575290299952030e-03 3.417037194594740868e-03 3.493512049317359924e-04 3.150191530585289001e-02 2.566445327829569578e-04 1.760306302458047867e-03 3.445838112384080887e-03
1.700000000000000000e+04 3.993490245193243027e-04 3.518459200859069824e-02 4.450300766620784998e-04 1.092128572054207325e-03 3.602917306125164032e-03 3.291500033810734749e-04 2.921203337609767914e-02 2.158133720513433218e-04 1.764055807143449783e-03 3.579735988751053810e-03
1.750000000000000000e+04 7.662256830371916294e-04 2.995167858898639679e-02 5.052816122770309448e-04 9.746816940605640411e-04 3.206471214070916176e-03 6.270813755691051483e-04 2.349243685603141785e-02 3.949882229790091515e-04 6.030969321727752686e-03 3.354102140292525291e-03
1.800000000000000000e+04 9.458949789404869080e-04 2.644080482423305511e-02 5.132476799190044403e-04 1.000854419544339180e-03 3.287912579253315926e-03 7.617872906848788261e-04 1.992587372660636902e-02 3.592079156078398228e-04 6.451850291341543198e-03 3.406926756724715233e-03
1.850000000000000000e+04 4.470141429919749498e-04 2.087553776800632477e-02 3.563190111890435219e-04 7.142050890251994133e-04 3.077686531469225883e-03 3.578237665351480246e-04 2.165148966014385223e-02 8.706966036697849631e-05 1.738887396641075611e-03 3.039395902305841446e-03
1.900000000000000000e+04 4.098181088920682669e-04 1.812386885285377502e-02 2.970230416394770145e-04 6.557492306455969810e-04 3.223872045055031776e-03 3.213450836483389139e-04 1.872375980019569397e-02 4.790651655639521778e-05 1.545826322399079800e-03 3.136262996122241020e-03
1.950000000000000000e+04 7.336259004659950733e-04 1.676305383443832397e-02 2.676940348464995623e-04 6.954447599127888680e-04 3.437636885792016983e-03 5.678141023963689804e-04 1.252675801515579224e-02 1.155909485532902181e-04 2.471785061061382294e-03 3.506367327645421028e-03
2.000000000000000000e+04 8.219794253818690777e-04 1.283838599920272827e-02 1.825454382924363017e-04 6.700860103592276573e-04 3.664459800347685814e-03 6.325698923319578171e-04 9.112452156841754913e-03 1.567959552630782127e-04 2.056576311588287354e-03 3.674989566206932068e-03
2.050000000000000000e+04 8.383286185562610626e-04 1.014563068747520447e-02 1.016715832520276308e-04 7.940389914438128471e-04 4.508997779339551926e-03 6.651314324699342251e-04 6.958160083740949631e-03 1.820865436457097530e-04 1.774988486431539059e-03 3.942879848182201385e-03
2.100000000000000000e+04 8.408714784309267998e-04 7.252117153257131577e-03 8.477998198941349983e-05 6.829093326814472675e-04 4.726959392428398132e-03 6.723357946611940861e-04 4.906511865556240082e-03 1.839379110606387258e-04 1.363403280265629292e-03 4.085564520210027695e-03
2.150000000000000000e+04 8.467701845802366734e-04 4.919916857033967972e-03 1.152488548541441560e-04 5.484129069373011589e-04 3.905772464349865913e-03 6.844215677119791508e-04 3.356226952746510506e-03 3.081495815422385931e-04 1.125954440794885159e-03 3.822488244622945786e-03
2.200000000000000000e+04 7.530789007432758808e-04 3.805642947554588318e-03 1.033954031299799681e-04 4.383132327347993851e-04 3.903831588104367256e-03 6.055870908312499523e-04 2.519018948078155518e-03 2.871708420570939779e-04 8.041417459025979042e-04 3.789447480812668800e-03
2.250000000000000000e+04 6.425548344850540161e-04 2.905238186940550804e-03 1.061509174178354442e-04 4.036411992274224758e-04 4.126022569835186005e-03 5.159794818609952927e-04 1.867343555204570293e-03 1.409602555213496089e-04 4.355196724645793438e-04 3.992329817265272141e-03
2.300000000000000000e+04 5.654498236253857613e-04 2.189903752878308296e-03 8.969231566879898310e-05 2.652450057212263346e-04 4.003806505352258682e-03 4.529984435066580772e-04 1.441101194359362125e-03 1.066016047843731940e-04 3.459701256360858679e-04 3.851484041661024094e-03
2.350000000000000000e+04 6.265746196731925011e-04 1.859375392086803913e-03 6.743137055309489369e-05 2.099504490615800023e-04 3.520510857924818993e-03 4.745654296129941940e-04 1.138265943154692650e-03 9.303379920311272144e-05 2.000548265641555190e-04 3.043452510610222816e-03
2.400000000000000000e+04 5.522387800738215446e-04 1.691624638624489307e-03 6.383937579812481999e-05 2.225838397862389684e-04 3.333358326926827431e-03 3.983122296631336212e-04 9.732597973197698593e-04 7.662210555281490088e-05 1.762472529662773013e-04 2.856230596080422401e-03
2.450000000000000000e+04 4.447515821084380150e-04 1.715898164547979832e-03 6.551342812599614263e-05 3.034998953808099031e-04 3.328480292111635208e-03 3.346396551933139563e-04 8.581813308410346508e-04 5.278378375805914402e-05 2.334699383936822414e-04 2.862365450710058212e-03
2.500000000000000000e+04 4.052550648339092731e-04 1.490625552833080292e-03 5.823953688377514482e-05 3.164160880260169506e-04 3.206030000001192093e-03 2.960145648103207350e-04 7.182905101217329502e-04 4.055974568473175168e-05 2.542868896853178740e-04 2.724437508732080460e-03
2.550000000000000000e+04 2.895783982239663601e-04 1.139113795943558216e-03 7.018142059678211808e-05 2.897623053286224604e-04 3.121604444459080696e-03 2.034365461440756917e-04 5.788392736576497555e-04 1.121851601055823267e-04 2.198712318204343319e-04 2.812844701111316681e-03
2.600000000000000000e+04 2.570583310443907976e-04 1.019054092466831207e-03 6.850676436442881823e-05 2.976943214889615774e-04 2.928607398644089699e-03 1.761045277817174792e-04 5.334049928933382034e-04 1.057086483342573047e-04 2.255691506434231997e-04 2.637936733663082123e-03
2.650000000000000000e+04 2.856162318494170904e-04 9.490957600064575672e-04 4.420236291480250657e-05 2.715038717724382877e-04 2.686687745153903961e-03 1.998211082536727190e-04 4.935118486173450947e-04 5.554868403123691678e-05 2.110546047333627939e-04 2.261125948280096054e-03
2.700000000000000000e+04 2.650574315339326859e-04 8.845209376886487007e-04 4.421191260917112231e-05 2.318390179425477982e-04 2.551261801272630692e-03 1.785880886018276215e-04 4.516268672887235880e-04 5.393813989940099418e-05 2.061837149085476995e-04 2.118409145623445511e-03
2.750000000000000000e+04 2.258791500935330987e-04 7.472941651940345764e-04 5.086137753096409142e-05 1.525186962680891156e-04 2.198003465309739113e-03 1.404889626428484917e-04 4.867659299634397030e-04 2.299512925674207509e-05 2.632161485962569714e-04 2.057670848444104195e-03
2.800000000000000000e+04 1.985838898690417409e-04 6.965192151255905628e-04 4.960021033184602857e-05 1.034349843394011259e-04 2.051381627097725868e-03 1.180091639980673790e-04 4.582698456943035126e-04 2.412410321994684637e-05 1.673817168921232224e-04 1.903178403154015541e-03
2.850000000000000000e+04 1.489257701905444264e-04 6.176644819788634777e-04 5.344952660379931331e-05 8.794460154604166746e-05 2.122512785717844963e-03 8.643142791697755456e-05 3.993997815996408463e-04 4.892766446573659778e-05 9.531230898573994637e-05 1.859210547991096973e-03
2.900000000000000000e+04 1.277615956496447325e-04 5.352562293410301208e-04 4.743566387332975864e-05 9.014640818350017071e-05 1.983372960239648819e-03 7.165750139392912388e-05 3.456682607065886259e-04 4.944304964737966657e-05 1.109889708459377289e-04 1.703133224509656429e-03
2.950000000000000000e+04 1.182477280963212252e-04 5.112573853693902493e-04 3.526166619849391282e-05 8.479919779347255826e-05 2.086803549900650978e-03 6.485580524895340204e-05 3.231886948924511671e-04 3.999044929514639080e-05 1.659303525229915977e-04 1.533702015876770020e-03
3.000000000000000000e+04 1.060121358023025095e-04 4.515154869295656681e-04 3.038107206521090120e-05 7.444559741998091340e-05 1.922040362842381001e-03 5.581933510256931186e-05 2.989092608913779259e-04 4.133328911848366261e-05 1.685683673713356256e-04 1.382168149575591087e-03
3.050000000000000000e+04 9.297116775996983051e-05 3.630509017966687679e-04 3.718321386259049177e-05 6.900450534885749221e-05 1.702464884147047997e-03 4.580592212732881308e-05 3.037019632756710052e-04 3.056881541851907969e-05 6.589938857359811664e-05 1.255556941032409668e-03
3.100000000000000000e+04 7.999668014235794544e-05 3.175402816850692034e-04 3.311910404590889812e-05 6.979476893320679665e-05 1.571920933201909065e-03 3.759738683584146202e-05 2.716955495998263359e-04 3.257634307374246418e-05 5.899342431803233922e-05 1.146845635958015919e-03
3.150000000000000000e+04 6.388861947925761342e-05 3.194628516212105751e-04 2.041248626483138651e-05 4.676580283557996154e-05 1.453675678931176662e-03 3.094968269579112530e-05 2.135758841177448630e-04 3.439435749896802008e-05 9.185165254166349769e-05 1.031270599924027920e-03
3.200000000000000000e+04 5.445870556286536157e-05 2.892362535931169987e-04 2.417139330646023154e-05 4.884594090981408954e-05 1.345258555375039577e-03 2.589480209280736744e-05 1.945323165273293853e-04 3.803897197940386832e-05 9.579857578501105309e-05 9.427224285900592804e-04
3.250000000000000000e+04 4.523958341451361775e-05 2.608045178931206465e-04 5.804748798254877329e-05 6.351723277475684881e-05 1.152119133621454239e-03 2.126719482475891709e-05 1.810553076211363077e-04 8.461197285214439034e-05 6.215100438566878438e-05 9.098726441152393818e-04
3.300000000000000000e+04 4.061030267621390522e-05 2.408268774161115289e-04 5.570608482230454683e-05 5.272451744531281292e-05 1.102917827665805817e-03 1.832182897487655282e-05 1.675312960287556052e-04 8.935134974308311939e-05 5.229732778389006853e-05 8.582828450016677380e-04
3.350000000000000000e+04 5.140024586580693722e-05 2.700231270864605904e-04 4.493040614761412144e-05 2.793766543618403375e-05 1.307879108935594559e-03 1.673557562753558159e-05 1.869529514806345105e-04 4.658594116335734725e-05 7.042257493594661355e-05 7.225534063763916492e-04
3.400000000000000000e+04 4.519355934462510049e-05 2.469211758580058813e-04 4.123043254367075861e-05 3.122874841210432351e-05 1.226719818077981472e-03 1.538405376777518541e-05 1.744714245432987809e-04 4.295379039831459522e-05 9.478597348788753152e-05 6.611390272155404091e-04
3.450000000000000000e+04 3.891446249326691031e-05 2.248439268441870809e-04 2.762391522992402315e-05 4.851284029427915812e-05 1.019192743115127087e-03 1.358595818601315841e-05 1.537813805043697357e-04 4.820281901629641652e-05 7.053185254335403442e-05 6.451471126638352871e-04
3.500000000000000000e+04 3.601987555157393217e-05 2.109192719217389822e-04 2.087297434627544135e-05 4.104627441847696900e-05 9.766102302819490433e-04 1.196704397443681955e-05 1.507491542724892497e-04 3.949876190745271742e-05 6.741131073795258999e-05 6.014714599587023258e-04
3.550000000000000000e+04 3.091452890657819808e-05 1.885956153273582458e-04 1.768976835592184216e-05 3.576436574803665280e-05 1.026039826683700085e-03 1.142819110100390390e-05 1.491720904596149921e-04 3.586841557989828289e-05 4.235240339767187834e-05 5.507036112248897552e-04
3.600000000000000000e+04 2.809644502121955156e-05 1.772482646629214287e-04 1.422497552994173020e-05 3.125664807157590985e-05 9.712033206596970558e-04 1.064831758412765339e-05 1.495032047387212515e-04 2.597731145215220749e-05 3.936543362215161324e-05 5.006633582524955273e-04
3.650000000000000000e+04 2.660727841430343688e-05 1.692185469437390566e-04 1.065901415131520480e-05 2.938288162113167346e-05 1.011722604744136333e-03 9.733389561006333679e-06 1.280054711969569325e-04 1.306375452259089798e-05 3.839212149614468217e-05 4.640889819711446762e-04
3.700000000000000000e+04 2.445881364110391587e-05 1.595136418472975492e-04 9.326191502623260021e-06 2.572914854681584984e-05 9.560253238305449486e-04 8.614012585894670337e-06 1.218898833030834794e-04 1.171217354567488655e-05 3.632218795246444643e-05 4.167738079559057951e-04
3.750000000000000000e+04 2.124696584360208362e-05 1.703259185887873173e-04 4.736079972644802183e-06 2.146839506167452782e-05 1.047613797709345818e-03 8.388212336285505444e-06 1.202233179355971515e-04 1.517382679594447836e-05 2.373670031374786049e-05 3.663697571028023958e-04
3.800000000000000000e+04 2.047248381131794304e-05 1.583666307851672173e-04 4.059938873979263008e-06 1.515054918854730204e-05 9.808393660932779312e-04 7.621610620844876394e-06 1.222868886543437839e-04 1.423350295226555318e-05 1.798058110580313951e-05 3.199193452019244432e-04
3.850000000000000000e+04 1.686489122221246362e-05 1.149068411905318499e-04 6.539696641993941739e-06 9.893913556879851967e-06 7.542950916104018688e-04 6.208002560015302151e-06 1.141288375947624445e-04 1.325016546616097912e-05 1.379267632728442550e-05 3.031814412679523230e-04
3.900000000000000000e+04 1.494493790232809260e-05 1.013288419926539063e-04 4.806112883670721203e-06 6.491379281214904040e-06 7.259469130076467991e-04 5.314672762324335054e-06 1.105727060348726809e-04 1.070649705070536584e-05 1.068333858711412176e-05 2.741870994213968515e-04
3.950000000000000000e+04 1.484128370066173375e-05 8.908031304599717259e-05 6.832940016465727240e-06 6.478573141066590324e-06 5.989533965475857258e-04 4.935459855914814398e-06 1.102362293750047684e-04 1.656144922890234739e-05 4.275171704648528248e-06 2.518026740290224552e-04
4.000000000000000000e+04 1.478735794080421329e-05 7.902911602286621928e-05 5.423831225925823674e-06 4.242619525030022487e-06 5.726150120608508587e-04 4.607702976500149816e-06 1.056098481058143079e-04 1.417241765011567622e-05 2.362304257985670120e-06 2.251111000077798963e-04
4.050000000000000000e+04 1.978387081180699170e-05 8.936750236898660660e-05 5.474184945342130959e-06 2.505676320652128197e-06 6.574619910679757595e-04 4.544398052530596033e-06 5.808574132970534265e-05 1.076147418643813580e-05 3.637962890934431925e-06 1.904597011161968112e-04
4.100000000000000000e+04 1.847193743742536753e-05 8.062353299465030432e-05 4.870024895353708416e-06 2.298978643011651002e-06 6.236942717805504799e-04 4.103829269297420979e-06 5.452026380226016045e-05 7.237380941660376266e-06 3.235131771361920983e-06 1.653959479881450534e-04
4.150000000000000000e+04 1.253641676157712936e-05 5.500241968547925353e-05 3.743387878785142675e-06 1.470034476369619370e-06 3.818613186012953520e-04 3.632815378296072595e-06 6.323114212136715651e-05 6.779897375963628292e-06 1.386522512802912388e-06 1.464658416807651520e-04
4.200000000000000000e+04 1.129787415266036987e-05 4.979349978384561837e-05 3.285971388322650455e-06 1.149765353147813585e-06 3.639614151325076818e-04 3.317428991067572497e-06 5.946911915089003742e-05 7.148896656872238964e-06 1.399701091031602118e-06 1.288595085497945547e-04
4.250000000000000000e+04 1.236638399859657511e-05 5.184347173781134188e-05 3.357745526955113746e-06 1.093533796847623307e-06 4.912576987408101559e-04 3.039697276108199731e-06 1.266109029529616237e-04 9.876239346340298653e-06 1.676405418038484640e-06 1.141697284765541553e-04
4.300000000000000000e+04 1.182246614916948602e-05 4.644928048946894705e-05 3.240970499973627739e-06 9.703242085379315540e-07 4.620049148797988892e-04 2.747879989328794181e-06 1.205933076562359929e-04 1.320927185588516295e-05 2.346020892218803056e-06 9.674600005382671952e-05
4.350000000000000000e+04 9.144878276856616139e-06 5.156640690984204412e-05 9.193212463287636638e-06 2.292636509082512930e-06 3.776362573262304068e-04 2.646688244567485526e-06 7.191025360953062773e-05 4.336681740824133158e-06 3.607531880334136076e-06 8.452354086330160499e-05
4.400000000000000000e+04 8.161172445397824049e-06 4.539242218015715480e-05 8.240663191827479750e-06 2.110136392730055377e-06 3.565792867448180914e-04 2.525635409256210551e-06 6.269908044487237930e-05 4.082109626324381679e-06 2.808540557452943176e-06 7.332592213060706854e-05
4.450000000000000000e+04 1.022158448904519901e-05 4.909794733976013958e-05 5.537924153031781316e-06 2.132616145900101401e-06 4.654165240935981274e-04 2.422783154543139972e-06 4.894741141470149159e-05 4.197000635031145066e-06 4.300326509110163897e-06 6.320052489172667265e-05
4.500000000000000000e+04 1.029175746225519106e-05 4.718819764093495905e-05 4.178125436737900600e-06 2.365910177104524337e-06 4.428938264027237892e-04 2.253529601148329675e-06 5.106133539811708033e-05 4.067713234690017998e-06 4.556250587484100834e-06 5.479543324327096343e-05
4.550000000000000000e+04 1.343663006991846487e-05 5.288393367663957179e-05 3.350354745634831488e-06 2.021166665144846775e-06 5.741487257182598114e-04 2.245589939775527455e-06 5.632852116832509637e-05 4.648174581234343350e-06 5.495330242411000654e-06 4.821782204089686275e-05
4.600000000000000000e+04 1.339459140581311658e-05 5.037150185671634972e-05 2.446167400194099173e-06 2.114512426487635821e-06 5.468247109092772007e-04 2.075174961646553129e-06 5.619049261440522969e-05 5.483365839609177783e-06 4.914167675451608375e-06 4.217185778543353081e-05
4.650000000000000000e+04 8.721900485397782177e-06 3.477656355244107544e-05 3.337393536639865488e-06 1.446354076506395359e-06 2.295056910952553153e-04 1.736082936076854821e-06 3.310070678708143532e-05 3.106009899056516588e-06 9.154895792562456336e-07 3.575235677999444306e-05
4.700000000000000000e+04 7.837209523131605238e-06 2.881137334043160081e-05 3.292920609965221956e-06 1.281105824091355316e-06 2.268112148158252239e-04 1.596789843461010605e-06 2.698068965401034802e-05 2.719424401220749132e-06 1.514279006187280174e-06 3.270080924266949296e-05
4.750000000000000000e+04 6.744307938788551837e-06 3.032743188668973744e-05 1.718311978038400412e-06 1.259616851712053176e-06 2.484272408764809370e-04 1.621315277589019388e-06 4.189031460555270314e-05 1.362634179713495541e-06 2.243899416498607025e-06 3.169983028783462942e-05
4.800000000000000000e+04 7.357185950240818784e-06 2.924578802776522934e-05 1.548557065689237788e-06 1.106022523345018271e-06 2.283764479216188192e-04 1.494407911195594352e-06 4.218029789626598358e-05 1.305563500864082016e-06 1.726736627460923046e-06 3.034724977624136955e-05
4.850000000000000000e+04 8.813398380880244076e-06 2.558401683927513659e-05 2.831313395290635526e-06 1.986359848160645925e-06 2.422537509119138122e-04 1.499292579865141306e-06 2.687982487259432673e-05 2.097957121804938652e-06 3.563072255019505974e-07 2.569808202679269016e-05
4.900000000000000000e+04 8.516647540091071278e-06 2.380115256528370082e-05 2.453369461363763548e-06 1.738649984872608911e-06 2.307853865204378963e-04 1.280432911698881071e-06 2.499895526852924377e-05 2.020784449996426702e-06 3.386131197657960001e-07 2.270002732984721661e-05
4.950000000000000000e+04 7.707645636401139200e-06 2.690545807126909494e-05 2.469066657795337960e-06 2.291451437486102805e-06 2.251408732263371348e-04 1.044059104060579557e-06 2.567662886576727033e-05 2.496541810614871792e-06 2.341576191611238755e-06 1.974002589122392237e-05
5.000000000000000000e+04 7.994628504093270749e-06 2.670075446076225489e-05 2.116024688803008758e-06 1.766254285939794499e-06 2.166049671359360218e-04 9.865163974609458819e-07 2.709040745685342699e-05 2.937058297902694903e-06 4.360491402621846646e-06 1.775447526597417891e-05
5.050000000000000000e+04 8.309332770295441151e-06 3.230288712074980140e-05 1.796187802938220557e-06 1.777299644345475826e-06 3.657736815512180328e-04 9.554355528962332755e-07 4.508826896199025214e-05 1.949106490428675897e-06 1.120649017138930503e-06 2.216091343143489212e-05
5.100000000000000000e+04 9.122370101977139711e-06 3.143476351397112012e-05 1.563005866955791134e-06 1.751527861415524967e-06 3.496496647130697966e-04 8.364548307326913346e-07 4.756765702040866017e-05 2.508811348889139481e-06 9.482309337727201637e-07 2.394446528342086822e-05
5.150000000000000000e+04 1.628569953027181327e-05 2.168116043321788311e-05 1.211676476486900356e-06 9.154697409030632116e-07 2.453820488881319761e-04 7.294481179087597411e-07 4.386166983749717474e-05 2.986035497087868862e-06 1.762323904586082790e-06 1.905552380776498467e-05
5.200000000000000000e+04 1.594691639184020460e-05 2.073190626106224954e-05 1.173908913187915459e-06 7.880356065470550675e-07 2.399229852017015219e-04 7.064593319228151813e-07 4.156003342359326780e-05 3.839189048449043185e-06 2.129490212610107847e-06 1.704709575278684497e-05
5.250000000000000000e+04 1.239325592905515805e-05 2.133073212462477386e-05 9.667129461377044208e-07 8.035881364776287228e-07 2.423854457447305322e-04 6.384020139194035437e-07 4.531924423645250499e-05 1.353914922219701111e-05 9.931794920703396201e-06 1.472093299526022747e-05
5.300000000000000000e+04 1.278749368793796748e-05 2.024087189056444913e-05 9.811949439608724788e-07 6.830719598838186357e-07 2.361241349717602134e-04 6.047723104529723059e-07 4.206554513075388968e-05 1.549149055790621787e-05 1.007802347885444760e-05 1.426645849278429523e-05
5.350000000000000000e+04 9.418737136002164334e-06 1.507614069851115346e-05 1.146244812844088301e-06 1.055281813933106605e-06 2.145589533029124141e-04 5.280094228510279208e-07 5.311345739755779505e-05 1.212882762047229335e-05 4.991521564079448581e-06 1.340684684691950679e-05
5.400000000000000000e+04 9.716643944557290524e-06 1.448203511245083064e-05 1.006015281745931134e-06 1.067502921614504885e-06 2.083271392621099949e-04 4.985030841453408357e-07 5.740367851103655994e-05 1.159674593509407714e-05 5.457927727547939867e-06 1.301989050261909142e-05
5.450000000000000000e+04 1.519508441560901701e-05 2.409267654002178460e-05 9.453054303776298184e-07 6.871499635963118635e-07 2.404250844847410917e-04 5.484060352500819135e-07 3.787315654335543513e-05 7.875969458837062120e-06 5.464624791784444824e-06 1.239505581906996667e-05
5.500000000000000000e+04 1.604446697456296533e-05 2.319263330718968064e-05 6.692624765491927974e-07 7.088584084158355836e-07 2.331113937543705106e-04 5.635242246171401348e-07 3.672899401863105595e-05 9.216931175615172833e-06 4.655514203477650881e-06 1.225740652444073930e-05
5.550000000000000000e+04 1.846954546635970473e-05 1.913367668748833239e-05 1.229190274898428470e-06 9.467619292991003022e-07 1.652278879191726446e-04 5.801903739666158799e-07 2.439994568703696132e-05 1.121691548178205267e-05 2.978852307933266275e-06 1.135800994234159589e-05
5.600000000000000000e+04 1.819856515794526786e-05 1.764685839589219540e-05 1.084566520148655400e-06 9.829092277868767269e-07 1.630622573429718614e-04 6.116701456448936369e-07 2.217989640485029668e-05 1.178118327516131103e-05 2.604512246762169525e-06 1.076579974323976785e-05
5.650000000000000000e+04 1.528880420664791018e-05 1.535754017822910100e-05 7.612156309733109083e-07 4.995057452106266282e-07 7.771394302835687995e-05 6.360935458360472694e-07 2.771356776065658778e-05 6.244795713428175077e-06 1.076803641808510292e-06 9.070528903976082802e-06
5.700000000000000000e+04 1.460617659176932648e-05 1.306391732214251533e-05 6.990437100284907501e-07 4.655000793718500063e-07 7.747958443360403180e-05 6.676325483567779884e-07 2.316948121006134897e-05 6.217228019522735849e-06 1.063013883140229154e-06 8.423782674071844667e-06
5.750000000000000000e+04 1.270303710043663159e-05 9.545215107209514827e-06 1.009997049550293013e-06 8.678521226102020591e-07 1.024028024403378367e-04 6.404559371731011197e-07 4.500450449995696545e-05 1.043203496919886675e-06 2.840197794284904376e-06 8.388131391257047653e-06
5.800000000000000000e+04 1.283399160456610844e-05 9.024098289955873042e-06 6.654415756202070042e-07 6.701003485432011075e-07 1.005455560516566038e-04 6.547570592374540865e-07 4.345855631981976330e-05 5.346569764697051141e-07 3.900041065207915381e-06 8.367815098608843982e-06
5.850000000000000000e+04 1.350013553746975958e-05 1.297622657148167491e-05 7.648436053386831190e-07 8.190489211301610339e-07 1.949366269400343299e-04 6.986861080804374069e-07 2.702335586945991963e-05 5.019011950935237110e-06 1.118163936553173698e-06 9.735614185046870261e-06
5.900000000000000000e+04 1.402775978931458667e-05 1.258699649042682722e-05 5.748301532548794057e-07 6.798919685024884529e-07 1.915488828672096133e-04 6.745380005668266676e-07 2.710067747102584690e-05 5.554180916078621522e-06 9.814206123337498866e-07 9.686513294582255185e-06
5.950000000000000000e+04 1.280523520108545199e-05 1.254452672583283857e-05 4.894051812698307913e-07 1.407917579854256473e-06 1.358641457045450807e-04 6.836719421698944643e-07 2.251117075502406806e-05 3.496042154438327998e-06 2.057357733065146022e-06 8.764012818573974073e-06
6.000000000000000000e+04 1.281793356611160561e-05 1.168174912891117856e-05 4.119843310945725534e-07 1.158269924417254515e-06 1.347852230537682772e-04 6.898075639583112206e-07 2.193497130065225065e-05 3.283418891442124732e-06 2.295161721121985465e-06 8.392751624342054129e-06
6.050000000000000000e+04 1.753701144480146468e-05 1.227532811753917485e-05 4.137063456255418714e-07 4.497176178119843826e-07 1.694926613708958030e-04 6.870042739137716126e-07 2.227449658676050603e-05 1.558257508804672398e-06 3.777386837100493722e-06 8.637245628051459789e-06
6.100000000000000000e+04 1.797311779228039086e-05 1.169760344055248424e-05 3.656724629763630219e-07 4.070354862051317468e-07 1.662185386521741748e-04 7.030419624243222643e-07 2.130304528691340238e-05 1.549915168652660213e-06 4.501194325712276623e-06 8.483177225571125746e-06
6.150000000000000000e+04 1.685571442067157477e-05 1.140194399340543896e-05 1.069562472366669681e-06 7.122855549823725596e-07 1.420664048055186868e-04 6.726037327098310925e-07 2.017235237872228026e-05 2.281779188706423156e-06 3.903037395502906293e-06 8.806637197267264128e-06
6.200000000000000000e+04 1.751874333422165364e-05 1.091029298549983650e-05 8.679417646817455534e-07 7.616379775754467119e-07 1.380557951051741838e-04 6.763646638319187332e-07 2.132184272340964526e-05 1.912778770929435268e-06 3.589550487959058955e-06 8.767302460910286754e-06
6.250000000000000000e+04 1.883101867861114442e-05 8.594012797402683645e-06 6.690577265544561669e-07 1.366022729598626029e-06 1.143977715400978923e-04 6.772422125322918873e-07 4.207569145364686847e-05 1.256268433280638419e-06 1.332065153292205650e-06 8.059158972173463553e-06
6.300000000000000000e+04 1.887074904516339302e-05 8.403100764553528279e-06 4.409348264289292274e-07 1.319048124059918337e-06 1.116507482947781682e-04 6.883753940201131627e-07 4.652665666071698070e-05 1.566103378536354285e-06 1.255057100024714600e-06 7.858781827962957323e-06
6.350000000000000000e+04 1.795958269212860614e-05 9.394967491971328855e-06 2.767950206816749414e-07 1.299090854445239529e-06 8.337313192896544933e-05 7.168912929955695290e-07 1.957690983545035124e-05 9.717424518385087140e-07 6.137385639704007190e-07 5.983795745123643428e-06
6.400000000000000000e+04 1.741247797326650470e-05 8.358073500858154148e-06 2.609079672311054310e-07 1.190463422062748577e-06 8.280506881419569254e-05 7.207046905932656955e-07 1.757768950483296067e-05 9.959287581295939162e-07 4.945666773892298806e-07 5.215692453930387273e-06
6.450000000000000000e+04 1.944050563906785101e-05 8.841757335176225752e-06 2.112024475309226546e-07 7.570126854261616245e-07 1.796692667994648218e-04 7.148127565415052231e-07 1.603469172550830990e-05 2.018723080254858360e-06 3.748253050162020372e-07 7.718394954281393439e-06
6.500000000000000000e+04 2.108370244968682528e-05 8.938736755226273090e-06 1.767480455328040989e-07 7.410084208459011279e-07 1.737708516884595156e-04 6.922348916305054445e-07 1.783282277756370604e-05 2.064629370579496026e-06 4.743035901810799260e-07 8.108693691610824317e-06
6.550000000000000000e+04 2.151579428755212575e-05 9.724627489049453288e-06 3.235232099996210309e-07 3.328816831071890192e-07 1.635528315091505647e-04 6.987722258600115310e-07 2.228665107395499945e-05 2.480027205820078962e-06 1.573798954268568195e-06 6.767468676116550341e-06
6.600000000000000000e+04 2.079954356304369867e-05 9.457529813516885042e-06 3.259802383581700269e-07 2.923761712736450136e-07 1.631347113288938999e-04 7.103473649294755887e-07 2.130657048837747425e-05 2.585333959359559231e-06 1.610969775356352329e-06 6.193538411025656387e-06
6.650000000000000000e+04 1.788524059520568699e-05 8.164280188793782145e-06 3.008233306900365278e-07 5.561763600780977868e-07 9.924494952429085970e-05 6.916980055393651128e-07 2.019083149207290262e-05 1.059742771758465096e-06 2.247184283987735398e-06 6.005811428622109815e-06
6.700000000000000000e+04 1.782432627805974334e-05 7.786707101331558079e-06 2.077908050068799639e-07 5.350424316930002533e-07 9.776643128134310246e-05 6.821126703471236397e-07 1.976658677449449897e-05 9.225818189406709280e-07 2.336733814445324242e-06 5.882582172489492223e-06
