# step, loss_train, loss_test, metrics_test
0.000000000000000000e+00 1.090415660291910172e-02 1.172296553850173950e-01 1.384784409310668707e-04 1.300452277064323425e-04 2.520880429074168205e-03 1.088307145982980728e-02 1.533595472574234009e-01 5.640361341647803783e-04 3.570250701159238815e-04 3.535780357196927071e-03
5.000000000000000000e+02 3.820666461251676083e-05 8.440767996944487095e-04 2.541831599955912679e-05 6.116851727711036801e-05 8.232681429944932461e-04 1.779876038199290633e-05 1.067227101884782314e-03 3.621778887463733554e-05 4.699816054198890924e-05 6.065906491130590439e-04
1.000000000000000000e+03 1.554617847432382405e-05 8.492072811350226402e-05 8.773735316935926676e-06 6.452072284446330741e-06 4.273670201655477285e-04 3.558308662832132541e-06 1.344882766716182232e-04 8.002441063581500202e-06 3.346371158841066062e-06 1.643014256842434406e-04
1.500000000000000000e+03 5.452689219964668155e-05 8.845374686643481255e-04 3.885170735884457827e-04 4.975478441338054836e-05 7.168636075221002102e-04 2.078828401863574982e-06 1.240919576957821846e-03 3.862961602862924337e-04 1.114830047299619764e-05 3.721442189998924732e-04
2.000000000000000000e+03 4.117408752790652215e-05 3.990772165707312524e-05 7.084202479745727032e-06 2.583814875833922997e-06 3.338824026286602020e-04 1.049170009537192527e-06 1.370503887301310897e-04 8.278080713353119791e-06 1.454942548662074842e-06 1.900810821098275483e-05
2.500000000000000000e+03 2.650715578056406230e-05 1.086683041648939252e-04 6.937959824426798150e-06 1.236922230418713298e-06 1.850034605013206601e-04 2.552909847963746870e-07 1.303892349824309349e-04 7.665354132768698037e-06 1.059421151694550645e-06 1.387868360325228423e-05
3.000000000000000000e+03 3.142569767078384757e-05 9.827991743804886937e-05 1.352845515611988958e-06 1.415731048837187700e-06 2.007884759223088622e-04 1.748662725731264800e-07 1.328102371189743280e-04 6.789384201510983985e-07 1.632633370718394872e-06 1.357335577267804183e-06
3.500000000000000000e+03 5.005948696634732187e-05 1.442217908333986998e-04 1.406734668307763059e-06 2.890915311581920832e-06 1.861422497313469648e-04 3.872317506647959817e-07 1.939661451615393162e-04 6.544220468640560284e-06 2.531616473788744770e-06 9.339522875961847603e-06
4.000000000000000000e+03 2.380110890953801572e-05 1.955963489308487624e-05 1.493479771852435078e-06 8.718350841263600159e-07 2.082850987790152431e-04 3.851243945973692462e-07 2.726319144130684435e-05 1.346345470665255561e-06 7.591661983497033361e-07 9.126390068558976054e-06
4.500000000000000000e+03 4.936376717523671687e-05 2.155880611098837107e-05 4.934304342896211892e-07 5.566934646594745573e-07 2.597890561446547508e-04 6.061052317818393931e-07 6.393234798451885581e-05 2.408634713901847135e-07 8.721316362425568514e-07 4.670121143135474995e-06
5.000000000000000000e+03 4.837746382690966129e-05 2.212048129877075553e-04 1.611408697499427944e-05 5.443837380880722776e-06 3.879097057506442070e-04 2.579232329935621237e-07 1.891818246804177761e-04 8.173497917596250772e-06 5.902060820517363027e-06 1.622680720174685121e-04
5.500000000000000000e+03 1.315015379077522084e-05 2.122115984093397856e-05 2.186577603424666449e-07 8.996011757744781789e-08 8.807947597233578563e-05 1.201445343212981243e-07 1.969243930943775922e-05 1.746683722103625769e-07 3.487559183668054175e-07 2.793328349071089178e-06
6.000000000000000000e+03 1.108274591388180852e-04 5.095768938190303743e-05 7.164179351093480363e-06 8.730656190891750157e-06 6.716747302561998367e-04 5.167211929801851511e-05 7.410660327877849340e-05 2.730648338911123574e-05 4.452483699424192309e-05 3.395812818780541420e-04
6.500000000000000000e+03 4.402906779432669282e-05 6.702706014038994908e-05 1.142709606938296929e-06 1.499417749073472805e-06 4.049577401019632816e-04 1.358847657684236765e-05 1.695096871117129922e-04 7.703160918026696891e-06 4.342364718468161300e-06 5.075638182461261749e-05
7.000000000000000000e+03 3.242054663132876158e-05 3.108730743406340480e-05 1.034460865412256680e-06 3.515146715926675824e-07 2.939816040452569723e-04 6.852248134237015620e-06 6.815462984377518296e-05 2.186458004871383309e-06 6.540945378219475970e-06 1.401747977070044726e-05
7.500000000000000000e+03 2.586906157375779003e-05 5.860840974492020905e-05 9.616218221708550118e-07 1.105407250179268885e-06 2.106861502397805452e-04 4.968768280377844349e-06 1.407811505487188697e-04 2.436119757476262748e-06 1.985383732971968129e-06 9.475864317209925503e-06
8.000000000000000000e+03 2.030398172792047262e-05 2.256340121675748378e-05 6.796686307097843383e-07 5.160874820830940735e-07 1.800797763280570507e-04 1.434736759620136581e-06 2.517992288630921394e-05 4.855342581322474871e-07 3.234918494854355231e-06 5.709503057005349547e-06
8.500000000000000000e+03 4.280903885955922306e-05 8.196612907340750098e-05 4.688761691795662045e-06 1.669291350481216796e-06 3.117156447842717171e-04 7.875772212173615117e-07 1.085082985810004175e-04 5.732955287385266274e-06 8.866156235853850376e-07 1.438839171896688640e-05
9.000000000000000000e+03 4.287348929210565984e-05 3.200992068741470575e-04 9.912351742968894541e-06 8.836174856696743518e-06 3.950526006519794464e-04 7.519329869865032379e-07 2.345437096664682031e-04 1.341063693871547002e-06 1.641922244743909687e-05 1.146213107858784497e-04
9.500000000000000000e+03 5.050350591773167253e-05 3.322145203128457069e-04 4.049033577757654712e-06 1.999643427552655339e-05 2.051451301667839289e-04 6.884524168526695576e-07 5.854311166331171989e-04 4.684977739088935778e-06 2.053768002951983362e-05 6.254078471101820469e-05
1.000000000000000000e+04 1.563672412885352969e-05 1.511987939011305571e-04 2.315616939085884951e-06 1.935828095156466588e-06 1.234404335264116526e-04 3.144967877233284526e-07 1.660638954490423203e-04 1.109515210373501759e-06 5.981370577501365915e-06 2.055090408248361200e-05
1.050000000000000000e+04 6.165821832837536931e-05 4.435687151271849871e-04 1.561940280225826427e-06 3.092002316407160833e-07 3.357879759278148413e-04 2.692497389489290072e-07 3.902221797034144402e-04 1.007977743938681670e-06 6.715057452311157249e-07 3.950621248804964125e-05
1.100000000000000000e+04 3.963231574743986130e-05 6.346167356241494417e-05 3.517997697599639650e-07 1.479818820371292531e-06 1.427610695827752352e-04 1.703260039676024462e-07 9.824564040172845125e-05 4.292242294923198642e-07 1.013430619423161261e-06 1.124694699683459476e-05
1.150000000000000000e+04 1.260448334505781531e-05 9.257683814212214202e-06 2.788257233987678774e-07 1.447091335649020039e-07 5.260667603579349816e-05 2.101276521671024966e-07 2.333037627977319062e-05 2.479698082424874883e-07 7.099841923263738863e-07 5.399443125497782603e-06
1.200000000000000000e+04 1.500383405073080212e-05 1.706999137240927666e-05 2.702245183172635734e-07 1.483865332829736872e-07 4.536445339908823371e-05 1.272086080916778883e-07 2.082349783449899405e-05 2.791942677049519261e-07 9.462011689720384311e-07 1.153097969108785037e-06
1.250000000000000000e+04 4.006830295111285523e-06 9.456871339352801442e-06 8.584854072068992537e-08 1.724885549947430263e-07 1.361472004646202549e-05 2.568571915162465302e-07 6.288675649557262659e-06 2.734468580456450582e-07 6.754113996976229828e-07 1.983515830943360925e-04
1.300000000000000000e+04 2.032151314779184759e-06 2.572848188719945028e-06 4.669264797030336922e-08 7.704507254402415128e-08 1.765131173669942655e-06 2.361549888973968336e-07 3.844004368147579953e-06 1.820996828882925911e-07 3.688570586746209301e-07 4.492797015700489283e-04
1.350000000000000000e+04 1.422341301804408431e-05 1.206003162224078551e-05 5.034429406691742770e-08 8.062428378252661787e-07 7.475237362086772919e-05 2.728231152104854118e-07 1.916150722536258399e-05 7.342687808886694256e-07 8.393678854190511629e-07 4.200303919787984341e-06
1.400000000000000000e+04 1.028121732815634459e-05 1.528923348814714700e-05 4.561898947486042744e-08 2.498241613579921250e-08 3.254547482356429100e-05 2.173284059381330735e-07 5.418378714239224792e-05 1.611018660696572624e-06 1.329008085804161965e-07 2.592562168501899578e-06
1.450000000000000000e+04 2.734722875175066292e-05 2.172136373701505363e-05 8.889116998034296557e-08 3.513727619974815752e-07 2.338558988412842155e-04 4.207371944175974932e-07 5.368531128624454141e-05 5.017398621021129657e-07 4.629016814305941807e-07 5.434008471638662741e-06
1.500000000000000000e+04 1.612209052836988121e-05 1.424841320840641856e-05 9.582554838516443851e-08 1.985633275580767076e-07 1.188607275253161788e-04 1.528955948515431373e-07 2.201930328737944365e-05 4.551722554424486589e-07 3.451079351179942023e-07 7.439124601660296321e-06
1.550000000000000000e+04 2.365783075219951570e-06 8.064801477303262800e-06 9.168474690568473306e-08 6.711606914677759050e-08 2.313983713975176215e-05 1.509204707872413564e-07 2.408355612715240568e-05 1.978560248971916735e-06 1.423727411520303576e-07 4.009611438959836960e-05
1.600000000000000000e+04 1.711736103970906697e-06 5.111478003527736291e-06 4.309018208914494608e-08 2.830284451249553968e-08 3.433414349274244159e-06 1.141033791896006733e-07 1.888245606096461415e-05 2.126515568079412333e-07 1.365124973062847857e-07 1.439931802451610565e-04
1.650000000000000000e+04 2.421038516331464052e-05 2.052762429229915142e-04 1.517640555448451778e-07 2.403182008947624126e-07 1.279222196899354458e-04 2.623768011744687101e-07 8.067263843258842826e-05 3.318585186207201332e-06 1.832643334864769713e-07 3.540480747687979601e-06
1.700000000000000000e+04 9.051565029949415475e-06 2.277876774314790964e-05 1.251079027042578673e-07 2.662728526559021702e-08 2.439498894091229886e-05 3.285599632363300771e-07 3.308490704512223601e-05 4.015038825855299365e-07 1.312617126103532428e-08 1.184364828077377751e-05
1.750000000000000000e+04 5.469792995427269489e-06 1.300497024203650653e-05 4.278750864727953740e-08 6.260412988012831192e-08 4.444744627107866108e-05 2.665740908014413435e-07 6.337068953143898398e-06 5.925963009190127195e-08 8.620399682968127308e-08 6.160509201436070725e-06
1.800000000000000000e+04 9.292629329138435423e-06 2.220918395323678851e-05 3.712167995217896532e-08 5.637871822727902327e-07 4.615305806510150433e-05 3.609057444009522442e-07 3.663044117274694145e-05 6.313320710660264012e-08 2.348382963646145072e-07 3.451501470408402383e-06
1.850000000000000000e+04 3.151880446239374578e-05 2.454836612741928548e-05 4.096624195426556980e-07 3.894937208315241151e-07 4.581044486258178949e-04 3.104903214534715516e-07 5.642090764013119042e-05 6.715521863043250050e-07 6.297423738033103291e-07 3.825716248684329912e-06
1.900000000000000000e+04 1.523648279544431716e-05 2.356664845137856901e-05 2.895035322580952197e-07 5.175699016035650857e-07 3.261421225033700466e-04 3.396468173377797939e-07 3.691070742206647992e-05 7.637738121957227122e-07 5.466852570634728181e-08 5.678487013938138261e-06
1.950000000000000000e+04 2.742612014117185026e-05 1.087690088752424344e-05 3.238495764890103601e-07 2.984662046401354019e-07 7.813391130184754729e-05 1.822042179355776170e-07 1.509031153545947745e-05 8.848184620546817314e-07 1.415138513038982637e-07 2.529042831156402826e-06
2.000000000000000000e+04 9.945460988092236221e-06 7.048103270790306851e-06 5.104879363670988823e-08 4.942703668575632037e-08 2.484833203197922558e-05 6.743997005287383217e-08 2.632365431054495275e-05 1.073724661182495765e-06 5.615962095362192485e-08 2.906079089370905422e-06
2.050000000000000000e+04 4.865452865487895906e-05 8.156242074619513005e-06 2.241946006620310072e-08 1.721412843380676350e-07 1.713959354674443603e-04 8.980161965155275539e-07 4.540608279057778418e-05 5.764975981037423480e-07 5.293086360325105488e-07 2.611295485621667467e-06
2.100000000000000000e+04 8.684909516887273639e-06 6.170862889121053740e-06 3.385586566650999885e-08 1.041863129103148822e-07 5.260004763840697706e-05 9.296531970903743058e-07 5.110699930810369551e-05 2.504523344271092355e-08 4.864195489062694833e-06 3.952579390897881240e-06
2.150000000000000000e+04 5.539024186873575673e-06 2.395624505879823118e-05 1.775877649379253853e-07 8.465559631076757796e-08 1.215746015077456832e-04 2.235220790680614300e-07 2.822314854711294174e-05 1.075183320153882960e-07 1.297394618404723587e-07 2.950698581116739661e-05
2.200000000000000000e+04 9.861257240117993206e-06 1.529704968561418355e-05 5.152200515112781432e-07 1.680300556472502649e-07 1.410149270668625832e-04 3.538956718784902478e-07 5.032741319155320525e-05 2.080924105030135252e-06 1.532727310404879972e-06 3.419503627810627222e-05
2.250000000000000000e+04 4.812911811313824728e-06 2.419090378680266440e-06 5.051528972899177461e-08 5.249932044648630836e-08 3.909572114935144782e-06 9.099955633473655325e-08 9.091587344300933182e-06 4.656205305764160585e-07 5.045226885158626828e-07 3.360517148394137621e-04
2.300000000000000000e+04 3.675599828056874685e-06 2.706095438043121248e-05 8.138274409930090769e-08 1.998855623241979629e-07 6.832887265773024410e-06 1.417165407247011899e-07 3.418482447159476578e-05 2.269997310122562340e-07 9.829369673752808012e-07 3.672560851555317640e-04
