# step, loss_train, loss_test, metrics_test
0.000000000000000000e+00 1.211795061826705933e-01 2.043323069810867310e-01 6.672887684544548392e-05 6.541041511809453368e-05 1.054510823450982571e-03 1.213396564126014709e-01 3.589733839035034180e-01 1.944120776897761971e-05 1.880290801636874676e-04 2.124472521245479584e-03
5.000000000000000000e+02 7.566442363895475864e-04 5.774409696459770203e-02 2.185839548474177718e-05 7.138374348869547248e-05 3.368548583239316940e-03 7.158432854339480400e-04 6.527089327573776245e-02 1.827955748012755066e-05 1.019532210193574429e-04 4.052080214023590088e-03
1.000000000000000000e+03 3.566139785107225180e-04 5.709863081574440002e-02 3.139867112622596323e-05 6.692850001854822040e-05 2.001994987949728966e-03 3.052028187084943056e-04 6.495536863803863525e-02 1.757639984134584665e-05 4.921487197862006724e-05 2.607073634862899780e-03
1.500000000000000000e+03 7.015412120381370187e-05 6.674110889434814453e-02 1.531959132989868522e-04 9.058502473635599017e-05 2.020115498453378677e-03 6.102912084315903485e-05 6.434170156717300415e-02 1.397728774463757873e-04 1.140167387347901240e-05 2.458680421113967896e-03
2.000000000000000000e+03 2.259090833831578493e-04 6.145837903022766113e-02 5.033464985899627209e-04 5.561918951570987701e-04 1.972068101167678833e-03 2.047063462669029832e-04 5.890178307890892029e-02 1.828609092626720667e-04 2.145369653590023518e-04 2.326118759810924530e-03
2.500000000000000000e+03 3.589910629671066999e-04 4.823845811188220978e-03 1.680523128015920520e-04 1.284343743463978171e-04 7.502694148570299149e-03 3.470929223112761974e-04 3.351154504343867302e-03 1.717644190648570657e-04 5.868353400728665292e-05 6.899366155266761780e-03
3.000000000000000000e+03 2.116310206474736333e-04 8.436932694166898727e-04 9.979664901038631797e-05 6.226041296031326056e-05 5.638230126351118088e-03 1.899860508274286985e-04 3.703073889482766390e-04 2.062441672023851424e-05 4.638848258764483035e-05 5.011965986341238022e-03
3.500000000000000000e+03 1.613251806702464819e-04 6.091130780987441540e-04 4.426378654898144305e-05 8.697720477357506752e-05 4.360986407846212387e-03 1.159319799626246095e-04 4.839950997848063707e-04 1.953435130417346954e-04 5.356399924494326115e-05 3.985648509114980698e-03
4.000000000000000000e+03 1.427253155270591378e-04 5.070560146123170853e-04 7.434882718371227384e-05 9.086219506571069360e-05 3.966810647398233414e-03 1.000288320938125253e-04 3.966986259911209345e-04 1.005969970719888806e-04 6.631574797211214900e-05 3.564032027497887611e-03
4.500000000000000000e+03 1.011629865388385952e-04 5.609844229184091091e-04 1.079163193935528398e-04 9.306683205068111420e-05 4.110991489142179489e-03 7.987087155925109982e-05 3.994539729319512844e-04 4.145794810028746724e-05 1.567784493090584874e-04 3.514422103762626648e-03
5.000000000000000000e+03 1.024987068376503885e-04 5.533443763852119446e-04 1.056612018146552145e-04 9.593663708074018359e-05 4.021895118057727814e-03 8.085874287644401193e-05 3.861428704112768173e-04 3.917736830771900713e-05 1.586105499882251024e-04 3.424175316467881203e-03
5.500000000000000000e+03 1.114917904487811029e-04 4.815964784938842058e-04 8.184578473446890712e-05 7.843312050681561232e-05 3.781181294471025467e-03 8.735801384318619967e-05 2.340500504942610860e-04 1.791129470802843571e-04 8.523777069058269262e-05 3.356382250785827637e-03
6.000000000000000000e+03 1.153621415141969919e-04 4.573187907226383686e-04 7.951723819132894278e-05 9.272606985177844763e-05 3.667684737592935562e-03 8.844169497024267912e-05 1.934841711772605777e-04 2.103602455463260412e-04 9.240203507943078876e-05 3.251545596867799759e-03
6.500000000000000000e+03 1.109871082007884979e-04 4.090670263394713402e-04 4.437343159224838018e-05 8.492377673974260688e-05 3.484037006273865700e-03 8.694024290889501572e-05 1.576503273099660873e-04 1.655693631619215012e-04 1.289635110879316926e-04 3.100597299635410309e-03
7.000000000000000000e+03 1.142944311141036451e-04 3.979057655669748783e-04 4.609607640304602683e-05 8.728932880330830812e-05 3.392280545085668564e-03 8.876180800143629313e-05 1.450879644835367799e-04 1.956818741746246815e-04 1.325303892372176051e-04 3.005590522661805153e-03
7.500000000000000000e+03 1.677761611063033342e-04 3.562279453035444021e-04 7.831546099623665214e-05 7.582328544231131673e-05 3.350726095959544182e-03 1.270800566999241710e-04 1.047838377417065203e-04 1.051932413247413933e-04 3.662648305180482566e-05 3.016194095835089684e-03
8.000000000000000000e+03 1.601062394911423326e-04 3.434976097196340561e-04 7.152893522288650274e-05 5.390034129959531128e-05 3.282838966697454453e-03 1.185630535474047065e-04 9.258835780201479793e-05 9.250026050722226501e-05 2.490225597284734249e-05 2.950863679870963097e-03
8.500000000000000000e+03 1.027717880788259208e-04 3.207295667380094528e-04 7.212548371171578765e-05 4.611765689332969487e-05 3.066239878535270691e-03 7.755764090688899159e-05 1.075173204299062490e-04 9.045576734934002161e-05 3.335175279062241316e-05 3.008289262652397156e-03
9.000000000000000000e+03 9.975681314244866371e-05 3.100301546510308981e-04 8.726559462957084179e-05 3.403053051442839205e-05 3.002554411068558693e-03 7.297074625967070460e-05 9.390683408128097653e-05 1.390631077811121941e-04 1.651223647058941424e-05 2.934908960014581680e-03
9.500000000000000000e+03 1.410785916959866881e-04 3.593401925172656775e-04 9.257050260202959180e-05 2.451006184855941683e-05 2.932719420641660690e-03 1.052005463861860335e-04 1.367009826935827732e-04 3.806650056503713131e-04 1.796951255528256297e-05 2.599820960313081741e-03
1.000000000000000000e+04 1.375039573758840561e-04 3.553612332325428724e-04 9.479839354753494263e-05 2.175002555304672569e-05 2.832302590832114220e-03 9.763974230736494064e-05 1.357684086542576551e-04 3.698793298099189997e-04 1.614076063560787588e-05 2.502123592421412468e-03
1.050000000000000000e+04 1.053768282872624695e-04 3.868018975481390953e-04 1.118070285883732140e-04 2.315050915058236569e-05 3.235637675970792770e-03 6.223552918527275324e-05 1.852762943599373102e-04 1.268354681087657809e-04 2.085858068312518299e-05 2.515588188543915749e-03
1.100000000000000000e+04 1.087469208869151771e-04 3.983607457485049963e-04 1.311712403548881412e-04 2.964737177535425872e-05 3.086926648393273354e-03 5.809540380141697824e-05 2.051326446235179901e-04 1.233029324794188142e-04 3.962879054597578943e-05 2.386105945333838463e-03
1.150000000000000000e+04 1.013979854178614914e-04 2.994302194565534592e-04 8.946680463850498199e-05 2.372575909248553216e-05 2.503189723938703537e-03 4.840332985622808337e-05 1.184841821668669581e-04 1.489633286837488413e-04 2.511617094569373876e-05 2.343514701351523399e-03
1.200000000000000000e+04 1.002522549242712557e-04 2.971969952341169119e-04 8.936285303207114339e-05 2.661224971234332770e-05 2.399552846327424049e-03 4.503046511672437191e-05 1.198168902192264795e-04 1.480752835050225258e-04 5.132541627972386777e-05 2.242158167064189911e-03
1.250000000000000000e+04 1.008121616905555129e-04 2.852565376088023186e-04 1.040140195982530713e-04 3.036008092749398202e-05 2.357434481382369995e-03 4.357218494988046587e-05 9.912704990711063147e-05 6.786736048525199294e-05 4.483286465983837843e-05 2.199630485847592354e-03
1.300000000000000000e+04 1.056817491189576685e-04 2.664097119122743607e-04 1.291195221710950136e-04 4.784554403158836067e-05 2.290922915562987328e-03 4.462740980670787394e-05 9.773742203833535314e-05 9.385835437569767237e-05 7.703884330112487078e-05 2.131734509021043777e-03
1.350000000000000000e+04 1.048998310579918325e-04 2.864059642888605595e-04 8.740803605178371072e-05 5.314601003192365170e-05 2.269988413900136948e-03 4.859010005020536482e-05 6.922091415617614985e-05 5.939848488196730614e-04 6.722986290697008371e-05 2.046299399808049202e-03
1.400000000000000000e+04 1.013273213175125420e-04 2.734815643634647131e-04 8.998901466839015484e-05 5.875421993550844491e-05 2.182938624173402786e-03 4.677450488088652492e-05 6.208150443853810430e-05 8.540379931218922138e-04 6.954123091418296099e-05 1.964848721399903297e-03
1.450000000000000000e+04 9.842605504672974348e-05 2.662821207195520401e-04 8.704751962795853615e-05 8.398054342251271009e-05 2.373451599851250648e-03 4.395583528093993664e-05 8.100482227746397257e-05 2.029715105891227722e-04 1.853318390203639865e-04 1.868463936261832714e-03
1.500000000000000000e+04 1.010424821288324893e-04 2.549097116570919752e-04 5.129261990077793598e-05 8.646010974189266562e-05 2.263404196128249168e-03 4.246263779350556433e-05 8.497838280163705349e-05 1.152885379269719124e-04 1.718807034194469452e-04 1.762671978212893009e-03
1.550000000000000000e+04 1.045288227032870054e-04 2.498486719559878111e-04 6.308615411398932338e-05 6.910887896083295345e-05 1.910817925818264484e-03 5.035066351410932839e-05 5.940677147009409964e-05 8.301770867547020316e-05 9.096445137402042747e-05 1.584640820510685444e-03
1.600000000000000000e+04 1.001213677227497101e-04 2.155616675736382604e-04 8.392907329834997654e-05 5.031811451772227883e-05 1.806051586754620075e-03 4.750218431581743062e-05 5.239534584688954055e-05 1.690789940766990185e-04 1.357897854177281260e-04 1.474136020988225937e-03
1.650000000000000000e+04 1.012386346701532602e-04 1.845212391344830394e-04 4.778048241860233247e-05 2.399259938101749867e-05 1.958951121196150780e-03 3.986323645222000778e-05 3.398000262677669525e-05 1.873315341072157025e-04 4.449661355465650558e-05 1.438468345440924168e-03
1.700000000000000000e+04 9.811996278585866094e-05 1.729376963339745998e-04 8.551654173061251640e-05 2.719653093663509935e-05 1.896306755952537060e-03 3.674524123198352754e-05 3.716391074704006314e-05 2.402695245109498501e-04 3.612856016843579710e-05 1.375174848362803459e-03
1.750000000000000000e+04 8.588608034187927842e-05 1.417121093254536390e-04 7.604691927554085851e-05 1.354241703666048124e-05 1.636587316170334816e-03 3.388715049368329346e-05 4.831274418393149972e-05 3.604256489779800177e-04 1.018212424241937697e-05 1.324470969848334789e-03
1.800000000000000000e+04 8.169050124706700444e-05 1.309265499003231525e-04 7.101416122168302536e-05 1.290867658099159598e-05 1.599641283974051476e-03 3.162968641845509410e-05 4.468338374863378704e-05 4.241055285092443228e-04 8.575701031077187508e-06 1.286030164919793606e-03
1.850000000000000000e+04 8.357070328202098608e-05 1.693353842711076140e-04 6.068214133847504854e-05 1.013946439343271777e-05 1.855663140304386616e-03 2.971478897961787879e-05 4.337753489380702376e-05 2.301505155628547072e-04 4.861285560764372349e-06 1.231694710440933704e-03
1.900000000000000000e+04 8.228913793573155999e-05 1.644434814807027578e-04 5.953973231953568757e-05 1.093142054742202163e-05 1.826007268391549587e-03 2.863659392460249364e-05 4.288663330953568220e-05 2.384038525633513927e-04 6.461990778916515410e-06 1.202486222609877586e-03
1.950000000000000000e+04 7.888898835517466068e-05 1.112409081542864442e-04 5.484226858243346214e-05 9.192553989123553038e-06 1.456113066524267197e-03 2.759123526629991829e-05 3.224727697670459747e-05 2.626705972943454981e-04 4.918901140626985580e-06 1.198585378006100655e-03
2.000000000000000000e+04 7.722766895312815905e-05 1.074430401786230505e-04 5.409689765656366944e-05 9.199306987284217030e-06 1.427609357051551342e-03 2.658700395841151476e-05 3.196415127604268491e-05 2.584983885753899813e-04 5.801490260637365282e-06 1.170559902675449848e-03
2.050000000000000000e+04 7.418125460390001535e-05 1.604146673344075680e-04 4.279401036910712719e-04 1.149697345681488514e-04 1.856099115684628487e-03 2.611674790387041867e-05 4.893255027127452195e-05 4.213675274513661861e-04 1.113338221330195665e-04 1.241866499185562134e-03
2.100000000000000000e+04 7.228989124996587634e-05 1.674085651757195592e-04 2.712627756409347057e-04 7.891511631896719337e-05 1.736462232656776905e-03 2.587271774245891720e-05 8.957668615039438009e-05 2.962363942060619593e-04 7.057040056679397821e-05 1.135816564783453941e-03
2.150000000000000000e+04 7.317362178582698107e-05 1.345547643722966313e-04 6.175170710776001215e-05 8.007162250578403473e-06 1.480559585615992546e-03 2.550184581195935607e-05 3.265580744482576847e-05 2.004555717576295137e-04 3.303065341242472641e-06 1.066384254954755306e-03
2.200000000000000000e+04 7.471254502888768911e-05 1.313016982749104500e-04 5.232745752437040210e-05 8.291287485917564481e-06 1.446821494027972221e-03 2.578878411441110075e-05 3.399690467631444335e-05 2.361050574108958244e-04 3.946074230043450370e-06 1.032165251672267914e-03
2.250000000000000000e+04 7.946305413497611880e-05 8.645174239063635468e-05 5.655738277710042894e-05 1.223732397193089128e-05 1.203076448291540146e-03 2.299718471476808190e-05 3.802675564656965435e-05 1.952788006747141480e-04 8.752495887165423483e-06 1.004659919999539852e-03
2.300000000000000000e+04 7.977721543284133077e-05 8.303504000650718808e-05 5.426711868494749069e-05 1.228726432600524276e-05 1.163520151749253273e-03 2.374770156166050583e-05 3.718789957929402590e-05 1.781021710485219955e-04 5.092489118396770209e-06 9.634270099923014641e-04
2.350000000000000000e+04 9.142447379417717457e-05 1.350350648863241076e-04 4.312216333346441388e-05 1.222559967573033646e-05 1.344403601251542568e-03 2.693310125323478132e-05 6.577748717973008752e-05 1.090588921215385199e-04 4.069565420650178567e-06 8.998085395433008671e-04
2.400000000000000000e+04 8.711515692993998528e-05 1.328439830103889108e-04 3.639843998826108873e-05 1.099391920433845371e-05 1.317658578045666218e-03 2.833638427546247840e-05 6.557323649758473039e-05 9.731634054332971573e-05 2.018107807089108974e-06 8.739493205212056637e-04
2.450000000000000000e+04 7.787720096530392766e-05 1.187477973871864378e-04 2.686509105842560530e-05 1.173069085780298337e-05 1.255948678590357304e-03 2.724411933741066605e-05 6.322217086562886834e-05 1.740838342811912298e-04 5.735365448344964534e-06 8.453578921034932137e-04
2.500000000000000000e+04 7.724333408987149596e-05 1.155201971414498985e-04 2.871060860343277454e-05 1.058288125932449475e-05 1.214888761751353741e-03 2.661484722921159118e-05 6.617254985030740499e-05 1.895987952593713999e-04 9.201809916703496128e-06 8.099466213025152683e-04
2.550000000000000000e+04 6.980138277867808938e-05 9.823350410442799330e-05 4.396742951939813793e-05 1.010581399896182120e-05 1.129058771766722202e-03 2.104503801092505455e-05 5.801583392894826829e-05 6.459138239733874798e-05 4.124891802348429337e-06 8.133248193189501762e-04
2.600000000000000000e+04 6.858565757283940911e-05 9.766951552592217922e-05 4.419940523803234100e-05 8.492010238114744425e-06 1.093452912755310535e-03 2.278516694786958396e-05 6.168826075736433268e-05 7.847764209145680070e-05 4.174840796622447670e-06 7.772196549922227859e-04
2.650000000000000000e+04 8.438876830041408539e-05 1.401183399138972163e-04 6.128345557954162359e-05 7.003728114796103910e-06 1.208727248013019562e-03 4.085635009687393904e-05 6.804156146245077252e-05 2.001379325520247221e-04 8.023122063605114818e-06 7.133614853955805302e-04
2.700000000000000000e+04 8.490816981066018343e-05 1.413535501342266798e-04 4.785029886988922954e-05 7.290558187378337607e-06 1.179097453132271767e-03 4.172276385361328721e-05 7.058313349261879921e-05 1.627794117666780949e-04 8.181133125617634505e-06 6.889260839670896530e-04
2.750000000000000000e+04 6.658019265159964561e-05 1.160107130999676883e-04 4.724736936623230577e-05 8.641729436931200325e-06 9.535244898870587349e-04 3.135416045552119613e-05 5.709322067559696734e-05 1.740200823405757546e-04 4.203157914162147790e-06 6.797400419600307941e-04
2.800000000000000000e+04 6.439985008910298347e-05 1.172214761027134955e-04 6.857659172965213656e-05 1.659163172007538378e-05 9.252067538909614086e-04 3.005974213010631502e-05 6.332556949928402901e-05 1.907000842038542032e-04 1.705505565041676164e-05 6.568809621967375278e-04
2.850000000000000000e+04 6.345145084196701646e-05 1.174421704490669072e-04 7.655018998775631189e-05 5.791833700641291216e-06 1.049850485287606716e-03 2.777183908619917929e-05 6.883162131998687983e-05 9.351926564704626799e-05 4.898000497632892802e-06 6.503564072772860527e-04
2.900000000000000000e+04 6.184959056554362178e-05 1.139952510129660368e-04 6.941300671314820647e-05 5.316225724527612329e-06 1.037050038576126099e-03 2.707544263103045523e-05 6.655887409579008818e-05 9.030765795614570379e-05 5.043973942520096898e-06 6.367187597788870335e-04
2.950000000000000000e+04 5.608511492027901113e-05 9.969342499971389771e-05 3.952727638534270227e-05 6.428986125683877617e-06 1.014998997561633587e-03 2.531069731048773974e-05 4.175773938186466694e-05 1.287875202251598239e-04 7.038429430394899100e-06 6.297446088865399361e-04
3.000000000000000000e+04 5.499991675605997443e-05 9.271931776311248541e-05 3.640474460553377867e-05 7.947025551402475685e-06 9.881613077595829964e-04 2.321778993064071983e-05 3.497886063996702433e-05 1.234383817063644528e-04 8.015956154849845916e-06 6.056212005205452442e-04
3.050000000000000000e+04 6.021700028213672340e-05 8.425318083027377725e-05 2.461632357153575867e-05 7.800246748956851661e-06 8.738680044189095497e-04 2.809272700687870383e-05 6.280933303060010076e-05 3.391667560208588839e-04 1.624437391001265496e-05 5.766797694377601147e-04
3.100000000000000000e+04 5.870114910067059100e-05 7.925784302642568946e-05 5.219904051045887172e-05 1.678159424045588821e-05 8.543268195353448391e-04 2.751842657744418830e-05 4.736312985187396407e-05 5.656486609950661659e-04 3.030707739526405931e-05 5.576647236011922359e-04
3.150000000000000000e+04 5.944181611994281411e-05 7.135031773941591382e-05 3.317827940918505192e-05 4.707467269327025861e-06 7.939732167869806290e-04 2.975683491968084127e-05 4.829487079405225813e-05 2.383533574175089598e-04 6.568313438037876040e-06 5.327156977728009224e-04
3.200000000000000000e+04 5.253060953691601753e-05 6.384476728271692991e-05 2.755231253104284406e-05 5.480737854668404907e-06 7.648490136489272118e-04 2.546885480114724487e-05 4.247157630743458867e-05 2.572516095824539661e-04 4.988850832887692377e-06 5.081213312223553658e-04
3.250000000000000000e+04 5.253842391539365053e-05 6.495782145066186786e-05 2.553049125708639622e-05 9.609108019503764808e-06 7.075354806147515774e-04 2.369722642470151186e-05 5.009111191611737013e-05 2.604648580017965287e-05 1.957055428647436202e-05 4.781965690199285746e-04
3.300000000000000000e+04 4.896281825494952500e-05 5.693348066415637732e-05 2.075187148875556886e-05 8.640188752906396985e-06 6.851081852801144123e-04 2.075919655908364803e-05 4.399501995067112148e-05 5.083389623905532062e-05 1.636537308513652533e-05 4.576334322337061167e-04
3.350000000000000000e+04 5.408955257735215127e-05 7.679516420466825366e-05 2.403891085123177618e-05 4.874181286140810698e-06 8.545084274373948574e-04 2.024968489422462881e-05 2.620467967062722892e-05 7.936485053505748510e-05 3.785229637287557125e-06 4.245853633619844913e-04
3.400000000000000000e+04 5.310395499691367149e-05 7.419311441481113434e-05 2.458280323480721563e-05 5.287255135044688359e-06 8.350367425009608269e-04 1.969372351595666260e-05 2.493113970558624715e-05 8.475597132928669453e-05 4.289599928597453982e-06 4.099381621927022934e-04
3.450000000000000000e+04 4.877187166130170226e-05 5.346697435015812516e-05 2.133932321157772094e-05 1.048557442118180916e-05 7.717555854469537735e-04 1.582297772984020412e-05 2.971737194457091391e-05 9.022599260788410902e-05 1.627622805244755000e-05 4.056580655742436647e-04
3.500000000000000000e+04 4.860600529354996979e-05 5.883609992451965809e-05 4.449458356248214841e-05 1.711310505925212055e-05 7.621548138558864594e-04 1.494813204772071913e-05 4.112872920813970268e-05 7.409638055833056569e-05 3.426747207413427532e-05 4.014340520370751619e-04
3.550000000000000000e+04 4.809397069038823247e-05 5.171098018763586879e-05 2.220462556579150259e-05 8.495240763295441866e-06 7.918238989077508450e-04 1.661697569943498820e-05 1.895207242341712117e-05 2.084614243358373642e-05 5.753892764914780855e-06 3.861925506498664618e-04
3.600000000000000000e+04 4.754140900331549346e-05 5.128206248627975583e-05 2.062082057818770409e-05 8.187530511349905282e-06 7.794995326548814774e-04 1.561007411510217935e-05 1.874775625765323639e-05 2.612413481983821839e-05 6.010818651702720672e-06 3.777534293476492167e-04
3.650000000000000000e+04 5.023498306400142610e-05 5.059593240730464458e-05 1.875547059171367437e-05 5.765910827904008329e-06 8.347071707248687744e-04 1.201009672513464466e-05 8.784398232819512486e-06 6.618187035201117396e-05 9.468217285757418722e-06 3.696892817970365286e-04
3.700000000000000000e+04 5.030465763411484659e-05 4.969573274138383567e-05 1.617948510101996362e-05 6.784086508559994400e-06 8.167700143530964851e-04 1.226570293511031196e-05 8.794803761702496558e-06 6.145539373392239213e-05 1.272678309760522097e-05 3.566255036275833845e-04
3.750000000000000000e+04 4.809906386071816087e-05 1.339925656793639064e-04 3.168783732689917088e-04 1.201989507535472512e-04 1.019367482513189316e-03 1.349574631603900343e-05 9.951159881893545389e-05 3.402928705327212811e-04 1.007467290037311614e-04 4.887662944383919239e-04
3.800000000000000000e+04 4.674095907830633223e-05 6.161168857943266630e-05 1.037072070175781846e-05 8.816152330837212503e-06 8.832550956867635250e-04 1.300835992879001424e-05 1.843959034886211157e-05 5.914219582336954772e-05 9.376108209835365415e-06 3.423608723096549511e-04
3.850000000000000000e+04 3.961219044867902994e-05 3.830375499092042446e-05 1.512258131697308272e-05 8.734094080864451826e-06 7.220638217404484749e-04 1.188182159239659086e-05 1.816142685129307210e-05 1.089092183974571526e-04 1.810958929127082229e-05 3.338851383887231350e-04
3.900000000000000000e+04 3.827863838523626328e-05 7.772625394864007831e-05 3.070216916967183352e-04 1.203629508381709456e-04 8.270436665043234825e-04 1.147402508649975061e-05 5.462337503558956087e-05 3.171149000991135836e-04 1.387367228744551539e-04 4.457929171621799469e-04
3.950000000000000000e+04 3.917108915629796684e-05 4.033500226796604693e-05 3.329155879328027368e-05 1.052329389494843781e-05 6.140061304904520512e-04 1.483941014157608151e-05 2.219367706857156008e-05 3.840733916149474680e-05 3.403138862267951481e-06 3.249670262448489666e-04
4.000000000000000000e+04 3.696578278322704136e-05 3.962250048061832786e-05 2.221240720245987177e-05 5.771148607891518623e-06 6.075066630728542805e-04 1.294598496315302327e-05 2.291160490131005645e-05 2.220960050181020051e-05 3.307571887489757501e-06 3.182542277500033379e-04
4.050000000000000000e+04 3.831218782579526305e-05 5.471533950185403228e-05 2.249991848657373339e-05 7.045510756142903119e-06 7.797466823831200600e-04 9.180942470266018063e-06 2.133479210897348821e-05 1.115440099965780973e-04 3.441190074227051809e-06 3.259269578848034143e-04
4.100000000000000000e+04 3.761048355954699218e-05 4.894111407338641584e-05 1.625776894798036665e-05 1.038471782521810383e-05 7.393235573545098305e-04 8.675385288370307535e-06 1.481770686950767413e-05 1.129080847022123635e-04 6.931446932867402211e-06 2.950935740955173969e-04
4.150000000000000000e+04 3.339819522807374597e-05 3.451826705713756382e-05 1.119142507377546281e-05 4.619999799615470693e-06 4.908590344712138176e-04 7.747718882455956191e-06 1.406504998158197850e-05 5.548935951082967222e-05 3.180139174219220877e-06 2.860768872778862715e-04
4.200000000000000000e+04 3.298991941846907139e-05 4.775762499775737524e-05 1.324789627688005567e-04 4.674438605434261262e-05 5.265465006232261658e-04 7.759709660604130477e-06 1.610018080100417137e-05 2.028818416874855757e-04 4.625784276868216693e-05 3.213016025256365538e-04
4.250000000000000000e+04 3.071406899834983051e-05 3.883936733473092318e-05 1.953262108145281672e-05 3.842012574750697240e-06 6.498057628050446510e-04 7.469810952898114920e-06 2.043279164354316890e-05 6.843590381322428584e-05 4.686773536377586424e-06 2.748470287770032883e-04
4.300000000000000000e+04 3.024626494152471423e-05 3.848355845548212528e-05 1.888295264507178217e-05 3.665290023491252214e-06 6.393866497091948986e-04 7.062006716296309605e-06 2.144992686226032674e-05 6.671722076134756207e-05 5.214568773226346821e-06 2.666654472704976797e-04
4.350000000000000000e+04 2.934966141765471548e-05 4.357141733635216951e-05 3.933911284548230469e-05 3.169681122017209418e-06 6.150512490421533585e-04 6.711114110657945275e-06 1.301781321672024205e-05 7.696154352743178606e-05 6.104207386670168489e-06 2.695999573916196823e-04
4.400000000000000000e+04 2.914293145295232534e-05 4.060345600009895861e-05 3.006127190019469708e-05 3.387011702216113918e-06 5.968378973193466663e-04 6.415173629648052156e-06 1.076118223863886669e-05 1.034714223351329565e-04 5.740169399359729141e-06 2.607277419883757830e-04
4.450000000000000000e+04 3.495572673273272812e-05 4.877386527368798852e-05 2.245256109745241702e-05 5.012956080463482067e-06 7.002283819019794464e-04 6.531261988129699603e-06 1.051262734108604491e-05 1.283216843148693442e-04 2.094044020850560628e-06 2.443992998450994492e-04
4.500000000000000000e+04 3.447053313720971346e-05 4.824396091862581670e-05 1.902713484014384449e-05 3.877536983054596931e-06 6.921779131516814232e-04 6.494318313343683258e-06 9.874229363049380481e-06 1.592200860613957047e-04 1.431751911695755553e-06 2.381594385951757431e-04
4.550000000000000000e+04 4.027971590403467417e-05 5.609566869679838419e-05 1.404007070959778503e-05 2.785619471978861839e-06 8.654473931528627872e-04 6.123979346739361063e-06 1.707738010736647993e-05 4.435760638443753123e-05 6.102161478338530287e-06 2.318233018741011620e-04
4.600000000000000000e+04 4.136003917665220797e-05 8.420300582656636834e-05 2.019403327722102404e-04 7.950314466143026948e-05 9.121900657191872597e-04 6.182478955452097580e-06 4.861557317781262100e-05 1.651855272939428687e-04 7.631266635144129395e-05 2.960018173325806856e-04
4.650000000000000000e+04 2.637795660120900720e-05 2.550699537096079439e-05 2.488759309926535934e-05 4.431059551279759035e-06 4.129510198254138231e-04 6.227540325198788196e-06 1.478740432503400370e-05 3.371094135218299925e-05 5.438412244984647259e-06 2.311391144758090377e-04
4.700000000000000000e+04 2.366081389482133090e-05 2.381016201979946345e-05 2.068020876322407275e-05 2.447127599225495942e-06 4.112172755412757397e-04 5.288691681926138699e-06 1.278238141821930185e-05 3.085186108364723623e-05 4.982584869139827788e-06 2.300945780007168651e-04
4.750000000000000000e+04 3.077635847148485482e-05 3.364239819347858429e-05 1.992265242733992636e-05 1.727852918520511594e-06 5.388979334384202957e-04 5.992114438413409516e-06 6.589701115444768220e-06 5.703984788851812482e-05 3.829697106993990019e-06 2.191268868045881391e-04
4.800000000000000000e+04 3.224005922675132751e-05 3.218930578441359103e-05 1.475817498430842534e-05 1.564272679388523102e-06 5.223284824751317501e-04 6.090246642997954041e-06 5.293698905006749555e-06 9.675353794591501355e-05 7.394097792712273076e-06 2.112149522872641683e-04
4.850000000000000000e+04 3.033638131455518305e-05 3.335493238409981132e-05 2.971881076518911868e-05 1.514182258688379079e-06 5.276171723380684853e-04 5.528552719624713063e-06 8.175215043593198061e-06 3.528508750605396926e-05 2.264418071717955172e-06 2.021848049480468035e-04
4.900000000000000000e+04 3.022421878995373845e-05 5.301314740790985525e-05 1.075898617273196578e-04 1.949762736330740154e-05 5.556619726121425629e-04 5.617001988866832107e-06 2.680655416043009609e-05 8.769197302171960473e-05 1.928676283569075167e-05 2.383395476499572396e-04
4.950000000000000000e+04 3.664469477371312678e-05 2.688982749532442540e-05 1.584862548043020070e-05 3.990336608694633469e-06 4.483915690798312426e-04 4.749781055579660460e-06 9.485211194260045886e-06 1.140598396887071431e-04 5.849202807439723983e-06 1.894285232992842793e-04
5.000000000000000000e+04 3.589109110180288553e-05 2.688631684577558190e-05 1.536045601824298501e-05 3.354110276632127352e-06 4.437584138941019773e-04 4.531210379354888573e-06 8.878682820068206638e-06 1.227358152391389012e-04 4.918666036246577278e-06 1.855711452662944794e-04
5.050000000000000000e+04 3.900994124705903232e-05 4.303121750126592815e-05 9.578232493367977440e-06 2.031528765655821189e-06 6.927755894139409065e-04 5.014143880543997511e-06 2.447090992063749582e-05 3.154601290589198470e-05 1.179803439299575984e-05 1.852975256042554975e-04
5.100000000000000000e+04 3.997373642050661147e-05 4.352799078333191574e-05 1.015394900605315343e-05 4.592435743688838556e-06 6.789282197132706642e-04 5.225356744631426409e-06 2.754710294539108872e-05 4.163823177805170417e-05 1.535784213047008961e-05 1.794937852537259459e-04
5.150000000000000000e+04 3.089311576331965625e-05 2.993888847413472831e-05 1.716316000965889543e-05 3.446655227890005335e-06 5.162027082405984402e-04 5.212485120864585042e-06 1.806592445063870400e-05 1.846432132879272103e-04 8.571997568651568145e-06 1.795175776351243258e-04
5.200000000000000000e+04 3.056078276131302118e-05 3.117154119536280632e-05 2.415983180981129408e-05 1.195710137835703790e-05 5.110506317578256130e-04 4.918934337183600292e-06 1.720133695926051587e-05 2.115906972903758287e-04 1.374610565108014271e-05 1.758305879775434732e-04
5.250000000000000000e+04 2.954366755147930235e-05 2.908959868364036083e-05 1.675005660217721015e-05 4.274992079444928095e-06 4.960550577379763126e-04 6.101978215156123042e-06 1.095011066354345530e-05 6.181889330036938190e-05 1.941851223818957806e-06 1.747728820191696286e-04
5.300000000000000000e+04 2.923295869550202042e-05 2.827167372743133456e-05 1.498995970905525610e-05 4.219426045892760158e-06 4.933556774631142616e-04 5.843137842020951211e-06 1.014245390251744539e-05 7.698319677729159594e-05 1.787954602150421124e-06 1.732912642182782292e-04
5.350000000000000000e+04 2.568040144979022443e-05 2.634939119161572307e-05 2.038988168351352215e-05 1.774179736457881518e-06 4.608548770193010569e-04 4.932569481752580032e-06 1.108113156078616157e-05 1.543456310173496604e-04 1.298429879170726053e-06 1.723044842947274446e-04
5.400000000000000000e+04 2.525255149521399289e-05 2.635173223097808659e-05 1.780250022420659661e-05 1.801907274057157338e-06 4.581503453664481640e-04 4.791473656950984150e-06 1.208176036016084254e-05 1.661021524341776967e-04 1.309890535594604444e-06 1.702526205917820334e-04
5.450000000000000000e+04 2.984244019899051636e-05 2.596156264189630747e-05 1.950420664798002690e-05 1.399169286742107943e-05 5.132005317136645317e-04 5.466522907227044925e-06 1.198091558762826025e-05 3.333437780383974314e-05 8.240993338404223323e-06 1.740519655868411064e-04
5.500000000000000000e+04 2.855427555914502591e-05 2.424113336019217968e-05 1.823055572458542883e-05 1.214908388647018000e-05 5.111848004162311554e-04 4.429553428053623065e-06 1.069820336851989850e-05 3.263065809733234346e-05 9.477602361585013568e-06 1.723238965496420860e-04
5.550000000000000000e+04 3.438704879954457283e-05 3.659498543129302561e-05 7.585017010569572449e-05 1.987169889616779983e-05 4.480864445213228464e-04 3.817242031800560653e-06 2.160157418984454125e-05 8.062281995080411434e-05 1.686082032392732799e-05 1.975323539227247238e-04
5.600000000000000000e+04 3.434839891269803047e-05 2.381413287366740406e-05 9.798538485483732074e-06 4.918659215036313981e-06 4.067383124493062496e-04 3.896459020324982703e-06 9.570801012159790844e-06 3.207034751540049911e-05 7.508097496611298993e-06 1.548315194668248296e-04
5.650000000000000000e+04 2.275015322084072977e-05 1.653775325394235551e-05 7.399186870316043496e-06 3.883205863530747592e-06 2.931275521405041218e-04 4.114457169634988531e-06 1.017467548081185669e-05 5.321237040334381163e-05 2.688875156309222803e-06 1.620719122001901269e-04
5.700000000000000000e+04 2.209603917435742915e-05 1.556822826387360692e-05 6.522531293740030378e-06 3.758043703783187084e-06 2.914490178227424622e-04 3.909631686838110909e-06 9.615536328055895865e-06 4.714465103461407125e-05 2.352839146624319255e-06 1.604759163456037641e-04
5.750000000000000000e+04 2.047966336249373853e-05 1.586590587976388633e-05 5.880528078705538064e-06 2.344526365050114691e-06 3.388309560250490904e-04 3.132216306767077185e-06 2.176160342060029507e-05 5.137351035955362022e-05 8.547958714189007878e-06 1.627621677471324801e-04
5.800000000000000000e+04 1.985452763619832695e-05 1.506199805589858443e-05 5.030489319324260578e-06 2.268324124088394456e-06 3.344494616612792015e-04 2.884301238736952655e-06 2.007759030675515532e-05 5.377169873099774122e-05 1.382108712277840823e-05 1.598195376573130488e-04
5.850000000000000000e+04 2.321942884009331465e-05 2.327487891307100654e-05 9.282567589252721518e-06 4.878068921243539080e-06 4.578456282615661621e-04 3.483768296064226888e-06 1.253573736903490499e-05 6.174077134346589446e-05 5.711367975891334936e-06 1.518900535302236676e-04
5.900000000000000000e+04 2.337534169782884419e-05 2.342260086152236909e-05 8.103950676741078496e-06 4.182091743132332340e-06 4.529687575995922089e-04 3.759060973607120104e-06 1.245000748895108700e-05 6.669033609796315432e-05 5.440903805720154196e-06 1.486086403019726276e-04
5.950000000000000000e+04 1.789028647181112319e-05 2.254356877529062331e-05 6.783911885577253997e-06 5.253409199212910607e-06 3.808847395703196526e-04 3.215845254089799710e-06 1.095966035791207105e-05 4.273027298040688038e-05 1.299852192460093647e-05 1.472855801694095135e-04
6.000000000000000000e+04 1.740566585795022547e-05 2.135648901457898319e-05 5.649838385579641908e-06 4.574660124490037560e-06 3.779408289119601250e-04 3.256019681430188939e-06 1.091804006136953831e-05 4.380433892947621644e-05 1.649495789024513215e-05 1.449820847483351827e-04
6.050000000000000000e+04 2.208793739555403590e-05 2.429507549095433205e-05 1.065938522515352815e-05 5.488750502991024405e-06 4.633573407772928476e-04 3.491626102913869545e-06 8.745283594180364162e-06 2.517856773920357227e-05 2.273947393405251205e-05 1.465212262701243162e-04
6.100000000000000000e+04 2.216502070950809866e-05 2.321481952094472945e-05 4.992696267436258495e-05 6.050249339750735089e-06 4.602346161846071482e-04 3.872289198625367135e-06 1.118386535381432623e-05 6.644125824095681310e-05 2.393043723714072257e-05 1.438854960724711418e-04
6.150000000000000000e+04 2.239600507891736925e-05 2.751767533482052386e-05 7.421678219543537125e-06 8.861054084263741970e-06 4.323562898207455873e-04 3.408787506486987695e-06 9.136299922829493880e-06 1.959842302312608808e-05 5.882160166947869584e-06 1.368595112580806017e-04
6.200000000000000000e+04 2.229029996669851243e-05 2.689675784495193511e-05 5.956416316621471196e-06 8.953521501098293811e-06 4.279292770661413670e-04 3.369497562744072638e-06 9.008107554109301418e-06 1.823546153900679201e-05 5.605567821476142853e-06 1.337980211246758699e-04
6.250000000000000000e+04 2.437355396978091449e-05 2.206547105743084103e-05 8.132653420034330338e-06 3.245857669753604569e-06 3.727106959559023380e-04 4.663105301005998626e-06 1.343949043075554073e-05 3.975098297814838588e-05 1.234908722835825756e-05 1.293858949793502688e-04
6.300000000000000000e+04 2.461120311636477709e-05 2.273554673593025655e-05 6.394403953891014680e-06 3.180123940182966180e-06 3.659317153505980968e-04 4.336906386015471071e-06 1.548015097796451300e-05 3.198438207618892193e-05 1.235138915944844484e-05 1.257444237126037478e-04
6.350000000000000000e+04 1.906959369080141187e-05 1.647704630158841610e-05 4.357667421572841704e-06 8.496853297401685268e-06 2.654910786077380180e-04 3.628669901445391588e-06 9.340239557786844671e-06 3.234054020140320063e-05 9.813256838242523372e-06 1.263253652723506093e-04
6.400000000000000000e+04 1.813606650102883577e-05 1.549415719637181610e-05 4.320336756791220978e-06 6.857024345663376153e-06 2.647164510563015938e-04 3.176927521053585224e-06 8.566860742575954646e-06 3.870594082400202751e-05 8.991495633381418884e-06 1.249931519851088524e-04
6.450000000000000000e+04 2.182006574003025889e-05 2.517616303521208465e-05 5.032653916714480147e-06 3.707461473823059350e-06 4.717991396319121122e-04 3.488765742076793686e-06 5.691350907000014558e-06 5.321478238329291344e-05 1.099585369956912473e-05 1.254870585398748517e-04
6.500000000000000000e+04 2.238305205537471920e-05 2.381810554652474821e-05 3.659825097201974131e-06 5.020546268497128040e-06 4.673982621170580387e-04 3.577772531571099535e-06 5.900748419662704691e-06 6.209969433257356286e-05 1.600917494215536863e-05 1.233461807714775205e-04
6.550000000000000000e+04 2.101775135088246316e-05 1.775830969563685358e-05 4.529727448243647814e-06 2.820908548528677784e-06 3.887812199536710978e-04 2.841735522451926954e-06 1.655591586313676089e-05 2.716918061196338385e-05 8.628804607724305242e-06 1.191517076222226024e-04
6.600000000000000000e+04 2.062546263914555311e-05 2.505869997548870742e-05 3.003089477715548128e-05 1.088789576897397637e-05 4.055290482938289642e-04 2.863416511900140904e-06 1.395120852976106107e-05 6.875843246234580874e-05 2.492241401341743767e-05 1.334287226200103760e-04
6.650000000000000000e+04 1.836623232520651072e-05 3.071464016102254391e-05 7.979132351465523243e-05 2.335462340852245688e-05 3.726982977241277695e-04 3.654340616776607931e-06 1.322402385994791985e-05 1.252392976311966777e-04 1.724530920910183340e-05 1.489531423430889845e-04
6.700000000000000000e+04 1.843368590925820172e-05 1.860008342191576958e-05 9.681761184765491635e-06 4.328793238528305665e-06 3.332078049425035715e-04 3.590840606193523854e-06 1.539873301226180047e-05 6.473941175499930978e-05 2.772231709968764335e-06 1.148419542005285621e-04
6.750000000000000000e+04 2.374667383264750242e-05 2.555435094109270722e-05 4.867445113632129505e-06 1.053782852977747098e-05 6.133203860372304916e-04 4.125786290387623012e-06 1.137390063377097249e-05 6.931427196832373738e-05 9.215355930791702121e-06 1.129817537730559707e-04
6.800000000000000000e+04 2.487109304638579488e-05 2.478572605468798429e-05 4.734825779451057315e-06 9.782789675227832049e-06 6.016919505782425404e-04 3.848176675091963261e-06 1.058596899383701384e-05 6.650788418482989073e-05 8.370283467229455709e-06 1.092254678951576352e-04
6.850000000000000000e+04 2.859056439774576575e-05 3.458981518633663654e-05 7.091764018696267158e-06 3.362067445777938701e-06 5.127924378030002117e-04 3.887009825120912865e-06 7.426682714140042663e-06 2.376215161348227412e-05 5.611396773019805551e-06 1.058253401424735785e-04
6.900000000000000000e+04 2.972500624309759587e-05 3.658694549812935293e-05 5.418302407633746043e-06 6.245105851121479645e-06 5.032952176406979561e-04 4.025654561701230705e-06 8.226398676924873143e-06 1.661132046137936413e-05 5.367216090235160664e-06 1.044924356392584741e-04
6.950000000000000000e+04 2.842315552697982639e-05 2.998455784108955413e-05 3.884074430970940739e-06 3.039416014871676452e-06 5.752136348746716976e-04 3.085173148065223359e-06 1.658310793573036790e-05 3.024868237844202667e-05 1.485507436882471666e-05 9.926327766152098775e-05
7.000000000000000000e+04 2.785995820886455476e-05 2.870973730750847608e-05 4.231237653584685177e-06 4.482948497752659023e-06 5.729366093873977661e-04 2.807179271258064546e-06 1.616269400983583182e-05 2.727862738538533449e-05 1.368311313854064792e-05 9.690025763120502234e-05
7.050000000000000000e+04 2.997417504957411438e-05 3.074494452448561788e-05 1.678453554632142186e-05 1.202764906338416040e-05 5.632583051919937134e-04 2.972884658447583206e-06 1.619132490304764360e-05 2.289381336595397443e-05 1.692704063316341490e-05 1.000505508272908628e-04
7.100000000000000000e+04 3.064574411837384105e-05 3.115989602520130575e-05 1.380359572067391127e-05 9.813657925406005234e-06 5.565734463743865490e-04 3.709196334966691211e-06 1.743981010804418474e-05 1.165334288089070469e-05 1.540748235129285604e-05 9.911048255162313581e-05
7.150000000000000000e+04 2.181218405894469470e-05 2.446282633172813803e-05 7.608721261931350455e-06 5.090737431601155549e-06 3.458534774836152792e-04 4.302917204768164083e-06 7.463644124072743580e-06 1.542792597319930792e-04 9.658259841671679169e-06 9.503625187790021300e-05
7.200000000000000000e+04 2.173142092942725867e-05 2.369761205045506358e-05 6.299343112914357334e-06 4.605826234183041379e-06 3.430795040912926197e-04 3.905121502612018958e-06 6.728495463903527707e-06 2.018271188717335463e-04 1.070887356036109850e-05 9.362401033286005259e-05
7.250000000000000000e+04 2.503086398064624518e-05 2.067274363071192056e-05 4.426256055012345314e-06 2.961685368063626811e-06 2.614032709971070290e-04 3.919529717677505687e-06 8.668600457895081490e-06 6.321400724118575454e-05 5.620852789434138685e-06 9.325492283096536994e-05
7.300000000000000000e+04 2.519918052712455392e-05 2.262690941279288381e-05 5.933453849138459191e-06 3.398849457880714908e-06 2.586356713436543941e-04 3.385882337170187384e-06 1.312232052441686392e-05 4.278120468370616436e-05 4.222315055812941864e-06 9.447102638659998775e-05
7.350000000000000000e+04 2.686361767700873315e-05 2.340838364034425467e-05 4.029771844216156751e-06 4.251866357662947848e-06 4.400020407047122717e-04 3.160231472065788694e-06 9.872257578535936773e-06 4.013672514702193439e-05 8.411782800976652652e-06 9.167724783765152097e-05
7.400000000000000000e+04 2.779813257802743465e-05 2.936040073109325022e-05 1.033211719914106652e-05 6.542388291563838720e-06 4.384738567750900984e-04 3.182860837114276364e-06 1.849629188654944301e-05 5.451171455206349492e-05 8.611070370534434915e-06 9.701837552711367607e-05
