# step, loss_train, loss_test, metrics_test
0.000000000000000000e+00 8.304428192786872387e-04 1.089775785803794861e-01 7.030394859611988068e-03 2.591821597889065742e-03 2.285962458699941635e-03 8.491665939800441265e-04 1.133969798684120178e-01 5.884188693016767502e-03 3.545787418261170387e-03 3.504453692585229874e-03
5.000000000000000000e+02 2.491676714271306992e-03 6.199939548969268799e-02 5.174087709747254848e-04 7.957237539812922478e-05 2.848349744454026222e-03 2.486045006662607193e-03 6.944268196821212769e-02 7.030974416011304129e-07 1.442166976630687714e-04 3.613037988543510437e-03
1.000000000000000000e+03 1.194106298498809338e-03 5.917799100279808044e-02 1.472904550610110164e-04 9.130156104220077395e-05 3.787907306104898453e-03 1.190698705613613129e-03 6.788635253906250000e-02 1.787656219676136971e-05 2.041274710791185498e-04 4.495736677199602127e-03
1.500000000000000000e+03 5.132911610417068005e-04 6.871188431978225708e-02 8.984795567812398076e-05 9.576715820003300905e-05 5.604926962405443192e-03 4.876047023572027683e-04 6.637597829103469849e-02 8.093024348454491701e-07 7.356200512731447816e-05 6.146103143692016602e-03
2.000000000000000000e+03 4.877258907072246075e-04 6.834064424037933350e-02 7.030185224721208215e-05 1.069912032107822597e-04 5.347460508346557617e-03 4.522656381595879793e-04 6.577961146831512451e-02 4.095273470738902688e-05 2.298697836522478610e-05 5.887937266379594803e-03
2.500000000000000000e+03 5.978451808914542198e-04 8.135104924440383911e-02 7.340774754993617535e-05 1.458524056943133473e-04 5.272884387522935867e-03 5.326580721884965897e-04 6.500558555126190186e-02 8.620075823273509741e-05 3.611523789004422724e-05 5.703771952539682388e-03
3.000000000000000000e+03 6.791564519517123699e-04 8.116628229618072510e-02 7.100722723407670856e-05 1.451774878660216928e-04 4.884485621005296707e-03 5.854252376593649387e-04 6.485105305910110474e-02 7.220153202069923282e-05 3.361832204973325133e-05 5.319715477526187897e-03
3.500000000000000000e+03 2.042708685621619225e-03 6.489318609237670898e-02 7.114120671758428216e-05 1.600110845174640417e-04 2.553140046074986458e-03 1.810902729630470276e-03 6.459431350231170654e-02 2.009819436352699995e-04 1.530941081000491977e-04 3.179952269420027733e-03
4.000000000000000000e+03 2.175497589632868767e-03 6.430673599243164062e-02 8.239084127126261592e-05 1.788721856428310275e-04 2.304812660440802574e-03 1.891034306026995182e-03 6.455598771572113037e-02 2.033400814980268478e-04 1.902083022287115455e-04 2.932550851255655289e-03
4.500000000000000000e+03 3.065619675908237696e-04 5.330828949809074402e-02 8.237527072196826339e-05 1.323176693404093385e-04 2.365571679547429085e-03 2.577534469310194254e-04 6.739245355129241943e-02 4.488808554015122354e-05 5.298720134305767715e-05 2.961316611617803574e-03
5.000000000000000000e+03 2.765443932730704546e-04 5.305771529674530029e-02 1.098926368285901845e-04 1.462567161070182920e-04 2.208149060606956482e-03 2.344414970139041543e-04 6.763876974582672119e-02 4.261518188286572695e-05 5.239843812887556851e-05 2.788098296150565147e-03
5.500000000000000000e+03 3.364912408869713545e-04 5.770755559206008911e-02 2.189586812164634466e-04 1.119444932555779815e-04 2.055602148175239563e-03 3.069069935008883476e-04 6.637987494468688965e-02 8.439064549747854471e-05 5.972242797724902630e-05 2.584025496616959572e-03
6.000000000000000000e+03 3.194120945408940315e-04 5.732886865735054016e-02 3.207117842976003885e-04 1.405188522767275572e-04 1.848418265581130981e-03 3.014912072103470564e-04 6.607156991958618164e-02 1.260634162463247776e-04 7.608668238390237093e-05 2.368994522839784622e-03
6.500000000000000000e+03 2.624002809170633554e-04 5.759289860725402832e-02 5.856780335307121277e-04 1.592894550412893295e-04 1.986114075407385826e-03 2.211654355050995946e-04 6.602259725332260132e-02 1.653057988733053207e-04 2.292820681759621948e-05 2.492884173989295959e-03
7.000000000000000000e+03 2.160412695957347751e-04 5.671787634491920471e-02 7.076534093357622623e-04 2.374151372350752354e-04 1.753824064508080482e-03 1.707504270598292351e-04 6.568191945552825928e-02 1.833167043514549732e-04 3.923026815755292773e-05 2.227355493232607841e-03
7.500000000000000000e+03 1.571019092807546258e-04 6.820609420537948608e-02 1.043583499267697334e-03 8.462672121822834015e-04 1.605961238965392113e-03 1.455542660551145673e-04 6.060098484158515930e-02 7.281221332959830761e-04 3.620234492700546980e-04 2.094947732985019684e-03
8.000000000000000000e+03 2.004732959903776646e-04 5.532841756939888000e-02 1.286050770431756973e-03 2.693451009690761566e-03 2.148299710825085640e-03 1.946755364770069718e-04 4.796996712684631348e-02 9.726023417897522449e-04 2.880887128412723541e-03 2.519385423511266708e-03
8.500000000000000000e+03 2.331496943952515721e-04 3.539856523275375366e-02 7.244373555295169353e-04 2.488021738827228546e-03 2.142429817467927933e-03 2.245573996333405375e-04 3.827059641480445862e-02 5.537261022254824638e-04 4.873906727880239487e-03 2.502689603716135025e-03
9.000000000000000000e+03 4.717737610917538404e-04 1.927904039621353149e-02 2.864998241420835257e-04 1.651908969506621361e-03 2.750136889517307281e-03 4.054217133671045303e-04 1.800995320081710815e-02 5.174359539523720741e-04 6.683891639113426208e-03 2.939917379990220070e-03
9.500000000000000000e+03 6.933891563676297665e-04 4.538214299827814102e-03 8.775679452810436487e-05 5.207830690778791904e-04 3.467778675258159637e-03 4.919177154079079628e-04 3.990793600678443909e-03 2.111366047756746411e-04 1.663303934037685394e-03 3.266807645559310913e-03
1.000000000000000000e+04 6.398312980309128761e-04 1.467258669435977936e-03 2.472738196956925094e-05 2.022671978920698166e-04 3.794853342697024345e-03 4.029901174362748861e-04 9.732962935231626034e-04 4.850550976698286831e-05 4.588352458085864782e-04 3.494256641715764999e-03
1.050000000000000000e+04 6.020264117978513241e-04 1.134419580921530724e-03 3.523120176396332681e-05 1.696532563073560596e-04 4.157230257987976074e-03 3.590216510929167271e-04 7.206137524917721748e-04 2.195524939452297986e-05 2.316881582373753190e-04 3.360280999913811684e-03
1.100000000000000000e+04 5.393404862843453884e-04 9.704709518700838089e-04 3.552141060936264694e-05 1.098871071008034050e-04 3.837363095954060555e-03 3.131203702650964260e-04 6.338983075693249702e-04 2.682373815332539380e-05 1.432186109013855457e-04 3.036523237824440002e-03
1.150000000000000000e+04 4.244190931785851717e-04 6.966939545236527920e-04 1.546125167806167156e-05 4.884017471340484917e-05 2.926501212641596794e-03 2.497580135241150856e-04 4.742666496895253658e-04 3.403466325835324824e-05 1.401342015014961362e-04 2.783696167171001434e-03
1.200000000000000000e+04 3.523828927427530289e-04 5.937231471762061119e-04 1.941173650266136974e-05 2.917086203524377197e-05 2.574285957962274551e-03 2.038654929492622614e-04 4.484638920985162258e-04 4.878236359218135476e-05 8.393324969802051783e-05 2.409850480034947395e-03
1.250000000000000000e+04 2.986052422784268856e-04 4.897077451460063457e-04 2.002063592954073101e-05 2.485420009179506451e-05 2.278214087709784508e-03 1.854147558333352208e-04 4.589873424265533686e-04 4.644787986762821674e-05 4.093344614375382662e-05 2.107988111674785614e-03
1.300000000000000000e+04 2.429989544907584786e-04 4.236687382217496634e-04 2.430038148304447532e-05 1.456137761124409735e-05 2.008792944252490997e-03 1.422932109562680125e-04 4.336498386692255735e-04 5.935790250077843666e-05 2.176437010348308831e-05 1.803620136342942715e-03
1.350000000000000000e+04 1.488936832174658775e-04 3.644937532953917980e-04 2.467521335347555578e-05 1.471835639677010477e-05 1.948196091689169407e-03 8.265566430054605007e-05 3.425753093324601650e-04 1.572176697663962841e-04 2.427099207125138491e-05 1.569978543557226658e-03
1.400000000000000000e+04 1.118208747357130051e-04 3.062988980673253536e-04 2.257888263557106256e-05 1.258104566659312695e-05 1.640803064219653606e-03 5.562001024372875690e-05 2.963092410936951637e-04 1.783670886652544141e-04 3.883600584231317043e-05 1.309950486756861210e-03
1.450000000000000000e+04 1.073790481314063072e-04 3.157709434162825346e-04 4.397427255753427744e-05 9.437556400371249765e-06 1.824808190576732159e-03 4.277875996194779873e-05 2.961982972919940948e-04 1.701914879959076643e-04 3.937061774195171893e-05 1.133069861680269241e-03
1.500000000000000000e+04 9.169337135972455144e-05 2.904359134845435619e-04 3.482324973447248340e-05 1.541494566481560469e-05 1.671612029895186424e-03 3.017256494786124676e-05 2.608399663586169481e-04 1.668749464442953467e-04 5.259672980173490942e-05 9.882587473839521408e-04
1.550000000000000000e+04 8.286792581202462316e-05 2.552769146859645844e-04 4.389028617879375815e-05 2.952888826257549226e-05 1.286649028770625591e-03 2.230557220173068345e-05 2.399073418928310275e-04 1.115004852181300521e-04 4.145198909100145102e-05 8.577143307775259018e-04
1.600000000000000000e+04 6.986709195189177990e-05 2.327652910025790334e-04 2.914782089646905661e-05 2.891309122787788510e-05 1.171204494312405586e-03 1.426647941116243601e-05 2.194471308030188084e-04 8.086650632321834564e-05 8.340195927303284407e-05 7.477891631424427032e-04
1.650000000000000000e+04 6.183826917549595237e-05 2.121785801136866212e-04 2.304459667357150465e-05 2.243101516796741635e-05 1.251720474101603031e-03 9.210455573338549584e-06 1.641234412090852857e-04 5.074016371509060264e-05 8.164640894392505288e-05 6.604868685826659203e-04
1.700000000000000000e+04 5.396398410084657371e-05 1.838379685068503022e-04 2.299124935234431177e-05 2.164678699045907706e-05 1.136429957114160061e-03 7.815889148332644254e-06 1.394139981130138040e-04 5.370952931116335094e-05 1.262607547687366605e-04 5.500883562490344048e-04
1.750000000000000000e+04 3.658653076854534447e-05 1.525329716969281435e-04 1.838331445469520986e-05 1.982956200663466007e-05 8.660791791044175625e-04 6.964008207432925701e-06 1.211184280691668391e-04 7.090409781085327268e-05 6.580728222616016865e-05 4.713852249551564455e-04
1.800000000000000000e+04 3.117886444670148194e-05 1.373379200231283903e-04 1.813893868529703468e-05 1.364020317851100117e-05 7.718692650087177753e-04 6.564336217707023025e-06 1.119770386139862239e-04 7.011184061411768198e-05 4.299650390748865902e-05 3.811251081060618162e-04
1.850000000000000000e+04 3.498214573482982814e-05 1.326162891928106546e-04 2.659021993167698383e-05 7.721941074123606086e-06 8.858780493028461933e-04 6.028703865013085306e-06 1.280267315451055765e-04 5.469345342135056853e-05 2.606135967653244734e-05 3.029978543054312468e-04
1.900000000000000000e+04 3.129868127871304750e-05 1.219014156959019601e-04 2.393437171122059226e-05 6.979775662330212072e-06 8.125223685055971146e-04 5.696367225027643144e-06 1.223947183461859822e-04 4.707373591372743249e-05 2.437591501802671701e-05 2.408268483122810721e-04
1.950000000000000000e+04 2.429353662591893226e-05 8.557031105738133192e-05 2.199557457061018795e-05 5.267187589197419584e-06 4.674877563957124949e-04 4.184033059573266655e-06 9.247144771507009864e-05 4.030732088722288609e-05 2.390688132436480373e-05 2.000854437937960029e-04
2.000000000000000000e+04 2.114565722877159715e-05 7.301556615857407451e-05 1.916034852911252528e-05 5.043646979174809530e-06 4.084389656782150269e-04 3.970225861849030480e-06 8.882866677595302463e-05 4.015565355075523257e-05 2.497922650945838541e-05 1.533906906843185425e-04
2.050000000000000000e+04 2.418194890196900815e-05 7.186705624917522073e-05 1.979902481252793223e-05 5.705920102627715096e-06 5.150954239070415497e-04 3.091293137913453393e-06 1.015737798297777772e-04 4.816257569473236799e-05 2.352567571506369859e-05 1.070775324478745461e-04
2.100000000000000000e+04 2.231479629699606448e-05 5.911163316341117024e-05 1.792981493053957820e-05 6.237728484848048538e-06 4.465169040486216545e-04 2.537807858971063979e-06 9.356850932817906141e-05 4.164599158684723079e-05 1.329737369815120474e-05 7.320922304643318057e-05
2.150000000000000000e+04 2.030896575888618827e-05 6.019227294018492103e-05 1.226377480634255335e-05 3.905738140019821003e-06 4.142319958191365004e-04 2.136961484211497009e-06 7.684800948482006788e-05 1.169181268778629601e-05 9.656496331444941461e-06 5.928425161982886493e-05
2.200000000000000000e+04 1.941970731422770768e-05 5.279091783449985087e-05 7.507534519390901551e-06 2.891991016440442763e-06 3.850280772894620895e-04 2.087427901642513461e-06 6.559249595738947392e-05 8.677091500430833548e-06 1.342230189038673416e-05 4.355470082373358309e-05
2.250000000000000000e+04 1.606221485417336226e-05 4.281918154447339475e-05 6.652955562458373606e-06 2.604489736768300645e-06 2.566579496487975121e-04 1.937819206432322972e-06 6.215209577931091189e-05 6.809596470702672377e-06 2.174536166421603411e-05 3.373781873960979283e-05
2.300000000000000000e+04 1.644089752517174929e-05 3.697998909046873450e-05 4.318656465329695493e-06 2.404229462626972236e-06 2.369746798649430275e-04 1.776530325514613651e-06 5.234841592027805746e-05 6.719209977745776996e-06 3.426323019084520638e-05 2.688236236281227320e-05
2.350000000000000000e+04 1.719263127597514540e-05 2.793129169731400907e-05 1.780869069989421405e-06 3.108337750745704398e-06 2.648644731380045414e-04 1.913737378345103934e-06 4.961235754308290780e-05 8.937908205552957952e-06 1.186121517093852162e-05 2.118304837495088577e-05
2.400000000000000000e+04 1.795786556613165885e-05 2.386892447248101234e-05 1.468701725571008865e-06 3.147422376059694216e-06 2.344968670513480902e-04 2.166391141145140864e-06 5.157218765816651285e-05 6.940721050341380760e-06 7.997543434612452984e-06 1.824642095016315579e-05
2.450000000000000000e+04 2.147988925571553409e-05 3.259600634919479489e-05 3.572793502826243639e-06 4.929221631755353883e-06 2.072680363198742270e-04 2.354672460569418035e-06 9.638602205086499453e-05 6.769347237423062325e-06 2.140086871804669499e-05 1.475399312766967341e-05
2.500000000000000000e+04 2.115606002917047590e-05 2.970200148411095142e-05 3.008935664183809422e-06 3.983590431744232774e-06 1.923956442624330521e-04 2.350009253859752789e-06 1.066920449375174940e-04 6.226113328011706471e-06 2.018700615735724568e-05 1.326085566688561812e-05
2.550000000000000000e+04 2.167177262890618294e-05 2.280570697621442378e-05 4.080070084455655888e-06 6.092198418627958745e-06 1.701299188425764441e-04 2.064291720671462826e-06 1.142951659858226776e-04 7.407387329294579104e-06 1.852681293712521438e-06 1.329945189354475588e-05
2.600000000000000000e+04 2.155194670194759965e-05 2.231518556072842330e-05 3.007029818036244251e-06 4.909703875455306843e-06 1.631704071769490838e-04 1.968735887203365564e-06 1.056938563124276698e-04 6.691614089504582807e-06 2.655729986145161092e-06 1.274752594326855615e-05
2.650000000000000000e+04 1.568459447298664600e-05 3.414311504457145929e-05 2.001129814743762836e-06 3.138510692224372178e-06 2.346776018384844065e-04 1.578560613779700361e-06 6.460941949626430869e-05 1.143664940173039213e-05 3.728831188709591515e-06 1.709171192487701774e-05
2.700000000000000000e+04 1.808728484320454299e-05 3.320096584502607584e-05 1.881484877230832353e-06 2.374140422034543008e-06 2.182659954996779561e-04 1.515096869297849480e-06 7.470498530892655253e-05 1.136768878495786339e-05 2.266939873152296059e-06 1.789674206520430744e-05
2.750000000000000000e+04 2.013357152463868260e-05 2.258686072309501469e-05 2.113070422637974843e-06 1.954429308170801960e-06 1.400230248691514134e-04 1.646303871893906035e-06 7.526497938670217991e-05 4.892661308986134827e-06 1.937069782798062079e-06 1.111047822632826865e-05
2.800000000000000000e+04 2.018007762671913952e-05 2.074614167213439941e-05 1.712939138087676838e-06 1.500388520980777685e-06 1.373704435536637902e-04 1.552832145534921438e-06 8.578709821449592710e-05 4.184577392152277753e-06 4.647856712836073712e-06 1.015672023640945554e-05
2.850000000000000000e+04 2.264966860821004957e-05 2.460911673551890999e-05 1.374652924823749345e-06 2.443785433570155874e-06 2.338727645110338926e-04 1.260294197891198564e-06 7.232240022858604789e-05 4.361302671895828098e-06 7.942781849124003202e-06 9.421140930498950183e-06
2.900000000000000000e+04 2.243026210635434836e-05 2.371524169575423002e-05 1.274252895200334024e-06 1.886993572952633258e-06 2.313425065949559212e-04 1.117617443924245890e-06 7.538537465734407306e-05 4.070484465046320111e-06 8.068618626566603780e-06 8.626117960375268012e-06
2.950000000000000000e+04 2.476290865160990506e-05 2.366779335716273636e-05 9.715167834656313062e-07 2.008004457820788957e-06 1.282801531488075852e-04 9.384295935888076201e-07 1.293633977184072137e-04 6.189220130181638524e-06 1.844514554250054061e-05 7.599355285492492840e-06
3.000000000000000000e+04 2.584774119895882905e-05 2.212113577115815133e-05 9.491058108324068598e-07 1.341649976893677376e-06 1.247268082806840539e-04 9.462257821724051610e-07 1.427165261702612042e-04 6.119211320765316486e-06 3.206391920684836805e-05 7.382554031210020185e-06
3.050000000000000000e+04 2.408455293334554881e-05 2.246636177005711943e-05 1.685241045379370917e-06 5.011751795791496988e-07 1.579519157530739903e-04 1.254981157217116561e-06 4.263954178895801306e-05 3.185899231539224274e-06 8.388332730646652635e-07 7.420632300636498258e-06
3.100000000000000000e+04 2.300868800375610590e-05 2.214128289779182523e-05 1.472706458116590511e-06 2.912810543875821168e-07 1.562806719448417425e-04 1.123011315939947963e-06 3.802226274274289608e-05 3.490022663754643872e-06 6.146994564915075898e-06 7.023757007118547335e-06
3.150000000000000000e+04 1.866474667622242123e-05 1.612874802958685905e-05 6.456473329308209941e-07 2.865582473532413132e-07 1.147341608884744346e-04 7.036236979729437735e-07 3.858965646941214800e-05 6.399389803846133873e-06 2.435617261653533205e-06 6.327202754619065672e-06
3.200000000000000000e+04 1.811316542443819344e-05 1.520245314168278128e-05 6.526251468130794819e-07 1.877528035265640938e-07 1.137340586865320802e-04 6.195637070049997419e-07 3.434552854741923511e-05 6.596731964236823842e-06 2.476029521858436055e-06 5.939905349805485457e-06
3.250000000000000000e+04 2.363918065384496003e-05 1.444430381525307894e-05 8.335811116921831854e-07 2.934336578164220555e-07 8.495155634591355920e-05 7.179611998253676575e-07 5.890567626920528710e-05 4.332707703724736348e-06 6.252187176869483665e-07 6.278592081798706204e-06
3.300000000000000000e+04 2.249146564281545579e-05 1.384324968967121094e-05 6.035366482137760613e-07 2.663821874193672556e-07 8.432840695604681969e-05 7.558142556263192091e-07 5.988271004753187299e-05 3.323343207739526406e-06 7.324216539927874692e-07 6.081909759814152494e-06
3.350000000000000000e+04 1.978497857635375112e-05 1.717300801828969270e-05 7.099826575540646445e-07 8.591882192376942839e-07 1.332761166850104928e-04 7.144680580495332833e-07 4.732883826363831758e-05 1.251532694368506782e-06 2.022985199801041745e-06 7.110323622327996418e-06
3.400000000000000000e+04 2.119261080224532634e-05 1.679390334174968302e-05 7.172182563408568967e-07 5.269342295832757372e-07 1.279762363992631435e-04 6.389857958311040420e-07 5.147770934854634106e-05 1.497094217484118417e-06 2.564421947681694292e-06 7.109268153726588935e-06
3.450000000000000000e+04 2.387714266660623252e-05 1.523684477433562279e-05 6.192689738782064524e-07 3.298060278211778495e-07 1.114476181101053953e-04 6.151829552436538506e-07 1.032346699503250420e-04 3.913551154255401343e-06 2.311444859515177086e-06 7.571479272883152589e-06
3.500000000000000000e+04 2.572603807493578643e-05 1.445039288228144869e-05 5.554570634558331221e-07 3.562024062375712674e-07 1.078205241356045008e-04 6.344379244183073752e-07 1.132034085458144546e-04 3.800156946454080753e-06 2.169223080272786319e-06 7.657783498871140182e-06
3.550000000000000000e+04 3.772518175537697971e-05 1.510552192485192791e-05 6.866720241305301897e-07 2.543652612985169981e-07 1.279561402043327689e-04 5.929521194047993049e-07 1.050668215611949563e-04 6.008910077071050182e-06 3.910642044502310455e-05 8.722212442080490291e-06
3.600000000000000000e+04 3.611173087847419083e-05 1.497526773164281622e-05 6.404094392564729787e-07 2.223556805347470799e-07 1.278210256714373827e-04 5.648137175739975646e-07 9.210082498611882329e-05 6.520968327095033601e-06 5.698710083379410207e-05 9.068051440408453345e-06
3.650000000000000000e+04 3.246969936299137771e-05 1.787470682756975293e-05 8.792702033133537043e-07 3.728364674771000864e-07 1.675651292316615582e-04 6.117746806921786629e-07 2.876410326280165464e-05 1.995369075302733108e-06 7.038389640001696534e-07 1.095858078770106658e-05
3.700000000000000000e+04 3.378128531039692461e-05 1.974995211639907211e-05 7.520361009483167436e-07 3.677291147141659167e-07 1.618829555809497833e-04 6.308897582130157389e-07 2.538428816478699446e-05 1.699986455605539959e-06 7.103109851414046716e-07 1.204526142828399315e-05
3.750000000000000000e+04 3.242766979383304715e-05 2.312973811058327556e-05 5.038247650190896820e-07 1.902723283819796052e-06 1.813109556678682566e-04 5.469730126606009435e-07 7.861963240429759026e-05 3.490818698992370628e-06 8.441095815214794129e-06 6.791937721573049203e-06
3.800000000000000000e+04 3.385253148735500872e-05 1.727799281070474535e-05 4.500130046380945714e-07 1.106710101339558605e-06 1.807882799766957760e-04 5.235639832790184300e-07 1.287318445974960923e-04 3.064135853492189199e-06 6.687998279630846810e-07 6.010317974869394675e-06
3.850000000000000000e+04 3.093619670835323632e-05 1.853341200330760330e-05 4.955484769197937567e-07 2.052560574838935281e-07 1.443371875211596489e-04 5.478755724652728532e-07 6.163654325064271688e-05 3.559455535651068203e-06 7.086522941790462937e-07 6.238824880711035803e-06
3.900000000000000000e+04 3.085211574216373265e-05 1.854493530117906630e-05 4.476987385260144947e-07 2.228774746981798671e-07 1.421551278326660395e-04 5.459924636852520052e-07 5.666510696755722165e-05 3.311002728878520429e-06 2.558095275162486359e-06 6.181030130392173305e-06
3.950000000000000000e+04 3.849674249067902565e-05 2.008411684073507786e-05 5.247724175205803476e-07 8.869723728821554687e-07 1.227792527060955763e-04 5.174127295504149515e-07 7.618793461006134748e-05 4.489541424845810980e-06 6.611093795072520152e-06 6.281338301050709561e-06
4.000000000000000000e+04 3.587118408177047968e-05 1.885413439595140517e-05 5.400683562584163155e-07 6.626593176406458952e-07 1.246095780516043305e-04 5.057520979789842386e-07 7.868815737310796976e-05 4.782855739904334769e-06 7.496427770092850551e-06 6.129148005129536614e-06
4.050000000000000000e+04 2.632489849929697812e-05 2.125949140463490039e-05 5.428244094218825921e-07 7.913459398878330830e-07 2.224152704002335668e-04 4.847105401495355181e-07 4.652022835216484964e-05 3.369100340933073312e-06 2.599624167487490922e-06 6.189334726514061913e-06
4.100000000000000000e+04 2.780379145406186581e-05 2.024149580392986536e-05 4.600395300258242059e-07 7.197135118985897861e-07 2.189411752624437213e-04 4.933053787681274116e-07 4.797353176400065422e-05 3.134747203148435801e-06 2.438690216877148487e-06 6.412941274902550504e-06
4.150000000000000000e+04 1.663025796005968004e-05 1.482143034081673250e-05 4.109323583634250099e-07 7.008562192822864745e-07 1.282700686715543270e-04 4.487795877139433287e-07 5.237260484136641026e-05 1.754557956701319199e-06 1.046054649123107083e-06 4.925318535242695361e-06
4.200000000000000000e+04 1.573469126014970243e-05 1.416308168700197712e-05 4.126725912101392169e-07 4.295592646030854667e-07 1.285392208956182003e-04 4.024096824650769122e-07 4.799815724254585803e-05 1.699406425359484274e-06 1.088772705770679750e-06 4.547272965282900259e-06
4.250000000000000000e+04 2.751049942162353545e-05 1.313654684054199606e-05 5.943828114141069818e-07 2.710083606416446855e-07 1.335637934971600771e-04 3.903454057763156015e-07 4.344126500654965639e-05 2.075227712339255959e-06 1.500012899668945465e-06 4.947475190419936553e-06
4.300000000000000000e+04 2.805290569085627794e-05 1.294770572712877765e-05 6.374115173457539640e-07 2.299681085560223437e-07 1.314319088123738766e-04 3.821752159183233744e-07 4.526431803242303431e-05 2.186429810535628349e-06 1.584564415679778904e-06 5.191774562263162807e-06
