# step, loss_train, loss_test, metrics_test
0.000000000000000000e+00 1.185773988254368305e-03 2.342379391193389893e-01 1.447243839502334595e-01 8.796895295381546021e-02 1.525130718946456909e-01 1.180486869998276234e-03 2.497513890266418457e-01 1.271042972803115845e-01 7.399994879961013794e-02 1.516890972852706909e-01
5.000000000000000000e+02 2.619179140310734510e-04 5.696091800928115845e-02 2.510317608539480716e-05 4.488067497732117772e-05 6.607125978916883469e-04 1.331572566414251924e-04 6.521333754062652588e-02 2.163519820896908641e-05 4.881107815890572965e-05 1.268073916435241699e-03
1.000000000000000000e+03 1.091646627173759043e-04 5.470025166869163513e-02 3.110163961537182331e-04 7.567990105599164963e-04 3.572535060811787844e-04 2.282299647049512714e-05 6.283048540353775024e-02 8.667696238262578845e-05 1.812255504773929715e-04 9.416734683327376842e-04
1.500000000000000000e+03 1.258985139429569244e-05 8.449469896731898189e-05 5.532918976314249448e-07 2.121248598996317014e-06 7.388275698758661747e-04 3.817102424363838509e-06 6.883245805511251092e-05 9.142358408098516520e-07 3.365937345733982511e-06 3.541898040566593409e-04
2.000000000000000000e+03 9.518090337223839015e-06 8.462650293949991465e-05 6.662728537776274607e-07 8.501872343913419172e-07 5.120597197674214840e-04 4.004572474514134228e-06 4.562936737784184515e-05 5.464009404931857716e-07 1.562802083299175138e-07 1.794764539226889610e-04
2.500000000000000000e+03 4.293116035114508122e-06 1.726879054331220686e-05 6.385938036146399099e-07 9.910002063406864181e-07 3.835976531263440847e-04 4.367727512999408646e-07 7.168554020609008148e-06 4.867291067967016716e-07 3.169377293943398399e-07 8.906461152946576476e-05
3.000000000000000000e+03 5.245806733000790700e-06 1.635850821912754327e-05 4.154209420903498540e-07 1.174870817521878053e-06 3.266934072598814964e-04 3.915438639978674473e-07 9.098548616748303175e-06 1.451002873409379390e-07 8.320893130076001398e-07 5.197621067054569721e-05
3.500000000000000000e+03 1.373212853650329635e-05 7.890105480328202248e-04 1.936384251166600734e-06 3.921836196241201833e-06 5.148882046341896057e-04 4.759895944062009221e-07 1.088289893232285976e-03 3.420292159717064351e-06 3.329437504362431355e-06 2.854665217455476522e-04
4.000000000000000000e+03 6.609290721826255322e-06 1.700071734376251698e-04 1.821463939677414601e-07 6.044261908755288459e-07 2.522601280361413956e-04 1.701646397123113275e-07 1.903810334624722600e-04 3.124513341390411370e-07 2.287390316269011237e-06 2.609610965009778738e-05
4.500000000000000000e+03 3.385684976819902658e-05 1.028876140480861068e-04 1.250101718142104801e-06 4.957982127962168306e-06 8.854910265654325485e-04 1.033537273542606272e-06 8.724899089429527521e-05 3.545074775956891244e-07 3.276682718933443539e-06 4.890659474767744541e-04
5.000000000000000000e+03 1.827776031859684736e-05 2.564612259448040277e-05 7.225941089927800931e-07 2.271301354994648136e-06 3.276134084444493055e-04 1.609639070920820814e-07 2.475142355251591653e-05 2.353061603344031028e-07 1.611433958714769688e-06 1.129174506786512211e-05
5.500000000000000000e+03 9.244103239325340837e-06 3.164154186379164457e-04 9.810306522695100284e-08 1.448818522931105690e-07 1.609853061381727457e-04 5.118062418318913842e-08 4.025328671559691429e-04 3.782639268479215389e-08 1.337609916163273738e-07 4.597146471496671438e-05
6.000000000000000000e+03 1.122866433433955535e-05 9.348174899059813470e-06 4.735220926477268222e-08 2.741195714861532906e-07 1.561511307954788208e-04 1.279222772154753329e-07 1.882723699964117259e-05 9.335327177950603073e-08 2.408056332114938414e-07 5.852335561939980835e-06
6.500000000000000000e+03 1.895282912300899625e-05 8.594628161517903209e-05 8.877990609335029148e-08 1.580484649821300991e-07 1.408232055837288499e-04 1.450215592058157199e-08 8.008402801351621747e-05 1.984853383873996790e-07 1.819797716962057166e-07 2.168926585000008345e-05
7.000000000000000000e+03 2.308670809725299478e-05 2.888599192374385893e-05 2.064911939214653103e-07 5.611382221104577184e-07 1.710410724626854062e-04 1.538051321858802112e-07 6.455135007854551077e-05 4.933192521150431276e-09 7.046761538731516339e-07 6.333630881272256374e-05
7.500000000000000000e+03 9.322642654296942055e-06 4.847034870181232691e-05 1.158939767265110277e-06 7.713703780609648675e-06 3.079632879234850407e-04 4.130852460093592526e-07 6.561201007571071386e-05 1.021188040795095731e-06 2.489689222784363665e-06 7.044382073218002915e-05
8.000000000000000000e+03 5.042570137447910383e-06 2.352858064114116132e-05 2.094157025567255914e-07 6.353927233249123674e-07 1.647530880291014910e-04 3.601807563313741412e-08 3.666294651338830590e-05 3.380564095323279616e-08 2.491512134383810917e-07 9.243754902854561806e-06
8.500000000000000000e+03 2.784929347399156541e-05 5.228460577200166881e-05 7.652119506929011550e-07 7.040444529593514744e-07 2.801555383484810591e-04 2.672817345228395425e-07 8.147970947902649641e-05 7.228925937852181960e-07 8.594541327511251438e-07 3.327682497911155224e-05
9.000000000000000000e+03 6.330660198727855459e-06 1.788941699487622827e-05 5.034134886727770208e-08 2.042929594381348579e-07 1.778599107638001442e-04 2.588848957429945585e-08 1.612818414287175983e-05 1.603949897344136843e-07 7.125104417582406313e-08 2.032681777563993819e-06
9.500000000000000000e+03 5.310932920110644773e-06 9.039943506650160998e-06 8.088538550055091036e-08 7.088929976362123853e-08 1.077702327165752649e-04 4.801413666655207635e-08 1.272251756745390594e-05 5.057893659454748558e-08 1.201245964921326959e-07 9.158594025393540505e-07
1.000000000000000000e+04 5.868475454917643219e-06 1.281746062886668369e-05 7.888194630822908948e-08 6.676864217070033192e-08 1.035303721437230706e-04 8.797970707519198186e-08 3.799283877015113831e-05 8.678036778064779355e-08 1.990598406109711505e-07 5.474708359543001279e-06
1.050000000000000000e+04 7.980090231285430491e-06 6.480533920694142580e-05 2.089011701400522725e-07 5.388255885918624699e-07 1.621195115149021149e-04 4.577499268521023623e-08 7.502180233132094145e-05 8.847681698398446315e-08 9.623836660921369912e-08 3.686371928779408336e-05
1.100000000000000000e+04 7.122963779693236575e-06 9.918194700730964541e-05 1.309282197325956076e-06 4.729001830128254369e-07 1.783466141205281019e-04 1.035990280229270866e-07 1.010537816910073161e-04 4.845028200861634105e-08 1.114306424909727866e-08 6.358850077958777547e-05
1.150000000000000000e+04 6.032141754985786974e-06 7.258343430294189602e-06 3.784006707974185701e-08 4.490994953698645986e-08 3.078454392380081117e-05 5.253482271427856176e-08 1.538145443191751838e-05 3.313484242539743718e-08 6.955640685646358179e-08 8.711923328519333154e-06
1.200000000000000000e+04 1.030941202770918608e-04 2.704610349610447884e-03 3.450435087870573625e-06 3.033012490050168708e-07 8.057299419306218624e-04 2.793575788473390276e-07 5.284630693495273590e-03 6.069751179893501103e-06 1.584002831123143551e-07 5.570757202804088593e-04
1.250000000000000000e+04 1.514480663900030777e-05 5.469323878060095012e-05 2.276850636917515658e-06 4.041467320803349139e-07 3.702441754285246134e-04 1.347792704109451734e-07 4.722111043520271778e-05 1.252872493751056027e-06 1.175937995867570862e-07 3.124420254607684910e-05
1.300000000000000000e+04 1.347539819107623771e-05 4.207602978567592800e-05 8.318687036990013439e-07 2.923067370375065366e-07 3.168261901009827852e-04 3.151129490674975386e-08 2.144155769201461226e-05 3.992656161244667601e-07 8.545585927777210600e-08 1.169036931969458237e-05
1.350000000000000000e+04 8.364938366867136210e-06 9.497555583948269486e-05 2.759823473752476275e-06 1.798672712993720779e-07 2.047716116067022085e-04 1.753369360812939703e-07 8.290605910588055849e-05 1.116331441153306514e-05 1.804351938972104108e-07 4.543462637229822576e-05
1.400000000000000000e+04 7.799124432494863868e-06 1.079613502952270210e-05 1.000288989416731056e-06 1.052904821108313627e-07 1.703364978311583400e-04 4.308805046093766578e-08 1.545749728393275291e-05 5.065010100224753842e-06 1.118163197588728508e-07 1.179587434307904914e-05
1.450000000000000000e+04 2.581144508440047503e-05 8.574320236220955849e-05 2.708737270040728617e-07 1.716046824640216073e-07 3.048013604711741209e-04 2.185324099457375269e-08 1.114846527343615890e-04 3.737218094101990573e-06 5.086613086291436048e-08 1.217104818351799622e-05
1.500000000000000000e+04 2.723584657360333949e-05 2.171312917198520154e-05 4.347744777533080196e-07 5.822987603210094676e-08 3.668304998427629471e-04 1.927191739525824232e-08 3.088853918598033488e-05 2.227207005489617586e-05 5.598895214120602759e-08 1.003628221951657906e-05
1.550000000000000000e+04 1.365925254503963515e-05 1.089815850718878210e-05 2.574613233718991978e-07 1.912843146101295133e-07 1.244384475285187364e-04 1.443893271613205798e-08 2.908770147769246250e-05 1.902040139611926861e-06 7.075224317532047280e-08 1.368798166367923841e-06
1.600000000000000000e+04 1.852295645221602172e-05 2.994484384544193745e-05 2.008126784858177416e-06 1.408133812219602987e-06 1.754902332322672009e-04 7.962400516703382891e-09 8.633218385512009263e-05 8.605683433415833861e-06 9.411466805886448128e-08 1.627729761821683496e-05
1.650000000000000000e+04 2.792648774629924446e-05 1.958080611075274646e-05 4.786468252859776840e-07 6.516630151054414455e-07 1.698217965895310044e-04 1.894694534598784230e-08 3.955738065997138619e-05 3.089484380325302482e-06 1.743125039865844883e-07 1.958998382178833708e-06
1.700000000000000000e+04 4.385000283946283162e-05 8.174842223525047302e-03 2.026381025643786415e-06 3.153049647153238766e-06 2.168894512578845024e-03 4.014408716557227308e-08 9.247399866580963135e-03 2.276595841976813972e-05 5.403428531280951574e-07 2.194060478359460831e-03
1.750000000000000000e+04 2.286735070811118931e-05 5.472584743984043598e-04 1.830596687568686320e-07 3.903007836925098673e-07 3.418903506826609373e-04 6.765731530578023012e-09 5.543484585359692574e-04 1.644207685558285448e-07 1.676326348842849256e-07 2.023282868321985006e-04
1.800000000000000000e+04 2.204488555435091257e-05 1.497905486758099869e-05 1.956188384610868525e-07 3.565269537375570508e-07 1.102443056879565120e-04 8.799847961427076370e-09 2.974747803818900138e-05 5.632805510913385660e-08 1.609727320328602218e-07 2.296972979820566252e-06
1.850000000000000000e+04 2.721872442634776235e-05 3.128400931018404663e-05 3.093290956712735351e-07 5.837470666847366374e-07 2.104262530338019133e-04 2.742716054271454595e-10 4.786315184901468456e-05 2.478724354659789242e-06 2.641315859364112839e-07 6.775604106223909184e-06
1.900000000000000000e+04 2.935199518105946481e-05 6.957010918995365500e-05 2.747938765423896257e-07 3.854864019103843020e-07 2.053821808658540249e-04 2.939568144455506626e-09 1.214623189298436046e-04 1.206214363946855883e-07 3.060969220314291306e-07 3.395309249754063785e-05
1.950000000000000000e+04 3.278623989899642766e-05 1.900471252156421542e-04 6.270395260798977688e-07 2.063889184000800014e-07 2.025106077780947089e-04 1.215290423850490242e-09 1.886296086013317108e-04 3.055139586649602279e-06 1.481014919590961654e-07 1.343824842479079962e-04
2.000000000000000000e+04 2.707700878090690821e-05 1.373154191242065281e-05 1.845670567490742542e-07 6.538328989336150698e-08 4.802444527740590274e-05 2.140263744010439950e-09 2.706401755858678371e-05 6.427485459425952286e-07 1.119891877010559256e-07 3.204979520887718536e-06
2.050000000000000000e+04 2.711066917981952429e-05 1.374321982439141721e-05 1.633109292242806987e-08 4.159604998221766436e-07 7.798950537107884884e-05 2.838019819151327283e-10 3.112305421382188797e-05 3.262200323206343455e-07 3.231152447824570118e-07 1.100540089282731060e-06
2.100000000000000000e+04 3.629010461736470461e-05 2.356289041927084327e-04 1.397251558898915391e-08 1.222501964548428077e-06 2.283664216520264745e-04 3.961088679282909197e-10 3.073491679970175028e-04 6.144955655429384933e-09 6.777823955417261459e-07 1.138445804826915264e-04
2.150000000000000000e+04 1.496466029493603855e-05 1.452661217626882717e-05 1.499303614593827660e-08 1.984901274454387021e-07 1.683153095655143261e-04 7.859680961619375239e-11 1.317073838436044753e-05 8.993719546879219706e-08 1.226144377142190933e-07 3.442939259912236594e-06
