# step, loss_train, loss_test, metrics_test
0.000000000000000000e+00 7.247702218592166901e-03 2.410174012184143066e-01 1.636323481798171997e-01 2.724617719650268555e-02 4.258164763450622559e-02 7.068819832056760788e-03 2.691863775253295898e-01 1.229545027017593384e-01 2.666108682751655579e-02 4.431865736842155457e-02
5.000000000000000000e+02 2.745110541582107544e-04 5.807678773999214172e-02 1.633092470001429319e-04 3.347388410475105047e-04 4.611176904290914536e-03 2.758269838523119688e-04 6.601021438837051392e-02 4.176675865892320871e-04 6.954924901947379112e-04 5.280913319438695908e-03
1.000000000000000000e+03 4.617144295480102301e-04 5.798898264765739441e-02 1.401174085913226008e-04 2.187702630180865526e-04 4.231802187860012054e-03 4.832516715396195650e-04 6.577309966087341309e-02 3.318949602544307709e-04 4.595877253450453281e-04 4.909020382910966873e-03
1.500000000000000000e+03 2.315495366929098964e-04 6.884836405515670776e-02 1.179329847218468785e-04 1.196609446196816862e-04 5.566544365137815475e-03 2.196782734245061874e-04 6.523936241865158081e-02 2.421088138362392783e-04 2.004624257097020745e-04 6.102708168327808380e-03
2.000000000000000000e+03 2.314201992703601718e-04 6.869997084140777588e-02 9.689566650195047259e-05 1.144067209679633379e-04 5.494591780006885529e-03 2.174447145080193877e-04 6.516882777214050293e-02 1.388497912557795644e-04 1.513062306912615895e-04 6.028158590197563171e-03
2.500000000000000000e+03 3.381334536243230104e-04 8.145852386951446533e-02 8.287228411063551903e-05 1.587390142958611250e-04 5.649858154356479645e-03 3.098316956311464310e-04 6.488800048828125000e-02 7.946795085445046425e-05 1.680880377534776926e-04 6.064999848604202271e-03
3.000000000000000000e+03 3.702468529809266329e-04 8.128158003091812134e-02 9.057203715201467276e-05 1.621608244022354484e-04 5.381949245929718018e-03 3.318611707072705030e-04 6.473989039659500122e-02 6.299925735220313072e-05 1.298244314966723323e-04 5.796749610453844070e-03
3.500000000000000000e+03 1.488443696871399879e-03 6.532698124647140503e-02 5.998222331982105970e-05 1.691845391178503633e-04 3.060247749090194702e-03 1.385349198244512081e-03 6.459695100784301758e-02 8.303153299493715167e-05 2.393350005149841309e-04 3.664271440356969833e-03
4.000000000000000000e+03 1.771542825736105442e-03 6.476815789937973022e-02 7.439450564561411738e-05 1.584531564731150866e-04 2.587016671895980835e-03 1.583518576808273792e-03 6.437417864799499512e-02 1.122411558753810823e-04 2.074675430776551366e-04 3.201160812750458717e-03
4.500000000000000000e+03 3.244804975111037493e-04 5.345533043146133423e-02 1.275267131859436631e-04 1.280058349948376417e-04 2.286687493324279785e-03 2.680992474779486656e-04 6.666143983602523804e-02 1.072979284799657762e-04 5.643635813612490892e-05 2.893093740567564964e-03
5.000000000000000000e+03 1.696225081104785204e-04 5.312457680702209473e-02 1.654067164054140449e-04 1.576624781591817737e-04 2.214521868154406548e-03 1.428246469004079700e-04 6.703197956085205078e-02 1.157390652224421501e-04 5.456920916913077235e-05 2.796960994601249695e-03
5.500000000000000000e+03 2.042085106950253248e-04 5.770784988999366760e-02 2.194322732975706458e-04 1.333957043243572116e-04 2.064612228423357010e-03 1.826827938202768564e-04 6.605697423219680786e-02 1.556172937853261828e-04 3.310040483484044671e-05 2.596187405288219452e-03
6.000000000000000000e+03 1.699330605333670974e-04 5.748350545763969421e-02 2.084877924062311649e-04 1.531467278255149722e-04 1.893806620500981808e-03 1.558598451083526015e-04 6.584765017032623291e-02 1.615854707779362798e-04 3.125489092781208456e-05 2.419631462544202805e-03
6.500000000000000000e+03 8.025282295420765877e-05 5.823849886655807495e-02 3.119428874924778938e-04 1.546149433124810457e-04 2.119840821251273155e-03 6.688119901809841394e-05 6.549806892871856689e-02 1.507160632172599435e-04 1.359931320621399209e-05 2.620001323521137238e-03
7.000000000000000000e+03 4.663398067350499332e-05 5.788315832614898682e-02 3.416883992031216621e-04 1.712802477413788438e-04 1.858183415606617928e-03 3.416858089622110128e-05 6.524939090013504028e-02 1.702075242064893246e-04 1.299551058764336631e-05 2.335475292056798935e-03
7.500000000000000000e+03 3.877398557960987091e-05 7.113096117973327637e-02 3.012619563378393650e-04 3.947206423617899418e-04 1.641351147554814816e-03 2.839202716131694615e-05 6.284172087907791138e-02 1.998611114686354995e-04 8.551876817364245653e-05 2.142081968486309052e-03
8.000000000000000000e+03 4.096115299034863710e-05 7.023636996746063232e-02 3.568070533219724894e-04 5.855425260961055756e-04 1.341006602160632610e-03 3.078854206250980496e-05 6.178351864218711853e-02 2.839381631929427385e-04 1.835763978306204081e-04 1.838174997828900814e-03
8.500000000000000000e+03 4.783805707120336592e-05 5.382711440324783325e-02 2.573431120254099369e-04 5.180278676562011242e-04 9.261112427338957787e-04 3.373927756911143661e-05 6.342953443527221680e-02 1.520686782896518707e-04 1.363036572001874447e-04 1.469834125600755215e-03
9.000000000000000000e+03 6.947070505702868104e-05 5.229870229959487915e-02 2.585273759905248880e-04 8.311521378345787525e-04 8.647450013086199760e-04 4.455446833162568510e-05 6.171756982803344727e-02 1.715990365482866764e-04 3.166738024447113276e-04 1.379161723889410496e-03
9.500000000000000000e+03 1.343558396911248565e-04 4.442889988422393799e-02 2.585827896837145090e-04 2.284414134919643402e-03 7.241565035656094551e-04 1.157095321104861796e-04 5.193625763058662415e-02 2.207619836553931236e-04 1.774896867573261261e-03 1.228731474839150906e-03
1.000000000000000000e+04 3.091142571065574884e-04 1.900921203196048737e-02 1.597843220224604011e-04 2.209299709647893906e-03 1.496471115387976170e-03 2.144971513189375401e-04 2.200387232005596161e-02 5.235904245637357235e-04 1.311327330768108368e-03 1.638995017856359482e-03
1.050000000000000000e+04 8.836034976411610842e-05 7.498270366340875626e-03 5.385284021031111479e-05 4.906992544420063496e-04 8.702283957973122597e-04 6.574138387804850936e-05 9.018311277031898499e-03 1.523775335954269394e-05 2.998176787514239550e-04 5.525284796021878719e-04
1.100000000000000000e+04 4.881449422100558877e-05 1.904878998175263405e-03 1.874548979685641825e-05 8.829972648527473211e-05 6.995821022428572178e-04 1.497328412369824946e-05 2.408819040283560753e-03 1.389832141285296530e-05 1.084747127606533468e-04 2.652178227435797453e-04
1.150000000000000000e+04 2.680779653019271791e-05 4.561551031656563282e-04 2.440384741930756718e-05 3.514552372507750988e-05 3.346108715049922466e-04 1.162048374681035057e-05 6.187806720845401287e-04 6.689758447464555502e-05 9.448925993638113141e-05 1.436351158190518618e-04
1.200000000000000000e+04 2.433138433843851089e-05 1.922749797813594341e-04 2.699819015106186271e-05 1.873494329629465938e-05 2.792216255329549313e-04 8.005192285054363310e-06 3.403274458833038807e-04 6.504027987830340862e-05 5.844540282851085067e-05 9.793227945920079947e-05
1.250000000000000000e+04 2.942712490039411932e-05 1.321588351856917143e-04 2.248601413157302886e-05 2.253780803584959358e-05 4.075260367244482040e-04 6.084904725867090747e-06 2.457255905028432608e-04 3.010072032338939607e-05 3.129312972305342555e-05 7.304800965357571840e-05
1.300000000000000000e+04 2.953647526737768203e-05 1.071398073690943420e-04 1.572823202877771109e-05 1.531727866677101701e-05 3.708640288095921278e-04 4.617357717506820336e-06 2.165622718166559935e-04 2.151073749701026827e-05 2.110393324983306229e-05 5.722472269553691149e-05
1.350000000000000000e+04 2.611251329653896391e-05 1.109734439523890615e-04 8.563773917558137327e-06 9.909606887958943844e-06 1.806921791285276413e-04 3.018809593413607217e-06 1.960328663699328899e-04 4.565666313283145428e-05 1.202287967316806316e-05 5.451159449876286089e-05
1.400000000000000000e+04 2.284116453665774316e-05 9.074474655790254474e-05 7.199525043688481674e-06 7.657223250134848058e-06 1.737512793624773622e-04 2.281740989928948693e-06 1.583008997840806842e-04 4.742978489957749844e-05 8.858194632921367884e-06 4.872885619988664985e-05
1.450000000000000000e+04 1.920793329190928489e-05 8.637520659249275923e-05 1.170909490610938519e-05 1.037914989865384996e-05 4.407302185427397490e-04 1.974630322365555912e-06 1.237342075910419226e-04 1.508594596089096740e-05 1.470629467803519219e-05 3.254730836488306522e-05
1.500000000000000000e+04 2.059763573925010860e-05 8.400160004384815693e-05 8.266929398814681917e-06 8.124689884425606579e-06 4.034400335513055325e-04 1.475194608246965799e-06 1.422740606358274817e-04 1.157369297288823873e-05 1.133509704231983051e-05 2.384544495726004243e-05
1.550000000000000000e+04 1.528448228782508522e-05 7.764380279695615172e-05 7.255012405948946252e-06 7.149963039410067722e-06 2.297288738191127777e-04 1.356313987344037741e-06 2.270699333166703582e-04 1.178963975689839572e-05 8.141220860125031322e-06 2.189394217566587031e-05
1.600000000000000000e+04 1.625872027943842113e-05 7.034384907456114888e-05 5.489488103194162250e-06 5.973681254545226693e-06 2.141993318218737841e-04 1.223554818352567963e-06 2.189124352298676968e-04 1.102139049180550501e-05 6.945710083527956158e-06 1.779288140824064612e-05
1.650000000000000000e+04 2.409734406683128327e-05 7.148233271436765790e-05 3.719296728377230465e-06 5.290935860102763399e-06 3.160912601742893457e-04 1.075095724445418455e-06 1.848741958383470774e-04 5.995081210130592808e-06 5.741956556448712945e-06 1.459960458305431530e-05
1.700000000000000000e+04 2.565728937042877078e-05 7.030394044704735279e-05 3.168280045429128222e-06 3.857041519950143993e-06 2.956120006274431944e-04 9.162379228655481711e-07 2.004053822020068765e-04 4.549138793663587421e-06 4.016517777927219868e-06 1.195661025121808052e-05
1.750000000000000000e+04 2.711573688429780304e-05 6.561283953487873077e-05 1.553545530441624578e-06 1.950875230249948800e-06 2.345173270441591740e-04 7.431948461089632474e-07 2.827637363225221634e-04 5.669453912560129538e-06 4.037847247673198581e-06 9.664558092481456697e-06
1.800000000000000000e+04 2.881292857637163252e-05 6.305001443251967430e-05 1.070393182089901529e-06 1.665081754254060797e-06 2.257238083984702826e-04 6.732748261129017919e-07 2.745706005953252316e-04 5.206651167100062594e-06 3.640749582700664178e-06 8.253721716755535454e-06
1.850000000000000000e+04 3.804956941166892648e-05 7.044919766485691071e-05 5.224444976192899048e-06 2.661197186171193607e-06 3.797612444031983614e-04 7.624588533872156404e-07 2.142086450476199389e-04 4.626254849426914006e-06 2.503512860130285844e-06 9.211379619955550879e-06
1.900000000000000000e+04 4.221623748890124261e-05 6.979508179938420653e-05 4.055982117279199883e-06 2.371386244703899138e-06 3.638557973317801952e-04 6.676328325738722924e-07 2.198897418566048145e-04 4.455836005945457146e-06 2.328222990399808623e-06 8.826603334455285221e-06
1.950000000000000000e+04 4.197713133180513978e-05 7.200366235338151455e-05 1.195209051729761995e-06 2.951078613477875479e-06 9.887821215670555830e-05 6.146282771624100860e-07 3.359116672072559595e-04 5.105548552819527686e-06 2.240912863271660171e-06 7.013502454356057569e-06
2.000000000000000000e+04 3.903616379830054939e-05 6.335334910545498133e-05 1.066427444129658397e-06 2.696557885428774171e-06 9.925233462126925588e-05 5.718373472518578637e-07 2.781151270028203726e-04 4.068690941494423896e-06 2.184468030463904142e-06 6.773288987460546196e-06
2.050000000000000000e+04 4.664045991376042366e-05 5.282678102958016098e-05 8.284879413622547872e-07 6.754293622179829981e-07 1.825351355364546180e-04 4.815273655367491301e-07 1.418948377249762416e-04 2.273083509862772189e-06 8.323692100020707585e-07 6.889229553053155541e-06
2.100000000000000000e+04 4.959332363796420395e-05 4.852774873143061996e-05 6.246498855944082607e-07 4.420992922860023100e-07 1.753536489559337497e-04 4.547643754904129310e-07 1.328874495811760426e-04 1.711835466267075390e-06 6.052783874110900797e-07 6.786448921047849581e-06
2.150000000000000000e+04 3.590479172999039292e-05 6.179501360747963190e-05 6.567859145434340462e-07 3.780344570714078145e-07 2.745284291449934244e-04 4.320417588132841047e-07 1.533468166599050164e-04 1.478000740462448448e-06 9.124961479756166227e-07 5.452845925901783630e-06
2.200000000000000000e+04 3.533531344146467745e-05 5.700962719856761396e-05 5.106335265736561269e-07 3.383389071132114623e-07 2.728909021243453026e-04 3.654462545910064364e-07 1.414752041455358267e-04 1.292993260904040653e-06 8.312798627230222337e-07 5.047520062362309545e-06
2.250000000000000000e+04 4.820095637114718556e-05 5.114553641760721803e-05 1.557100631544017233e-06 1.269202357434551232e-06 1.510126312496140599e-04 4.029951412576338043e-07 8.938962128013372421e-05 4.771542876369494479e-07 1.324292043136665598e-06 6.295043476711725816e-06
2.300000000000000000e+04 4.599104067892767489e-05 4.940855069435201585e-05 1.381010747536493000e-06 1.297384642384713516e-06 1.518885692348703742e-04 3.775392940497113159e-07 8.606254414189606905e-05 3.622271833592094481e-07 1.331093585577036720e-06 6.066332844056887552e-06
2.350000000000000000e+04 3.863067831844091415e-05 4.922622611047700047e-05 9.927121027430985123e-07 1.708391323518299032e-06 1.483980595367029309e-04 3.221739461878314614e-07 1.248611224582418799e-04 2.194796934418263845e-06 7.140258162507961970e-07 3.431408231335808523e-06
2.400000000000000000e+04 4.320839434512890875e-05 4.865155642619356513e-05 9.076010769604181405e-07 1.301169277212466113e-06 1.386377844028174877e-04 2.948035273675486678e-07 1.237585820490494370e-04 1.631334612284263130e-06 5.631779913528589532e-07 3.480616896922583692e-06
2.450000000000000000e+04 5.623384640784934163e-05 4.238884503138251603e-05 1.755038852024881635e-06 1.140507720265304670e-06 1.249335618922486901e-04 2.875439975014160154e-07 6.069929440855048597e-05 1.008593812912295107e-06 6.002666168569703586e-07 6.765295438526663929e-06
2.500000000000000000e+04 5.466509901452809572e-05 4.057856494910083711e-05 1.288451244363386650e-06 1.229813051395467483e-06 1.232728682225570083e-04 2.834968313436547760e-07 5.805235196021385491e-05 8.335095458278374281e-07 6.022389698046026751e-07 6.895645583426812664e-06
2.550000000000000000e+04 5.798665370093658566e-05 4.328188151703216136e-05 1.178469005935767200e-06 1.118151885748375207e-06 1.280583965126425028e-04 2.799786500418122159e-07 2.098112017847597599e-04 4.677904996697179740e-07 5.072824933449737728e-07 3.751733402168611065e-06
2.600000000000000000e+04 5.374447937356308103e-05 4.058817648910917342e-05 7.877946472945041023e-07 9.736116908243275248e-07 1.306243939325213432e-04 2.763587474419182399e-07 1.999008818529546261e-04 2.581923297384491889e-07 4.314431407692609355e-07 3.789963102462934330e-06
2.650000000000000000e+04 4.490069841267541051e-05 4.230020931572653353e-05 5.399704718911380041e-07 4.582363999361405149e-07 2.119284326909109950e-04 2.428046457225718768e-07 9.917901479639112949e-05 2.419033933165337658e-07 2.649819066391501110e-07 4.296025053918128833e-06
2.700000000000000000e+04 4.793951666215434670e-05 4.038049155496992171e-05 4.128997659336164361e-07 3.583981822430359898e-07 2.059664839180186391e-04 2.302344057625305140e-07 9.405863238498568535e-05 2.715312632517452585e-07 2.076754412883019540e-07 4.274118964531226084e-06
2.750000000000000000e+04 4.167873703408986330e-05 3.733400080818682909e-05 3.555214220796187874e-07 4.937302833241119515e-07 1.111262681661173701e-04 2.230452622598022572e-07 1.442205684725195169e-04 4.984706265531713143e-07 1.836612142369631329e-07 3.482490456008235924e-06
2.800000000000000000e+04 4.053066732012666762e-05 3.541751721058972180e-05 3.404875883461500052e-07 4.701737452705856413e-07 1.125777198467403650e-04 2.120385005355274188e-07 1.302813470829278231e-04 5.423964921646984294e-07 1.764174584195643547e-07 3.395126668692682870e-06
2.850000000000000000e+04 5.041992699261754751e-05 3.446385017014108598e-05 5.793655759589455556e-07 4.404441256156133022e-07 2.352990413783118129e-04 2.035736912375796237e-07 6.496085552498698235e-05 2.953265436644869624e-07 2.886109484734333819e-07 3.260585799580439925e-06
2.900000000000000000e+04 4.680540951085276902e-05 3.234609175706282258e-05 5.717381554859457538e-07 4.067349834713240853e-07 2.367384440731257200e-04 2.147397992757760221e-07 6.002390364301390946e-05 3.008196074461011449e-07 2.071918885349077755e-07 3.279320026194909588e-06
2.950000000000000000e+04 4.064543827553279698e-05 2.656824653968214989e-05 2.815494326569023542e-07 7.191962367869564332e-07 1.170488467323593795e-04 2.665765066467429278e-07 1.048796548275277019e-04 2.772715390619850950e-07 2.068310749336887966e-07 4.127076408622087911e-06
3.000000000000000000e+04 4.159133823122829199e-05 2.587980452517513186e-05 2.925746116488880944e-07 6.372833922796417028e-07 1.145861169788986444e-04 2.543636128393700346e-07 1.019862611428834498e-04 1.804032905283747823e-07 1.502977369227664894e-07 4.190831077721668407e-06
3.050000000000000000e+04 3.777898382395505905e-05 3.075602216995321214e-05 3.113813988875335781e-07 8.517175587030578754e-08 1.653251238167285919e-04 2.763314626008650521e-07 5.870192399015650153e-05 2.771259346445731353e-07 1.576495378685649484e-07 3.293871941423276439e-06
3.100000000000000000e+04 3.503804327920079231e-05 3.006571569130755961e-05 3.485822901438950794e-07 7.202429230801499216e-08 1.660949637880548835e-04 2.701764287849073298e-07 5.901595068280585110e-05 3.495961209409870207e-07 2.133496224132613861e-07 3.279192242189310491e-06
3.150000000000000000e+04 2.841431887645740062e-05 2.171565938624553382e-05 3.436300630710320547e-07 3.488075321911310311e-07 1.205339576699770987e-04 2.122781666002993006e-07 7.290067151188850403e-05 5.808052492284332402e-07 2.674388213108613854e-07 3.001556706294650212e-06
3.200000000000000000e+04 2.808325552905444056e-05 1.980667911993805319e-05 2.651332238201575819e-07 2.795266311750310706e-07 1.199548714794218540e-04 1.894205752250854857e-07 6.848747580079361796e-05 6.535929060191847384e-07 1.753302143470136798e-07 3.008904059242922813e-06
3.250000000000000000e+04 2.932400821009650826e-05 1.970222365343943238e-05 8.096541819213598501e-07 4.180763824024325004e-07 8.550582424504682422e-05 2.331141786271473393e-07 5.405045885709114373e-05 6.973908739382750355e-07 2.388569555478170514e-07 2.783461013677879237e-06
3.300000000000000000e+04 2.710791886784136295e-05 1.908846570586320013e-05 4.956618226970022079e-07 4.103876847239007475e-07 8.657036232762038708e-05 1.971172878256766126e-07 5.203354885452426970e-05 7.548335929641325492e-07 1.865265772948987433e-07 2.778797352220863104e-06
3.350000000000000000e+04 4.963147512171417475e-05 2.751054125837981701e-05 3.303815674371435307e-07 3.590440371681324905e-07 1.483484520576894283e-04 1.700225027434498770e-07 5.281283301883377135e-05 4.181973451977682998e-07 1.228164734357051202e-07 2.917373649324872531e-06
3.400000000000000000e+04 4.900096973869949579e-05 2.569692514953203499e-05 2.518079895708069671e-07 2.901291509260772727e-07 1.466281828470528126e-04 1.843823298486313433e-07 4.951296796207316220e-05 3.580208556286379462e-07 1.072180069172645744e-07 3.037833494090591557e-06
3.450000000000000000e+04 3.847203697660006583e-05 1.577916373207699507e-05 2.850890155059460085e-07 3.384629110314563150e-07 1.242636353708803654e-04 1.739678765488861245e-07 6.190256681293249130e-05 2.885830667764821555e-07 1.282467962937516859e-07 3.587091441659140401e-06
3.500000000000000000e+04 4.054316377732902765e-05 1.656892891332972795e-05 2.713609035254194168e-07 2.407971351203741506e-07 1.188911046483553946e-04 1.835097123148443643e-07 8.353516750503331423e-05 2.713147466693044407e-07 1.041351112007760094e-07 4.123171493120025843e-06
3.550000000000000000e+04 4.455076486920006573e-05 2.181639683840330690e-05 1.029954432851809543e-06 1.357365562171253259e-07 1.499473000876605511e-04 2.153302887109020958e-07 6.917247083038091660e-05 3.746231982404424343e-07 1.199394432660483290e-07 3.424966507736826316e-06
3.600000000000000000e+04 4.331801028456538916e-05 2.159391624445561320e-05 8.226080581152928062e-07 1.463825043401811854e-07 1.498692145105451345e-04 1.986009863230719930e-07 6.681905506411567330e-05 3.598688920192216756e-07 1.246909420160591253e-07 3.524853582348441705e-06
3.650000000000000000e+04 4.386400541989132762e-05 2.875772224797401577e-05 5.756526775257952977e-07 8.017541119897941826e-08 1.902372023323550820e-04 2.060031363271264127e-07 5.220059028943069279e-05 4.132895128350355662e-07 5.659135382529711933e-08 3.684177727336646058e-06
3.700000000000000000e+04 4.535956759355030954e-05 2.894153112720232457e-05 4.863453568759723566e-07 8.165746834265519283e-08 1.865852536866441369e-04 2.123551468002915499e-07 5.227158908382989466e-05 3.708923088652227307e-07 5.452102058711716381e-08 3.847098014375660568e-06
3.750000000000000000e+04 4.820508911507204175e-05 2.269216020067688078e-05 2.213709393572571571e-07 1.647718619324223255e-07 1.909809943754225969e-04 1.862133558461209759e-07 5.258740566205233335e-05 4.268503062121453695e-07 1.196503234268675442e-07 3.725230726558947936e-06
3.800000000000000000e+04 5.026816143072210252e-05 2.232622500741854310e-05 1.942030962709395681e-07 1.322244429502461571e-07 1.876183378044515848e-04 1.962224871476792032e-07 5.057892485638149083e-05 3.694040913160279160e-07 1.134356111265333311e-07 3.847957941616186872e-06
3.850000000000000000e+04 4.293896199669688940e-05 2.062311614281497896e-05 3.854686099202808691e-07 5.875397235399759666e-08 1.567590370541438460e-04 2.810826060795079684e-07 6.198168557602912188e-05 1.109626964534982108e-06 8.849980304148630239e-08 3.662684093796997331e-06
3.900000000000000000e+04 4.295695543987676501e-05 2.014408164541237056e-05 3.397050249986932613e-07 7.197458273822121555e-08 1.548710861243307590e-04 2.497378375210246304e-07 6.257767381612211466e-05 1.301195084124628920e-06 7.591422956920723664e-08 3.587926357795367949e-06
3.950000000000000000e+04 4.437190364114940166e-05 1.937060005730018020e-05 3.486679247544088867e-07 2.787056700981338508e-07 1.309423532802611589e-04 1.788935293234317214e-07 6.810520426370203495e-05 3.498374780974700116e-07 5.626872834341156704e-08 3.779507551371352747e-06
4.000000000000000000e+04 4.153607005719095469e-05 1.851729939517099410e-05 2.918362440595956286e-07 2.810889725424203789e-07 1.326529891230165958e-04 1.640194113861070946e-07 6.681961531285196543e-05 3.552446514731855132e-07 1.244145551027031615e-07 4.278375399735523388e-06
4.050000000000000000e+04 3.728185038198716938e-05 2.078599209198728204e-05 4.187246531728305854e-07 3.592969051169347949e-07 2.302897191839292645e-04 1.690929423148190835e-07 3.285519414930604398e-05 4.073060324571997626e-07 2.790082760384393623e-07 4.435984465089859441e-06
4.100000000000000000e+04 3.852599547826685011e-05 2.058593418041709810e-05 3.254508555983193219e-07 2.984052684951166157e-07 2.272830897709354758e-04 1.963291396123167942e-07 3.317360096843913198e-05 4.929524379804206546e-07 2.961578786653262796e-07 4.424077360454248264e-06
4.150000000000000000e+04 2.393390968791209161e-05 1.567049730510916561e-05 2.128587937022530241e-07 1.765317421131840092e-07 1.324830082012340426e-04 2.374423502260469832e-07 4.060547507833689451e-05 2.956593618819169933e-07 1.781754406238178490e-07 3.764116399906924926e-06
4.200000000000000000e+04 2.293518264195881784e-05 1.444083045498700812e-05 2.116132264973202837e-07 1.719986642001458677e-07 1.330017985310405493e-04 2.675190273748739855e-07 3.716679202625527978e-05 3.431401580655801808e-07 1.191377805298543535e-07 3.664950781967490911e-06
4.250000000000000000e+04 3.843703598249703646e-05 1.586429425515234470e-05 1.694900220172712579e-07 5.542965908489350113e-08 1.497452904004603624e-04 2.770365767901239451e-07 8.141645230352878571e-05 3.573545939161704155e-07 1.106333655798152904e-07 3.163276232953649014e-06
4.300000000000000000e+04 3.707380892592482269e-05 1.484033964516129345e-05 1.538810892043329659e-07 3.165780526614980772e-08 1.496055629104375839e-04 2.403744474577251822e-07 8.064632856985554099e-05 3.355451951847499004e-07 6.647908890045073349e-08 3.231149094062857330e-06
