# step, loss_train, loss_test, metrics_test
0.000000000000000000e+00 1.251152344048023224e-02 1.117179840803146362e-01 2.719834214076399803e-03 5.716002779081463814e-04 2.582074142992496490e-03 1.253782771527767181e-02 1.531042456626892090e-01 2.060230908682569861e-04 1.379271387122571468e-03 3.508717287331819534e-03
5.000000000000000000e+02 6.147566018626093864e-04 7.269413024187088013e-02 4.231456667184829712e-03 1.673489226959645748e-03 1.691034529358148575e-03 5.308690597303211689e-04 8.646690845489501953e-02 7.578681688755750656e-04 3.769755829125642776e-03 2.498578280210494995e-03
1.000000000000000000e+03 1.326687517575919628e-03 6.313046067953109741e-02 2.982060192152857780e-03 2.179675968363881111e-03 2.676621079444885254e-03 1.249414635822176933e-03 7.248818874359130859e-02 3.086216456722468138e-04 4.767026752233505249e-03 3.429449396207928658e-03
1.500000000000000000e+03 1.247476669959723949e-03 7.275829464197158813e-02 2.497061155736446381e-03 1.651866477914154530e-03 4.023419227451086044e-03 1.184462569653987885e-03 6.915765255689620972e-02 9.390620107296854258e-05 3.998507745563983917e-03 4.653586540371179581e-03
2.000000000000000000e+03 8.781196665950119495e-04 7.076609879732131958e-02 1.654714811593294144e-03 1.332737039774656296e-03 5.068405065685510635e-03 8.172543020918965340e-04 6.812892109155654907e-02 1.149407762568444014e-05 3.236692631617188454e-03 5.652221385389566422e-03
2.500000000000000000e+03 8.137463591992855072e-04 8.280688524246215820e-02 1.097753527574241161e-03 1.078752335160970688e-03 6.159689743071794510e-03 7.725203759036958218e-04 6.694342195987701416e-02 2.695467264857143164e-05 2.510606776922941208e-03 6.600714754313230515e-03
3.000000000000000000e+03 6.498757284134626389e-04 8.227019011974334717e-02 7.701513241045176983e-04 8.074239594861865044e-04 6.652367301285266876e-03 6.145158549770712852e-04 6.667537242174148560e-02 8.700590842636302114e-05 1.909731887280941010e-03 7.067678030580282211e-03
3.500000000000000000e+03 1.346609438769519329e-03 6.714543700218200684e-02 3.854404203593730927e-04 7.399971946142613888e-04 5.223622545599937439e-03 1.317467773333191872e-03 6.674223393201828003e-02 2.543693699408322573e-04 1.819459255784749985e-03 5.788296461105346680e-03
4.000000000000000000e+03 1.412176527082920074e-03 6.714305281639099121e-02 2.928730100393295288e-04 4.873059224337339401e-04 4.900139290839433670e-03 1.392513629980385303e-03 6.663935631513595581e-02 2.351676521357148886e-04 1.276650582440197468e-03 5.475863814353942871e-03
4.500000000000000000e+03 2.061624400084838271e-04 5.393659323453903198e-02 2.039027895079925656e-04 2.263624919578433037e-04 4.084915388375520706e-03 1.931086444528773427e-04 6.999260187149047852e-02 3.725199494510889053e-04 6.259863148443400860e-04 4.705020692199468613e-03
5.000000000000000000e+03 1.903563243104144931e-04 5.401404574513435364e-02 1.686002360656857491e-04 1.660769048612564802e-04 3.973943181335926056e-03 1.806258369470015168e-04 6.988998502492904663e-02 3.421970177441835403e-04 4.548345459625124931e-04 4.598030820488929749e-03
5.500000000000000000e+03 2.619650331325829029e-04 5.900935456156730652e-02 1.580717216711491346e-04 9.918665455188602209e-05 4.082737956196069717e-03 2.543840673752129078e-04 6.894711405038833618e-02 2.177421993110328913e-04 3.539207682479172945e-04 4.637768957763910294e-03
6.000000000000000000e+03 2.427748404443264008e-04 5.898965150117874146e-02 1.387966040056198835e-04 9.028580825543031096e-05 4.006801638752222061e-03 2.365301334066316485e-04 6.871806085109710693e-02 1.625187578611075878e-04 2.727454411797225475e-04 4.564691800624132156e-03
6.500000000000000000e+03 1.581049727974459529e-04 6.046416610479354858e-02 1.613539498066529632e-04 7.776349229970946908e-05 4.456789232790470123e-03 1.446233363822102547e-04 6.797176599502563477e-02 8.710024121683090925e-05 1.789379457477480173e-04 5.060999188572168350e-03
7.000000000000000000e+03 1.588715676916763186e-04 6.044929474592208862e-02 1.532858150312677026e-04 7.533767347922548652e-05 4.360311664640903473e-03 1.443771761842072010e-04 6.782504171133041382e-02 6.759384268661960959e-05 1.364370546070858836e-04 4.965220112353563309e-03
7.500000000000000000e+03 2.996802795678377151e-04 7.411214709281921387e-02 1.568724401295185089e-04 1.308192586293444037e-04 5.374486092478036880e-03 2.845169219654053450e-04 6.595367193222045898e-02 3.038539216504432261e-05 1.362858311040326953e-04 5.921666510403156281e-03
8.000000000000000000e+03 3.233047609683126211e-04 7.406593114137649536e-02 1.368548983009532094e-04 1.251037174370139837e-04 5.185775924474000931e-03 3.024222678504884243e-04 6.576780974864959717e-02 1.365414664178388193e-05 9.739751840243116021e-05 5.734383594244718552e-03
8.500000000000000000e+03 2.257681189803406596e-04 5.735559388995170593e-02 9.002246224554255605e-05 8.907175651984289289e-05 3.582206321880221367e-03 2.081581333186477423e-04 6.753311306238174438e-02 1.539635741210076958e-05 6.303625559667125344e-05 4.251264501363039017e-03
9.000000000000000000e+03 2.290583943249657750e-04 5.731363594532012939e-02 8.270999387605115771e-05 8.863549010129645467e-05 3.478218335658311844e-03 2.107154141413047910e-04 6.740873306989669800e-02 5.850066827406408265e-06 5.606213380815461278e-05 4.145054612308740616e-03
9.500000000000000000e+03 3.957915469072759151e-04 5.465922132134437561e-02 5.082715142634697258e-05 1.084318500943481922e-04 3.259737044572830200e-03 3.738185914698988199e-04 6.667888164520263672e-02 5.207519734540255740e-06 6.546795339090749621e-05 3.934121690690517426e-03
1.000000000000000000e+04 4.289151693228632212e-04 5.458277091383934021e-02 4.634161086869426072e-05 1.096388368750922382e-04 3.063009120523929596e-03 3.996524610556662083e-04 6.647058576345443726e-02 2.200481958425370976e-06 6.575318548129871488e-05 3.737933235242962837e-03
1.050000000000000000e+04 4.545156843960285187e-04 5.641847103834152222e-02 1.065386022673919797e-04 1.017755057546310127e-04 3.030006773769855499e-03 4.094787582289427519e-04 6.622853875160217285e-02 1.703594534774310887e-05 3.478381404420360923e-05 3.557273885235190392e-03
1.100000000000000000e+04 4.488224803935736418e-04 5.630445480346679688e-02 1.081925584003329277e-04 1.072157101589255035e-04 2.856064122170209885e-03 4.024084482807666063e-04 6.608505547046661377e-02 2.070903065032325685e-05 3.220820144633762538e-05 3.382072318345308304e-03
1.150000000000000000e+04 8.431633468717336655e-04 6.732208281755447388e-02 8.774270099820569158e-05 1.253482332685962319e-04 3.165531670674681664e-03 7.740839500911533833e-04 6.473612785339355469e-02 4.167365113971754909e-05 1.011803105939179659e-04 3.731039352715015411e-03
1.200000000000000000e+04 8.923867135308682919e-04 6.713819503784179688e-02 9.069079533219337463e-05 1.425320806447416544e-04 2.937241690233349800e-03 8.083196589723229408e-04 6.457342207431793213e-02 6.838780973339453340e-05 1.392479316564276814e-04 3.502669045701622963e-03
1.250000000000000000e+04 6.238420028239488602e-04 7.027374207973480225e-02 7.038580952212214470e-05 2.155264082830399275e-04 3.015852300450205803e-03 5.587043706327676773e-04 6.459575146436691284e-02 3.892043969244696200e-05 9.862701699603348970e-05 3.627114929258823395e-03
1.300000000000000000e+04 5.700515466742217541e-04 7.012238353490829468e-02 7.402873598039150238e-05 2.306524984305724502e-04 2.887584734708070755e-03 5.097806570120155811e-04 6.451392173767089844e-02 3.817754986812360585e-05 9.388355829287320375e-05 3.492153482511639595e-03
1.350000000000000000e+04 4.608198651112616062e-04 6.524277478456497192e-02 6.657940684817731380e-05 2.045862347586080432e-04 2.830564277246594429e-03 4.041487991344183683e-04 6.440503150224685669e-02 5.730583143304102123e-05 1.666106836637482047e-04 3.406648756936192513e-03
1.400000000000000000e+04 4.194372158963233232e-04 6.507867574691772461e-02 7.138346700230613351e-05 2.329402632312849164e-04 2.750687999650835991e-03 3.675877815112471581e-04 6.425267457962036133e-02 7.154552440624684095e-05 1.949249999597668648e-04 3.326666541397571564e-03
1.450000000000000000e+04 2.679280005395412445e-04 6.362278014421463013e-02 1.337504363618791103e-04 2.193887048633769155e-04 2.571846358478069305e-03 2.341124200029298663e-04 6.440229713916778564e-02 8.195784903364256024e-05 1.108378710341639817e-04 3.080382011830806732e-03
1.500000000000000000e+04 2.439409436192363501e-04 6.343734264373779297e-02 1.582233380759134889e-04 2.499511756468564272e-04 2.556180581450462341e-03 2.115512179443612695e-04 6.422477960586547852e-02 8.871505997376516461e-05 1.164802888524718583e-04 3.057237947359681129e-03
1.550000000000000000e+04 1.796380529412999749e-04 5.146248266100883484e-02 1.164548302767798305e-04 2.446213911753147840e-04 1.803442835807800293e-03 1.564717676956206560e-04 6.591956317424774170e-02 6.146857049316167831e-05 1.153088669525459409e-04 2.426180988550186157e-03
1.600000000000000000e+04 1.728907081997022033e-04 5.144784227013587952e-02 1.090894511435180902e-04 2.414043410681188107e-04 1.778198871761560440e-03 1.500610960647463799e-04 6.586085259914398193e-02 5.485045039677061141e-05 1.212820643559098244e-04 2.400862285867333412e-03
1.650000000000000000e+04 3.927298894268460572e-05 6.601450592279434204e-02 1.760418963385745883e-04 2.373120805714279413e-04 2.862045075744390488e-03 3.212971205357462168e-05 6.496944278478622437e-02 6.653350283158943057e-05 9.264526306651532650e-05 3.227358451113104820e-03
1.700000000000000000e+04 3.688465221785008907e-05 6.584571301937103271e-02 2.042474225163459778e-04 2.406953863101080060e-04 2.855611965060234070e-03 3.046244273718912154e-05 6.492035835981369019e-02 9.370890620630234480e-05 9.998722089221701026e-05 3.218954894691705704e-03
1.750000000000000000e+04 5.684401185135357082e-05 6.433926522731781006e-02 1.854103174991905689e-04 2.495834778528660536e-04 2.099373843520879745e-03 4.858529064222238958e-05 6.557764858007431030e-02 7.943820673972368240e-05 2.083059080177918077e-04 2.639296464622020721e-03
1.800000000000000000e+04 5.397664790507405996e-05 6.418132781982421875e-02 1.911768340505659580e-04 2.827747957780957222e-04 2.068644855171442032e-03 4.614875797415152192e-05 6.531174480915069580e-02 9.371891792397946119e-05 2.523212169762700796e-04 2.607544185593724251e-03
1.850000000000000000e+04 2.599668187031056732e-05 5.100082606077194214e-02 2.974010712932795286e-04 2.326540270587429404e-04 1.815741765312850475e-03 1.977602732949890196e-05 6.847406923770904541e-02 1.150776661233976483e-04 5.384783798945136368e-05 2.337456448003649712e-03
1.900000000000000000e+04 2.611133459140546620e-05 5.083269625902175903e-02 3.249363217037171125e-04 2.238521992694586515e-04 1.788345980457961559e-03 1.971207530004903674e-05 6.838271766901016235e-02 1.343057374469935894e-04 4.883957808488048613e-05 2.306159818544983864e-03
1.950000000000000000e+04 7.039701449684798717e-05 6.119992956519126892e-02 1.928653800860047340e-04 3.402055881451815367e-04 2.276056678965687752e-03 6.260279042180627584e-05 6.406264752149581909e-02 2.088618057314306498e-04 1.925751712406054139e-04 2.768947742879390717e-03
2.000000000000000000e+04 7.618207018822431564e-05 6.096777319908142090e-02 1.920984504977241158e-04 3.429617790970951319e-04 2.244153991341590881e-03 6.842097354819998145e-05 6.378080695867538452e-02 2.032623451668769121e-04 2.304417575942352414e-04 2.736794063821434975e-03
2.050000000000000000e+04 1.982311368919909000e-04 6.548368185758590698e-02 3.602458164095878601e-04 3.114248102065175772e-04 2.427938161417841911e-03 1.745563495205715299e-04 6.199245899915695190e-02 2.715940645430237055e-04 2.279949403600767255e-04 2.880726708099246025e-03
2.100000000000000000e+04 2.026445436058565974e-04 6.475099921226501465e-02 4.369266971480101347e-04 3.593584988266229630e-04 2.440324285998940468e-03 1.784658234100788832e-04 6.118554249405860901e-02 3.769239701796323061e-04 2.695469884201884270e-04 2.881793072447180748e-03
2.150000000000000000e+04 2.663318591658025980e-04 5.749963968992233276e-02 3.230068250559270382e-04 4.159036616329103708e-04 1.905075041577219963e-03 2.228165540145710111e-04 6.143547967076301575e-02 2.720298944041132927e-04 5.635160487145185471e-04 2.448114100843667984e-03
2.200000000000000000e+04 2.728408726397901773e-04 5.700743943452835083e-02 2.702236233744770288e-04 3.980353358201682568e-04 1.886265585198998451e-03 2.260884648421779275e-04 6.088714301586151123e-02 2.331372234039008617e-04 6.521570612676441669e-04 2.427493920549750328e-03
2.250000000000000000e+04 3.845888131763786077e-04 6.467933952808380127e-02 2.592569799162447453e-04 8.035143837332725525e-04 2.833433682098984718e-03 3.227519919164478779e-04 6.122723966836929321e-02 2.831425517797470093e-04 9.931642562150955200e-04 3.280848730355501175e-03
2.300000000000000000e+04 3.819998819380998611e-04 6.374173611402511597e-02 2.562891750130802393e-04 7.383187767118215561e-04 2.863124245777726173e-03 3.163000510539859533e-04 6.086488068103790283e-02 2.943616709671914577e-04 9.771455079317092896e-04 3.305085701867938042e-03
2.350000000000000000e+04 8.407270652242004871e-04 5.177600681781768799e-02 1.355433923890814185e-04 4.632197669707238674e-04 1.784020569175481796e-03 6.774182547815144062e-04 5.971900373697280884e-02 2.720876655075699091e-04 1.129939453676342964e-03 2.328338799998164177e-03
2.400000000000000000e+04 9.366900776512920856e-04 5.081114172935485840e-02 1.438332401448860765e-04 4.602305416483432055e-04 1.760189072228968143e-03 7.480202475562691689e-04 5.879646167159080505e-02 3.960472240578383207e-04 1.238481956534087658e-03 2.299962099641561508e-03
2.450000000000000000e+04 3.714490449056029320e-04 4.854820296168327332e-02 2.091300557367503643e-04 3.437557897996157408e-04 1.693976344540715218e-03 2.981963334605097771e-04 5.743802338838577271e-02 2.711550623644143343e-04 7.226142915897071362e-04 2.253580605611205101e-03
2.500000000000000000e+04 3.373977669980376959e-04 4.743690416216850281e-02 1.908987906062975526e-04 3.348428872413933277e-04 1.792084658518433571e-03 2.731831336859613657e-04 5.593858286738395691e-02 2.671522670425474644e-04 7.182285771705210209e-04 2.331080380827188492e-03
2.550000000000000000e+04 2.005396236199885607e-04 4.944705218076705933e-02 2.799087960738688707e-04 2.848379081115126610e-04 2.763670636340975761e-03 1.667170581640675664e-04 5.289509892463684082e-02 3.552480484358966351e-04 7.810531533323228359e-04 3.154942533001303673e-03
2.600000000000000000e+04 1.884012744994834065e-04 4.768547415733337402e-02 2.034491626545786858e-04 2.854378544725477695e-04 3.034491091966629028e-03 1.598167582415044308e-04 5.110961198806762695e-02 2.355862961849197745e-04 7.959188660606741905e-04 3.410487901419401169e-03
2.650000000000000000e+04 2.326424000784754753e-04 3.806790709495544434e-02 8.687230729265138507e-05 2.762991935014724731e-04 2.716387854889035225e-03 1.917609333759173751e-04 5.045912787318229675e-02 1.160448009613901377e-04 7.557024946436285973e-04 3.158474806696176529e-03
2.700000000000000000e+04 2.427307772450149059e-04 3.694668039679527283e-02 7.053630542941391468e-05 2.769597340375185013e-04 2.926032058894634247e-03 1.991372992051765323e-04 4.894054681062698364e-02 9.829739428823813796e-05 7.938293856568634510e-04 3.347925608977675438e-03
2.750000000000000000e+04 7.335999398492276669e-04 4.143432527780532837e-02 6.021342051099054515e-05 3.026095218956470490e-04 3.222960047423839569e-03 6.118106539361178875e-04 4.603479430079460144e-02 1.086027768906205893e-04 9.883715538308024406e-04 3.668272634968161583e-03
2.800000000000000000e+04 7.775172707624733448e-04 3.989573195576667786e-02 5.682977644028142095e-05 3.030859516002237797e-04 3.527463879436254501e-03 6.437891861423850060e-04 4.433259740471839905e-02 9.175555169349536300e-05 1.063371426425874233e-03 3.959266003221273422e-03
2.850000000000000000e+04 2.970998175442218781e-04 3.753986954689025879e-02 4.739397627417929471e-05 2.508777834009379148e-04 4.028559662401676178e-03 2.479478425811976194e-04 4.359709471464157104e-02 3.559374090400524437e-05 7.180051179602742195e-04 4.367810208350419998e-03
2.900000000000000000e+04 2.904273860622197390e-04 3.637845814228057861e-02 5.289650289341807365e-05 2.506996097508817911e-04 4.344708751887083054e-03 2.431280445307493210e-04 4.223632067441940308e-02 3.166817623423412442e-05 7.370182429440319538e-04 4.658878315240144730e-03
2.950000000000000000e+04 2.811950689647346735e-04 3.970911353826522827e-02 7.031794666545465589e-05 2.521310234442353249e-04 5.082821007817983627e-03 2.344163658563047647e-04 4.008504375815391541e-02 3.306278813397511840e-05 1.101266941986978054e-03 5.332179367542266846e-03
3.000000000000000000e+04 3.014461835846304893e-04 3.795037046074867249e-02 7.679196278331801295e-05 2.571417426224797964e-04 5.514815449714660645e-03 2.492282656021416187e-04 3.832428529858589172e-02 4.367777364677749574e-05 1.152495970018208027e-03 5.731671582907438278e-03
3.050000000000000000e+04 3.919923037756234407e-04 3.150452673435211182e-02 5.444278212962672114e-05 3.098247107118368149e-04 6.151097826659679413e-03 3.125636721961200237e-04 3.667122498154640198e-02 3.648937854450196028e-05 7.212025811895728111e-04 6.228323094546794891e-03
3.100000000000000000e+04 4.290120559744536877e-04 3.014174662530422211e-02 6.031414523022249341e-05 2.728904946707189083e-04 6.349810864776372910e-03 3.364654257893562317e-04 3.522868081927299500e-02 3.472192474873736501e-05 6.080538150854408741e-04 6.405742838978767395e-03
3.150000000000000000e+04 3.617020265664905310e-04 3.075257688760757446e-02 5.752464494435116649e-05 1.866740349214524031e-04 6.012780126184225082e-03 2.922228595707565546e-04 3.494221344590187073e-02 5.567399057326838374e-05 7.336326525546610355e-04 6.145580671727657318e-03
3.200000000000000000e+04 4.062492807861417532e-04 2.919045090675354004e-02 5.777091791969724000e-05 1.922154333442449570e-04 6.091993302106857300e-03 3.293035842943936586e-04 3.314126282930374146e-02 6.888870120747014880e-05 7.662422140128910542e-04 6.184341385960578918e-03
3.250000000000000000e+04 5.689059616997838020e-04 2.577047608792781830e-02 7.081146759446710348e-05 3.527863591443747282e-04 5.859525874257087708e-03 4.509160644374787807e-04 3.046524897217750549e-02 8.936396625358611345e-05 8.241815376095473766e-04 6.171620450913906097e-03
3.300000000000000000e+04 6.758838426321744919e-04 2.413814514875411987e-02 9.122319170273840427e-05 3.689060686156153679e-04 5.750545300543308258e-03 5.408529541455209255e-04 2.838346920907497406e-02 1.380062021780759096e-04 8.729508845135569572e-04 6.046009715646505356e-03
3.350000000000000000e+04 6.840353598818182945e-04 2.010595612227916718e-02 8.854750194586813450e-05 2.533566730562597513e-04 5.632413551211357117e-03 5.600538570433855057e-04 2.709011919796466827e-02 1.701813307590782642e-04 8.086246671155095100e-04 5.781170446425676346e-03
3.400000000000000000e+04 7.551741437055170536e-04 1.866854168474674225e-02 9.139366011368110776e-05 2.718566684052348137e-04 5.585202015936374664e-03 6.274568149819970131e-04 2.514112368226051331e-02 2.129167551174759865e-04 8.593098027631640434e-04 5.703423637896776199e-03
3.450000000000000000e+04 7.920219213701784611e-04 2.025877498090267181e-02 8.743387297727167606e-05 4.604046407621353865e-04 5.435679573565721512e-03 6.726885330863296986e-04 2.319952659308910370e-02 2.779649512376636267e-04 1.324477139860391617e-03 5.564172286540269852e-03
3.500000000000000000e+04 8.146217442117631435e-04 1.869392953813076019e-02 7.844051287975162268e-05 4.551119636744260788e-04 5.575829651206731796e-03 7.005313527770340443e-04 2.139666117727756500e-02 2.773091546259820461e-04 1.214676653034985065e-03 5.684224423021078110e-03
3.550000000000000000e+04 9.870671201497316360e-04 1.795778051018714905e-02 9.355122892884537578e-05 5.225453642196953297e-04 6.054894998669624329e-03 8.611176162958145142e-04 1.906668022274971008e-02 1.191000483231619000e-04 8.073780918493866920e-04 6.018421147018671036e-03
3.600000000000000000e+04 9.996194858103990555e-04 1.628627255558967590e-02 8.980876009445637465e-05 5.200782325118780136e-04 6.347133778035640717e-03 8.790824213065207005e-04 1.723700389266014099e-02 9.510250674793496728e-05 7.445656228810548782e-04 6.278565153479576111e-03
3.650000000000000000e+04 1.148659619502723217e-03 1.863470673561096191e-02 1.679990818956866860e-04 7.015591254457831383e-04 7.755462545901536942e-03 1.018185284920036793e-03 1.481617242097854614e-02 2.298256295034661889e-04 9.769184980541467667e-04 7.588921114802360535e-03
3.700000000000000000e+04 1.152768032625317574e-03 1.631072536110877991e-02 2.003915578825399280e-04 6.518888403661549091e-04 8.253298699855804443e-03 1.035602996125817299e-03 1.290049124509096146e-02 2.073682699119672179e-04 8.497165981680154800e-04 8.069082163274288177e-03
3.750000000000000000e+04 9.657713817432522774e-04 1.239605993032455444e-02 1.338189613306894898e-04 3.781912964768707752e-04 8.468111976981163025e-03 8.650083909742534161e-04 1.154960133135318756e-02 1.370448444504290819e-04 8.492899942211806774e-04 8.098126389086246490e-03
3.800000000000000000e+04 9.091192041523754597e-04 1.124005112797021866e-02 1.634398940950632095e-04 3.594241570681333542e-04 8.683226071298122406e-03 8.201559539884328842e-04 1.046896819025278091e-02 1.660054258536547422e-04 7.267705514095723629e-04 8.279255591332912445e-03
3.850000000000000000e+04 8.150560315698385239e-04 1.139389351010322571e-02 3.374063817318528891e-04 4.211867053527384996e-04 8.786561898887157440e-03 7.440838962793350220e-04 9.296008385717868805e-03 3.080777241848409176e-04 4.575602069962769747e-04 8.928352966904640198e-03
3.900000000000000000e+04 7.396348519250750542e-04 1.007281988859176636e-02 3.964467323385179043e-04 3.787176101468503475e-04 9.062412194907665253e-03 6.779337418265640736e-04 8.228562772274017334e-03 3.253115864936262369e-04 3.750575706362724304e-04 9.210810065269470215e-03
3.950000000000000000e+04 7.802025647833943367e-04 7.871262729167938232e-03 4.801434406545013189e-04 3.550124820321798325e-04 8.439527824521064758e-03 7.150159217417240143e-04 7.816875353455543518e-03 3.344623837620019913e-04 3.390093042980879545e-04 8.428552187979221344e-03
4.000000000000000000e+04 7.719676359556615353e-04 7.444276008754968643e-03 5.042821285314857960e-04 3.009792126249521971e-04 8.391345851123332977e-03 7.063011289574205875e-04 7.295123301446437836e-03 3.635438333731144667e-04 2.950912166852504015e-04 8.373914286494255066e-03
4.050000000000000000e+04 6.767153390683233738e-04 6.688341032713651657e-03 4.453405854292213917e-04 1.701845903880894184e-04 8.097038604319095612e-03 6.328990566544234753e-04 7.175660692155361176e-03 2.943271829281002283e-04 4.007494426332414150e-04 8.020535111427307129e-03
4.100000000000000000e+04 6.520070019178092480e-04 6.454702932387590408e-03 4.538211505860090256e-04 1.493683521402999759e-04 7.931726053357124329e-03 6.092602270655333996e-04 6.866054609417915344e-03 2.955997479148209095e-04 3.414252423681318760e-04 7.840136997401714325e-03
4.150000000000000000e+04 7.212726050056517124e-04 6.188109051436185837e-03 4.157444927841424942e-04 1.380771282128989697e-04 7.332614623010158539e-03 6.584830698557198048e-04 7.136809173971414566e-03 2.674114075489342213e-04 1.646714954404160380e-04 7.066272664815187454e-03
4.200000000000000000e+04 7.360329618677496910e-04 6.057438440620899200e-03 4.129314038436859846e-04 1.157559381681494415e-04 7.000639569014310837e-03 6.698834476992487907e-04 6.892879493534564972e-03 2.643176412675529718e-04 1.424061920261010528e-04 6.743087898939847946e-03
4.250000000000000000e+04 7.350077503360807896e-04 5.915955174714326859e-03 4.828640667255967855e-04 1.372985134366899729e-04 8.118999190628528595e-03 6.541686016134917736e-04 5.685686133801937103e-03 4.036285390611737967e-04 2.797338529489934444e-04 7.931170985102653503e-03
4.300000000000000000e+04 7.477821782231330872e-04 5.330455489456653595e-03 4.705626633949577808e-04 1.145578935393132269e-04 8.090879768133163452e-03 6.667718407697975636e-04 5.146960262209177017e-03 4.127993888687342405e-04 2.189281221944838762e-04 7.883596234023571014e-03
4.350000000000000000e+04 6.925766938365995884e-04 5.576093681156635284e-03 4.254495433997362852e-04 9.273706382373347878e-05 8.126569911837577820e-03 6.249127327464520931e-04 4.522205796092748642e-03 2.963463193736970425e-04 1.018607072182931006e-04 7.732360158115625381e-03
4.400000000000000000e+04 6.697879871353507042e-04 5.140428896993398666e-03 4.063283849973231554e-04 6.763938290532678366e-05 7.994245737791061401e-03 6.078183068893849850e-04 4.090282600373029709e-03 2.879048406612128019e-04 7.226750312838703394e-05 7.581349927932024002e-03
4.450000000000000000e+04 6.974038551561534405e-04 4.478374961763620377e-03 3.834972449112683535e-04 5.405508636613376439e-05 7.039122283458709717e-03 6.350049516186118126e-04 3.931418061256408691e-03 4.783429030794650316e-04 3.502203253447078168e-05 6.775549147278070450e-03
4.500000000000000000e+04 7.086508558131754398e-04 4.202186595648527145e-03 3.550308174453675747e-04 3.954642670578323305e-05 6.752895191311836243e-03 6.418961565941572189e-04 3.601409262046217918e-03 4.666997701860964298e-04 2.114641756634227931e-05 6.489626597613096237e-03
4.550000000000000000e+04 6.044845795258879662e-04 4.330529365688562393e-03 2.689950051717460155e-04 2.382186903560068458e-05 7.365678437054157257e-03 5.493245553225278854e-04 3.150217002257704735e-03 3.370478225406259298e-04 1.242681628355057910e-05 6.569000892341136932e-03
4.600000000000000000e+04 5.827869172208011150e-04 3.900459501892328262e-03 2.535420062486082315e-04 2.693988062674179673e-05 7.199459709227085114e-03 5.345541285350918770e-04 2.764652250334620476e-03 3.482441825326532125e-04 1.163331580755766481e-05 6.373443175107240677e-03
4.650000000000000000e+04 5.517466343007981777e-04 3.249122062698006630e-03 3.160532796755433083e-04 2.590073927422054112e-05 6.408763583749532700e-03 5.216792342253029346e-04 2.056222409009933472e-03 4.112804890610277653e-04 1.482968946220353246e-05 6.598129868507385254e-03
4.700000000000000000e+04 5.296057206578552723e-04 2.811503829434514046e-03 2.749178092926740646e-04 3.415224273339845240e-05 6.195937748998403549e-03 5.013705813325941563e-04 1.702399109490215778e-03 3.773173084482550621e-04 2.554455750214401633e-05 6.384019739925861359e-03
4.750000000000000000e+04 6.132232374511659145e-04 2.221246249973773956e-03 2.659498131833970547e-04 4.877685569226741791e-05 5.699575413018465042e-03 5.674225976690649986e-04 1.801449689082801342e-03 2.780747308861464262e-04 2.839981243596412241e-05 5.546333268284797668e-03
4.800000000000000000e+04 6.213980959728360176e-04 2.066315617412328720e-03 2.236547297798097134e-04 5.433221303974278271e-05 5.417773965746164322e-03 5.665966309607028961e-04 1.618053880520164967e-03 2.352270093979313970e-04 4.835356594412587583e-05 5.262933205813169479e-03
4.850000000000000000e+04 5.821835948154330254e-04 2.310312585905194283e-03 1.630975311854854226e-04 3.569076579879038036e-05 5.687973927706480026e-03 5.233820411376655102e-04 1.624745200388133526e-03 1.476650795666500926e-04 2.494986983947455883e-05 4.988323431462049484e-03
4.900000000000000000e+04 5.558317643590271473e-04 2.174769295379519463e-03 1.464639790356159210e-04 3.742347325896844268e-05 5.541029851883649826e-03 4.954481846652925014e-04 1.492710784077644348e-03 1.393568090861663222e-04 3.299963645986281335e-05 4.837080370634794235e-03
4.950000000000000000e+04 6.950150709599256516e-04 2.156083006411790848e-03 1.638716494198888540e-04 1.148028677562251687e-04 5.028127226978540421e-03 5.765546811744570732e-04 1.093437545932829380e-03 1.700058637652546167e-04 1.268606283701956272e-04 4.625066183507442474e-03
5.000000000000000000e+04 6.760719697922468185e-04 1.955323619768023491e-03 1.370692916680127382e-04 1.236232201335951686e-04 4.921955056488513947e-03 5.563539452850818634e-04 9.288754663430154324e-04 1.482094812672585249e-04 1.601473340997472405e-04 4.515075124800205231e-03
5.050000000000000000e+04 5.382023518905043602e-04 1.532020163722336292e-03 1.199793405248783529e-04 7.080080104060471058e-05 5.177796352654695511e-03 4.513042222242802382e-04 7.533280877396464348e-04 1.888508850242942572e-04 1.207358727697283030e-04 4.786497913300991058e-03
5.100000000000000000e+04 4.888886469416320324e-04 1.376366359181702137e-03 1.129039737861603498e-04 7.476760947611182928e-05 5.085950251668691635e-03 4.031723365187644958e-04 6.527710356749594212e-04 1.885929959826171398e-04 1.156790094682946801e-04 4.692777059972286224e-03
5.150000000000000000e+04 5.211322568356990814e-04 1.378739718347787857e-03 8.355393947567790747e-05 1.092343081836588681e-04 4.998964723199605942e-03 4.080236540175974369e-04 5.527160828933119774e-04 2.073271025437861681e-04 9.743996633915230632e-05 4.562269430607557297e-03
5.200000000000000000e+04 4.917276673950254917e-04 1.262219040654599667e-03 7.593525515403598547e-05 1.142109395004808903e-04 4.852132406085729599e-03 3.774566284846514463e-04 4.848193202633410692e-04 1.986399292945861816e-04 1.047302284860052168e-04 4.423236940056085587e-03
5.250000000000000000e+04 3.993924765381962061e-04 1.247474341653287411e-03 9.043308091349899769e-05 1.567799627082422376e-04 5.177835002541542053e-03 3.108734963461756706e-04 4.819392052013427019e-04 1.382572227157652378e-04 1.845735241658985615e-04 4.260250367224216461e-03
5.300000000000000000e+04 3.815677482634782791e-04 1.152316806837916374e-03 7.878393080318346620e-05 1.585442951181903481e-04 5.026440601795911789e-03 2.918334503192454576e-04 4.279018030501902103e-04 1.268002961296588182e-04 1.763563777785748243e-04 4.122433252632617950e-03
5.350000000000000000e+04 3.386852622497826815e-04 1.059949048794806004e-03 5.973582301521673799e-05 1.515161275165155530e-04 4.489005077630281448e-03 2.687293745111674070e-04 4.090189177077263594e-04 1.665961899561807513e-04 1.913164742290973663e-04 3.934676758944988251e-03
5.400000000000000000e+04 3.248800348956137896e-04 9.748311131261289120e-04 5.567844709730707109e-05 1.612521446077153087e-04 4.346577916294336319e-03 2.538310363888740540e-04 3.574115107767283916e-04 1.548076688777655363e-04 2.028322633123025298e-04 3.810327034443616867e-03
5.450000000000000000e+04 2.892217307817190886e-04 8.277167216874659061e-04 4.950728907715529203e-05 1.307506172452121973e-04 4.429964814335107803e-03 2.140380674973130226e-04 2.782268566079437733e-04 9.529467934044077992e-05 1.216283126268535852e-04 3.953416366130113602e-03
5.500000000000000000e+04 2.800287620630115271e-04 7.540349033661186695e-04 4.682022699853405356e-05 1.355858403258025646e-04 4.311609081923961639e-03 2.046172594418749213e-04 2.442988334223628044e-04 9.754797065397724509e-05 1.197411766042932868e-04 3.832654329016804695e-03
5.550000000000000000e+04 3.695965860970318317e-04 7.648854516446590424e-04 4.437212191987782717e-05 1.527709100628271699e-04 3.562606172636151314e-03 2.633439144119620323e-04 2.557656553108245134e-04 8.646468631923198700e-05 1.604085118742659688e-04 3.304989077150821686e-03
5.600000000000000000e+04 3.673476167023181915e-04 7.488029659725725651e-04 4.516418630373664200e-05 1.525496190879493952e-04 3.432784928008913994e-03 2.566100156400352716e-04 2.465902944095432758e-04 8.919514948502182961e-05 1.611680345376953483e-04 3.177681239321827888e-03
5.650000000000000000e+04 2.640423481352627277e-04 6.403005099855363369e-04 2.709753789531532675e-05 1.423260109731927514e-04 3.698820713907480240e-03 1.892226428026333451e-04 2.024634595727548003e-04 5.837301068822853267e-05 1.097748536267317832e-04 3.470876952633261681e-03
5.700000000000000000e+04 2.459223032929003239e-04 5.909278406761586666e-04 2.736526403168682009e-05 1.462305372115224600e-04 3.596733324229717255e-03 1.740218576742336154e-04 1.796273281797766685e-04 5.027391671319492161e-05 1.106265481212176383e-04 3.374267136678099632e-03
5.750000000000000000e+04 1.991966273635625839e-04 5.671644466929137707e-04 5.778770355391316116e-05 1.852590066846460104e-04 3.562922356650233269e-03 1.410089462297037244e-04 1.479094789829105139e-04 5.656046050717122853e-05 8.230102685047313571e-05 3.358053509145975113e-03
5.800000000000000000e+04 1.878682523965835571e-04 5.301693454384803772e-04 5.785167741123586893e-05 1.783263869583606720e-04 3.462171647697687149e-03 1.306923368247225881e-04 1.387034426443278790e-04 5.193736797082237899e-05 7.647876918781548738e-05 3.259354503825306892e-03
5.850000000000000000e+04 1.866966777015477419e-04 4.952051094733178616e-04 5.044944919063709676e-05 1.744702312862500548e-04 3.330787876620888710e-03 1.312508829869329929e-04 1.417413295712321997e-04 6.277774082263931632e-05 1.082639864762313664e-04 3.131986130028963089e-03
5.900000000000000000e+04 1.772186369635164738e-04 4.681069403886795044e-04 5.014039925299584866e-05 1.643095456529408693e-04 3.231089096516370773e-03 1.226785971084609628e-04 1.290856889681890607e-04 5.672264887834899127e-05 1.028791230055503547e-04 3.031653119251132011e-03
5.950000000000000000e+04 1.252734364243224263e-04 3.864194732159376144e-04 5.250775939202867448e-05 1.371722610201686621e-04 2.914608456194400787e-03 9.901499288389459252e-05 1.098602369893342257e-04 6.023683090461418033e-05 7.371118408627808094e-05 3.033476183190941811e-03
6.000000000000000000e+04 1.174788339994847775e-04 3.690742014441639185e-04 5.055304791312664747e-05 1.276821276405826211e-04 2.831628778949379921e-03 9.091828542295843363e-05 1.036336616380140185e-04 5.685037831426598132e-05 6.705508712911978364e-05 2.941436367109417915e-03
6.050000000000000000e+04 1.505984400864690542e-04 4.234060761518776417e-04 4.556931162369437516e-05 1.117001957027241588e-04 2.939762547612190247e-03 1.000446936814114451e-04 1.238246913999319077e-04 3.290246240794658661e-05 7.747320341877639294e-05 2.730700653046369553e-03
6.100000000000000000e+04 1.422048226231709123e-04 3.997089806944131851e-04 4.179625102551653981e-05 1.036709218169562519e-04 2.850639401003718376e-03 9.246622357750311494e-05 1.140152016887441278e-04 2.924706677731592208e-05 7.704918971285223961e-05 2.638459904119372368e-03
6.150000000000000000e+04 1.762124884407967329e-04 4.428010142873972654e-04 3.055520573980174959e-05 1.131352692027576268e-04 2.847066149115562439e-03 1.012447464745491743e-04 1.058039924828335643e-04 3.254269176977686584e-05 5.382241215556859970e-05 2.422902034595608711e-03
6.200000000000000000e+04 1.671154313953593373e-04 4.203997377771884203e-04 2.789439167827367783e-05 1.040563220158219337e-04 2.776792971417307854e-03 9.320944809587672353e-05 1.000659613055177033e-04 2.851434692274779081e-05 4.648357935366220772e-05 2.351483097299933434e-03
6.250000000000000000e+04 1.747005007928237319e-04 3.284558188170194626e-04 3.072441904805600643e-05 9.683927783044055104e-05 2.742055570706725121e-03 9.752825280884280801e-05 1.648899342399090528e-04 2.532119833631440997e-05 8.354466990567743778e-05 2.287569222971796989e-03
6.300000000000000000e+04 1.718971761874854565e-04 3.137379826512187719e-04 2.499041147530078888e-05 8.571082435082644224e-05 2.650933805853128433e-03 9.210740972775965929e-05 1.746128109516575933e-04 2.124759339494630694e-05 7.804513734299689531e-05 2.205202821642160416e-03
6.350000000000000000e+04 1.180269609903916717e-04 2.912985801231116056e-04 1.722624438116326928e-05 6.331675831461325288e-05 2.262199763208627701e-03 6.202769873198121786e-05 6.383284926414489746e-05 1.895541026897262782e-05 5.322774086380377412e-05 2.261676359921693802e-03
6.400000000000000000e+04 1.108817159547470510e-04 2.734638692345470190e-04 1.030733619700185955e-05 5.711771518690511584e-05 2.211134182289242744e-03 5.691013575415126979e-05 5.933112333877943456e-05 1.224133302457630634e-05 5.408802462625317276e-05 2.205825177952647209e-03
6.450000000000000000e+04 1.102983806049451232e-04 3.362318093422800303e-04 8.422550308750942349e-06 5.985526877338998020e-05 2.785336226224899292e-03 5.458537998492829502e-05 6.604404188692569733e-05 4.663535946747288108e-06 6.473103712778538465e-05 2.131746383383870125e-03
6.500000000000000000e+04 1.047186742653138936e-04 3.164601803291589022e-04 7.006445230217650533e-06 5.338858318282291293e-05 2.723763464018702507e-03 5.072206113254651427e-05 6.020775254000909626e-05 4.425649422046262771e-06 6.123149796621873975e-05 2.073004143312573433e-03
6.550000000000000000e+04 9.295114432461559772e-05 2.368169807596132159e-04 9.872115697362460196e-06 3.817697506747208536e-05 2.378854900598526001e-03 4.843741044169291854e-05 6.773270433768630028e-05 1.224028437718516216e-05 3.316714355605654418e-05 2.064064145088195801e-03
6.600000000000000000e+04 8.872665785020217299e-05 2.243145136162638664e-04 9.879773642751388252e-06 3.311222462798468769e-05 2.322046086192131042e-03 4.485032332013361156e-05 6.767087324988096952e-05 1.140551376010989770e-05 3.123791248071938753e-05 2.005996182560920715e-03
6.650000000000000000e+04 7.821143663022667170e-05 2.393975300947204232e-04 7.089000973792281002e-06 2.871348260669037700e-05 2.243824303150177002e-03 3.785495573538355529e-05 3.992301935795694590e-05 8.611777047917712480e-06 3.543276761774905026e-05 1.937754452228546143e-03
6.700000000000000000e+04 7.451729470631107688e-05 2.277856256114318967e-04 8.185089427570346743e-06 2.228687299066223204e-05 2.191288862377405167e-03 3.479795122984796762e-05 3.596054739318788052e-05 9.866593245533294976e-06 3.101472248090431094e-05 1.881664735265076160e-03
6.750000000000000000e+04 8.692263509146869183e-05 2.440815587760880589e-04 6.059156476112548262e-06 2.286755443492438644e-05 2.704063197597861290e-03 3.788388130487874150e-05 7.284469029400497675e-05 1.085760595742613077e-05 3.694449696922674775e-05 1.817095791921019554e-03
6.800000000000000000e+04 8.384467946598306298e-05 2.338730264455080032e-04 7.003057817200897262e-06 2.056099401670508087e-05 2.641647821292281151e-03 3.524215935613028705e-05 6.769467290723696351e-05 1.208343655889621004e-05 3.384539013495668769e-05 1.756633166223764420e-03
6.850000000000000000e+04 1.163023116532713175e-04 2.213669940829277039e-04 1.239918583451071754e-05 1.999890628212597221e-05 2.072225324809551239e-03 4.241336137056350708e-05 4.279947461327537894e-05 1.362474722554907203e-05 4.479858762351796031e-05 1.575051574036478996e-03
6.900000000000000000e+04 1.139320229412987828e-04 2.165095502277836204e-04 1.323110245721181855e-05 1.810481262509711087e-05 2.030767966061830521e-03 3.971909973188303411e-05 4.113544855499640107e-05 1.638734283915255219e-05 4.255521707818843424e-05 1.530803740024566650e-03
6.950000000000000000e+04 7.121258386177942157e-05 1.935991167556494474e-04 1.378106026095338166e-05 7.941876901895739138e-06 2.300833119079470634e-03 2.615095763758290559e-05 4.892785000265575945e-05 1.732834607537370175e-05 3.672279126476496458e-05 1.641742885112762451e-03
7.000000000000000000e+04 6.832156213931739330e-05 1.817707961890846491e-04 1.545848135720007122e-05 8.552329745725728571e-06 2.251098398119211197e-03 2.459750976413488388e-05 4.301602166378870606e-05 1.875059751910157502e-05 4.165591963101178408e-05 1.596031012013554573e-03
7.050000000000000000e+04 9.095151472138240933e-05 1.960636000148952007e-04 1.939262256200890988e-05 1.766986679285764694e-05 2.215751446783542633e-03 2.648132613103371114e-05 4.482605436351150274e-05 2.446651524223852903e-05 3.888102583005093038e-05 1.505561871454119682e-03
7.100000000000000000e+04 9.104830678552389145e-05 1.923106319736689329e-04 2.064359250653069466e-05 1.394050013914238662e-05 2.169694285839796066e-03 2.554745697125326842e-05 4.718770651379600167e-05 1.970378798432648182e-05 3.506829671096056700e-05 1.467519206926226616e-03
7.150000000000000000e+04 6.312708137556910515e-05 1.139565138146281242e-04 1.359163343295222148e-05 1.007258833851665258e-05 1.481400686316192150e-03 2.295345984748564661e-05 3.732691038749180734e-05 2.653515730344224721e-05 5.165301990928128362e-05 1.481968793086707592e-03
7.200000000000000000e+04 6.036678678356111050e-05 1.091430822270922363e-04 1.480890568927861750e-05 1.101781799661694095e-05 1.450066803954541683e-03 2.161305565095972270e-05 3.292100882390514016e-05 2.739795309025794268e-05 4.974932380719110370e-05 1.446181093342602253e-03
7.250000000000000000e+04 1.018051189021207392e-04 1.971269375644624233e-04 1.797873665054794401e-05 9.656609108787961304e-06 1.895749359391629696e-03 2.714043694140855223e-05 5.412281825556419790e-05 2.709188447624910623e-05 3.846796971629373729e-05 1.269562169909477234e-03
7.300000000000000000e+04 9.994232095777988434e-05 1.901949872262775898e-04 1.853915637184400111e-05 1.074105693987803534e-05 1.859631971456110477e-03 2.597589627839624882e-05 5.184397377888672054e-05 3.206948531442321837e-05 3.781653140322305262e-05 1.237331423908472061e-03
7.350000000000000000e+04 6.698894139844924212e-05 1.611756742931902409e-04 2.898059938161168247e-05 1.169159713754197583e-05 1.991530880331993103e-03 1.919067108246963471e-05 3.130507320747710764e-05 1.516562042525038123e-05 2.110273453581612557e-05 1.329496852122247219e-03
7.400000000000000000e+04 6.546231452375650406e-05 1.567860454088076949e-04 2.800685251713730395e-05 1.308307673753006384e-05 1.959056593477725983e-03 1.826851257646922022e-05 3.056621426367200911e-05 1.583523589943069965e-05 2.406796011200640351e-05 1.300600240938365459e-03
7.450000000000000000e+04 7.623738929396495223e-05 1.410998229403048754e-04 2.583231253083795309e-05 1.909985985548701137e-05 1.561716315336525440e-03 2.125736682501155883e-05 3.256961281294934452e-05 2.273934478580486029e-05 3.641295552370138466e-05 1.196386758238077164e-03
7.500000000000000000e+04 7.535383338108658791e-05 1.383968919981271029e-04 2.389202199992723763e-05 1.916995643114205450e-05 1.534400158561766148e-03 2.047091402346268296e-05 2.927462264779023826e-05 2.090402085741516203e-05 3.368512989254668355e-05 1.170249073766171932e-03
7.550000000000000000e+04 4.789809099747799337e-05 1.054069434758275747e-04 3.114764695055782795e-05 2.509520527382846922e-05 1.387951895594596863e-03 1.501282258686842397e-05 1.641750168346334249e-05 2.100468009302858263e-05 3.926128920284099877e-05 1.265745842829346657e-03
7.600000000000000000e+04 4.617072772816754878e-05 1.027994439937174320e-04 2.735499037953559309e-05 2.324160959688015282e-05 1.369126490317285061e-03 1.411686753272078931e-05 1.590512692928314209e-05 1.907549449242651463e-05 4.012224962934851646e-05 1.245537656359374523e-03
7.650000000000000000e+04 7.250952330650761724e-05 1.442064822185784578e-04 2.655798380146734416e-05 2.556383878982160240e-05 1.679114648140966892e-03 1.767224784998688847e-05 2.927309833467006683e-05 1.290055752178886905e-05 6.842096627224236727e-05 1.133498502895236015e-03
7.700000000000000000e+04 7.168180309236049652e-05 1.411386474501341581e-04 2.245187170046847314e-05 2.817198765114881098e-05 1.647849101573228836e-03 1.707243609416764230e-05 2.632721589179709554e-05 1.104028706322424114e-05 7.308874774025753140e-05 1.105279661715030670e-03
7.750000000000000000e+04 6.355575897032395005e-05 1.330419036094099283e-04 1.856456037785392255e-05 2.840470369847025722e-05 1.528483582660555840e-03 1.485532447986770421e-05 1.427003553544636816e-05 9.127451448875945061e-06 5.618255090666934848e-05 1.091047772206366062e-03
7.800000000000000000e+04 6.222590309334918857e-05 1.286925544263795018e-04 1.754417826305143535e-05 2.833221333276014775e-05 1.500967075116932392e-03 1.437486662325682119e-05 1.345954842690844089e-05 8.497174349031411111e-06 5.720785702578723431e-05 1.065489486791193485e-03
7.850000000000000000e+04 6.448069325415417552e-05 1.105806222767569125e-04 1.287736813537776470e-05 2.455204594298265874e-05 1.627792720682919025e-03 1.433040324627654627e-05 9.828316251514479518e-06 1.116942712542368099e-05 9.357935050502419472e-05 1.078023575246334076e-03
7.900000000000000000e+04 6.415177631424739957e-05 1.079499634215608239e-04 1.235665513377171010e-05 2.470389154041185975e-05 1.601188094355165958e-03 1.384066672471817583e-05 9.253188181901350617e-06 1.219223850057460368e-05 9.218369086738675833e-05 1.053016865625977516e-03
7.950000000000000000e+04 4.655542943510226905e-05 1.094900435418821871e-04 1.538990181870758533e-05 2.998885611305013299e-05 1.470859395340085030e-03 1.343234816886251792e-05 1.255676215805578977e-05 1.243848691956372932e-05 2.804446739901322871e-05 1.058144611306488514e-03
8.000000000000000000e+04 4.535446350928395987e-05 1.068536366801708937e-04 1.436936963727930561e-05 3.000813558173831552e-05 1.446034875698387623e-03 1.303146564168855548e-05 1.284212339669466019e-05 1.157198857981711626e-05 2.802032759063877165e-05 1.037139794789254665e-03
8.050000000000000000e+04 4.981058373232372105e-05 1.044149976223707199e-04 1.063734725903486833e-05 2.437492003082297742e-05 1.382744289003312588e-03 1.262126261281082407e-05 1.139463438448728994e-05 1.219739169755484909e-05 4.595159407472237945e-05 9.847325272858142853e-04
8.100000000000000000e+04 4.883368092123419046e-05 1.024007287924177945e-04 1.027762209560023621e-05 2.326236608496401459e-05 1.358839566819369793e-03 1.239386256202124059e-05 1.200462702399818227e-05 1.242643338628113270e-05 4.343213367974385619e-05 9.619916672818362713e-04
8.150000000000000000e+04 4.210775659885257483e-05 8.714186697034165263e-05 1.228871224157046527e-05 2.136844341293908656e-05 1.177685800939798355e-03 1.161394447990460321e-05 1.785210952220950276e-05 1.303083718084963039e-05 6.553244747919961810e-05 9.532084804959595203e-04
8.200000000000000000e+04 4.056601756019517779e-05 8.406073175137862563e-05 1.137560502684209496e-05 1.997533399844542146e-05 1.147799543105065823e-03 1.127081668528262526e-05 1.736222839099355042e-05 1.182883715955540538e-05 6.008150739944539964e-05 9.259647922590374947e-04
8.250000000000000000e+04 3.411081343074329197e-05 6.366213347064331174e-05 1.030271050694864243e-05 1.604029966983944178e-05 9.949335362762212753e-04 9.777531886356882751e-06 2.267461786686908454e-05 6.272117389016784728e-06 2.231394319096580148e-05 9.535063873045146465e-04
8.300000000000000000e+04 3.241533340769819915e-05 6.123872299212962389e-05 9.196742212225217372e-06 1.042535768647212535e-05 9.706796263344585896e-04 9.378973118145950139e-06 2.297046012245118618e-05 6.317207862593932077e-06 2.523656075936742127e-05 9.283722611144185066e-04
8.350000000000000000e+04 4.088932473678141832e-05 8.547354082111269236e-05 1.174612134491326287e-05 1.881834214145783335e-05 1.215302851051092148e-03 1.140549920819466934e-05 1.107972184399841353e-05 1.414665348420385271e-05 2.677419797691982239e-05 8.510999614372849464e-04
8.400000000000000000e+04 4.041223292006179690e-05 8.279756002593785524e-05 1.169017650681780651e-05 2.039205173787195235e-05 1.186970155686140060e-03 1.175794750452041626e-05 1.131986027758102864e-05 1.242439520865445957e-05 2.926186971308197826e-05 8.266082149930298328e-04
8.450000000000000000e+04 3.204990571248345077e-05 7.969677244545891881e-05 1.274945134355220944e-05 1.557231553306337446e-05 1.274329144507646561e-03 1.008315575745655224e-05 2.217162182205356658e-05 1.133350269810762256e-05 3.811745409620925784e-05 8.298907196149230003e-04
8.500000000000000000e+04 3.165011730743572116e-05 7.782548345858231187e-05 1.256168707186589018e-05 1.760766099323518574e-05 1.249842578545212746e-03 9.859533747658133507e-06 2.186893107136711478e-05 1.102516671380726621e-05 4.387274748296476901e-05 8.073592907749116421e-04
8.550000000000000000e+04 2.467894046276342124e-05 5.072757994639687240e-05 6.030769327480811626e-06 1.331894964096136391e-05 9.273585164919495583e-04 9.373182365379761904e-06 1.921827242767903954e-05 4.037390226585557684e-06 2.089805275318212807e-05 8.044596761465072632e-04
8.600000000000000000e+04 2.395632145635318011e-05 4.926786277792416513e-05 6.196431513671996072e-06 1.436533239029813558e-05 9.097798028960824013e-04 9.175930244964547455e-06 1.941740629263222218e-05 4.050138159072957933e-06 1.924999014590866864e-05 7.847401429899036884e-04
8.650000000000000000e+04 3.382174691068939865e-05 8.124375744955614209e-05 4.576359060592949390e-06 1.471884024795144796e-05 1.315954374149441719e-03 9.320672688772901893e-06 2.051754563581198454e-05 5.549901743506779894e-06 3.773022035602480173e-05 7.499562925659120083e-04
8.700000000000000000e+04 3.302871118648909032e-05 7.943491073092445731e-05 4.936353434459306300e-06 1.608317870704922825e-05 1.294363872148096561e-03 9.094937922782264650e-06 2.122064688592217863e-05 6.602335815841797739e-06 3.936248322133906186e-05 7.298872806131839752e-04
8.750000000000000000e+04 3.771029878407716751e-05 6.845482130302116275e-05 1.097695167118217796e-05 3.577138340915553272e-05 1.026022015139460564e-03 9.590620720700826496e-06 1.829912980610970408e-05 2.580791624495759606e-05 8.209588850149884820e-05 7.099239155650138855e-04
8.800000000000000000e+04 3.639545684563927352e-05 6.772948836442083120e-05 1.060725207935320213e-05 3.564575672498904169e-05 1.014625420793890953e-03 9.194456652039662004e-06 1.844351027102675289e-05 2.755129389697685838e-05 9.017880074679851532e-05 6.994514260441064835e-04
8.850000000000000000e+04 4.157144940108992159e-05 6.404384475899860263e-05 9.509787560091353953e-06 2.692454290809109807e-05 8.982081781141459942e-04 1.019073170027695596e-05 8.986060493043623865e-06 1.285825601371470839e-05 5.527049870579503477e-05 6.650019204244017601e-04
8.900000000000000000e+04 4.135188646614551544e-05 6.415710959117859602e-05 8.562348739360459149e-06 2.383760511293075979e-05 8.845881093293428421e-04 1.055204120348207653e-05 1.048767444444820285e-05 1.349794911220669746e-05 4.414375871419906616e-05 6.528283702209591866e-04
8.950000000000000000e+04 3.976365405833348632e-05 8.747095125727355480e-05 7.464314876415301114e-06 2.426181163173168898e-05 1.158839324489235878e-03 1.052601419360144064e-05 9.857300938165280968e-06 2.161090196750592440e-05 5.115492604090832174e-05 6.427262560464441776e-04
9.000000000000000000e+04 3.963370545534417033e-05 8.573120430810377002e-05 6.258030680328374729e-06 2.455110552546102554e-05 1.142966793850064278e-03 9.885870895232073963e-06 1.030655585054773837e-05 1.633792635402642190e-05 5.429928205558098853e-05 6.294542108662426472e-04
9.050000000000000000e+04 3.120343535556457937e-05 5.198924918659031391e-05 6.142385245766490698e-06 2.759593917289748788e-05 8.836698252707719803e-04 8.800079740467481315e-06 1.504758256487548351e-05 7.787321919749956578e-06 5.426695861387997866e-05 6.520439637824892998e-04
9.100000000000000000e+04 3.093040868407115340e-05 5.170706208446063101e-05 4.916545549349393696e-06 2.386898631812073290e-05 8.757116156630218029e-04 8.666625035402830690e-06 1.522250295238336548e-05 7.809076123521663249e-06 4.945725231664255261e-05 6.448827334679663181e-04
9.150000000000000000e+04 3.142689456581138074e-05 9.798043902264907956e-05 5.922134732827544212e-06 3.613876106101088226e-05 1.318569644354283810e-03 9.301139471062924713e-06 1.451659500162350014e-05 1.165061712526949123e-05 4.712856753030791879e-05 6.224856479093432426e-04
9.200000000000000000e+04 3.094762359978631139e-05 9.611492714611813426e-05 4.699584678746759892e-06 3.471691888989880681e-05 1.303527038544416428e-03 9.062590834219008684e-06 1.514385894552106038e-05 1.009018978948006406e-05 4.472558794077485800e-05 6.103295017965137959e-04
9.250000000000000000e+04 3.293710324214771390e-05 6.783936260035261512e-05 4.126371550228213891e-06 2.648611371114384383e-05 1.193050527945160866e-03 8.234098459070082754e-06 1.722570777928922325e-05 3.003185838679200970e-06 8.053674537222832441e-05 6.055211997590959072e-04
9.300000000000000000e+04 3.280024975538253784e-05 6.704991392325609922e-05 3.873701643897220492e-06 2.662996666913386434e-05 1.179186860099434853e-03 8.073007847997359931e-06 1.713940764602739364e-05 3.801623279287014157e-06 8.029561286093667150e-05 5.931264604441821575e-04
9.350000000000000000e+04 2.143831989087630063e-05 5.150386277819052339e-05 2.989073436765465885e-06 2.190058694395702332e-05 9.006184409372508526e-04 7.386630386463366449e-06 2.417602627247106284e-05 2.418171561657800339e-06 2.071596827590838075e-05 6.022128509357571602e-04
9.400000000000000000e+04 2.079994010273367167e-05 5.030576721765100956e-05 2.903377890106639825e-06 2.141351251339074224e-05 8.864346309565007687e-04 7.101641131157521158e-06 2.424861850158777088e-05 2.331104269615025260e-06 2.000602580665145069e-05 5.898434319533407688e-04
9.450000000000000000e+04 3.135564475087448955e-05 6.209668208612129092e-05 4.140097644267370924e-06 3.312145418021827936e-05 8.723425562493503094e-04 7.856077900214586407e-06 1.308926675847033039e-05 4.575871571432799101e-06 5.056877125753089786e-05 5.529342452064156532e-04
9.500000000000000000e+04 3.074573396588675678e-05 6.168997788336127996e-05 4.034494395455112681e-06 3.147560710203833878e-05 8.639814332127571106e-04 7.552459010184975341e-06 1.377862554363673553e-05 4.533917490334715694e-06 4.830465695704333484e-05 5.452621262520551682e-04
9.550000000000000000e+04 2.244453025923576206e-05 4.525910480879247189e-05 3.305427526356652379e-06 2.468979619152378291e-05 9.009463246911764145e-04 6.658573056483874097e-06 3.867350096697919071e-05 5.214648354012751952e-06 5.317966861184686422e-05 5.698820459656417370e-04
9.600000000000000000e+04 2.187473182857502252e-05 4.475452442420646548e-05 3.604967332648811862e-06 2.271779339935164899e-05 8.918487001210451126e-04 6.257078439375618473e-06 3.918739457731135190e-05 6.147844487713882700e-06 5.085009979666210711e-05 5.602119490504264832e-04
9.650000000000000000e+04 2.735113957896828651e-05 6.981393380556255579e-05 8.713745046406984329e-06 3.075316999456845224e-05 1.052511739544570446e-03 7.584065770060988143e-06 1.602672091394197196e-05 1.159718976850854233e-05 5.035410504206083715e-05 5.288067040964961052e-04
9.700000000000000000e+04 2.708245119720231742e-05 6.943805783521384001e-05 8.656272257212549448e-06 2.778734597086440772e-05 1.041550771333277225e-03 7.321430075535317883e-06 1.643773066462017596e-05 1.376818272547097877e-05 5.007963045500218868e-05 5.188898649066686630e-04
9.750000000000000000e+04 2.800945730996318161e-05 6.995526200626045465e-05 6.795629815314896405e-06 2.329353264940436929e-05 1.109386328607797623e-03 6.088080681365681812e-06 2.478963870089501143e-05 7.380694569292245433e-06 5.580561264650896192e-05 5.190984811633825302e-04
9.800000000000000000e+04 2.748698352661449462e-05 6.843734445283189416e-05 7.143536095099989325e-06 2.164397301385179162e-05 1.091719721443951130e-03 5.922560376347973943e-06 2.667424814717378467e-05 7.849811481719370931e-06 5.857467476744204760e-05 5.066737649030983448e-04
9.850000000000000000e+04 2.778859015961643308e-05 6.160471093608066440e-05 7.413652383547741920e-06 1.754627737682312727e-05 9.201524080708622932e-04 6.837538421677891165e-06 1.154647179646417499e-05 1.110858283936977386e-05 7.391547114821150899e-05 4.718305717688053846e-04
9.900000000000000000e+04 2.778111047518905252e-05 6.110380491008982062e-05 6.815721462771762162e-06 1.580005300638731569e-05 9.062376921065151691e-04 6.930145445949165151e-06 1.051026993081904948e-05 9.340827091364189982e-06 7.735090912319719791e-05 4.602055996656417847e-04
9.950000000000000000e+04 2.584436879260465503e-05 4.405225990922190249e-05 5.920382591284578666e-06 1.317301848757779226e-05 7.615330978296697140e-04 6.093419415265088901e-06 1.496156710345530882e-05 8.445799721812363714e-06 3.607234611990861595e-05 4.631058254744857550e-04
1.000000000000000000e+05 2.538125227147247642e-05 4.390797766973264515e-05 5.795500328531488776e-06 1.004411296889884397e-05 7.515747565776109695e-04 5.714686722058104351e-06 1.545910708955489099e-05 8.036725375859532505e-06 3.148034011246636510e-05 4.539591318462044001e-04
1.005000000000000000e+05 2.172332642658147961e-05 5.124701419845223427e-05 7.030800134089076892e-06 1.504220745118800551e-05 8.287173113785684109e-04 5.493603111972333863e-06 4.749552317662164569e-05 9.872863302007317543e-06 5.143401358509436250e-05 4.529811849351972342e-04
1.010000000000000000e+05 2.082741957565303892e-05 5.052878623246215284e-05 6.712468348268885165e-06 1.196579614770598710e-05 8.158482960425317287e-04 5.203638465900439769e-06 4.753144457936286926e-05 1.025605433824239299e-05 4.582059773383662105e-05 4.402793420013040304e-04
1.015000000000000000e+05 2.993524867633823305e-05 4.747109051095321774e-05 7.568684395664604381e-06 8.838193025439977646e-06 7.012895075604319572e-04 5.864063041371991858e-06 2.321734973520506173e-05 1.503460407548118383e-05 2.451651926094200462e-05 4.111386660952121019e-04
1.020000000000000000e+05 2.975219285872299224e-05 4.633167554857209325e-05 7.168620868469588459e-06 8.465583960060030222e-06 6.901728338561952114e-04 5.797237008664524183e-06 2.386672713328152895e-05 1.785558197298087180e-05 2.384019535384140909e-05 4.015747690573334694e-04
1.025000000000000000e+05 2.956156640721019357e-05 7.468920375686138868e-05 6.506654244731180370e-06 4.145587809034623206e-06 9.893757523968815804e-04 6.409673005691729486e-06 1.536903619125951082e-05 1.762406645866576582e-05 2.763167867669835687e-05 3.842005680780857801e-04
1.030000000000000000e+05 2.946235872514080256e-05 7.405442738672718406e-05 6.138490789453499019e-06 3.671317017506225966e-06 9.760480024851858616e-04 6.213145297806477174e-06 1.605586294317618012e-05 1.861474265751894563e-05 2.476605368428863585e-05 3.725568822119385004e-04
1.035000000000000000e+05 2.241299262095708400e-05 5.929799590376205742e-05 4.828366854781052098e-06 5.402962869993643835e-06 7.561661768704652786e-04 5.008356765756616369e-06 1.452959077141713351e-05 6.167859737615799531e-06 1.736118247208651155e-05 3.779461549129337072e-04
1.040000000000000000e+05 2.122679688909556717e-05 5.803097519674338400e-05 4.761735908687114716e-06 4.894280664302641526e-06 7.427130476571619511e-04 4.548726337816333398e-06 1.424779929948272184e-05 6.740753633494023234e-06 1.563552905281540006e-05 3.675636544357985258e-04
1.045000000000000000e+05 1.842464553192257881e-05 4.544892726698890328e-05 7.798481419740710407e-06 8.051061740843579173e-06 6.802721181884407997e-04 4.365962013253010809e-06 9.784103895071893930e-06 1.226558379130437970e-05 1.111664278141688555e-05 3.704999398905783892e-04
1.050000000000000000e+05 1.775958116922993213e-05 4.469216946745291352e-05 6.502733867819188163e-06 6.876977295178221539e-06 6.710563902743160725e-04 4.162270670349244028e-06 9.544731256028171629e-06 1.130994678533170372e-05 1.135127149609616026e-05 3.616203030105680227e-04
1.055000000000000000e+05 2.158409552066586912e-05 6.323035631794482470e-05 3.380654561624396592e-06 5.206362402532249689e-06 8.783353259786963463e-04 3.758150569410645403e-06 2.841909918060991913e-05 6.846104952273890376e-06 3.211923103663139045e-05 3.477394639048725367e-04
1.060000000000000000e+05 2.054844844678882509e-05 6.124288483988493681e-05 3.716839955814066343e-06 4.874645128438714892e-06 8.634832920506596565e-04 3.449294808888225816e-06 2.688733911782037467e-05 7.293372163985623047e-06 3.594970621634274721e-05 3.357786044944077730e-04
1.065000000000000000e+05 2.711196066229604185e-05 5.468824019772000611e-05 6.014123755448963493e-06 6.594804744963767007e-06 6.549769314005970955e-04 4.540253030427265912e-06 1.701141263765748590e-05 4.457293471205048263e-06 5.676885484717786312e-05 3.032134554814547300e-04
1.070000000000000000e+05 2.743986260611563921e-05 5.555686584557406604e-05 5.852765298186568543e-06 7.191905751824378967e-06 6.427626940421760082e-04 4.490501851250883192e-06 1.892783802759367973e-05 3.896394446201156825e-06 5.557516851695254445e-05 2.951106871478259563e-04
1.075000000000000000e+05 1.786750362953171134e-05 4.481179712456651032e-05 3.808723931797430851e-06 7.166451268858509138e-06 6.295254570432007313e-04 3.589100970202707686e-06 2.650747410370968282e-05 3.287127356088603847e-06 1.555653034301940352e-05 3.134923754259943962e-04
1.080000000000000000e+05 1.724662433844059706e-05 4.264345261617563665e-05 3.750959194803726859e-06 7.270767582667758688e-06 6.243534153327345848e-04 3.348322252350044437e-06 2.503809082554653287e-05 3.636381734395399690e-06 1.498098936281166971e-05 3.077958244830369949e-04
1.085000000000000000e+05 1.774818156263791025e-05 5.873015106772072613e-05 9.241513907909393311e-06 4.938265192322432995e-06 7.228784961625933647e-04 3.499208332868875004e-06 9.185142516798805445e-06 1.138275820267153904e-05 1.865408921730704606e-05 2.924904110841453075e-04
1.090000000000000000e+05 1.780530146788805723e-05 5.832224633195437491e-05 7.577540145575767383e-06 4.872623776464024559e-06 7.143778493627905846e-04 3.461910182522842661e-06 9.385179509990848601e-06 1.167440132121555507e-05 2.029939969361294061e-05 2.873165649361908436e-04
1.095000000000000000e+05 1.413857080478919670e-05 4.872883800999261439e-05 8.041888577281497419e-06 9.441965630685444921e-06 6.691037560813128948e-04 3.112114427494816482e-06 4.588985757436603308e-05 8.827971214486751705e-06 3.112461854470893741e-05 3.034414548892527819e-04
1.100000000000000000e+05 1.368985704175429419e-05 4.734443427878431976e-05 8.100525519694201648e-06 9.260838851332664490e-06 6.609858246520161629e-04 2.988836740769329481e-06 4.432507921592332423e-05 9.550130016577895731e-06 3.357244713697582483e-05 2.976002579089254141e-04
1.105000000000000000e+05 2.043631138803903013e-05 4.492104562814347446e-05 6.906784619786776602e-06 1.056027031154371798e-05 7.008648826740682125e-04 3.172328206346719526e-06 1.393642014591023326e-05 1.018675175146199763e-05 2.607876012916676700e-05 2.750315179582685232e-04
1.110000000000000000e+05 2.030768337135668844e-05 4.419454489834606647e-05 6.962659426790196449e-06 1.053064352163346484e-05 6.927307695150375366e-04 3.046872507184161805e-06 1.472061921958811581e-05 1.210263053508242592e-05 2.579893407528288662e-05 2.687159867491573095e-04
1.115000000000000000e+05 1.249743763764854521e-05 4.400066245580092072e-05 9.767261872184462845e-06 1.173645341623341665e-05 7.211598567664623260e-04 2.692739599297055975e-06 1.907096338982228190e-05 9.807092283153906465e-06 2.056123048532754183e-05 2.755160385277122259e-04
1.120000000000000000e+05 1.233412058354588225e-05 4.374581840238533914e-05 8.697516932443249971e-06 1.103249906009295955e-05 7.127334247343242168e-04 2.599138952064095065e-06 1.965288174687884748e-05 9.355981092085130513e-06 1.952840284502599388e-05 2.690099936444312334e-04
1.125000000000000000e+05 1.133165187638951465e-05 2.787143603200092912e-05 7.303736765607027337e-06 7.947762242110911757e-06 4.836521111428737640e-04 2.668468141564517282e-06 3.174832818331196904e-05 9.321708603238221258e-06 2.953107104985974729e-05 2.706648665480315685e-04
1.130000000000000000e+05 1.094131857826141641e-05 2.719700933084823191e-05 6.199636573001043871e-06 7.296463081729598343e-06 4.781197058036923409e-04 2.615208131828694604e-06 2.987152402056381106e-05 8.596162842877674848e-06 2.960205529234372079e-05 2.651842951308935881e-04
1.135000000000000000e+05 1.324040113104274496e-05 3.990958794020116329e-05 5.492416676133871078e-06 3.803637582677765749e-06 6.455606198869645596e-04 2.438872570564853959e-06 2.592730561445932835e-05 4.643572083296021447e-06 4.876770617556758225e-05 2.521660935599356890e-04
1.140000000000000000e+05 1.291272474190918729e-05 3.889266008627600968e-05 5.279923243506345898e-06 4.041052761749597266e-06 6.324709975160658360e-04 2.381583044552826323e-06 2.571836193965282291e-05 4.373259343992685899e-06 5.203881300985813141e-05 2.431863686069846153e-04
1.145000000000000000e+05 1.051936396834207699e-05 2.999895332322921604e-05 3.243798119001439773e-06 8.868396434991154820e-06 3.772659983951598406e-04 2.593848876131232828e-06 1.921663715620525181e-05 5.299470103636849672e-06 2.666888940439093858e-05 2.228777448181062937e-04
1.150000000000000000e+05 1.026588506647385657e-05 2.951424721686635166e-05 3.434593963902443647e-06 8.649038136354647577e-06 3.689259465318173170e-04 2.476277813912020065e-06 1.909025741042569280e-05 5.330526619218289852e-06 2.695620969461742789e-05 2.160695585189387202e-04
1.155000000000000000e+05 1.032452200888656080e-05 4.938423808198422194e-05 6.060073246771935374e-06 1.002193039312260225e-05 6.948296795599162579e-04 2.406104613328352571e-06 2.430425956845283508e-05 4.850117420573951676e-06 1.825574872782453895e-05 2.207179932156577706e-04
1.160000000000000000e+05 9.996393600886221975e-06 4.845686271437443793e-05 5.287286512611899525e-06 9.176340427075047046e-06 6.862842128612101078e-04 2.306802116436301731e-06 2.352124101889785379e-05 4.530817477643722668e-06 1.786573557183146477e-05 2.141941949957981706e-04
1.165000000000000000e+05 1.321808031207183376e-05 3.924512566300109029e-05 4.657906174543313682e-06 6.918993676663376391e-06 5.625821067951619625e-04 2.151482931367354468e-06 3.079237649217247963e-05 8.434571100224275142e-06 1.234767296409700066e-05 2.038101520156487823e-04
1.170000000000000000e+05 1.351196169707691297e-05 3.939819725928828120e-05 4.197845555609092116e-06 6.435358955059200525e-06 5.490317707881331444e-04 2.149558213204727508e-06 3.649487553047947586e-05 8.907301889848895371e-06 1.360237820335896686e-05 1.966727431863546371e-04
1.175000000000000000e+05 1.012799020827515051e-05 3.690085213747806847e-05 3.476849769867840223e-06 5.110910478833829984e-06 5.772983422502875328e-04 2.171567984987632371e-06 1.967546450032386929e-05 4.975118827132973820e-06 1.734430770738981664e-05 1.959598303074017167e-04
1.180000000000000000e+05 9.796475751500111073e-06 3.575939263100735843e-05 2.905524070229148492e-06 4.949165941070532426e-06 5.699963076040148735e-04 2.071566768790944479e-06 1.848250576585996896e-05 4.727926807390758768e-06 1.760034865583293140e-05 1.898762857308611274e-04
1.185000000000000000e+05 1.201245049742283300e-05 4.303671084926463664e-05 2.665547754077124409e-06 3.367465524206636474e-06 5.548269255086779594e-04 1.809950845199637115e-06 2.287157076352741569e-05 6.248727004276588559e-06 9.230489013134501874e-06 1.723416207823902369e-04
1.190000000000000000e+05 1.201832128572277725e-05 4.272421574569307268e-05 2.685708295757649466e-06 3.727404418896185234e-06 5.449527525343000889e-04 1.831232793847448193e-06 2.363502790103666484e-05 6.094573564041638747e-06 8.607261406723409891e-06 1.659494009800255299e-04
1.195000000000000000e+05 1.329667793470434844e-05 3.651307997643016279e-05 2.903800805142964236e-06 7.153998467401834205e-06 5.635709967464208603e-04 2.174262135667959228e-06 2.711809793254360557e-05 3.190220695614698343e-06 1.195401455333922058e-05 1.722905435599386692e-04
1.200000000000000000e+05 1.295719266636297107e-05 3.507154906401410699e-05 3.061454890485038050e-06 7.038127932901261374e-06 5.576431285589933395e-04 1.957396989382687025e-06 2.586873779364395887e-05 3.646736104201409034e-06 1.169086317531764507e-05 1.682418514974415302e-04
1.205000000000000000e+05 9.308103471994400024e-06 3.338907117722555995e-05 2.031428948612301610e-06 4.406641437526559457e-06 4.559883382171392441e-04 1.832088514674978796e-06 4.104159597773104906e-05 2.875249265343882143e-06 1.140161384682869539e-05 1.661058049649000168e-04
1.210000000000000000e+05 8.943743523559533060e-06 3.251118687330745161e-05 1.974018914552289061e-06 4.614943918568314984e-06 4.505993856582790613e-04 1.828451217988913413e-06 3.946867946069687605e-05 3.224542979296529666e-06 1.169234565168153495e-05 1.620182738406583667e-04
1.215000000000000000e+05 8.311770216096192598e-06 2.580131513241212815e-05 2.591619249869836494e-06 6.523840056615881622e-06 4.318604478612542152e-04 1.952532102222903632e-06 3.447888593655079603e-05 5.959161626378772780e-06 1.221786988025996834e-05 1.606074511073529720e-04
1.220000000000000000e+05 8.041878572839777917e-06 2.511620914447121322e-05 2.547216581660904922e-06 6.191221018525538966e-06 4.265739116817712784e-04 1.919638407343882136e-06 3.279437805758789182e-05 7.039019692456349730e-06 1.229908957611769438e-05 1.561302196932956576e-04
1.225000000000000000e+05 9.307410437031649053e-06 2.997731462528463453e-05 2.445096015435410663e-06 5.938873528066324070e-06 3.714409249369055033e-04 1.924123353091999888e-06 2.016250982705969363e-05 7.257278866745764390e-06 4.329194780439138412e-06 1.461286010453477502e-04
1.230000000000000000e+05 9.039823453349526972e-06 2.957629476441070437e-05 2.383796527283266187e-06 5.717051863030064851e-06 3.640939248725771904e-04 1.753112542246526573e-06 2.075421616609673947e-05 7.219053259177599102e-06 5.608821538771735504e-06 1.419221807736903429e-04
1.235000000000000000e+05 1.329029601038200781e-05 2.239246350654866546e-05 3.816343905782559887e-06 3.975276740675326437e-06 4.280871071387082338e-04 1.767935827956534922e-06 2.864718771888874471e-05 7.411443220917135477e-06 2.004690213652793318e-05 1.388814125675708055e-04
1.240000000000000000e+05 1.291874013986671343e-05 2.203987969551235437e-05 3.645927336037857458e-06 3.773300250031752512e-06 4.241464775986969471e-04 1.777512238732015248e-06 2.775834400381427258e-05 7.101200935721863061e-06 2.368560126342345029e-05 1.351777464151382446e-04
1.245000000000000000e+05 1.176820842374581844e-05 4.095176336704753339e-05 2.124528464264585637e-06 7.714735147601459175e-06 6.151068373583257198e-04 1.715200937724148389e-06 2.402235440968070179e-05 5.255236374068772420e-06 8.351365067937877029e-06 1.327054924331605434e-04
1.250000000000000000e+05 1.131482622440671548e-05 4.005777736892923713e-05 2.162123792004422285e-06 7.050213753245770931e-06 6.068449583835899830e-04 1.585794393577089068e-06 2.357639277761336416e-05 6.018948170094517991e-06 8.348369192390237004e-06 1.283900783164426684e-04
1.255000000000000000e+05 7.906387509137857705e-06 3.790211485465988517e-05 3.904818640876328573e-06 6.331202712317463011e-06 5.492711206898093224e-04 1.337316234639729373e-06 1.359835277980891988e-05 5.959441750746918842e-06 2.239600689790677279e-05 1.208127723657526076e-04
1.260000000000000000e+05 7.875107257859781384e-06 3.836231553577817976e-05 3.847977950499625877e-06 5.685566520696738735e-06 5.412315367721021175e-04 1.318161025665176567e-06 1.697695552138611674e-05 5.548195076698902994e-06 2.397672869847156107e-05 1.169942624983377755e-04
1.265000000000000000e+05 9.508544280834030360e-06 3.897969872923567891e-05 3.528985416778596118e-06 6.233874955796636641e-06 5.426113493740558624e-04 1.257383019037661143e-06 2.315629353688564152e-05 5.671352028002729639e-06 1.663053444644901901e-05 1.166148358606733382e-04
1.270000000000000000e+05 9.424573363503441215e-06 3.798695252044126391e-05 3.369981868672766723e-06 6.120964826550334692e-06 5.344336386770009995e-04 1.261691636500472669e-06 2.441471406200435013e-05 5.718181000702315941e-06 1.640451228013262153e-05 1.133014739025384188e-04
1.275000000000000000e+05 9.767018127604387701e-06 4.743864337797276676e-05 3.761742163987946697e-06 7.636692316737025976e-06 5.964668234810233116e-04 1.295711626880802214e-06 2.021274121943861246e-05 1.352385788777610287e-05 1.091826015908736736e-05 1.077553242794238031e-04
1.280000000000000000e+05 9.743912414705846459e-06 4.674791125580668449e-05 3.674300614875392057e-06 7.680167072976473719e-06 5.856496281921863556e-04 1.334028866040171124e-06 2.116836185450665653e-05 1.287763734580948949e-05 1.068365509127033874e-05 1.042014118866063654e-04
1.285000000000000000e+05 6.605310773011296988e-06 3.018350071215536445e-05 3.269729404564714059e-06 6.021455192239955068e-06 4.662996507249772549e-04 1.394199557580577675e-06 1.066315962816588581e-05 6.070118161005666479e-06 3.194056262145750225e-05 1.013148430502042174e-04
1.290000000000000000e+05 6.478457635239465162e-06 2.968949593196157366e-05 3.025070554940612055e-06 5.767061793449101970e-06 4.604649438988417387e-04 1.336329205514630303e-06 1.009440620691748336e-05 5.769014933321159333e-06 3.101102629443630576e-05 9.761950786923989654e-05
1.295000000000000000e+05 4.991517926100641489e-06 2.588067400211002678e-05 2.722122417253558524e-06 5.250567937764571980e-06 3.814159426838159561e-04 1.543699568173906300e-06 1.702996632957365364e-05 1.005606281978543848e-05 1.237416654475964606e-05 9.385593875776976347e-05
1.300000000000000000e+05 4.932393494527786970e-06 2.571402546891476959e-05 2.389090013821260072e-06 4.890525815426371992e-06 3.782130661420524120e-04 1.472632447985233739e-06 1.774051634129136801e-05 1.021512343868380412e-05 1.319789316767128184e-05 9.191821300191804767e-05
1.305000000000000000e+05 7.858562639739830047e-06 3.292655674158595502e-05 2.435562009850400500e-06 4.767216069012647495e-06 5.046495352871716022e-04 1.348351020169502590e-06 1.525063089502509683e-05 5.203132332098903134e-06 1.176010118797421455e-05 8.858958608470857143e-05
1.310000000000000000e+05 7.726777766947634518e-06 3.255863339290954173e-05 2.210926822954206727e-06 4.432645255292300135e-06 5.017051007598638535e-04 1.340488211099000182e-06 1.486235669290181249e-05 4.930959221383091062e-06 1.137989147537155077e-05 8.632514072814956307e-05
1.315000000000000000e+05 7.031442692095879465e-06 2.312565084139350802e-05 1.965369165191077627e-06 7.716592335782479495e-06 3.123190836049616337e-04 1.346905037280521356e-06 2.464697718096431345e-05 5.494982815434923396e-06 1.463605258322786540e-05 8.610816439613699913e-05
1.320000000000000000e+05 6.881090484966989607e-06 2.225739990535657853e-05 1.924485104609630071e-06 7.468140665878308937e-06 3.085409989580512047e-04 1.335242131972336210e-06 2.354592106712516397e-05 5.922006494074594229e-06 1.481852359574986622e-05 8.435361814917996526e-05
1.325000000000000000e+05 8.982582585304044187e-06 2.682172453205566853e-05 1.842249275796348229e-06 4.702483238361310214e-06 4.451652057468891144e-04 1.213114614984078798e-06 1.696998515399172902e-05 4.902331056655384600e-06 4.202927357255248353e-06 8.183751924661919475e-05
1.330000000000000000e+05 8.458318916382268071e-06 2.604535984573885798e-05 1.823667503231263254e-06 3.805155756708700210e-06 4.412529815454035997e-04 1.097587528420262970e-06 1.635011722100898623e-05 4.636889116227393970e-06 3.253138629588647746e-06 7.964680116856470704e-05
1.335000000000000000e+05 4.413715942064300179e-06 2.403933467576280236e-05 2.462430529703851789e-06 3.138311512884683907e-06 4.353191761765629053e-04 1.053333789968746714e-06 1.286669339606305584e-05 4.820580215891823173e-06 5.903147666685981676e-06 7.686404569540172815e-05
1.340000000000000000e+05 4.446638286026427522e-06 2.378278986725490540e-05 2.384210347372572869e-06 2.667921080501400866e-06 4.309104115236550570e-04 1.046158331519109197e-06 1.298921961279120296e-05 5.002880243409890682e-06 5.926373432885156944e-06 7.415436266455799341e-05
1.345000000000000000e+05 6.323537945718271658e-06 2.097169453918468207e-05 2.531280642870115116e-06 4.509248356043826789e-06 3.494174161460250616e-04 1.232922159033478238e-06 1.373867235088255256e-05 9.006628715724218637e-06 5.638637048832606524e-06 7.246017048601061106e-05
1.350000000000000000e+05 6.276108251768164337e-06 2.096955176966730505e-05 2.340914761589374393e-06 3.885993010044330731e-06 3.465050831437110901e-04 1.221811885443457868e-06 1.397994037688476965e-05 9.496721759205684066e-06 5.940425126027548686e-06 7.073451706673949957e-05
1.355000000000000000e+05 5.879030595679068938e-06 2.117411713697947562e-05 2.367701881667017005e-06 2.717153165576746687e-06 3.638320777099579573e-04 1.239234620697970968e-06 1.865932790678925812e-05 7.304767223104136065e-06 6.745662176399491727e-06 6.925045454408973455e-05
1.360000000000000000e+05 5.875990154891042039e-06 2.062454404949676245e-05 2.555919991209520958e-06 2.670717549335677177e-06 3.599304473027586937e-04 1.271676410397049040e-06 1.709125172055792063e-05 7.982654096849728376e-06 6.870668585179373622e-06 6.738286901963874698e-05
1.365000000000000000e+05 4.269205419404897839e-06 1.821605837903916836e-05 3.099087280133971944e-06 3.307917722850106657e-06 2.522194117773324251e-04 1.087425516743678600e-06 2.537832551752217114e-05 8.831430022837594151e-06 6.661538009211653844e-06 6.739565287716686726e-05
1.370000000000000000e+05 4.191309926682151854e-06 1.792652801668737084e-05 2.918230620707618073e-06 2.996842113134334795e-06 2.482554409652948380e-04 9.949836794476141222e-07 2.456265065120533109e-05 8.665194400236941874e-06 7.263739462359808385e-06 6.562078488059341908e-05
1.375000000000000000e+05 3.287998652012902312e-06 2.066307024506386369e-05 1.931131009769160300e-06 3.450999656706699170e-06 3.416432300582528114e-04 8.227635817092959769e-07 1.622857053007464856e-05 5.568087090068729594e-06 8.236294888774864376e-06 6.296300853136926889e-05
1.380000000000000000e+05 3.215647893739514984e-06 2.020533065660856664e-05 1.661975261413317639e-06 3.109299541392829269e-06 3.390190540812909603e-04 8.026799491744895931e-07 1.554040136397816241e-05 5.537935976462904364e-06 7.687479410378728062e-06 6.130933616077527404e-05
1.385000000000000000e+05 5.882975074200658128e-06 2.457726441207341850e-05 3.320043333587818779e-06 2.066010438284138218e-06 3.629202838055789471e-04 8.283996635327639524e-07 9.181128007185179740e-06 8.252549378084950149e-06 5.726368272007675841e-06 5.867192157893441617e-05
1.390000000000000000e+05 5.938431058893911541e-06 2.462056909280363470e-05 3.214073331037070602e-06 2.039076207438483834e-06 3.582974895834922791e-04 8.223327085943310522e-07 9.887035048450343311e-06 8.185077604139223695e-06 5.797820904263062403e-06 5.763065200881101191e-05
1.395000000000000000e+05 8.109599548333790153e-06 2.822487840603571385e-05 2.925193257397040725e-06 2.123389094776939601e-06 4.156555223744362593e-04 9.311132203038141597e-07 1.638860339880920947e-05 7.070951596688246354e-06 1.175829584099119529e-05 5.689751924364827573e-05
1.400000000000000000e+05 8.417453500442206860e-06 2.824561306624673307e-05 3.018748657268588431e-06 2.084172592731192708e-06 4.104849940631538630e-04 9.394366315973456949e-07 1.594964851392433047e-05 7.627967534062918276e-06 1.385620453220326453e-05 5.584420068771578372e-05
1.405000000000000000e+05 6.644537279498763382e-06 2.375721123826224357e-05 2.373389634158229455e-06 1.954100071088760160e-06 3.702789836097508669e-04 1.042537633111351170e-06 1.423602498107356951e-05 7.351011845457833260e-06 7.061983524181414396e-06 5.335310197551734746e-05
1.410000000000000000e+05 6.532303359563229606e-06 2.331020732526667416e-05 2.313102868356509134e-06 1.726500613585812971e-06 3.679940418805927038e-04 9.594383527655736543e-07 1.325502125837374479e-05 8.310603334393817931e-06 7.198346338554983959e-06 5.196421261643990874e-05
1.415000000000000000e+05 8.273771527456119657e-06 3.032130553037859499e-05 3.078225745412055403e-06 3.608414772315882146e-06 5.327984108589589596e-04 8.941017881625157315e-07 1.284437257709214464e-05 1.008088020171271637e-05 6.083733751438558102e-06 5.078802132629789412e-05
1.420000000000000000e+05 8.487008926749695092e-06 3.025725527550093830e-05 3.012641855093534105e-06 3.465227109700208530e-06 5.280035547912120819e-04 8.856990802996733692e-07 1.457228427170775831e-05 1.083174538507591933e-05 6.619756277359556407e-06 5.001188401365652680e-05
1.425000000000000000e+05 6.814542302890913561e-06 1.861461350927129388e-05 1.876676492429396603e-06 3.025818841706495732e-06 2.620383747853338718e-04 9.514832299828412943e-07 1.740526022331323475e-05 5.902563316340092570e-06 7.254452157212654129e-06 4.821892434847541153e-05
1.430000000000000000e+05 6.604139343835413456e-06 1.810538014979101717e-05 1.597089408278407063e-06 2.905580231526982971e-06 2.599727304186671972e-04 9.037967743097397033e-07 1.629136022529564798e-05 5.197907285037217662e-06 6.169525022414745763e-06 4.658615944208577275e-05
1.435000000000000000e+05 6.779967861803015694e-06 2.438731280562933534e-05 2.825831870723050088e-06 2.067613650069688447e-06 3.625156532507389784e-04 7.902784773250459693e-07 1.699741915217600763e-05 3.520359996400657110e-06 5.602043984254123643e-06 4.572171019390225410e-05
1.440000000000000000e+05 6.688309440505690873e-06 2.404892074991948903e-05 2.423267005724483170e-06 1.911343360916362144e-06 3.581078781280666590e-04 7.586153287775232457e-07 1.663627153902780265e-05 3.226361968700075522e-06 5.424251412478042766e-06 4.418074604473076761e-05
1.445000000000000000e+05 4.089375579496845603e-06 2.072813003906048834e-05 5.232942839938914403e-06 2.178752765757963061e-06 3.272345056757330894e-04 8.040570378398115281e-07 1.111285018851049244e-05 5.690586476703174412e-06 7.733909114904236048e-06 4.242258728481829166e-05
1.450000000000000000e+05 4.063168489665258676e-06 2.049332579190377146e-05 4.512685336521826684e-06 1.876860778793343343e-06 3.258026554249227047e-04 8.500780950271291658e-07 1.082903054339112714e-05 4.982092832506168634e-06 7.629455467395018786e-06 4.171395266894251108e-05
1.455000000000000000e+05 5.082493771624285728e-06 2.969717752421274781e-05 5.007178515370469540e-06 2.990514531120425090e-06 4.524787655100226402e-04 1.004719024422229268e-06 7.949280188768170774e-06 1.233304556080838665e-05 1.458409224142087623e-05 4.169108433416113257e-05
1.460000000000000000e+05 5.318742296367418021e-06 2.914849028456956148e-05 4.909339168079895899e-06 3.157843593726283871e-06 4.464732483029365540e-04 9.893865353660658002e-07 7.984836884133983403e-06 1.331339626631233841e-05 1.556606002850458026e-05 4.102423918084241450e-05
1.465000000000000000e+05 4.786755653185537085e-06 2.672740447451360524e-05 2.722948465816443786e-06 2.208629894084879197e-06 3.595838788896799088e-04 1.003409010991163086e-06 1.265635273739462718e-05 8.846189302857965231e-06 4.679971880250377581e-06 3.923071926692500710e-05
1.470000000000000000e+05 4.780893050337908790e-06 2.633819531183689833e-05 2.639114654812146910e-06 2.064841282845009118e-06 3.566550731193274260e-04 9.631651209929259494e-07 1.235654963238630444e-05 9.079204573936294764e-06 4.444275873538572341e-06 3.786054367083124816e-05
