# step, loss_train, loss_test, metrics_test
0.000000000000000000e+00 1.013851538300514221e-01 9.978736937046051025e-02 8.021253347396850586e-02 6.689895689487457275e-02 1.007106602191925049e-01 1.018907725811004639e-01 7.759398221969604492e-02 6.983887404203414917e-02 6.297070533037185669e-02 1.005128324031829834e-01
5.000000000000000000e+02 9.415919193997979164e-04 5.781525373458862305e-02 3.502190156723372638e-05 6.037416460458189249e-05 3.552990034222602844e-03 8.781228098087012768e-04 6.513823568820953369e-02 4.906597678200341761e-05 5.458461964735761285e-05 4.243524279445409775e-03
1.000000000000000000e+03 4.094066389370709658e-04 5.714285373687744141e-02 3.947019285988062620e-05 6.944246706552803516e-05 1.976033672690391541e-03 3.491532115731388330e-04 6.495784223079681396e-02 5.518078251043334603e-05 6.223723903531208634e-05 2.592484233900904655e-03
1.500000000000000000e+03 2.391734597040340304e-04 6.655061244964599609e-02 1.105439732782542706e-04 5.189592775423079729e-05 1.749105169437825680e-03 1.790708047337830067e-04 6.480882316827774048e-02 2.576883707661181688e-04 6.367237801896408200e-06 2.184446202591061592e-03
2.000000000000000000e+03 1.826098887249827385e-04 6.473188847303390503e-02 4.421418707352131605e-04 2.591672528069466352e-04 9.517803555354475975e-04 7.386156357824802399e-05 6.357578188180923462e-02 2.592853852547705173e-04 1.468984555685892701e-04 1.393676851876080036e-03
2.500000000000000000e+03 3.175898164045065641e-04 5.029262974858283997e-02 3.500615945085883141e-03 1.549169071950018406e-03 1.145623507909476757e-03 1.747463393257930875e-04 4.310956224799156189e-02 1.465827459469437599e-03 4.571975441649556160e-04 1.340692280791699886e-03
3.000000000000000000e+03 5.558696648222394288e-05 7.102049887180328369e-03 6.173122528707608581e-05 4.986840576748363674e-05 1.204967382363975048e-03 4.522893868852406740e-05 7.020525168627500534e-03 4.878430991084314883e-05 7.361766620306298137e-05 8.748769178055226803e-04
3.500000000000000000e+03 3.252261740271933377e-05 2.075216034427285194e-03 2.933238101832102984e-05 4.404961873660795391e-05 9.201706270687282085e-04 1.614573739061597735e-05 2.044037915766239166e-03 2.106453393935225904e-05 5.111798236612230539e-05 5.602459423243999481e-04
4.000000000000000000e+03 2.026335278060287237e-05 4.869438998866826296e-04 1.277077990380348638e-05 2.578082967374939471e-05 9.100710158236324787e-04 1.132127272285288200e-05 4.699437704402953386e-04 1.310514835495268926e-05 3.186232788721099496e-05 5.232252296991646290e-04
4.500000000000000000e+03 1.388071996188955382e-05 2.449775056447833776e-04 1.555575727252289653e-05 2.116052928613498807e-05 9.155336883850395679e-04 6.786845005990471691e-06 3.202082298230379820e-04 2.427718209219165146e-05 1.394981518387794495e-05 3.625829413067549467e-04
5.000000000000000000e+03 1.274156602448783815e-05 1.419499894836917520e-04 3.640800287030288018e-06 1.439787320123286918e-05 8.120150305330753326e-04 5.838452125317417085e-06 1.673727674642577767e-04 7.251213446579640731e-06 1.783646621333900839e-05 2.547026087995618582e-04
5.500000000000000000e+03 9.436535037821158767e-06 8.689143578521907330e-05 1.383154994982760400e-06 9.104515811486635357e-06 5.050422623753547668e-04 4.996710231353063136e-06 1.106441995943896472e-04 4.665094365918776020e-06 1.901785435620695353e-05 2.013761986745521426e-04
6.000000000000000000e+03 8.340124622918665409e-06 7.004079088801518083e-05 1.168845301435794681e-05 2.358727761020418257e-05 4.566884599626064301e-04 3.857351202896097675e-06 9.715669875731691718e-05 2.273293102916795760e-05 7.745112270640674978e-06 1.618714159121736884e-04
6.500000000000000000e+03 7.108254067134112120e-06 6.526077777380123734e-05 1.482154061704932246e-06 5.920221155975013971e-06 5.210014060139656067e-04 2.889258666982641444e-06 4.527081910055130720e-05 3.720124595929519273e-06 8.442773832939565182e-06 1.290388754568994045e-04
7.000000000000000000e+03 6.243890311452560127e-06 5.284941653371788561e-05 1.110817038352251984e-06 4.213864940538769588e-06 4.861137713305652142e-04 2.228153334726812318e-06 3.249600922572426498e-05 3.523197392496513203e-06 6.286351890594232827e-06 1.052719380822964013e-04
7.500000000000000000e+03 4.228201760270167142e-06 3.571343768271617591e-05 1.031533656714600511e-06 5.581882760452572256e-06 3.162339562550187111e-04 1.887981284198758658e-06 3.814007868641056120e-05 2.875312702599330805e-06 1.160352530860109255e-05 8.968410838861018419e-05
8.000000000000000000e+03 3.841961643047397956e-06 3.069649756071157753e-05 9.877464890450937673e-07 4.173136858298676088e-06 2.935121592599898577e-04 1.591642558196326718e-06 3.444208778091706336e-05 3.336792360641993582e-06 8.196688213502056897e-06 7.565473060822114348e-05
8.500000000000000000e+03 5.564940238400595263e-06 2.767660953395534307e-05 5.859249654349696357e-07 2.934372332674684003e-06 3.746519214473664761e-04 1.385090058647620026e-06 3.871523222187533975e-05 2.838905174940009601e-06 1.203403189720120281e-05 6.569949619006365538e-05
9.000000000000000000e+03 5.326719474396668375e-06 2.330555616936180741e-05 5.950996637693606317e-07 2.767087153188185766e-06 3.616437315940856934e-04 1.253716618521139026e-06 2.807440432661678642e-05 2.286786639160709456e-06 1.049943239195272326e-05 5.697240339941345155e-05
9.500000000000000000e+03 6.635244517383398488e-06 7.335463305935263634e-04 9.758561645867303014e-06 2.220506939920596778e-05 7.126043201424181461e-04 3.984502200182760134e-06 9.163579670712351799e-04 1.512321523478021845e-05 2.300044252478983253e-05 4.604518180713057518e-04
1.000000000000000000e+04 3.925453256670152768e-06 2.530056008254177868e-05 6.553713660650828388e-07 3.065664031964843161e-06 2.475093933753669262e-04 1.290058094127743971e-06 2.156925074814353138e-05 4.121273377677425742e-06 5.107048764330102131e-06 4.153423287789337337e-05
1.050000000000000000e+04 5.971962309558875859e-06 4.124230326851829886e-05 2.387153244853834622e-06 3.305695599919999950e-06 3.926824138034135103e-04 1.263667286366398912e-06 2.842218054865952581e-05 3.790553591898060404e-06 5.878868705622153357e-06 3.765177098102867603e-05
1.100000000000000000e+04 6.829143785580527037e-06 2.205300188506953418e-05 1.142475753113103565e-06 2.714219135668827221e-06 3.749100724235177040e-04 1.093151581699203234e-06 1.061548027792014182e-05 2.262946054543135688e-06 5.131732905283570290e-06 2.612854405015241355e-05
1.150000000000000000e+04 5.319719093677122146e-06 1.243510814674664289e-05 7.914952107057615649e-07 2.657252025528578088e-06 1.395306899212300777e-04 9.158973170997342095e-07 8.607070412836037576e-06 3.768349870370002463e-06 2.596437525426154025e-06 2.273862628499045968e-05
1.200000000000000000e+04 5.865773800906026736e-06 1.177401918539544567e-05 7.323112640733597800e-07 1.831376152949815150e-06 1.325047487625852227e-04 8.517649234818236437e-07 7.657620699319522828e-06 3.878947154589695856e-06 1.760903387548751198e-06 1.963515569514129311e-05
1.250000000000000000e+04 8.513668035448063165e-06 1.930231883306987584e-05 6.622964860980573576e-07 1.245046860276488587e-06 2.520371635910123587e-04 9.833496505962102674e-07 1.314808105234988034e-05 2.073124505841406062e-06 1.360690134788455907e-06 1.736065678414888680e-05
1.300000000000000000e+04 9.887700798572041094e-06 1.662951945036184043e-05 5.620364049718773458e-07 1.004582145469612442e-06 2.368459972785785794e-04 9.127246585194370709e-07 1.011435870168497786e-05 1.980704382731346413e-06 7.783407340866688173e-07 1.437674927728949115e-05
1.350000000000000000e+04 9.739091183291748166e-06 1.163269553217105567e-05 4.618769651187903946e-07 8.979056360658432823e-07 1.014875961118377745e-04 7.046223231554904487e-07 7.222326075861928985e-06 5.630054147331975400e-06 1.015572934193187393e-06 1.050443461281247437e-05
1.400000000000000000e+04 1.019721366901649162e-05 9.623069672670681030e-06 3.456587194250460016e-07 5.836001264469814487e-07 9.828286420088261366e-05 6.303069994828547351e-07 6.437665888370247558e-06 5.646709723805543035e-06 6.816327413616818376e-07 9.129563295573461801e-06
1.450000000000000000e+04 1.678694206930231303e-05 1.494266598456306383e-05 6.894910029586753808e-07 4.431717002262303140e-07 3.042097960133105516e-04 6.909141916366934311e-07 5.980482001177733764e-06 1.736128865559294354e-06 5.643458962367731147e-07 8.878642802301328629e-06
1.500000000000000000e+04 2.026900801865849644e-05 1.473531574447406456e-05 5.030257739235821646e-07 4.013638772448757663e-07 2.898499660659581423e-04 5.940750611443945672e-07 7.145259587559849024e-06 1.773494886947446503e-06 5.646413114845927339e-07 8.267896191682666540e-06
1.550000000000000000e+04 1.693632657406851649e-05 9.600559678801801056e-06 5.031218961448757909e-07 8.207628070522332564e-07 1.458695041947066784e-04 5.535036393666814547e-07 7.692488907196093351e-06 7.634286589563998859e-07 7.429910624523472507e-07 7.135211944842012599e-06
1.600000000000000000e+04 1.779102058208081871e-05 9.018529453896917403e-06 3.815236482296313625e-07 6.893284307807334699e-07 1.417861785739660263e-04 5.188724117033416405e-07 8.220461495511699468e-06 5.572222789851366542e-07 8.184946977962681558e-07 6.441648565669311211e-06
1.650000000000000000e+04 2.249759199912659824e-05 1.069529116648482159e-05 5.048183311373577453e-07 1.135221282311249524e-06 2.290977572556585073e-04 5.322626179804501589e-07 8.047193659876938909e-06 7.640733770131191704e-07 1.414448433934012428e-06 5.891398359381128103e-06
1.700000000000000000e+04 2.562853296694811434e-05 1.192674790218006819e-05 4.199262662041292060e-07 9.678191190687357448e-07 2.172152890125289559e-04 4.869354484071664046e-07 9.861255421128589660e-06 8.618785614089574665e-07 1.632291173336852808e-06 5.705615421902621165e-06
1.750000000000000000e+04 2.783137279038783163e-05 1.067301036528078839e-05 1.758371581672690809e-07 3.147099221223470522e-07 1.833194546634331346e-04 4.236016479808313306e-07 8.163515303749591112e-06 6.212547418726899195e-07 1.253268123946327250e-06 5.007189429306890815e-06
1.800000000000000000e+04 2.952024806290864944e-05 2.231762300652917475e-05 6.225360493772313930e-07 4.605761887432890944e-07 1.799652673071250319e-04 4.117165133266098564e-07 1.356982375000370666e-05 9.592379228706704453e-07 1.664683395574684255e-06 8.494359462929423898e-06
1.850000000000000000e+04 4.136893767281435430e-05 7.340343290707096457e-05 4.575483671942492947e-06 2.834854512911988422e-06 3.215819597244262695e-04 4.001609568149433471e-07 4.397970405989326537e-05 5.329855412128381431e-06 2.816332198563031852e-06 2.859101005014963448e-05
1.900000000000000000e+04 4.141715908190235496e-05 1.886536119855009019e-05 5.618097134174604435e-07 7.245305368996923789e-07 3.099690657109022141e-04 3.522381177845090861e-07 2.408497675787657499e-05 8.930528849759866716e-08 6.412600441763061099e-07 5.988537395751336589e-06
1.950000000000000000e+04 3.737786391866393387e-05 8.097327736322768033e-06 3.509888983899145387e-07 4.854667849940597080e-07 7.183953130152076483e-05 3.663893721750355326e-07 1.024425364448688924e-05 2.383902710789698176e-07 4.370224360172869638e-07 4.097330020158551633e-06
2.000000000000000000e+04 3.375633968971669674e-05 7.602754067193018273e-06 3.298477224689122522e-07 4.681836287545593223e-07 7.342328899540007114e-05 3.150067868773476221e-07 1.022851211018860340e-05 2.865883459435281111e-07 4.364850099136674544e-07 4.084531610715202987e-06
2.050000000000000000e+04 3.250974623369984329e-05 1.121460354625014588e-05 1.774446189983791555e-07 3.920813185231963871e-07 1.475374447181820869e-04 3.150859981815301580e-07 1.064436855813255534e-05 3.927047202978428686e-07 3.587911123759113252e-07 4.821315542358206585e-06
2.100000000000000000e+04 3.452153396210633218e-05 1.172058000520337373e-05 1.844082078150677262e-07 3.391054121948400280e-07 1.418757747160270810e-04 3.267811905516282422e-07 1.180402341560693458e-05 4.134846278702752898e-07 3.368594718722306425e-07 4.780083145305979997e-06
2.150000000000000000e+04 2.877163205994293094e-05 1.173204327642451972e-05 2.955233071588736493e-07 3.368180330198811134e-07 2.252483682241290808e-04 3.731612707724707434e-07 1.511012396804289892e-05 5.948099328634270933e-07 7.657710625608160626e-07 4.564475148072233424e-06
2.200000000000000000e+04 2.976381620101165026e-05 1.197593428514664993e-05 2.873528615054965485e-07 3.250289921652438352e-07 2.224516792921349406e-04 3.527487990595545853e-07 1.414031703461660072e-05 7.954261036502430215e-07 8.436520602117525414e-07 4.604750756698194891e-06
2.250000000000000000e+04 3.580454722396098077e-05 1.073936800821684301e-05 1.739774830866736011e-07 1.693023961024664459e-07 1.226239692186936736e-04 3.186857782111474080e-07 9.696672350401058793e-06 2.798722107399953529e-07 1.055754978551703971e-06 3.815734089585021138e-06
2.300000000000000000e+04 3.172248034388758242e-05 1.244412851519882679e-05 3.820044867097749375e-07 1.932114770397674874e-07 1.265520550077781081e-04 3.388358607026020763e-07 1.206053002533735707e-05 2.577532427494588774e-07 8.410166856265277602e-07 3.831267349596600980e-06
2.350000000000000000e+04 3.570680564735084772e-05 9.950518688128795475e-06 2.492012356469786027e-07 1.622533716272300808e-07 1.219362311530858278e-04 3.029870185855543241e-07 9.287381544709205627e-06 8.862754157235031016e-07 4.860708031628746539e-07 4.147883828409248963e-06
2.400000000000000000e+04 3.894233304890803993e-05 1.004002933768788353e-05 2.172590427562681725e-07 1.472199642194027547e-07 1.163103006547316909e-04 3.150280747377109947e-07 9.768697964318562299e-06 9.338822906101995613e-07 5.173890826881688554e-07 4.084290594619233161e-06
2.450000000000000000e+04 2.983607373607810587e-05 8.555190106562804431e-06 3.142225466490344843e-07 4.652997063203656580e-07 1.090481673600152135e-04 3.181063732426991919e-07 1.679456545389257371e-05 7.851216992094123270e-07 5.238949825070449151e-07 3.925968485418707132e-06
2.500000000000000000e+04 3.016483424289617687e-05 8.760761375015135854e-06 2.977839130835491233e-07 3.678945290630508680e-07 1.067095872713252902e-04 3.104453014657337917e-07 1.918205271067563444e-05 6.220766977094172034e-07 4.816965315512788948e-07 3.873330115311546251e-06
2.550000000000000000e+04 4.302561501390300691e-05 9.666208825365174562e-06 6.559405392181361094e-07 3.105919859081041068e-07 1.051995277521200478e-04 3.359328104579617502e-07 1.540806806588079780e-05 7.803121775395993609e-07 2.723058400988520589e-07 2.803184543154202402e-06
2.600000000000000000e+04 3.938677400583401322e-05 9.835383934841956943e-06 5.660218107550463174e-07 2.615717562548525166e-07 1.071059814421460032e-04 3.357325226716056932e-07 1.369568235531914979e-05 8.264255484391469508e-07 2.894308863687911071e-07 2.897343620134051889e-06
2.650000000000000000e+04 3.294901762274093926e-05 1.050809260050300509e-05 1.174050723307118460e-07 1.658259236592130037e-07 1.733393874019384384e-04 3.304922415736655239e-07 1.070348389475839213e-05 1.008792423817794770e-06 6.485607855211128481e-07 4.754925612360239029e-06
2.700000000000000000e+04 3.596289025153964758e-05 1.354710548184812069e-05 1.296352394319910672e-07 1.799936484303543693e-07 1.670524798100814223e-04 3.129149774849793175e-07 9.217323167831636965e-06 1.335866613771941047e-06 8.503056392328289803e-07 6.000168468744959682e-06
2.750000000000000000e+04 3.531177935656160116e-05 8.725014595256652683e-06 1.654626231584188645e-07 1.305811139218349126e-07 9.740141103975474834e-05 2.644925132244679844e-07 1.218518627865705639e-05 4.149080723436782137e-07 5.827020004289806820e-07 3.275044946349225938e-06
2.800000000000000000e+04 3.348651080159470439e-05 8.351383257831912488e-06 1.685095014636317501e-07 1.181954942808260967e-07 9.844712621998041868e-05 2.487510073478915729e-07 1.246270585397724062e-05 3.926811871224344941e-07 5.295263463267474435e-07 3.008894964295905083e-06
2.850000000000000000e+04 3.148761607008054852e-05 1.128792700910707936e-05 3.440420641709351912e-07 1.717387334565501078e-07 2.107936743414029479e-04 2.981732336593267974e-07 1.030498242471367121e-05 4.165214022577856667e-07 4.482373014980112202e-07 3.184964270985801704e-06
2.900000000000000000e+04 2.997650517500005662e-05 1.069988593371817842e-05 3.187587083175458247e-07 1.481872260455929791e-07 2.110825298586860299e-04 3.172198432821460301e-07 1.421320394001668319e-05 3.440254658926278353e-07 5.203428372624330223e-07 2.985911123687401414e-06
2.950000000000000000e+04 2.807554119499400258e-05 1.465641344111645594e-05 2.585644267583120381e-07 2.485193419943243498e-07 9.526647045277059078e-05 2.615961989249626640e-07 3.508310692268423736e-05 7.295316208910662681e-07 1.366067152730465750e-07 4.549390723695978522e-06
3.000000000000000000e+04 2.977909207402262837e-05 7.608382929902290925e-06 1.220639376242615981e-07 1.377376861455559265e-07 8.822707604849711061e-05 2.471225855060765753e-07 1.500106191087979823e-05 1.634600948818842880e-06 2.887991570332815172e-07 3.741339241969399154e-06
