# step, loss_train, loss_test, metrics_test
0.000000000000000000e+00 3.731127083301544189e-02 1.207839027047157288e-01 2.147641219198703766e-02 2.895917929708957672e-02 8.805592544376850128e-03 3.800637274980545044e-02 1.938805580139160156e-01 1.386678032577037811e-02 3.354895487427711487e-02 9.636343456804752350e-03
5.000000000000000000e+02 1.334320288151502609e-03 5.947077274322509766e-02 2.958303957711905241e-05 4.900120984530076385e-05 3.552259877324104309e-03 1.310618710704147816e-03 6.744872033596038818e-02 4.033243021694943309e-05 5.932900967309251428e-05 4.266736097633838654e-03
1.000000000000000000e+03 6.335810176096856594e-04 5.809500068426132202e-02 2.126293111359700561e-05 7.622988050570711493e-05 4.395812284201383591e-03 6.224615499377250671e-04 6.625313311815261841e-02 4.161964898230507970e-05 2.615876474010292441e-05 5.080010276287794113e-03
1.500000000000000000e+03 2.437005896354094148e-04 6.845829635858535767e-02 6.398802361218258739e-05 1.123291731346398592e-04 5.594646558165550232e-03 2.239002351416274905e-04 6.531026959419250488e-02 8.515456283930689096e-05 4.307043127482756972e-05 6.125839892774820328e-03
2.000000000000000000e+03 2.801329246722161770e-04 6.824278086423873901e-02 6.664054672000929713e-05 1.242415892193093896e-04 4.808147903531789780e-03 2.448899613227695227e-04 6.502680480480194092e-02 7.011589332250878215e-05 5.251220136415213346e-05 5.335652735084295273e-03
2.500000000000000000e+03 4.725116014014929533e-04 8.073336631059646606e-02 8.272593549918383360e-05 1.735830737743526697e-04 3.774228738620877266e-03 3.909672668669372797e-04 6.459758430719375610e-02 7.795882993377745152e-05 5.069041435490362346e-05 4.192539025098085403e-03
3.000000000000000000e+03 3.885453625116497278e-04 8.002077043056488037e-02 1.475191966164857149e-04 2.126508334185928106e-04 3.061795141547918320e-03 3.342570271342992783e-04 6.439132243394851685e-02 1.140927415690384805e-04 3.487634603516198695e-05 3.451297059655189514e-03
3.500000000000000000e+03 1.631674473173916340e-03 6.311701238155364990e-02 1.095358311431482434e-04 3.937301808036863804e-04 1.333602936938405037e-03 1.319401664659380913e-03 6.449171155691146851e-02 3.104687493760138750e-04 3.420267603360116482e-04 1.946378150023519993e-03
4.000000000000000000e+03 1.536865835078060627e-03 6.178411468863487244e-02 2.131834044121205807e-04 5.636028363369405270e-04 9.437080589123070240e-04 1.067303819581866264e-03 6.445477157831192017e-02 5.984726594761013985e-04 7.112783496268093586e-04 1.565374550409615040e-03
4.500000000000000000e+03 6.803638098062947392e-05 5.202817544341087341e-02 1.250675995834171772e-04 3.349338076077401638e-04 1.293814508244395256e-03 6.166826642584055662e-05 6.591852009296417236e-02 8.287523087346926332e-05 6.148787360871210694e-05 1.811983762308955193e-03
5.000000000000000000e+03 5.664359559887088835e-05 5.122926086187362671e-02 2.044770662905648351e-04 5.331076681613922119e-04 1.165738096460700035e-03 4.635269579011946917e-05 6.533997505903244019e-02 8.546463504899293184e-05 1.389756507705897093e-04 1.663701958023011684e-03
5.500000000000000000e+03 2.455569920130074024e-04 4.147136583924293518e-02 1.185236033052206039e-03 8.744900696910917759e-04 1.807096647098660469e-03 1.814930583350360394e-04 4.145770147442817688e-02 4.339333390817046165e-04 4.463055171072483063e-03 2.168430713936686516e-03
6.000000000000000000e+03 6.522834883071482182e-04 1.797016337513923645e-02 1.495389296906068921e-04 7.177643128670752048e-04 2.703172620385885239e-03 4.787876969203352928e-04 1.266398932784795761e-02 1.678782427916303277e-04 7.183901965618133545e-03 2.660982077941298485e-03
6.500000000000000000e+03 5.304344231262803078e-04 2.674915362149477005e-03 4.788844307768158615e-05 2.337335172342136502e-04 3.381050890311598778e-03 3.758337406907230616e-04 1.219371450133621693e-03 5.168936695554293692e-05 9.297398501075804234e-04 3.033039160072803497e-03
7.000000000000000000e+03 3.266232379246503115e-04 1.145997433923184872e-03 3.158462277497164905e-05 1.080142610589973629e-04 3.212181618437170982e-03 2.257507439935579896e-04 5.097954417578876019e-04 3.881110387737862766e-05 1.261223951587453485e-04 2.819165354594588280e-03
7.500000000000000000e+03 2.304595836903899908e-04 7.315080147236585617e-04 3.126927549601532519e-05 8.135336247505620122e-05 2.611552365124225616e-03 1.485820830566808581e-04 5.607323255389928818e-04 2.077723911497741938e-05 2.387647691648453474e-04 2.432628534734249115e-03
8.000000000000000000e+03 1.497439225204288960e-04 5.998443812131881714e-04 3.383478906471282244e-05 2.530859273974783719e-05 2.069743350148200989e-03 9.264972322853282094e-05 5.179650615900754929e-04 2.403735015832353383e-05 3.152098361169919372e-05 1.876213820651173592e-03
8.500000000000000000e+03 1.039420676534064114e-04 5.357459885999560356e-04 2.360606777074281126e-05 4.358211663202382624e-05 1.788523513823747635e-03 5.771207725047133863e-05 4.634362994693219662e-04 4.843808710575103760e-05 8.603642345406115055e-05 1.532177673652768135e-03
9.000000000000000000e+03 7.325530896196141839e-05 4.480191564653068781e-04 2.075558586511760950e-05 1.288404382648877800e-05 1.508348388597369194e-03 3.602415381465107203e-05 4.052420845255255699e-04 5.142770896782167256e-05 5.872547262697480619e-05 1.224721199832856655e-03
9.500000000000000000e+03 4.650588743970729411e-05 4.164501442573964596e-04 1.410368258802918717e-05 1.217935914610279724e-05 1.129397307522594929e-03 2.788632809824775904e-05 3.154982405249029398e-04 4.288342097424902022e-05 3.410249337321147323e-05 8.100577397271990776e-04
1.000000000000000000e+04 3.160528649459592998e-05 3.379489644430577755e-04 1.643189352762419730e-05 1.431550663255620748e-05 8.466558065265417099e-04 2.150364889530465007e-05 2.711298293434083462e-04 3.134271901217289269e-05 4.602261105901561677e-05 5.542465369217097759e-04
1.050000000000000000e+04 2.595692421891726553e-05 2.765071985777467489e-04 3.525505599100142717e-05 2.130743632733356208e-05 9.593575960025191307e-04 1.471486575610470027e-05 2.520019479561597109e-04 2.156604386982508004e-05 3.644002572400495410e-05 4.031119751743972301e-04
1.100000000000000000e+04 1.939112371474038810e-05 2.343129017390310764e-04 2.062637031485792249e-05 1.396354491589590907e-05 8.191340602934360504e-04 9.212506483891047537e-06 2.218973531853407621e-04 1.070699727279134095e-05 3.192263102391734719e-05 2.862913825083523989e-04
1.150000000000000000e+04 1.334443004452623427e-05 1.874797017080709338e-04 1.249698016181355342e-05 9.292695722251664847e-06 4.419562756083905697e-04 5.961569058854365721e-06 1.643166469875723124e-04 3.613928811319055967e-06 3.531183756422251463e-05 2.122806763509288430e-04
1.200000000000000000e+04 1.027362395689124241e-05 1.435736921848729253e-04 1.077281922334805131e-05 8.253787200374063104e-06 3.593095170799642801e-04 4.120793619222240523e-06 1.261491997865960002e-04 2.687128016987117007e-06 1.304848319705342874e-05 1.412566925864666700e-04
1.250000000000000000e+04 1.127897303376812488e-05 1.339598529739305377e-04 1.436168349755462259e-05 7.177505722211208194e-06 4.360866441857069731e-04 3.282411171312560327e-06 1.097834465326741338e-04 3.276200459367828444e-06 1.066231925506144762e-05 8.536927634850144386e-05
1.300000000000000000e+04 1.138766492658760399e-05 9.143779607256874442e-05 1.098876691685291007e-05 5.535983291338197887e-06 3.697377687785774469e-04 2.600389962026383728e-06 7.892955909483134747e-05 4.648095455195289105e-06 1.157627048087306321e-05 5.317498289514333010e-05
1.350000000000000000e+04 1.010265714285196736e-05 4.342037937021814287e-05 3.944870968553004786e-06 3.158997515129158273e-06 1.728721545077860355e-04 1.809320451684470754e-06 6.040835432941094041e-05 1.066901586455060169e-05 1.377389162371400744e-05 4.039983468828722835e-05
1.400000000000000000e+04 9.084374141821172088e-06 2.472294727340340614e-05 2.628567699503037147e-06 1.939259391292580403e-06 1.570571330375969410e-04 1.366303422400960699e-06 2.856417631846852601e-05 1.149425315816188231e-05 9.815254088607616723e-06 2.852521174645517021e-05
1.450000000000000000e+04 1.074385818355949596e-05 3.717601794051006436e-05 6.329797543003223836e-06 2.465448687871685252e-06 4.051553842145949602e-04 1.452869582863058895e-06 4.023069777758792043e-05 1.495926881034392864e-05 1.910708670038729906e-05 1.957606400537770241e-05
1.500000000000000000e+04 1.333907675871159881e-05 2.434032830933574587e-05 4.172838544036494568e-06 2.066630031549721025e-06 3.617473703343421221e-04 1.462091404391685501e-06 2.331076029804535210e-05 9.580709956935606897e-06 1.703442467260174453e-05 1.666818388912361115e-05
1.550000000000000000e+04 1.469111157348379493e-05 1.337266530754277483e-05 1.558609824314771686e-06 9.504624927103577647e-07 1.843016070779412985e-04 1.072227746590215247e-06 1.486885048507247120e-05 7.930614742690522689e-07 8.397060810239054263e-06 1.309715844399761409e-05
1.600000000000000000e+04 1.494645130151184276e-05 1.119397074944572523e-05 8.279986332127009518e-07 9.662735465099103749e-07 1.724304602248594165e-04 8.725108955331961624e-07 1.438581693946616724e-05 2.323816659099975368e-07 7.944786375446710736e-06 1.143758163379970938e-05
1.650000000000000000e+04 1.999298001464921981e-05 1.195219738292507827e-05 1.550578531350765843e-06 1.784077085176249966e-06 2.644349297042936087e-04 9.589551837052567862e-07 1.781714672688394785e-05 2.389394353485840838e-07 1.029847317113308236e-05 1.046831584972096607e-05
1.700000000000000000e+04 2.345043139939662069e-05 1.134363810706418008e-05 8.950533469942456577e-07 1.578169985805288889e-06 2.422715479042381048e-04 9.679905588200199418e-07 1.947214332176372409e-05 1.587916358403163031e-07 7.766210728732403368e-06 9.747561307449359447e-06
1.750000000000000000e+04 2.420442979200743139e-05 1.225666255777468905e-05 8.338072916558303405e-07 9.555734550303895958e-07 1.964974217116832733e-04 1.101566454053681809e-06 1.661910391703713685e-05 4.140456439927220345e-07 7.108857971616089344e-06 8.508857717970386147e-06
1.800000000000000000e+04 2.399098957539536059e-05 8.938623977883253247e-06 9.051111078406393062e-07 7.466326223948271945e-07 1.887176185846328735e-04 1.131794192588131409e-06 8.724241524760145694e-06 5.572666736952669453e-07 5.984317795082461089e-06 7.855769581510685384e-06
1.850000000000000000e+04 2.860581662389449775e-05 1.523192349850432947e-05 1.443025212211068720e-06 1.373866894027742092e-06 3.176360332872718573e-04 7.753700970170029905e-07 5.972521648800466210e-06 2.381962076469790190e-07 2.644588676048442721e-06 1.338799665973056108e-05
1.900000000000000000e+04 3.030242623935919255e-05 1.592019361851271242e-05 1.158396003120287787e-06 1.221703314513433725e-06 2.985027094837278128e-04 8.038520036279805936e-07 7.329807885980699211e-06 6.487375117103511002e-07 2.191092789871618152e-06 1.411928769812220708e-05
1.950000000000000000e+04 2.523656257835682482e-05 8.776366485108155757e-06 2.403505163783847820e-07 8.809454357106005773e-07 7.223486318252980709e-05 1.143472900366759859e-06 1.996430000872351229e-05 3.424866292789374711e-07 7.443303729814942926e-06 7.838816600269638002e-06
2.000000000000000000e+04 2.212129948020447046e-05 6.453276000684127212e-06 1.757823469006325467e-07 6.941797323634091299e-07 7.199026731541380286e-05 1.116704083869990427e-06 1.371230609947815537e-05 2.659765812040859601e-07 1.102747228287626058e-05 6.600510459975339472e-06
2.050000000000000000e+04 2.426880928396712989e-05 6.582045898539945483e-06 1.868317980324718519e-07 3.258082017509877915e-07 1.273308880627155304e-04 1.010199184747762047e-06 1.053874257195275277e-05 3.465344207143061794e-07 4.549116511043393984e-06 7.923650628072209656e-06
2.100000000000000000e+04 2.526414755266159773e-05 6.137120635685278103e-06 2.031504209298873320e-07 2.825288163421646459e-07 1.196930825244635344e-04 1.008718527373275720e-06 1.068562505679437891e-05 4.644691955490998225e-07 4.517086381383705884e-06 6.726357241859659553e-06
2.150000000000000000e+04 2.473030144756194204e-05 9.098276677832473069e-06 4.866046765528153628e-07 2.822881413067079848e-07 2.248378295917063951e-04 9.000384579849196598e-07 1.682437505223788321e-05 4.243706825945992023e-07 2.509730256861075759e-05 6.648382168350508437e-06
2.200000000000000000e+04 2.339536331419367343e-05 9.307339496444910765e-06 5.182520794733136427e-07 1.525716299966006773e-07 2.197988069383427501e-04 7.593653208459727466e-07 1.876533497124910355e-05 4.375324920147249941e-07 3.910130544682033360e-05 7.305466169782448560e-06
2.250000000000000000e+04 2.562010558904148638e-05 7.555944648629520088e-06 4.280904306597221876e-07 3.130317907107382780e-07 1.207730674650520086e-04 7.455254831256752368e-07 1.497191897215088829e-05 3.035143834040354704e-07 3.654577994893770665e-06 4.431543857208453119e-06
2.300000000000000000e+04 2.378222961851861328e-05 7.123603154468582943e-06 3.667469741230888758e-07 2.213804179973521968e-07 1.206686938530765474e-04 7.640792318852618337e-07 1.415980295860208571e-05 3.043363392407627543e-07 1.213409905176376924e-05 3.839637429337017238e-06
2.350000000000000000e+04 2.361094266234431416e-05 6.355472123686922714e-06 1.107257716626008914e-07 3.495308362744253827e-07 8.692983828950673342e-05 6.798790650464070495e-07 8.678372068970929831e-06 3.718804748586990172e-07 4.918791819363832474e-05 7.962636118463706225e-06
2.400000000000000000e+04 2.596481317596044391e-05 5.903133114770753309e-06 1.136860632300340512e-07 2.589720509149628924e-07 8.017387881409376860e-05 5.847637680744810496e-07 9.433557352167554200e-06 2.003809527195699047e-07 6.045481495675630867e-05 7.342306616919813678e-06
2.450000000000000000e+04 2.022141961788292974e-05 6.359766302921343595e-06 4.356600413757405477e-07 6.147432145553466398e-07 8.883786358637735248e-05 5.064665629106457345e-07 2.064507680188398808e-05 9.240367830898321699e-07 1.480879018345149234e-05 4.054149485455127433e-06
2.500000000000000000e+04 1.969992263184394687e-05 6.632270469708601013e-06 4.179704262696759542e-07 4.203562014026829274e-07 8.589046046836301684e-05 4.833629532186023425e-07 2.408511318208184093e-05 1.147673856394249015e-06 1.338163474429165944e-05 3.629892717071925290e-06
2.550000000000000000e+04 3.423092130105942488e-05 5.834363037138246000e-06 8.467023349112423602e-07 9.896651818053214811e-07 8.241813338827341795e-05 4.634704851014248561e-07 2.545852657931391150e-05 5.797167546006676275e-07 2.787114453894901089e-06 2.559644372013281099e-06
2.600000000000000000e+04 3.011515036632772535e-05 5.932907242822693661e-06 7.914066486591764260e-07 8.458555385004729033e-07 8.086417801678180695e-05 4.493942924455041066e-07 2.603919892862904817e-05 6.748047098881215788e-07 2.572365474406979047e-06 2.917444362537935376e-06
2.650000000000000000e+04 2.328709342691581696e-05 9.049673280969727784e-06 2.836558508079178864e-07 3.278147744367743144e-07 1.388142263749614358e-04 4.423309860612789635e-07 1.033602802635869011e-05 1.628428094591072295e-06 3.257238859077915549e-06 5.448262982099549845e-06
2.700000000000000000e+04 2.344419044675305486e-05 9.032345587911549956e-06 2.087076609313953668e-07 2.657963591445877682e-07 1.323627075180411339e-04 3.947518507629865780e-07 1.037453876051586121e-05 1.615895030226965901e-06 5.084253189124865457e-06 4.820463800569996238e-06
2.750000000000000000e+04 2.082838000205811113e-05 6.838718036306090653e-06 3.281785723174834857e-07 3.843626927846344188e-07 8.088989852694794536e-05 3.626152533797721844e-07 1.336964669462759048e-05 8.243264346674550325e-07 2.632119867485016584e-05 4.633774096873821691e-06
2.800000000000000000e+04 2.139256139344070107e-05 6.016708539391402155e-06 3.032111237644130597e-07 2.405501220437145093e-07 7.823923078831285238e-05 3.406099153835384641e-07 1.269041513296542689e-05 8.279574217340268660e-07 4.373119008960202336e-05 4.092957624379778281e-06
2.850000000000000000e+04 2.500133268767967820e-05 8.397802957915700972e-06 1.665544004936236888e-07 3.048839118946489180e-07 1.835781877161934972e-04 3.562123822575813392e-07 5.608262654277496040e-06 4.462471849819849012e-07 3.305012796772643924e-05 2.526212938391836360e-06
2.900000000000000000e+04 2.377449527557473630e-05 1.095663901651278138e-05 1.086587602117106144e-07 2.700042784908873728e-07 1.805558422347530723e-04 3.680643203551881015e-07 7.121628186723683029e-06 3.151242253807140514e-07 3.451652810326777399e-05 2.656179958648863249e-06
2.950000000000000000e+04 2.045020664809271693e-05 4.736221399070927873e-06 3.070404659410996828e-07 2.700238326269754907e-07 6.720880628563463688e-05 3.790958089666673914e-07 1.678726584941614419e-05 4.878427262156037614e-07 2.983239937748294324e-05 2.352530145799391903e-06
3.000000000000000000e+04 1.952823731699027121e-05 4.802969669981393963e-06 2.356040624817978824e-07 2.177296636318715173e-07 6.556720472872257233e-05 3.902043488324125065e-07 1.789254929462913424e-05 7.796453473929432221e-07 2.884802961489185691e-05 2.336252464374410920e-06
3.050000000000000000e+04 2.155276524717919528e-05 6.865018804091960192e-06 2.622925308060075622e-07 1.729149659013273777e-07 1.156674334197305143e-04 3.699578599025699077e-07 1.439143125026021153e-05 8.468910550618602429e-07 5.621494710794650018e-05 1.756272808961512055e-06
3.100000000000000000e+04 2.031607982644345611e-05 7.091690349625423551e-06 2.014338633671286516e-07 1.521936923154498800e-07 1.138273219112306833e-04 3.244977619942801539e-07 1.721409353194758296e-05 1.144453790402621962e-06 6.495255365734919906e-05 1.834533463807019871e-06
3.150000000000000000e+04 1.168350627267500386e-05 4.657591489376500249e-06 8.192158418296457967e-08 1.188177520816680044e-07 8.465210703434422612e-05 3.312461274163069902e-07 2.380397381784860045e-05 2.630058020258729812e-07 9.662683442002162337e-05 1.519760303381190170e-06
3.200000000000000000e+04 1.138624156737932935e-05 4.484632881940342486e-06 6.666699192692249198e-08 1.186744498227199074e-07 8.321465429617092013e-05 2.769510274447384290e-07 2.141333425242919475e-05 2.498800597550143721e-07 1.211037815664894879e-04 1.364540821668924764e-06
3.250000000000000000e+04 1.845971746661234647e-05 5.409796813182765618e-06 1.857170133234831155e-07 3.230393588182778331e-07 6.476355338236317039e-05 2.555974276674533030e-07 2.228656012448482215e-05 2.481590684055845486e-07 1.599871666257968172e-06 1.648665488573897164e-06
3.300000000000000000e+04 1.603367309144232422e-05 5.307102583174128085e-06 1.924204013903363375e-07 1.742022988082680968e-07 6.534581916639581323e-05 2.436940746974869398e-07 1.843739664764143527e-05 3.142163791380880866e-07 1.071047563527827151e-06 1.906135139506659470e-06
3.350000000000000000e+04 1.446623900847043842e-05 5.458694886328885332e-06 1.719386233389741392e-07 2.167875123859630548e-07 8.234608685597777367e-05 1.645276341832868638e-07 1.581361721036955714e-05 2.815919515342102386e-07 1.015220732369925827e-05 2.653855744938482530e-06
3.400000000000000000e+04 1.328929101873654872e-05 4.850641289522172883e-06 9.505889408956136322e-08 1.544669601116765989e-07 8.063257700996473432e-05 1.866387719928752631e-07 1.291391163249500096e-05 2.293361944794014562e-07 8.930855983635410666e-06 2.466963223923812620e-06
3.450000000000000000e+04 1.527590393379796296e-05 4.164913661952596158e-06 1.873297605925472453e-07 9.392819606546254363e-07 6.977508019190281630e-05 2.521422288737085182e-07 4.366444045444950461e-05 9.679615686764009297e-07 4.031136029425397282e-07 3.157499577355338261e-06
3.500000000000000000e+04 1.461665306123904884e-05 4.104897016077302396e-06 1.056509475461098191e-07 3.899604337220807793e-07 6.874657992739230394e-05 1.988974815958499676e-07 5.394515756051987410e-05 1.648630359341041185e-06 3.735188158771052258e-07 3.241438889745040797e-06
3.550000000000000000e+04 1.466842604713747278e-05 6.983478215261129662e-06 3.284918079771159682e-07 6.466396484938741196e-07 8.331584103871136904e-05 1.273635774623471661e-07 1.954528670466970652e-05 4.877446372120175511e-06 6.866438297947752289e-07 2.738232524279737845e-06
3.600000000000000000e+04 1.491022976551903412e-05 6.976218628551578149e-06 2.506878047370264539e-07 4.433324534147686791e-07 7.950860162964090705e-05 1.375172047346495674e-07 2.022828266490250826e-05 6.235433374968124554e-06 6.483123797806911170e-06 2.516296262911055237e-06
3.650000000000000000e+04 2.262780435557942837e-05 1.133273781306343153e-05 3.435348503444402013e-07 5.006344281355268322e-07 1.148363371612504125e-04 1.228682720011420315e-07 1.576068279973696917e-05 5.145965928932128008e-07 8.683804253450944088e-07 2.077660383292823099e-06
3.700000000000000000e+04 2.153726381948217750e-05 1.120738306781277061e-05 3.336494387440325227e-07 4.160693833910045214e-07 1.138532752520404756e-04 1.268494287387511577e-07 1.575493297423236072e-05 4.100849650967575144e-07 7.499431262658617925e-07 2.153162540707853623e-06
3.750000000000000000e+04 2.054935248452238739e-05 6.111634320404846221e-06 1.365707618106171140e-07 7.922872669041680638e-08 1.194321084767580032e-04 1.726728839912539115e-07 2.555956598371267319e-05 2.929084530478576198e-06 2.130510074493940920e-05 1.950002797457273118e-06
3.800000000000000000e+04 2.112399852194357663e-05 6.022397428750991821e-06 1.434052876447822200e-07 7.519172839920429396e-08 1.154241763288155198e-04 1.980096158149535768e-07 2.602439235488418490e-05 3.893237135343952104e-06 2.863957706722430885e-05 1.638886715227272362e-06
3.850000000000000000e+04 1.432932731404434890e-05 4.867365987593075261e-06 2.563853058745735325e-07 1.190461631495054462e-07 8.877712389221414924e-05 1.719338627026445465e-07 3.860758079099468887e-05 3.536247504598577507e-06 2.622023384901694953e-05 1.258599468201282434e-06
3.900000000000000000e+04 1.437548962712753564e-05 4.816353794012684375e-06 3.054493902254762361e-07 1.198921211198467063e-07 8.564195013605058193e-05 1.556448125938914018e-07 3.853753514704294503e-05 3.632211019066744484e-06 2.710086664592381567e-05 1.023835807245632168e-06
3.950000000000000000e+04 1.798321864043828100e-05 6.499036771856481209e-06 7.981790872690908145e-08 1.392996296090132091e-07 6.752605258952826262e-05 1.383790362297077081e-07 3.244666368118487298e-05 5.641226834995904937e-06 3.090295649599283934e-05 1.194154492623056285e-06
4.000000000000000000e+04 1.672058715485036373e-05 6.194925845193210989e-06 7.329214923856852693e-08 7.572737104055704549e-08 6.597119499929249287e-05 1.311634036937903147e-07 3.350479164510034025e-05 4.747515959024894983e-06 2.841750028892420232e-05 1.278489662581705488e-06
4.050000000000000000e+04 2.129302993125747889e-05 1.157035876531153917e-05 7.480428365624902654e-08 9.098036457544367295e-08 1.651753700571134686e-04 1.406276339821488364e-07 1.334877288172720000e-05 1.667757942414027639e-06 1.576460090291220695e-05 2.438874162180582061e-06
4.100000000000000000e+04 1.906412762764375657e-05 1.091515605367021635e-05 5.694004912015770969e-08 6.117631556890046340e-08 1.636408705962821841e-04 1.163170750828612654e-07 1.309094113821629435e-05 1.370604877592995763e-06 1.110204721044283360e-05 2.584441517683444545e-06
4.150000000000000000e+04 8.048476047406438738e-06 7.914415618870407343e-06 7.860573418838612270e-07 5.062656072141180630e-08 1.054651729646138847e-04 6.798889984338529757e-08 1.555486960569396615e-05 7.512625188610400073e-07 6.615055099246092141e-06 1.771942834238871001e-06
4.200000000000000000e+04 7.642804121132940054e-06 7.620847554790088907e-06 5.178648052606149577e-07 3.504512946506110893e-08 1.047280165948905051e-04 5.961715743296736036e-08 1.312772928940830752e-05 7.540500632785551716e-07 6.551016213052207604e-06 1.668322738623828627e-06
4.250000000000000000e+04 9.734848390507977456e-06 5.036066340835532174e-06 3.189914252743619727e-07 3.827679506684944499e-08 8.106435416266322136e-05 8.065968870596407214e-08 2.871992910513654351e-05 1.406003775628050789e-06 3.543852653820067644e-05 7.741671197436517105e-07
4.300000000000000000e+04 9.859274541668128222e-06 5.078838967165211216e-06 3.220094413336482830e-07 3.822471938974558725e-08 7.701751746935769916e-05 8.266724904615330161e-08 2.866501745302230120e-05 1.085256030819437001e-06 3.584827209124341607e-05 6.543926929225563072e-07
