# step, loss_train, loss_test, metrics_test
0.000000000000000000e+00 2.262096852064132690e-03 1.073746159672737122e-01 7.274654344655573368e-04 1.215418451465666294e-03 1.898775063455104828e-02 2.316683996468782425e-03 1.262967735528945923e-01 8.398033678531646729e-04 2.248937671538442373e-04 1.979853026568889618e-02
5.000000000000000000e+02 5.189358489587903023e-04 5.802361294627189636e-02 3.432766970945522189e-05 1.072837476385757327e-04 4.375835414975881577e-03 4.909826675429940224e-04 6.553126871585845947e-02 4.673914372688159347e-05 5.028421583119779825e-06 5.057538393884897232e-03
1.000000000000000000e+03 7.234559161588549614e-04 5.775948986411094666e-02 3.277105133747681975e-05 1.047322075464762747e-04 3.880138974636793137e-03 6.654745084233582020e-04 6.510958075523376465e-02 6.100443715695291758e-05 3.431610821280628443e-06 4.573133774101734161e-03
1.500000000000000000e+03 4.707840271294116974e-04 6.873071938753128052e-02 8.717726450413465500e-05 1.331123057752847672e-04 5.117251072078943253e-03 4.089207213837653399e-04 6.471313536167144775e-02 2.170831867260858417e-04 3.264594124630093575e-05 5.662891548126935959e-03
2.000000000000000000e+03 4.754147084895521402e-04 6.851437687873840332e-02 9.814155782805755734e-05 1.260689023183658719e-04 4.782805684953927994e-03 4.187036247458308935e-04 6.473560631275177002e-02 2.950419439002871513e-04 2.773975029413122684e-05 5.319742485880851746e-03
2.500000000000000000e+03 5.518445395864546299e-04 8.122111111879348755e-02 7.110277510946616530e-05 1.693001686362549663e-04 4.376194439828395844e-03 4.692924849223345518e-04 6.468676030635833740e-02 1.406576193403452635e-04 5.704673640138935298e-06 4.809797275811433792e-03
3.000000000000000000e+03 3.670540754683315754e-04 8.079223334789276123e-02 7.636936061317101121e-05 1.326891942881047726e-04 3.564754268154501915e-03 3.118740860372781754e-04 6.468373537063598633e-02 1.277615810977295041e-04 4.807134700968163088e-06 3.963995259255170822e-03
3.500000000000000000e+03 1.665269141085445881e-03 6.370972841978073120e-02 4.477687252801842988e-05 1.064300886355340481e-04 1.550736720673739910e-03 1.342962845228612423e-03 6.569412350654602051e-02 5.619995135930366814e-05 2.090927882818505168e-04 2.169530605897307396e-03
4.000000000000000000e+03 1.727935159578919411e-03 6.262905150651931763e-02 4.249596167937852442e-05 1.324805780313909054e-04 1.255999552085995674e-03 1.164101995527744293e-03 6.689720600843429565e-02 8.685349166626110673e-05 2.403179241809993982e-04 1.889845356345176697e-03
4.500000000000000000e+03 9.385171870235353708e-05 5.294429883360862732e-02 7.443100184900686145e-05 1.158974337158724666e-04 1.678099855780601501e-03 7.491704309359192848e-05 6.638281047344207764e-02 1.809606765164062381e-04 3.656660192064009607e-05 2.232043771073222160e-03
5.000000000000000000e+03 5.022935874876566231e-05 5.271828919649124146e-02 9.188286639982834458e-05 1.153569828602485359e-04 1.680947258137166500e-03 3.837482290691696107e-05 6.662604957818984985e-02 2.052896015811711550e-04 5.684817733708769083e-05 2.221167553216218948e-03
5.500000000000000000e+03 5.368734491639770567e-05 5.753089487552642822e-02 1.903444790514186025e-04 6.981272599659860134e-05 1.475796685554087162e-03 3.693723556352779269e-05 6.497845798730850220e-02 2.214137493865564466e-04 5.888276427867822349e-05 2.017724560573697090e-03
6.000000000000000000e+03 6.071355528547428548e-05 5.650785192847251892e-02 3.365531447343528271e-04 1.626700686756521463e-04 1.338518573902547359e-03 4.508645724854432046e-05 6.355964392423629761e-02 4.861173219978809357e-04 2.863497647922486067e-04 1.869277912192046642e-03
6.500000000000000000e+03 1.340372255071997643e-04 4.389699175953865051e-02 7.372203981503844261e-05 4.723562742583453655e-04 2.587296301499009132e-03 1.039954731822945178e-04 4.787182062864303589e-02 1.958347129402682185e-04 1.364416675642132759e-03 2.900511724874377251e-03
7.000000000000000000e+03 5.526695749722421169e-04 1.916894689202308655e-02 1.319944130955263972e-04 5.109755438752472401e-04 6.663721520453691483e-03 5.395700572989881039e-04 2.026348561048507690e-02 6.413042865460738540e-05 1.593908877111971378e-03 6.656889803707599640e-03
7.500000000000000000e+03 6.075683631934225559e-04 7.400252856314182281e-03 6.108242087066173553e-05 1.949838915606960654e-04 7.626708596944808960e-03 5.616688285954296589e-04 6.187148392200469971e-03 1.085549738490954041e-04 3.557690070010721684e-04 7.508903276175260544e-03
8.000000000000000000e+03 5.222870386205613613e-04 3.970946650952100754e-03 4.811631151824258268e-05 8.878715016180649400e-05 7.072406820952892303e-03 4.821663314942270517e-04 3.084068885073065758e-03 8.588777564000338316e-05 1.161703694378957152e-04 6.867498159408569336e-03
8.500000000000000000e+03 2.939752594102174044e-04 2.771012252196669579e-03 2.826525815180502832e-05 6.252455932553857565e-05 6.297932472079992294e-03 2.795086184050887823e-04 2.294899430125951767e-03 1.484853419242426753e-05 6.562265480170026422e-05 6.331663578748703003e-03
9.000000000000000000e+03 2.574782993178814650e-04 2.021744381636381149e-03 1.143378176493570209e-05 6.034201942384243011e-05 6.045593414455652237e-03 2.354409516556188464e-04 1.396333449520170689e-03 5.202769443712895736e-06 5.373810927267186344e-05 6.054283119738101959e-03
9.500000000000000000e+03 4.144532722420990467e-04 1.599729293957352638e-03 1.147285456681856886e-05 7.508048292947933078e-05 4.850233439356088638e-03 3.508503432385623455e-04 1.039421185851097107e-03 7.277941222127992660e-06 4.009778422187082469e-05 4.589600488543510437e-03
1.000000000000000000e+04 3.346134035382419825e-04 1.148686977103352547e-03 2.550620411057025194e-05 6.766513979528099298e-05 3.837861819192767143e-03 2.665456268005073071e-04 7.014329312369227409e-04 2.956291609734762460e-05 3.940461101592518389e-05 3.526303917169570923e-03
1.050000000000000000e+04 2.110455970978364348e-04 8.669131202623248100e-04 2.988206506415735930e-05 1.228248438565060496e-04 3.822889411821961403e-03 1.410487020621076226e-04 5.433164187707006931e-04 6.884303729748353362e-05 5.780241554020904005e-05 3.007861785590648651e-03
1.100000000000000000e+04 1.735749392537400126e-04 6.748154410161077976e-04 4.104267645743675530e-05 1.269701606361195445e-04 3.472269745543599129e-03 1.107828866224735975e-04 3.783613210543990135e-04 7.311323133762925863e-05 5.956026143394410610e-05 2.672420814633369446e-03
1.150000000000000000e+04 1.603537530172616243e-04 4.208967438898980618e-04 1.531477573735173792e-05 5.618163413600996137e-05 2.654370618984103203e-03 1.086163902073167264e-04 1.382937916787341237e-04 3.685152114485390484e-05 2.128373598679900169e-04 2.438882831484079361e-03
1.200000000000000000e+04 1.277487899642437696e-04 3.113739658147096634e-04 1.528908615000545979e-05 2.809981197060551494e-05 2.269326476380228996e-03 7.866100349929183722e-05 8.875040657585486770e-05 3.556739829946309328e-05 2.330046263523399830e-04 2.059127436950802803e-03
1.250000000000000000e+04 8.871809404809027910e-05 2.037170488620176911e-04 2.341311119380407035e-05 2.895295438065659255e-05 2.042433945462107658e-03 5.147974297869950533e-05 7.073994493111968040e-05 2.109793604176957160e-05 3.549955363268963993e-05 1.873632660135626793e-03
1.300000000000000000e+04 7.487845869036391377e-05 1.705449685687199235e-04 2.471486732247285545e-05 3.489114897092804313e-05 1.875206828117370605e-03 4.164435813436284661e-05 6.337140075629577041e-05 2.075436532322783023e-05 3.600390846258960664e-05 1.667647738941013813e-03
1.350000000000000000e+04 5.376328772399574518e-05 1.549590815557166934e-04 2.700554432522039860e-05 3.125020157312974334e-05 1.762785250321030617e-03 2.896659680118318647e-05 3.810113776125945151e-05 5.272864291328005493e-05 2.307195063622202724e-05 1.515229349024593830e-03
1.400000000000000000e+04 4.444468868314288557e-05 1.321874442510306835e-04 2.557657899160403758e-05 2.831342681020032614e-05 1.604769611731171608e-03 2.250641955470200628e-05 3.808629480772651732e-05 6.118116289144381881e-05 1.902110670926049352e-05 1.368055935017764568e-03
1.450000000000000000e+04 6.000840221531689167e-05 1.691645156824961305e-04 2.593744102341588587e-05 3.357239256729371846e-05 1.826384337618947029e-03 2.547645090089645237e-05 6.735078932251781225e-05 6.379429396474733949e-05 8.454999624518677592e-05 1.230497611686587334e-03
1.500000000000000000e+04 5.350134597392752767e-05 1.566911378176882863e-04 2.011697506532073021e-05 2.543131449783686548e-05 1.729252864606678486e-03 2.095669515256304294e-05 6.873431266285479069e-05 6.482375465566292405e-05 7.140912930481135845e-05 1.139627420343458652e-03
1.550000000000000000e+04 4.297400664654560387e-05 1.519898796686902642e-04 2.685446816030889750e-05 1.892533146019559354e-05 1.456706551834940910e-03 1.842946221586316824e-05 6.510646926471963525e-05 3.605477468227036297e-05 1.505787895439425483e-05 1.043412135913968086e-03
1.600000000000000000e+04 3.998885222245007753e-05 1.461507636122405529e-04 2.068971843982581049e-05 1.697162952041253448e-05 1.391511876136064529e-03 1.664514820731710643e-05 6.687617860734462738e-05 2.807811324601061642e-05 1.581692777108401060e-05 9.791720658540725708e-04
1.650000000000000000e+04 3.283006299170665443e-05 1.209324618685059249e-04 1.630559381737839431e-05 1.722715205687563866e-05 1.561048440635204315e-03 1.456272639188682660e-05 4.820685353479348123e-05 2.775274151645135134e-05 3.425196337047964334e-05 9.791718330234289169e-04
1.700000000000000000e+04 3.038011891476344317e-05 1.115063932957127690e-04 1.551201421534642577e-05 1.839493415900506079e-05 1.510702772065997124e-03 1.310871084569953382e-05 4.447871469892561436e-05 2.489518919901456684e-05 3.387700780876912177e-05 9.311729227192699909e-04
1.750000000000000000e+04 2.596838385215960443e-05 9.377258538734167814e-05 1.075131331162992865e-05 1.783738662197720259e-05 1.254597445949912071e-03 8.648190487292595208e-06 4.212086059851571918e-05 3.797883982770144939e-05 1.033286844176473096e-05 8.786782855167984962e-04
1.800000000000000000e+04 2.376906013523694128e-05 8.699935278855264187e-05 1.169844472315162420e-05 1.762647480063606054e-05 1.217106124386191368e-03 7.697533874306827784e-06 4.096044722246006131e-05 4.047851325594820082e-05 1.073474504664773121e-05 8.426215499639511108e-04
1.850000000000000000e+04 2.943635990959592164e-05 1.214589938172139227e-04 1.889453960757236928e-05 2.529502853576559573e-05 1.462320564314723015e-03 1.228991368407150730e-05 4.598494706442579627e-05 2.423178921162616462e-05 2.342577863601036370e-05 8.230190142057836056e-04
1.900000000000000000e+04 2.947258508356753737e-05 1.181414336315356195e-04 1.455770052416482940e-05 1.810450885386671871e-05 1.434587407857179642e-03 1.221653747052187100e-05 4.627462112694047391e-05 2.111427238560281694e-05 1.784870983101427555e-05 7.963795214891433716e-04
1.950000000000000000e+04 2.454650893923826516e-05 7.677567191421985626e-05 8.167196938302367926e-06 9.806960406422149390e-06 1.080405665561556816e-03 8.312928002851549536e-06 3.182396540069021285e-05 1.780882303137332201e-05 6.581031811947468668e-06 7.683956646360456944e-04
2.000000000000000000e+04 2.287863935634959489e-05 7.238158286781981587e-05 1.016196438285987824e-05 9.893066817312501371e-06 1.043714350089430809e-03 7.926426405902020633e-06 3.038376962649635971e-05 2.200682138209231198e-05 7.854552677599713206e-06 7.324339239858090878e-04
2.050000000000000000e+04 2.188738471886608750e-05 8.047300070757046342e-05 1.193150274048093706e-05 1.017098838929086924e-05 1.283675315789878368e-03 8.615957995061762631e-06 3.233309325878508389e-05 1.419607633579289541e-05 1.571730172145180404e-05 7.019917829893529415e-04
2.100000000000000000e+04 2.142183984688017517e-05 7.640347030246630311e-05 1.267323750653304160e-05 1.099952896765898913e-05 1.254426082596182823e-03 8.767628060013521463e-06 3.140890476061031222e-05 1.719155807222705334e-05 1.631767554499674588e-05 6.763609708286821842e-04
2.150000000000000000e+04 2.548184602346736938e-05 7.894574082456529140e-05 1.698104824754409492e-05 1.397156211169203743e-05 1.080539543181657791e-03 9.564438187226187438e-06 4.480453571886755526e-05 1.454091579944361001e-05 2.356248842261265963e-05 6.520614260807633400e-04
2.200000000000000000e+04 2.505399243091233075e-05 7.746458868496119976e-05 1.614334905752912164e-05 1.255656934517901391e-05 1.067731296643614769e-03 8.958384569268673658e-06 4.260589776095002890e-05 1.513641745987115428e-05 2.049650174740236253e-05 6.408860790543258190e-04
2.250000000000000000e+04 1.881543539639096707e-05 5.926514859311282635e-05 2.138314266630914062e-05 1.605051511432975531e-05 9.258780628442764282e-04 8.387863999814726412e-06 2.274531289003789425e-05 2.778822636173572391e-05 1.412445271853357553e-05 6.551066180691123009e-04
2.300000000000000000e+04 1.876396709121763706e-05 5.577461706707254052e-05 2.240009962406475097e-05 1.407241597917163745e-05 9.092605905607342720e-04 8.320051165355835110e-06 2.078772922686766833e-05 3.602815922931768000e-05 1.347748639091150835e-05 6.407329929061233997e-04
2.350000000000000000e+04 2.620367195049766451e-05 9.308519656769931316e-05 2.780552313197404146e-05 1.593943306943401694e-05 1.033269683830440044e-03 8.660293133289087564e-06 3.010165528394281864e-05 4.553922917693853378e-05 6.893208137626061216e-06 5.876026116311550140e-04
2.400000000000000000e+04 2.491113627911545336e-05 9.251090523321181536e-05 2.660877362359315157e-05 1.048271406034473330e-05 1.019123825244605541e-03 7.502675998694030568e-06 3.356413799338042736e-05 4.957742930855602026e-05 4.962201728631043807e-06 5.746048409491777420e-04
2.450000000000000000e+04 2.956469506898429245e-05 8.760455239098519087e-05 2.162380769732408226e-05 1.055177654052386060e-05 1.009396393783390522e-03 9.918431715050246567e-06 3.720510721905156970e-05 9.535245771985501051e-05 9.893053174891974777e-06 5.537281394936144352e-04
2.500000000000000000e+04 3.021292650373652577e-05 8.283669740194454789e-05 2.092450631607789546e-05 9.314518138126004487e-06 9.801164269447326660e-04 1.045960107148857787e-05 3.834972449112683535e-05 1.689515484031289816e-04 1.229070221597794443e-05 5.347210098989307880e-04
2.550000000000000000e+04 1.805123429221566767e-05 5.118205081089399755e-05 2.899726678151637316e-05 1.140212771133519709e-05 8.896535728126764297e-04 6.289428711170330644e-06 3.056580681004561484e-05 5.775393219664692879e-05 6.272247901506489143e-06 5.664554191753268242e-04
2.600000000000000000e+04 1.723213790683075786e-05 5.058003443991765380e-05 2.887855771405156702e-05 1.165370485978201032e-05 8.778537739999592304e-04 5.547714863496366888e-06 3.043870492547284812e-05 5.806134140584617853e-05 8.256723049271386117e-06 5.562052829191088676e-04
2.650000000000000000e+04 2.493495594535488635e-05 8.313772559631615877e-05 3.115368599537760019e-05 9.565423169988207519e-06 1.058381982147693634e-03 7.680933777010068297e-06 3.371776620042510331e-05 5.640379094984382391e-05 1.666474054218269885e-05 5.200933082960546017e-04
2.700000000000000000e+04 2.534000850573647767e-05 8.593850361648947001e-05 2.248517193947918713e-05 9.210833013639785349e-06 1.037553651258349419e-03 8.086483830993529409e-06 3.649838618002831936e-05 4.651017661672085524e-05 1.506594253442017362e-05 5.043754354119300842e-04
2.750000000000000000e+04 1.580448224558494985e-05 6.312973710009828210e-05 3.136945815640501678e-05 1.323840388067765161e-05 7.626898004673421383e-04 6.795811259507900104e-06 3.303065386717207730e-05 4.108404027647338808e-05 1.156369671662105247e-05 5.075552035123109818e-04
2.800000000000000000e+04 1.499850532127311453e-05 6.176661554491147399e-05 2.738440343819092959e-05 1.344506836176151410e-05 7.486453978344798088e-04 5.980261903459904715e-06 3.122590715065598488e-05 3.882054807036183774e-05 1.257467829418601468e-05 4.949570284225046635e-04
2.850000000000000000e+04 1.334820353804389015e-05 6.444632890634238720e-05 2.288424548169132322e-05 1.325873927271459252e-05 9.144697687588632107e-04 4.699309556599473581e-06 2.574410245870240033e-05 1.278609579458134249e-05 1.090962905436754227e-05 4.928628331981599331e-04
2.900000000000000000e+04 1.298780443903524429e-05 6.412721268134191632e-05 2.232311453553847969e-05 1.377925855194916949e-05 8.992341463454067707e-04 4.616785645339405164e-06 2.634376687637995929e-05 1.204034197144210339e-05 1.159882231149822474e-05 4.778696456924080849e-04
2.950000000000000000e+04 1.160713236458832398e-05 5.614742258330807090e-05 1.105698538594879210e-05 1.168252765637589619e-05 8.773467852734029293e-04 4.941263796354178339e-06 1.894180240924470127e-05 3.122968701063655317e-05 4.373677438707090914e-05 4.716952971648424864e-04
3.000000000000000000e+04 1.177689046016894281e-05 5.404938929132185876e-05 1.161392810899997130e-05 1.147108196164481342e-05 8.628904470242559910e-04 5.011009307054337114e-06 1.713369601930025965e-05 3.697169086080975831e-05 4.013788566226139665e-05 4.594656056724488735e-04
3.050000000000000000e+04 1.481166236771969125e-05 4.594818165060132742e-05 2.020006104430649430e-05 1.275640534004196525e-05 7.587266736663877964e-04 5.910426352784270421e-06 3.339297109050676227e-05 2.425051570753566921e-05 2.354621574340853840e-05 4.482478834688663483e-04
3.100000000000000000e+04 1.486445125919999555e-05 4.466430982574820518e-05 2.078253237414173782e-05 1.209709716931683943e-05 7.481082575395703316e-04 5.574042006628587842e-06 3.441684384597465396e-05 2.870990101655479521e-05 2.424470221740193665e-05 4.386892251204699278e-04
3.150000000000000000e+04 1.320923092862358317e-05 4.458813054952770472e-05 1.311036703555146232e-05 8.905669346859212965e-06 7.010507397353649139e-04 5.016052909923018888e-06 1.976478233700618148e-05 2.343823143746703863e-05 2.038062848441768438e-05 4.253651131875813007e-04
3.200000000000000000e+04 1.282192715734709054e-05 4.180671385256573558e-05 1.084382438421016559e-05 9.212389159074518830e-06 6.865887553431093693e-04 4.963616447639651597e-06 1.792098737496417016e-05 3.294618727522902191e-05 2.637484976730775088e-05 4.136066127102822065e-04
3.250000000000000000e+04 1.629017970117274672e-05 4.600049942382611334e-05 3.292967448942363262e-05 1.180565050162840635e-05 6.471141823567450047e-04 7.417068900394951925e-06 2.980583849421236664e-05 2.574098471086472273e-05 2.491773557267151773e-05 4.050919960718601942e-04
3.300000000000000000e+04 1.610666913620661944e-05 4.609158713719807565e-05 3.367436147527769208e-05 9.513822078588418663e-06 6.384135922417044640e-04 7.004451163084013388e-06 2.761665746220387518e-05 3.346188168507069349e-05 2.164545730920508504e-05 3.981769259553402662e-04
3.350000000000000000e+04 1.972499740077182651e-05 6.232395389815792441e-05 1.463805620005587116e-05 9.053532266989350319e-06 8.326385868713259697e-04 5.608658739220118150e-06 2.376703196205198765e-05 2.664671774255111814e-05 1.102596888813422993e-05 3.801091224886476994e-04
3.400000000000000000e+04 1.911110302899032831e-05 6.166600360302254558e-05 1.492134379077469930e-05 8.837166205921676010e-06 8.205330232158303261e-04 5.107041488372487947e-06 2.512584978831000626e-05 2.733901783358305693e-05 1.731813063088338822e-05 3.729029849637299776e-04
3.450000000000000000e+04 1.957747008418664336e-05 5.823227184009738266e-05 1.276058537769131362e-05 1.078229615814052522e-05 7.523390231654047966e-04 4.999715201847720891e-06 2.952968861791305244e-05 3.225198815925978124e-05 1.002054159471299499e-05 3.743700508493930101e-04
3.500000000000000000e+04 1.949811485246755183e-05 5.705709554604254663e-05 1.035981949826236814e-05 8.776954928180202842e-06 7.438883767463266850e-04 5.021100605517858639e-06 2.893706732720602304e-05 3.250965164625085890e-05 7.371334049821598455e-06 3.672525344882160425e-04
3.550000000000000000e+04 2.155029505956918001e-05 5.647278157994151115e-05 1.574189627717714757e-05 7.603286121593555436e-06 7.825845968909561634e-04 6.449850388889899477e-06 2.638387559272814542e-05 3.026244303327985108e-05 6.829146514064632356e-06 3.560417972039431334e-04
3.600000000000000000e+04 2.206861972808837891e-05 5.558588600251823664e-05 1.519238776381826028e-05 7.061195901769679040e-06 7.708345656283199787e-04 6.810172180848894641e-06 2.457151640555821359e-05 3.091968756052665412e-05 5.821112154080765322e-06 3.481426683720201254e-04
3.650000000000000000e+04 1.950871592271141708e-05 4.882189386989921331e-05 8.732900823815725744e-06 4.947292381984880194e-06 8.449465385638177395e-04 6.258358553168363869e-06 1.795925709302537143e-05 1.590725150890648365e-05 1.219866499013733119e-05 3.494558914098888636e-04
3.700000000000000000e+04 1.964631883311085403e-05 4.792277468368411064e-05 9.083843906410038471e-06 4.498602265812223777e-06 8.339402265846729279e-04 6.282431058934889734e-06 1.758324651746079326e-05 1.462284217268461362e-05 1.318438080488704145e-05 3.415851097088307142e-04
3.750000000000000000e+04 1.801296821213327348e-05 5.198900907998904586e-05 1.049935781338717788e-05 4.936166078550741076e-06 9.216482867486774921e-04 5.109465291752712801e-06 1.535072988190222532e-05 1.417360635969089344e-05 9.373098691867198795e-06 3.343433781992644072e-04
3.800000000000000000e+04 1.788534609659109265e-05 4.973370596417225897e-05 1.022621927404543385e-05 5.023319317842833698e-06 9.023349848575890064e-04 4.774336957780178636e-06 1.374855764879612252e-05 1.383346261718543246e-05 1.079726189345819876e-05 3.238148055970668793e-04
3.850000000000000000e+04 1.399062693963060156e-05 3.240244404878467321e-05 1.167264417745172977e-05 5.863373189640697092e-06 7.445717928931117058e-04 4.187776085018413141e-06 9.903963473334442824e-06 2.517162647563964128e-05 8.412343959207646549e-06 3.249995061196386814e-04
3.900000000000000000e+04 1.380315734422765672e-05 3.146970266243442893e-05 1.100572899304097518e-05 6.432494046748615801e-06 7.396903820335865021e-04 4.176916263531893492e-06 9.068073268281295896e-06 2.740095078479498625e-05 9.441478141525294632e-06 3.204869281034916639e-04
3.950000000000000000e+04 1.674440682108979672e-05 4.099032230442389846e-05 1.829295615607406944e-05 1.938736022566445172e-05 6.396224489435553551e-04 6.341123935271752998e-06 1.879108458524569869e-05 6.748706709913676605e-06 5.832485385326435789e-06 3.209032292943447828e-04
4.000000000000000000e+04 1.627293568162713200e-05 4.238245310261845589e-05 2.103822225762996823e-05 1.602498377906158566e-05 6.329487077891826630e-04 6.227276571735274047e-06 2.036723890341818333e-05 1.300595704378793016e-05 5.042340490035712719e-06 3.159149782732129097e-04
4.050000000000000000e+04 1.834290742408484221e-05 5.421780224423855543e-05 1.840283584897406399e-05 1.264040292880963534e-05 7.781822350807487965e-04 4.240251200826605782e-06 2.062979729089420289e-05 3.905115954694338143e-05 1.147670263890177011e-05 3.061097813770174980e-04
4.100000000000000000e+04 1.879252704384271055e-05 5.345173121895641088e-05 1.456075551686808467e-05 1.206946672027697787e-05 7.700027199462056160e-04 4.288739546609576792e-06 1.998982588702347130e-05 4.789383456227369606e-05 1.196302127937087789e-05 3.010948130395263433e-04
4.150000000000000000e+04 1.476510533393593505e-05 4.141023237025365233e-05 8.701860679138917476e-06 9.321467587142251432e-06 5.195771227590739727e-04 4.218646608933340758e-06 2.165910154872108251e-05 2.954055526060983539e-05 5.075526132714003325e-06 2.965537423733621836e-04
4.200000000000000000e+04 1.449017145205289125e-05 4.113887189305387437e-05 6.732269866915885359e-06 8.836012057145126164e-06 5.136282416060566902e-04 4.003367394034285098e-06 2.142963785445317626e-05 4.190146137261763215e-05 4.987849479221040383e-06 2.904551511164754629e-04
4.250000000000000000e+04 1.541294477647170424e-05 4.232947685522958636e-05 1.230855650646844879e-05 8.147415428538806736e-06 6.935069686733186245e-04 5.020570824854075909e-06 2.688280073925852776e-05 1.867027276603039354e-05 9.575512194714974612e-06 2.877165388781577349e-04
4.300000000000000000e+04 1.600364521436858922e-05 4.186180740362033248e-05 1.141270422522211447e-05 8.336627615790348500e-06 6.864362512715160847e-04 5.558715656661661342e-06 2.670653884706553072e-05 2.149073770851828158e-05 1.075139607564778998e-05 2.825522387865930796e-04
4.350000000000000000e+04 1.471038103773025796e-05 4.381926919450052083e-05 4.001022170996293426e-05 8.121443897834978998e-06 6.705592968501150608e-04 4.544717285170918331e-06 1.860600423242431134e-05 3.418603955651633441e-05 1.382168557029217482e-05 2.845450944732874632e-04
4.400000000000000000e+04 1.441650783817749470e-05 4.048115442856214941e-05 3.553188798832707107e-05 8.941036867327056825e-06 6.605025846511125565e-04 4.895168785878922790e-06 1.585633799550123513e-05 3.774470314965583384e-05 1.363358023809269071e-05 2.789673453662544489e-04
4.450000000000000000e+04 2.216485154349356890e-05 5.815748227178119123e-05 2.661758844624273479e-05 1.124674963648431003e-05 7.497792248614132404e-04 5.870110726391430944e-06 2.326107278349809349e-05 5.391927334130741656e-05 2.829709774232469499e-05 2.675745927263051271e-04
4.500000000000000000e+04 2.226183642051182687e-05 5.859800148755311966e-05 2.515128289815038443e-05 1.021316529659088701e-05 7.460411288775503635e-04 5.589452030108077452e-06 2.214873347838874906e-05 5.733000216423533857e-05 2.926606066466774791e-05 2.653251576703041792e-04
4.550000000000000000e+04 1.914272797876037657e-05 6.272782775340601802e-05 1.005775357043603435e-05 5.742587745771743357e-06 9.516702848486602306e-04 4.983031885785749182e-06 1.527956555946730077e-05 3.403423033887520432e-05 6.400415713869733736e-06 2.688523381948471069e-04
4.600000000000000000e+04 1.900329698401037604e-05 6.086132998461835086e-05 9.816115380090195686e-06 5.598318693955661729e-06 9.432185906916856766e-04 4.703371359937591478e-06 1.413597783539444208e-05 2.845106610038783401e-05 6.150899480417137966e-06 2.660598547663539648e-04
4.650000000000000000e+04 1.087204691430088133e-05 3.204009408364072442e-05 2.119440978276543319e-05 1.556080314912833273e-05 4.593267221935093403e-04 3.856303010252304375e-06 1.587309816386550665e-05 3.205815301043912768e-05 1.265358059754362330e-05 2.811094454955309629e-04
4.700000000000000000e+04 1.057839199347654358e-05 3.045068115170579404e-05 1.780969432729762048e-05 1.297146081924438477e-05 4.576827632263302803e-04 3.791980134337791242e-06 1.464669185224920511e-05 3.239577199565246701e-05 1.811530455597676337e-05 2.801706432364881039e-04
4.750000000000000000e+04 1.627251549507491291e-05 4.151898974669165909e-05 1.368247649224940687e-05 6.401068276318255812e-06 6.221943767741322517e-04 4.757991064252564684e-06 1.506942680862266570e-05 3.232017479604110122e-05 3.381135320523753762e-05 2.636908902786672115e-04
4.800000000000000000e+04 1.676190913713071495e-05 4.069893839186988771e-05 1.280711239814991131e-05 5.984455583529779688e-06 6.104388739913702011e-04 5.066623089078348130e-06 1.577206239744555205e-05 3.562563506420701742e-05 3.407692565815523267e-05 2.605815825518220663e-04
4.850000000000000000e+04 1.594009881955571473e-05 3.827434920822270215e-05 1.912305924633983523e-05 8.295449333672877401e-06 6.107674562372267246e-04 5.189790044823894277e-06 1.778378282324410975e-05 2.801827213261276484e-05 8.222856195061467588e-06 2.505258889868855476e-04
4.900000000000000000e+04 1.628936297493055463e-05 3.698810178320854902e-05 1.906338184198830277e-05 8.383927706745453179e-06 6.053483812138438225e-04 5.463132310978835449e-06 1.736882586556021124e-05 2.803575625875964761e-05 8.551270184398163110e-06 2.457075461279600859e-04
4.950000000000000000e+04 2.283409958181437105e-05 3.679696237668395042e-05 1.257866188097978011e-05 1.068956680683186278e-05 5.175985279493033886e-04 6.332776138151530176e-06 2.297151149832643569e-05 5.622466414934024215e-05 1.101815360016189516e-05 2.369907597312703729e-04
5.000000000000000000e+04 2.299445804965216666e-05 3.748426388483494520e-05 1.231682927027577534e-05 9.713903637020848691e-06 5.116611719131469727e-04 6.297862910287221894e-06 2.370249239902477711e-05 5.307296669343486428e-05 1.207741570397047326e-05 2.325894456589594483e-04
5.050000000000000000e+04 2.112548827426508069e-05 5.181359301786869764e-05 1.199449889099923894e-05 9.952378604793921113e-06 7.869124528951942921e-04 5.175204023544210941e-06 1.389521185046760365e-05 1.960665213118772954e-05 2.287187817273661494e-05 2.357424527872353792e-04
5.100000000000000000e+04 2.094931551255285740e-05 5.042808697908185422e-05 1.149178933701477945e-05 9.563977982907090336e-06 7.825565407983958721e-04 4.645681656256783754e-06 1.388908003718825057e-05 1.733461249386891723e-05 2.625815614010207355e-05 2.336487668799236417e-04
5.150000000000000000e+04 1.807316220947541296e-05 3.612761793192476034e-05 1.916224209708161652e-05 8.486962542519904673e-06 6.026081973686814308e-04 4.585672286339104176e-06 1.049181628332007676e-05 5.423610491561703384e-05 1.679564957157708704e-05 2.329069247934967279e-04
5.200000000000000000e+04 1.785126733011566103e-05 3.517323057167232037e-05 1.752307434799149632e-05 7.226092293421970680e-06 5.985360476188361645e-04 4.419962351676076651e-06 1.069063546310644597e-05 6.023510650265961885e-05 1.537771640869323164e-05 2.300154446857050061e-04
5.250000000000000000e+04 1.595315916347317398e-05 3.244320032536052167e-05 1.051133313012542203e-05 1.007622267934493721e-05 5.919008981436491013e-04 3.859461230604210868e-06 8.289709512609988451e-06 4.965765765518881381e-05 1.801898542908020318e-05 2.316153695574030280e-04
5.300000000000000000e+04 1.574270027049351484e-05 3.214201205992139876e-05 9.713096915220376104e-06 9.015834621095564216e-06 5.883986596018075943e-04 3.817850938503397629e-06 8.303935828735120595e-06 5.177527782507240772e-05 1.811043512134347111e-05 2.292184217367321253e-04
5.350000000000000000e+04 1.501466067566070706e-05 2.908802161982748657e-05 1.387843258271459490e-05 7.879505574237555265e-06 5.421133828349411488e-04 4.061925210407935083e-06 1.557865653012413532e-05 2.878626219171565026e-05 1.447137674404075369e-05 2.273786521982401609e-04
5.400000000000000000e+04 1.502518898632843047e-05 2.844483969965949655e-05 1.228677228937158361e-05 7.540115348092513159e-06 5.390755250118672848e-04 4.286087914806557819e-06 1.562092256790492684e-05 2.787882658594753593e-05 1.591910586284939200e-05 2.247548691229894757e-04
5.450000000000000000e+04 1.869590414571575820e-05 3.147487586829811335e-05 1.069733389158500358e-05 1.636754859646316618e-05 5.908265593461692333e-04 4.044049546791939065e-06 1.138344941864488646e-05 1.822347076085861772e-05 3.931478931917808950e-05 2.273792197229340672e-04
5.500000000000000000e+04 1.857393181126099080e-05 3.110473699052818120e-05 1.023419008561177179e-05 1.445871384930796921e-05 5.866927094757556915e-04 3.934955202566925436e-06 1.235908985108835623e-05 1.737296952342148870e-05 4.322925087762996554e-05 2.245774230686947703e-04
5.550000000000000000e+04 2.243785820610355586e-05 3.120808105450123549e-05 6.332743396342266351e-06 1.009259449347155169e-05 4.915805766358971596e-04 4.907903985440498218e-06 1.552556932438164949e-05 1.479449747421313077e-05 3.033557004528120160e-05 2.081946004182100296e-04
5.600000000000000000e+04 2.268076968903187662e-05 3.037024544028099626e-05 5.793440777779323980e-06 9.078408766072243452e-06 4.866958188358694315e-04 4.650038135878276080e-06 1.382977734465384856e-05 1.180357230623485520e-05 3.275568087701685727e-05 2.044647844741120934e-04
5.650000000000000000e+04 1.308525406784610823e-05 2.221846261818427593e-05 4.087168690602993593e-06 5.376650278776651248e-06 3.658913192339241505e-04 4.796405846718698740e-06 1.709965908958110958e-05 4.940713552059605718e-06 1.181623611046234146e-05 2.152766392100602388e-04
5.700000000000000000e+04 1.288174553337739781e-05 2.134609530912712216e-05 3.407121994314366020e-06 4.810949121747398749e-06 3.645497490651905537e-04 4.572662874124944210e-06 1.601586336619220674e-05 5.873746431461768225e-06 1.099545443139504641e-05 2.142042212653905153e-04
5.750000000000000000e+04 1.289095689571695402e-05 2.270260665682144463e-05 8.871182217262685299e-06 5.123051778355147690e-06 4.161283723078668118e-04 3.244062781959655695e-06 1.948377575899939984e-05 1.139726737164892256e-05 3.939219459425657988e-05 2.186642086599022150e-04
5.800000000000000000e+04 1.290163709199987352e-05 2.194175067415926605e-05 8.397673809668049216e-06 4.458962393982801586e-06 4.129679291509091854e-04 3.102856226178118959e-06 1.864223486336413771e-05 1.142106702900491655e-05 5.721004345105029643e-05 2.169846848119050264e-04
5.850000000000000000e+04 1.456171503377845511e-05 2.867554940166883171e-05 4.415790499479044229e-06 4.647271452995482832e-06 5.352383595891296864e-04 3.564559619917417876e-06 1.190002240036847070e-05 9.635281458031386137e-06 1.404487920808605850e-05 2.035435609286651015e-04
5.900000000000000000e+04 1.448495913791703060e-05 2.768972808553371578e-05 3.787646164710167795e-06 3.969217686972115189e-06 5.294571747072041035e-04 3.308633949927752838e-06 1.172262545878766105e-05 9.127668818109668791e-06 1.129565953306155279e-05 1.987545401789247990e-04
5.950000000000000000e+04 1.162462103820871562e-05 2.864458110707346350e-05 3.804959078479441814e-06 1.443581913918023929e-05 4.460858472157269716e-04 3.097222815995337442e-06 1.784032610885333270e-05 5.238927315076580271e-06 2.351443981751799583e-05 2.004307170864194632e-04
6.000000000000000000e+04 1.177820558950770646e-05 2.818907887558452785e-05 3.728163164851139300e-06 1.203135980176739395e-05 4.420604673214256763e-04 3.305138534415164031e-06 1.718279600027017295e-05 5.201341082283761352e-06 2.768396552710328251e-05 1.972378086065873504e-04
6.050000000000000000e+04 1.456298559787683189e-05 3.025853038707282394e-05 8.456210707663558424e-06 1.016050009639002383e-05 5.233980482444167137e-04 3.966354597650934011e-06 1.262973637494724244e-05 2.146271617675665766e-05 1.921175498864613473e-05 1.980088127311319113e-04
6.100000000000000000e+04 1.486217479396145791e-05 2.900597064581234008e-05 8.248913218267261982e-06 9.820784725889097899e-06 5.179546424187719822e-04 3.930014827346894890e-06 1.078994591807713732e-05 2.228265839221421629e-05 1.927634730236604810e-05 1.948982098838314414e-04
6.150000000000000000e+04 1.490688100602710620e-05 3.837062467937357724e-05 6.977384600759251043e-06 1.241159316123230383e-05 5.031449836678802967e-04 3.371518459971412085e-06 1.503196199337253347e-05 6.495954494312172756e-06 1.061826424120226875e-05 1.887629332486540079e-04
6.200000000000000000e+04 1.492207320552552119e-05 3.778498648898676038e-05 6.046122052794089541e-06 1.245487965206848457e-05 4.994340706616640091e-04 3.293531335657462478e-06 1.498212259321007878e-05 5.255504220258444548e-06 1.020269519358407706e-05 1.862464414443820715e-04
6.250000000000000000e+04 1.752345087879803032e-05 2.351759212615434080e-05 7.627456398040521890e-06 4.715507202490698546e-06 4.647881723940372467e-04 4.044854904350358993e-06 2.207767465733923018e-05 2.163623867090791464e-05 8.123235602397471666e-06 1.804795610951259732e-04
6.300000000000000000e+04 1.746944144542794675e-05 2.361750375712290406e-05 7.518557595176389441e-06 5.024329311709152535e-06 4.586936265695840120e-04 3.922637006326112896e-06 2.713996764214243740e-05 2.343627966183703393e-05 1.073789371730526909e-05 1.763400214258581400e-04
6.350000000000000000e+04 1.260271437786286697e-05 1.937539127538911998e-05 7.115137123037129641e-06 8.169874490704387426e-06 3.224330139346420765e-04 3.339937848068075255e-06 1.143724421126535162e-05 1.233132115885382518e-05 7.622631983394967392e-06 1.763964246492832899e-04
6.400000000000000000e+04 1.214372514368733391e-05 1.883548793557565659e-05 6.139144716144073755e-06 7.853656825318466872e-06 3.215441829524934292e-04 3.088743596890708432e-06 1.084218365576816723e-05 1.131156750489026308e-05 7.929360435809940100e-06 1.754760451149195433e-04
6.450000000000000000e+04 1.569082814967259765e-05 2.833492544596083462e-05 7.885473678470589221e-06 5.981155482004396617e-06 5.669745733030140400e-04 3.699274884638725780e-06 1.180954041046788916e-05 1.730847179715055972e-05 2.036389014392625540e-05 1.758728176355361938e-04
6.500000000000000000e+04 1.619160684640519321e-05 2.724449768720660359e-05 7.266977263498120010e-06 5.915699603065149859e-06 5.610822117887437344e-04 3.720063205037149601e-06 1.038687696564011276e-05 2.128264532075263560e-05 1.941135451488662511e-05 1.745110785122960806e-04
6.550000000000000000e+04 1.465804052713792771e-05 2.174842848035041243e-05 5.054560460848733783e-06 6.481449418060947210e-06 4.638848477043211460e-04 2.605480631245882250e-06 1.460229668737156317e-05 9.654963832872454077e-06 7.246107543323887512e-06 1.701848959783092141e-04
6.600000000000000000e+04 1.475837234465871006e-05 2.147763370885513723e-05 5.066734502179315314e-06 6.061346994101768360e-06 4.609182942658662796e-04 2.572303401393583044e-06 1.455642632208764553e-05 8.155374416674021631e-06 7.201788776001194492e-06 1.679124834481626749e-04
6.650000000000000000e+04 1.484284894104348496e-05 2.187079735449515283e-05 1.276356306334491819e-05 5.864253125764662400e-06 4.129916487727314234e-04 3.776590347115416080e-06 1.461161991755943745e-05 1.991859608097001910e-05 7.118375833670143038e-06 1.705190516076982021e-04
6.700000000000000000e+04 1.489636542828520760e-05 2.221906470367684960e-05 1.150961361418012530e-05 5.595828042714856565e-06 4.091969749424606562e-04 3.767817133848438971e-06 1.582830373081378639e-05 2.198591755586676300e-05 7.916367394500412047e-06 1.682801375864073634e-04
6.750000000000000000e+04 1.671392237767577171e-05 3.426925832172855735e-05 3.789953780142241158e-06 2.369091089349240065e-05 7.106338744051754475e-04 3.560989853212959133e-06 1.163874912890605628e-05 2.227755430794786662e-05 4.336890560807660222e-05 1.682267757132649422e-04
6.800000000000000000e+04 1.742101812851615250e-05 3.321848271298222244e-05 3.349515736772445962e-06 2.094521551043726504e-05 7.046472746878862381e-04 3.774840479309204966e-06 1.080153106158832088e-05 1.884236007754225284e-05 4.282367444830015302e-05 1.661864371271803975e-04
6.850000000000000000e+04 2.009283343795686960e-05 3.949977690353989601e-05 6.376626060955459252e-06 6.386264431057497859e-06 6.171011482365429401e-04 3.469376224529696628e-06 1.673277438385412097e-05 1.451618118153419346e-05 2.592816053947899491e-05 1.532375317765399814e-04
6.900000000000000000e+04 2.103885890392120928e-05 3.896426642313599586e-05 5.750553100369870663e-06 5.776592843176331371e-06 6.093921256251633167e-04 3.591788527046446688e-06 1.549402804812416434e-05 1.940644142450764775e-05 2.969221895909868181e-05 1.505610853200778365e-04
6.950000000000000000e+04 2.037615558947436512e-05 3.120180917903780937e-05 5.569055247178766876e-06 6.705229679937474430e-06 6.722906837239861488e-04 3.682815304273390211e-06 1.391788828186690807e-05 2.025816866080276668e-05 1.578574847371783108e-05 1.534162438474595547e-04
7.000000000000000000e+04 2.059968028333969414e-05 3.119320535915903747e-05 4.690107743954285979e-06 6.133225269877584651e-06 6.676348275505006313e-04 3.796077862716629170e-06 1.564144804433453828e-05 1.477154455642448738e-05 1.879163937701378018e-05 1.506533590145409107e-04
7.050000000000000000e+04 2.239480454591102898e-05 3.879270298057235777e-05 1.201036866405047476e-05 2.688245513127185404e-05 6.432945956476032734e-04 3.532020855345763266e-06 1.955218249349854887e-05 2.153364221157971770e-05 4.304805042920634151e-05 1.528893335489556193e-04
7.100000000000000000e+04 2.322260479559190571e-05 3.863922756863757968e-05 1.111433084588497877e-05 2.375981785007752478e-05 6.356239318847656250e-04 3.647807943707448430e-06 1.999750566028524190e-05 2.216923166997730732e-05 3.975944491685368121e-05 1.505678228568285704e-04
7.150000000000000000e+04 1.691023680905345827e-05 2.696407682378776371e-05 6.418088560167234391e-06 8.061245353019330651e-06 4.001731285825371742e-04 3.489566324788029306e-06 1.137665549322264269e-05 9.216959369950927794e-06 1.911073195515200496e-05 1.448932744096964598e-04
7.200000000000000000e+04 1.615496512386016548e-05 2.510473859729245305e-05 2.399262939434265718e-06 6.669266440439969301e-06 3.983621136285364628e-04 3.103631570411380380e-06 9.372020031150896102e-06 1.144741418102057651e-05 2.050296825473196805e-05 1.425422233296558261e-04
7.250000000000000000e+04 1.858816904132254422e-05 2.732352731982246041e-05 2.758989012363599613e-06 8.585541763750370592e-06 3.447176131885498762e-04 3.276482630099053495e-06 1.364170384476892650e-05 1.184351822303142399e-05 1.811502625059802085e-05 1.452405413147062063e-04
7.300000000000000000e+04 1.875874477264005691e-05 2.714970651140902191e-05 2.576142605903442018e-06 8.279265784949529916e-06 3.400276764295995235e-04 3.241389549657469615e-06 1.349527974525699392e-05 1.260359840671299025e-05 1.604413591849151999e-05 1.436178135918453336e-04
7.350000000000000000e+04 1.930406142491847277e-05 2.625152410473674536e-05 3.913068667316110805e-06 6.968118668737588450e-06 5.263462080620229244e-04 3.316612946946406737e-06 1.400398832629434764e-05 1.210927621286828071e-05 9.906692866934463382e-06 1.423948269803076982e-04
7.400000000000000000e+04 1.967457319551613182e-05 2.560273787821643054e-05 3.371266984686371870e-06 6.609931006096303463e-06 5.206185742281377316e-04 3.439848114794585854e-06 1.575102760398294777e-05 1.241754580405540764e-05 1.003911074803909287e-05 1.406997180311009288e-04
