# step, loss_train, loss_test, metrics_test
0.000000000000000000e+00 7.040710002183914185e-02 3.194558918476104736e-01 1.436025351285934448e-01 2.723604068160057068e-02 2.082840353250503540e-02 7.079797983169555664e-02 4.086981415748596191e-01 8.335034549236297607e-02 1.333633251488208771e-02 2.349106036126613617e-02
5.000000000000000000e+02 8.694966672919690609e-04 5.758107453584671021e-02 4.747405546368099749e-05 1.209986512549221516e-04 3.359233494848012924e-03 8.493856294080615044e-04 6.551939994096755981e-02 8.600793080404400826e-05 7.026846287772059441e-05 4.042850807309150696e-03
1.000000000000000000e+03 1.016772934235632420e-03 5.692888423800468445e-02 7.649471808690577745e-05 1.963769173016771674e-04 2.293176250532269478e-03 9.371930500492453575e-04 6.485023349523544312e-02 6.314901838777586818e-05 7.780636224197223783e-05 2.956855343654751778e-03
1.500000000000000000e+03 3.099819587077945471e-04 6.475204229354858398e-02 4.179578681942075491e-04 5.579670541919767857e-04 2.374328207224607468e-03 1.997226936509832740e-04 6.339599192142486572e-02 3.825305611826479435e-04 1.694504171609878540e-04 2.837393898516893387e-03
2.000000000000000000e+03 6.974218995310366154e-04 1.485356362536549568e-03 1.254237722605466843e-04 3.953790292143821716e-04 4.038370214402675629e-03 6.279688095673918724e-04 8.694683783687651157e-04 8.341254579136148095e-05 3.566546365618705750e-04 3.467624541372060776e-03
2.500000000000000000e+03 1.045520621119067073e-04 3.911126987077295780e-04 4.075375545653514564e-05 6.339904211927205324e-05 1.630096230655908585e-03 5.685011637979187071e-05 3.049501101486384869e-04 3.183675653417594731e-05 6.199382187332957983e-05 1.249434892088174820e-03
3.000000000000000000e+03 5.310737105901353061e-05 2.508283942006528378e-04 1.648157558520324528e-05 1.890478961286135018e-05 9.788236347958445549e-04 2.073390351142734289e-05 2.508707984816282988e-04 7.706179530941881239e-06 1.737446473271120340e-05 6.253812462091445923e-04
3.500000000000000000e+03 3.907696009264327586e-05 2.049201139016076922e-04 1.630201222724281251e-05 7.380208444374147803e-06 6.857841508463025093e-04 1.225093183165881783e-05 2.193623222410678864e-04 2.944562402262818068e-05 2.450742795190308243e-05 2.908338792622089386e-04
4.000000000000000000e+03 2.783786658255849034e-05 1.530861627543345094e-04 1.206724482472054660e-05 5.506175511982291937e-06 5.117690889164805412e-04 7.475659913325216621e-06 1.720163127174600959e-04 1.821529258450027555e-05 1.371261532767675817e-05 1.547715946799144149e-04
4.500000000000000000e+03 2.182972275477368385e-05 1.265626924578100443e-04 6.078404567233519629e-06 3.081708882746170275e-06 5.791662842966616154e-04 4.692725724453339353e-06 1.335990236839279532e-04 2.108486660290509462e-05 7.131972324714297429e-06 7.187560549937188625e-05
5.000000000000000000e+03 1.649140176596120000e-05 9.050862718140706420e-05 5.585536655416944996e-06 2.598946821308345534e-06 4.707020416390150785e-04 3.396341980987926945e-06 9.880934521788731217e-05 8.081511623458936810e-06 4.879932930634822696e-06 3.402320362511090934e-05
5.500000000000000000e+03 6.888004008942516521e-06 4.121664460399188101e-05 3.199010279786307365e-06 2.483005346221034415e-06 2.419484662823379040e-04 2.711500201257877052e-06 3.321684198454022408e-05 3.055233264603884891e-06 4.493670985539210960e-06 1.840454751800280064e-05
6.000000000000000000e+03 8.454692761006299406e-06 2.463257987983524799e-05 2.031307758443290368e-06 1.802532096917275339e-06 2.177359565393999219e-04 2.131689825546345674e-06 1.928737219714093953e-05 3.375145524842082523e-06 3.820494384854100645e-06 1.293938476010225713e-05
6.500000000000000000e+03 1.240962956217117608e-05 1.808198067010380328e-05 8.256376986537361518e-07 6.148454190224583726e-07 2.131638320861384273e-04 1.695978653515339829e-06 1.784304549801163375e-05 8.150994290190283209e-06 4.137754785915603861e-06 1.730934127408545464e-05
7.000000000000000000e+03 1.531350972072687000e-05 6.065039269742555916e-05 5.748335070165921934e-07 6.276191584220214281e-07 1.692658697720617056e-04 1.445505517949641217e-06 5.926390440436080098e-05 5.882242021471029148e-06 4.046649337396956980e-06 1.989551492442842573e-05
7.500000000000000000e+03 1.631491795706097037e-05 1.593783053976949304e-05 7.483029094146331772e-07 8.797435384622076526e-07 9.732801117934286594e-05 1.322814796367310919e-06 1.808711567719001323e-05 5.340415100363316014e-06 1.388345822306291666e-06 9.432539627596270293e-06
8.000000000000000000e+03 1.627806159376632422e-05 1.256966243090573698e-05 6.278789328462153208e-07 7.013385356913204305e-07 9.166490053758025169e-05 1.316628527092689183e-06 2.034838689723983407e-05 5.167812560102902353e-06 1.134810759140236769e-06 7.598023330501746386e-06
8.500000000000000000e+03 2.203472467954270542e-05 1.689988312136847526e-05 3.504467258608201519e-07 3.721823702562687686e-07 1.962847163667902350e-04 1.232253111993486527e-06 3.778993050218559802e-05 2.458964218021719716e-06 6.177421028041862883e-07 7.007793101365678012e-06
9.000000000000000000e+03 2.329576091142371297e-05 1.598381822986993939e-05 2.285908919930079719e-07 3.065677844915626338e-07 1.854795264080166817e-04 1.347738134427345358e-06 5.055620567873120308e-05 1.912405878101708367e-06 8.214736340050876606e-07 6.311965989880263805e-06
9.500000000000000000e+03 2.354745993216056377e-05 1.246800547960447147e-05 1.456430140933662187e-07 4.800961050932528451e-07 1.102323585655540228e-04 1.533612703497055918e-06 3.652675150078721344e-05 2.816463847921113484e-06 3.060241340335778659e-07 5.408464858192019165e-06
1.000000000000000000e+04 2.094691626552958041e-05 1.190779767057392746e-05 1.386058414709623321e-07 3.710706835136079462e-07 1.079229114111512899e-04 1.635207922845438588e-06 3.028221362910699099e-05 5.203577075008070096e-06 2.885358867388276849e-07 4.979434834240237251e-06
1.050000000000000000e+04 3.195049794157966971e-05 1.634092768654227257e-05 5.053958602729835548e-07 9.151711992672062479e-07 1.880074851214885712e-04 1.557873019919497892e-06 3.200552237103693187e-05 4.594538950186688453e-06 2.200176965061473311e-07 7.976035703904926777e-06
1.100000000000000000e+04 3.310209649498574436e-05 1.656443782849237323e-05 5.912465326218807604e-07 9.598093129170592874e-07 1.756706769810989499e-04 1.568256607242801692e-06 2.958987352030817419e-05 5.220419552642852068e-06 1.873235788707461325e-07 7.413266303046839312e-06
1.150000000000000000e+04 1.520042224001372233e-05 9.582226084603462368e-06 3.392553367120854091e-07 2.882335934373259079e-07 6.810538616264238954e-05 2.086972017423249781e-06 1.281670665775891393e-05 9.806996786210220307e-06 2.024512923526344821e-06 3.506892653604154475e-06
1.200000000000000000e+04 1.629197686270345002e-05 9.166609743260778487e-06 2.826564582392165903e-07 1.771779096770842443e-07 6.332703924272209406e-05 1.622953504920587875e-06 1.152342974819475785e-05 1.066666754923062399e-05 1.749578018461761530e-06 3.905402991222217679e-06
1.250000000000000000e+04 1.895969398901797831e-05 8.115173841360956430e-06 4.012848364709498128e-07 4.098384351891581900e-07 1.222590799443423748e-04 1.139545702244504355e-06 1.614905704627744853e-05 1.467071228944405448e-06 2.983365163800044684e-07 6.579622095159720629e-06
1.300000000000000000e+04 1.937529304996132851e-05 1.613837775948923081e-05 3.303933340248477180e-07 3.587049093312089099e-07 1.159601088147610426e-04 1.043628458319290075e-06 1.210934715345501900e-05 1.286444330617086962e-06 1.035480110544995114e-07 6.456694791268091649e-06
1.350000000000000000e+04 1.583296761964447796e-05 1.302010059589520097e-05 6.225241122592706233e-08 1.412393118016552762e-07 4.308470670366659760e-05 9.945807732947287150e-07 1.547914871480315924e-05 4.761366199090844020e-06 2.978302404699206818e-07 1.795784214664308820e-06
1.400000000000000000e+04 1.399966640747152269e-05 1.118674299505073577e-05 6.263723406618737499e-08 1.105184139760240214e-07 4.380714381113648415e-05 8.336647852047462948e-07 1.572589644638355821e-05 9.235205652657896280e-06 2.958133222819014918e-07 1.547932697576470673e-06
1.450000000000000000e+04 2.826613308570813388e-05 4.007894021924585104e-04 2.561594953931489727e-07 8.703013349986576941e-07 1.560335222166031599e-04 9.608930895410594530e-07 3.758912207558751106e-04 1.448128568881656975e-05 1.428221025889797602e-06 1.451987282052868977e-05
1.500000000000000000e+04 2.149168722098693252e-05 9.778815001482143998e-05 1.368921545008561225e-07 4.094398207143967738e-07 1.555765775265172124e-04 9.380965479977021459e-07 6.971162656554952264e-05 1.140009953815024346e-05 6.526606739498674870e-07 8.263167728728149086e-06
1.550000000000000000e+04 1.483072446717415005e-05 7.859239303797949106e-06 4.277657694728986826e-07 2.520423549867700785e-07 7.485548121621832252e-05 7.348473332058347296e-07 2.864975067495834082e-05 6.397581273631658405e-06 9.529401978625173797e-08 3.045516905331169255e-06
1.600000000000000000e+04 1.238421464222483337e-05 8.358240847883280367e-06 2.935728105057933135e-07 2.453285503634106135e-07 7.262243889272212982e-05 6.676877433164918330e-07 2.434286398056428879e-05 3.053231921512633562e-06 1.089916210617047909e-07 2.906298959715059027e-06
1.650000000000000000e+04 2.522101203794591129e-05 1.293486093345563859e-05 1.483826252979270066e-07 1.038958288290814380e-07 1.001377604552544653e-04 5.305452077664085664e-07 1.899410199257545173e-05 4.147634911078057485e-07 2.317332956636164454e-07 2.329216613361495547e-06
1.700000000000000000e+04 2.473101994837634265e-05 1.256162886420497671e-05 1.177303019517239591e-07 9.839745729323112755e-08 9.284209227189421654e-05 4.806272499990882352e-07 2.059355210803914815e-05 1.895408701102496707e-07 2.774176550701668020e-07 2.052661102425190620e-06
1.750000000000000000e+04 1.984076516237109900e-05 9.493798643234185874e-06 2.094769371296933969e-07 1.047411828380973020e-07 9.365369623992592096e-05 4.248880713930702768e-07 2.744642370089422911e-05 2.025790308834984899e-06 9.837763315090342076e-08 1.643169298404245637e-06
1.800000000000000000e+04 1.865970443759579211e-05 8.637048267701175064e-06 1.521953834071609890e-07 7.623405906542757293e-08 9.042902092915028334e-05 3.314198124826361891e-07 2.622742613311856985e-05 4.404672836244571954e-06 1.180609530138099217e-07 1.453551703889388591e-06
1.850000000000000000e+04 2.004328052862547338e-05 1.609743048902601004e-05 3.819125993231864413e-07 1.466560775043035392e-06 1.679115521255880594e-04 3.513412707434326876e-07 4.343299588072113693e-05 2.575433200036059134e-06 1.342639421864078031e-07 3.307029828647500835e-06
1.900000000000000000e+04 1.864477781055029482e-05 1.547337706142570823e-05 2.319535497008473612e-07 9.705736374598927796e-07 1.541091041872277856e-04 2.926047102391748922e-07 4.534726394922472537e-05 2.938824991360888816e-06 5.956419002473012370e-08 2.362212853768141940e-06
1.950000000000000000e+04 7.808287591615226120e-06 7.976799679454416037e-06 1.215807117205258692e-07 1.904100912497597164e-07 2.739709634624887258e-05 2.112882953042571899e-07 2.845884046109858900e-05 1.161378008873725776e-06 1.796795743302936899e-07 6.610115974581276532e-07
2.000000000000000000e+04 7.237454155983868986e-06 6.654325261479243636e-06 1.124315005540665879e-07 1.150214643530489411e-07 2.621878775244113058e-05 1.955448283297300804e-07 2.447043516440317035e-05 9.807026799535378814e-07 3.938912982448528055e-07 5.456012104332330637e-07
2.050000000000000000e+04 1.360971054964466020e-05 7.524287866544909775e-06 1.141931917914007499e-07 5.743745390418553143e-08 5.005697676097042859e-05 1.850227704380813520e-07 2.579872489150147885e-05 2.497747573215747252e-07 9.481480844897305360e-08 1.292956881115969736e-06
2.100000000000000000e+04 1.388640066579682752e-05 1.796501892386004329e-04 2.926171873696148396e-07 2.073238789535025717e-07 4.366621942608617246e-05 1.498921875509040547e-07 1.609587488928809762e-04 6.266513423724973109e-07 1.428210509857308352e-07 7.930127139843534678e-06
2.150000000000000000e+04 1.193288062495412305e-05 1.335681372438557446e-05 2.430997199098783312e-07 1.243552674168313388e-07 1.485529646743088961e-04 1.426580951147116139e-07 1.971488018170930445e-05 2.997844603669364005e-06 1.157376914306951221e-06 2.891842086683027446e-06
2.200000000000000000e+04 1.143488407251425087e-05 1.225662163051310927e-05 1.727326122136219055e-07 4.477202608654806681e-08 1.430863048881292343e-04 1.421172015625415952e-07 1.816894109651912004e-05 2.242009941255673766e-06 1.520808609711821191e-06 2.889331199185107835e-06
2.250000000000000000e+04 1.250353125215042382e-05 8.394759788643568754e-06 1.308968364810425555e-07 9.853271194515400566e-07 8.070801413850858808e-05 1.525264110568969045e-07 1.961705675057601184e-05 4.126195563003420830e-07 1.069778022610989865e-06 8.997350846584595274e-07
2.300000000000000000e+04 1.136124501499580219e-05 7.711597390880342573e-06 7.708552374197097379e-08 7.014251650616643019e-07 7.914768502814695239e-05 1.453539937301684404e-07 1.628209429327398539e-05 2.494120678875333397e-07 9.009988843899918720e-07 1.020373019855469465e-06
2.350000000000000000e+04 1.143241479439893737e-05 4.707771040557418019e-06 1.046475475163788360e-07 7.101480292703854502e-08 2.728209801716729999e-05 1.269193745656593819e-07 1.421531942469300702e-05 2.537289674364728853e-06 6.436494004447013140e-07 6.229490168152551632e-07
2.400000000000000000e+04 1.021425759972771630e-05 4.617874765244778246e-06 1.072918465183647641e-07 4.018879451450629858e-08 2.403724647592753172e-05 1.088509762325884367e-07 1.460594467062037438e-05 4.935970423503022175e-07 1.253449795513006393e-06 4.683262488924810896e-07
2.450000000000000000e+04 1.086721113097155467e-05 4.383993200463009998e-06 2.968941714698303258e-07 2.126865297213953454e-07 5.093869913253001869e-05 9.479025209202518454e-08 1.378633987769717351e-05 2.687625055841635913e-06 9.152940805279285996e-08 5.831623184349155053e-07
2.500000000000000000e+04 9.889591638057027012e-06 3.926284534827573225e-06 2.227319555458961986e-07 1.120297881129772577e-07 4.969914516550488770e-05 8.799178630169990356e-08 1.411525408911984414e-05 1.781873606887529604e-06 7.102381971435534069e-08 5.791015382783371024e-07
2.550000000000000000e+04 1.075037653208710253e-05 4.409935172589030117e-06 1.651971786031936062e-07 1.021978377480081690e-07 3.269607623224146664e-05 8.849988830661459360e-08 2.160555959562771022e-05 1.156376129074487835e-06 2.029131564995623194e-07 1.412434926351124886e-06
2.600000000000000000e+04 9.844036867434624583e-06 4.920255832985276356e-06 1.441187720274683670e-07 7.389856904183034203e-08 2.903946187871042639e-05 9.842020887163016596e-08 2.581183071015402675e-05 1.534176135464804247e-06 6.526396134631795576e-08 1.289087322220439091e-06
2.650000000000000000e+04 8.282635462819598615e-06 7.443014055752428249e-06 1.015402517623442691e-07 4.380102325285406550e-08 6.231608131201937795e-05 1.002715563913625374e-07 1.418727060809032992e-05 2.800565653160447255e-06 3.536221271360773244e-08 1.169271513390413020e-06
2.700000000000000000e+04 7.207770522654755041e-06 7.000292498560156673e-06 1.152862125763931544e-07 2.691925615749823919e-08 5.682483970304019749e-05 1.069817798793337715e-07 1.812166738091036677e-05 3.052832880712230690e-06 3.395505743242210883e-08 9.927852033797535114e-07
2.750000000000000000e+04 1.002275985229061916e-05 3.891812229994684458e-05 2.103157612509676255e-07 9.495936836856344598e-08 3.235427720937877893e-05 1.131618105887355341e-07 2.800288893922697753e-05 6.998761818977072835e-07 9.263455353902827483e-07 2.694569730010698549e-06
2.800000000000000000e+04 8.788838385953567922e-06 3.021823886228958145e-06 1.542156979894571123e-07 3.383949120916440734e-08 2.496705201338045299e-05 1.032926775224041194e-07 9.926252459990791976e-06 3.628032061442354461e-07 7.861128210606693756e-07 3.737669942438515136e-07
2.850000000000000000e+04 1.481877097830874845e-05 1.047183923219563439e-05 1.648911052143375855e-07 7.826776737829277408e-08 1.204465806949883699e-04 9.604926987094586366e-08 1.300681651628110558e-05 3.417144682771322550e-07 8.310951784551434685e-07 1.856163407865096815e-06
2.900000000000000000e+04 1.258420252270298079e-05 1.032361797115299851e-05 1.486257303895399673e-07 7.232463161699342891e-08 1.141581087722443044e-04 1.077995932519115740e-07 1.303362842008937150e-05 4.017567221126228105e-07 9.513177019471186213e-07 2.039909531958983280e-06
2.950000000000000000e+04 1.019494538923026994e-05 6.795680747018195689e-06 9.505642850626827567e-08 7.583657435361601529e-08 3.515762000461108983e-05 1.078909974694397533e-07 2.556615072535350919e-05 2.261769850520067848e-06 8.336219252669252455e-07 4.132772914999804925e-07
3.000000000000000000e+04 8.367293048650026321e-06 4.335222911322489381e-06 6.685151987539939000e-08 6.939779950698721223e-08 3.140499393339268863e-05 8.833021070131508168e-08 1.524560411780839786e-05 2.956146317956154235e-06 6.727882464474532753e-07 2.217762329337347182e-07
3.050000000000000000e+04 1.252730362466536462e-05 5.911880634812405333e-06 9.103271736421447713e-08 6.328522772491851356e-08 5.952192441327497363e-05 9.192666539092897438e-08 1.199878533952869475e-05 3.201010258635506034e-06 5.777501996817591134e-07 7.083069704094668850e-07
3.100000000000000000e+04 1.095689367502927780e-05 6.328993549686856568e-06 1.202686092938165530e-07 8.970445009026661864e-08 4.737970812129788101e-05 8.740620671687793219e-08 1.669185439823195338e-05 2.479182739989482798e-06 1.186587155643792357e-06 7.611815249219944235e-07
3.150000000000000000e+04 6.171696895762579516e-06 4.824916686629876494e-06 1.920782324305037037e-07 3.184203123396400770e-08 4.674555748351849616e-05 7.647204114391570329e-08 1.919230999192222953e-05 3.370490503584733233e-06 3.957850367442006245e-06 1.502658165009052027e-06
3.200000000000000000e+04 5.141188921697903425e-06 4.386548425827641040e-06 1.577833614874180057e-07 2.507468899182185851e-08 4.289268326829187572e-05 6.092176363381440751e-08 1.634444197406992316e-05 1.759022893565997947e-06 5.772538770543178543e-06 1.578967953719256911e-06
3.250000000000000000e+04 4.559047738439403474e-06 9.347867489850614220e-06 1.312121185037540272e-07 6.237533511921355966e-08 4.513643580139614642e-05 4.921630392118458985e-08 1.083001916413195431e-05 1.247217142008594237e-06 1.635733752891610493e-07 1.706634634501824621e-06
3.300000000000000000e+04 3.917564299626974389e-06 5.229660928307566792e-06 6.291685394899104722e-08 2.290103040536450862e-08 4.353261465439572930e-05 4.596481417706854700e-08 4.120021912967786193e-06 1.414901589669170789e-06 4.708159551114476926e-08 1.247834120476909447e-06
3.350000000000000000e+04 5.891013643122278154e-06 3.162603434248012491e-06 4.430074795891414396e-08 2.330120452143091825e-07 4.335857738624326885e-05 8.226275838296714937e-08 7.437317890435224399e-06 1.067238883933896432e-07 5.651083370139531326e-07 6.966012620068795513e-07
3.400000000000000000e+04 6.023689820722211152e-06 3.409585588087793440e-06 5.166472050177617348e-08 1.656535602023723186e-07 3.660501897684298456e-05 7.341539998151347390e-08 9.455114195588976145e-06 8.007547336319476017e-08 3.167563988881738624e-07 7.893112865531293210e-07
3.450000000000000000e+04 5.860708824911853299e-06 4.591690867528086528e-06 9.555603952549063251e-08 7.903738463710396900e-08 3.985876537626609206e-05 5.400033487035216240e-08 2.592758210084866732e-05 1.666999310145911295e-06 1.271112353151693242e-07 3.596057922550244257e-07
3.500000000000000000e+04 4.842012913286453113e-06 4.402879312692675740e-06 9.094576824963951367e-08 1.074338271678243473e-07 3.814295996562577784e-05 5.707927641651622253e-08 2.651069553394336253e-05 3.193507609466905706e-06 1.479699562878522556e-07 8.868512963999819476e-07
3.550000000000000000e+04 6.914350706210825592e-06 4.814342901227064431e-06 6.895191972944303416e-08 8.417747210387460655e-08 2.614293225633446127e-05 4.378082607559008466e-08 1.051106482918839902e-05 1.430156999049359001e-06 1.894520522682796582e-07 2.477645921317161992e-06
3.600000000000000000e+04 5.280710411170730367e-06 7.823530177120119333e-05 7.744344543425540905e-08 1.007604026881381287e-07 2.099297125823795795e-05 3.498698575299385993e-08 4.324308247305452824e-05 2.139767730113817379e-06 7.463527396112112910e-08 9.692016647022683173e-06
3.650000000000000000e+04 9.587267413735389709e-06 4.905969944957178086e-06 1.356545027419997496e-07 1.379249852107022889e-07 3.641673902166076005e-05 7.676478475104886456e-08 8.961811545304954052e-06 4.866542440140619874e-07 1.403053886406269157e-07 1.912595735120703466e-06
3.700000000000000000e+04 8.261074981419369578e-06 4.225437351124128327e-06 7.702742976789522800e-08 1.065988755044600111e-07 2.991732617374509573e-05 5.441375350301314029e-08 1.132344277721131220e-05 3.651608722066157497e-07 1.088865744236500177e-07 1.603998384780425113e-06
3.750000000000000000e+04 1.026116569846635684e-05 8.593107850174419582e-06 1.319953639722371008e-07 7.073087004982880899e-08 7.943763193907216191e-05 4.602248182550283673e-08 3.437434133957140148e-05 7.900523996795527637e-06 1.275850877391349059e-06 1.155066229330259375e-06
3.800000000000000000e+04 8.245393473771400750e-06 7.038372132228687406e-06 1.366549753356594010e-07 6.624824777645699214e-08 7.392914994852617383e-05 6.000168184527865378e-08 2.846283496182877570e-05 7.960357834235765040e-06 8.260234949375444558e-07 7.258087748596153688e-07
