# step, loss_train, loss_test, metrics_test
0.000000000000000000e+00 1.625899970531463623e-02 1.466092765331268311e-01 1.189007312059402466e-01 5.808747932314872742e-02 1.601210236549377441e-02 1.635779812932014465e-02 1.254192292690277100e-01 1.111040934920310974e-01 6.546473503112792969e-02 1.815007999539375305e-02
5.000000000000000000e+02 6.179813062772154808e-04 5.817025154829025269e-02 5.634606350213289261e-05 5.665977732860483229e-05 4.665402229875326157e-03 5.935321678407490253e-04 6.677851080894470215e-02 1.148632654803805053e-04 6.896948616486042738e-05 5.348088685423135757e-03
1.000000000000000000e+03 5.442447727546095848e-04 5.777881294488906860e-02 6.074424527469091117e-05 1.152697586803697050e-04 4.173698369413614273e-03 5.338534829206764698e-04 6.595198810100555420e-02 3.855705654132179916e-05 8.085743320407345891e-05 4.857445601373910904e-03
1.500000000000000000e+03 4.035557212773710489e-04 6.842143833637237549e-02 8.296201121993362904e-05 1.341880706604570150e-04 4.805901553481817245e-03 3.612769069150090218e-04 6.510142982006072998e-02 2.126860636053606868e-05 2.026918809860944748e-05 5.331164225935935974e-03
2.000000000000000000e+03 3.221430815756320953e-04 6.781288981437683105e-02 9.279663936467841268e-05 1.490180438850075006e-04 3.504801308736205101e-03 2.936296223197132349e-04 6.494946032762527466e-02 1.800577592803165317e-05 2.905849396483972669e-05 4.005522932857275009e-03
2.500000000000000000e+03 1.663731236476451159e-04 7.999541610479354858e-02 1.106999116018414497e-04 2.121102443197742105e-04 3.041389863938093185e-03 1.398021995555609465e-04 6.459342688322067261e-02 4.339073348091915250e-05 2.426273022138047963e-05 3.411173354834318161e-03
3.000000000000000000e+03 1.043786469381302595e-04 7.954120635986328125e-02 1.711948571028187871e-04 2.378273929934948683e-04 2.321091014891862869e-03 6.938342994544655085e-05 6.420111656188964844e-02 1.106084382627159357e-04 1.493151830800343305e-05 2.692183945327997208e-03
3.500000000000000000e+03 1.469324226491153240e-03 6.080942973494529724e-02 2.158262796001508832e-04 2.687406376935541630e-04 4.125244740862399340e-04 5.899414536543190479e-04 6.652925908565521240e-02 6.992575363256037235e-04 5.764035740867257118e-04 1.069469959475100040e-03
4.000000000000000000e+03 1.342292525805532932e-03 4.848488047719001770e-02 1.345686498098075390e-03 2.778309630230069160e-03 3.827589680440723896e-04 3.291092580184340477e-04 4.975361004471778870e-02 2.411899389699101448e-03 8.442885242402553558e-03 9.712421451695263386e-04
4.500000000000000000e+03 3.760487888939678669e-04 1.585728675127029419e-02 3.686875279527157545e-04 1.027791295200586319e-03 1.937765977345407009e-03 2.354386379010975361e-04 1.436513662338256836e-02 2.604257606435567141e-04 3.128426847979426384e-03 1.811028807424008846e-03
5.000000000000000000e+03 2.105073072016239166e-04 1.273849979043006897e-03 1.457202324672834948e-05 4.652914867619983852e-05 2.577313920482993126e-03 8.103294385364279151e-05 1.138041377998888493e-03 4.939207428833469748e-05 1.237957912962883711e-04 2.050569280982017517e-03
5.500000000000000000e+03 1.011174608720466495e-04 8.626017952337861061e-04 8.445313142146915197e-06 4.742310557048767805e-05 1.912137260660529137e-03 3.613364606280811131e-05 5.640292656607925892e-04 1.911780418595299125e-05 6.023539390298537910e-05 1.512164133600890636e-03
6.000000000000000000e+03 6.965034117456525564e-05 6.524506607092916965e-04 7.773181096126791090e-06 4.437875395524315536e-05 1.598854782059788704e-03 2.226113610959146172e-05 4.929443821310997009e-04 1.585866084496956319e-05 5.402047099778428674e-05 1.216265605762600899e-03
6.500000000000000000e+03 3.895786721841432154e-05 5.382368690334260464e-04 9.344482350570615381e-06 3.385969466762617230e-05 1.449980773031711578e-03 1.656880704103969038e-05 3.795112716034054756e-04 3.266476051067002118e-05 4.241225178702734411e-05 9.727275464683771133e-04
7.000000000000000000e+03 2.761562973319087178e-05 4.053814336657524109e-04 1.609635728527791798e-05 2.034725002886261791e-05 1.219781115651130676e-03 1.226614131155656651e-05 2.956328971777111292e-04 4.308531788410618901e-05 3.731615288415923715e-05 7.211291813291609287e-04
7.500000000000000000e+03 1.907092155306600034e-05 2.857961226254701614e-04 1.853153298725374043e-05 7.313016794796567410e-06 7.871951675042510033e-04 9.074294212041422725e-06 2.794252359308302402e-04 2.215103631897363812e-05 8.869320481608156115e-06 4.670741909649223089e-04
8.000000000000000000e+03 1.311015239480184391e-05 1.990947785088792443e-04 2.711493107199203223e-05 5.703218448616098613e-06 5.899944226257503033e-04 6.518708232761127874e-06 1.978057698579505086e-04 2.029094866884406656e-05 1.082747075997758657e-05 2.853046171367168427e-04
8.500000000000000000e+03 1.379684999847086146e-05 1.150811367551796138e-04 1.874016561487223953e-05 4.289823664294090122e-06 5.460191750898957253e-04 4.454774170881137252e-06 1.684148883214220405e-04 1.653623621677979827e-05 1.080201673175906762e-05 1.821805490180850029e-04
9.000000000000000000e+03 1.145300120697356761e-05 6.946675421204417944e-05 1.361976683256216347e-05 3.644374601208255626e-06 4.636525409296154976e-04 3.471758645900990814e-06 1.299809810006991029e-04 1.293743662245105952e-05 3.878959614667110145e-05 1.096021078410558403e-04
9.500000000000000000e+03 8.078016435320023447e-06 5.496122685144655406e-05 8.427595275861676782e-06 4.720041488326387480e-06 3.196177131030708551e-04 2.808744056892464869e-06 5.763536319136619568e-05 1.044079090206651017e-05 1.184765096695628017e-05 7.364011980826035142e-05
1.000000000000000000e+04 7.982691386132501066e-06 3.802452556556090713e-05 5.877046987734502181e-06 3.305423206256818958e-06 2.783704840112477541e-04 2.273895461257779971e-06 4.271167927072383463e-05 8.656885256641544402e-06 2.333984775759745389e-05 4.839245957555249333e-05
1.050000000000000000e+04 1.434035038982983679e-05 3.249962901463732123e-05 5.373550266085658222e-06 1.976721932805958204e-06 3.949618549086153507e-04 1.953457513081957586e-06 3.269873195677064359e-05 5.770198185928165913e-06 1.100712233892409131e-05 3.043221477128099650e-05
1.100000000000000000e+04 1.628337849979288876e-05 2.609610419312957674e-05 3.940250735467998311e-06 1.314237010774377268e-06 3.500809252727776766e-04 1.526458845546585508e-06 2.373698953306302428e-05 3.411964598853955977e-06 8.474957212456502020e-06 2.069707988994196057e-05
1.150000000000000000e+04 1.246960709977429360e-05 1.315315148531226441e-05 2.405592567811254412e-06 7.223741818052076269e-07 1.447424438083544374e-04 1.325646167060767766e-06 1.546586645417846739e-05 2.961086238428833894e-06 1.128009353124070913e-05 1.589454768691211939e-05
1.200000000000000000e+04 1.250366949534509331e-05 1.102456644730409607e-05 1.979223270609509200e-06 6.926246101102151442e-07 1.326706842519342899e-04 1.235227273355121724e-06 1.252586844202596694e-05 2.041218294834834523e-06 1.118917498388327658e-05 1.369771416648291051e-05
1.250000000000000000e+04 1.498454184911679476e-05 1.413953123119426891e-05 1.886337372525304090e-06 7.785593538756074850e-07 2.101932768709957600e-04 9.961374871636508033e-07 7.128881406970322132e-06 1.345800569652055856e-06 1.267738980459398590e-06 1.649487239774316549e-05
1.300000000000000000e+04 1.816602707549463958e-05 1.321867694059619680e-05 9.320378921984229237e-07 9.344786349174682982e-07 1.899790950119495392e-04 9.610221241018734872e-07 1.041568430082406849e-05 1.092046431949711405e-06 1.399117650180414785e-06 1.555060589453205466e-05
1.350000000000000000e+04 1.442686334485188127e-05 9.587250133336056024e-06 3.222367581656726543e-07 4.374393256512121297e-07 7.891081622801721096e-05 1.061821308212529402e-06 1.073340627044672146e-05 2.572906851128209382e-06 2.433333065710030496e-06 6.354171091516036540e-06
1.400000000000000000e+04 1.368913854093989357e-05 6.647095688094850630e-06 1.811345384794549318e-07 2.858685661522031296e-07 7.551303133368492126e-05 1.015181965158262756e-06 8.644655281386803836e-06 4.544523108052089810e-06 3.062544465137762018e-06 5.199575298320269212e-06
1.450000000000000000e+04 2.284333095303736627e-05 1.024923039949499071e-05 5.528726774173264857e-07 9.636702316129230894e-07 2.465506840962916613e-04 9.872391046883421950e-07 7.391526196443010122e-06 1.096266601052775513e-06 5.660583610733738169e-06 1.106498893932439387e-05
1.500000000000000000e+04 2.630483140819706023e-05 9.327100997325032949e-06 3.876068035424395930e-07 5.118735089126857929e-07 2.278670726809650660e-04 9.377966421197925229e-07 6.425221272365888581e-06 1.358378995064413175e-06 4.142234502069186419e-06 1.066953063855180517e-05
1.550000000000000000e+04 1.929088830365799367e-05 6.487426162493648008e-06 7.612158583469863515e-07 7.105188046807597857e-07 1.191074625239707530e-04 9.171539545604900923e-07 8.278287168650422245e-06 2.551795887484331615e-06 3.102885557382251136e-06 6.157424195407656953e-06
1.600000000000000000e+04 1.822140802687499672e-05 5.466252787300618365e-06 6.179713523124519270e-07 4.347838853391294833e-07 1.155095305875875056e-04 8.887616331776371226e-07 8.478546078549697995e-06 1.517677560514130164e-06 2.399469622105243616e-06 5.321460321283666417e-06
1.650000000000000000e+04 2.852821489796042442e-05 7.229676612041657791e-06 8.072731247921183240e-07 6.103973078097624239e-07 1.692445512162521482e-04 8.021078201636555605e-07 8.986692591861356050e-06 8.992197990664863028e-07 3.937193014280637726e-06 6.865268915134947747e-06
1.700000000000000000e+04 3.228575224056839943e-05 7.719881068624090403e-06 5.058060423834831454e-07 5.668987910212308634e-07 1.565191341796889901e-04 7.729399840172845870e-07 1.092750153475208208e-05 6.991110694798408076e-07 4.467775852390332147e-06 6.358019163599237800e-06
1.750000000000000000e+04 2.607871647342108190e-05 6.573959581146482378e-06 5.272545990919752512e-07 3.994842074916959973e-07 1.386486983392387629e-04 8.188990250346250832e-07 1.095513380278134719e-05 2.028472636084188707e-06 9.757217185324407183e-07 4.922900188830681145e-06
1.800000000000000000e+04 2.519581539672799408e-05 6.009640856063924730e-06 4.824431130145967472e-07 3.155076342409302015e-07 1.338909933110699058e-04 7.716525374235061463e-07 1.180464187200414017e-05 2.933513314928859472e-06 9.995972050091950223e-07 4.694833023677347228e-06
1.850000000000000000e+04 3.138067040708847344e-05 1.177645663119619712e-05 1.752937123455922119e-06 1.707353703750413842e-06 2.406959974905475974e-04 7.015427740952873137e-07 2.741550451901275665e-05 1.782257186278002337e-06 2.047904672508593649e-06 7.129610366973793134e-06
1.900000000000000000e+04 3.096298678428865969e-05 1.224051993631292135e-05 9.185449698634329252e-07 1.695196260698139668e-06 2.294620353495702147e-04 6.378659236361272633e-07 2.773228516161907464e-05 1.693152967163769063e-06 1.977484316739719361e-06 6.727271284034941345e-06
1.950000000000000000e+04 2.217579276475589722e-05 6.825628588558174670e-06 5.389684361034596805e-07 6.941647257008298766e-07 5.098267865832895041e-05 7.540891715507314075e-07 1.511907248641364276e-05 2.095669287882628851e-06 8.004687515494879335e-06 2.719314352361834608e-06
2.000000000000000000e+04 1.887516555143520236e-05 5.925346158619504422e-06 3.629779428138135700e-07 5.992640694785222877e-07 5.064212382421828806e-05 6.967939043533988297e-07 1.317821443080902100e-05 1.773105395841412246e-06 1.027842790790600702e-05 2.546652922319481149e-06
2.050000000000000000e+04 2.324628439964726567e-05 4.715928298537619412e-06 1.360497208224842325e-07 1.970427803144048085e-07 9.261880040867254138e-05 6.076901399865164421e-07 1.229131430591223761e-05 7.297283559637435246e-07 3.513844831104506738e-06 4.153608188062207773e-06
2.100000000000000000e+04 2.277166822750587016e-05 5.127288204676005989e-06 1.328845229409125750e-07 2.242905878802048392e-07 8.846301352605223656e-05 5.476003934745676816e-07 1.276016155316028744e-05 6.559653229487594217e-07 3.182984983141068369e-06 4.212861313135363162e-06
2.150000000000000000e+04 2.522861177567392588e-05 9.592463356966618448e-06 4.071853538789582672e-07 2.578756266302661970e-07 1.917051413329318166e-04 4.537239988167129923e-07 1.761433668434619904e-05 1.457143639527203050e-06 4.117269782000221312e-05 3.342498303027241491e-06
2.200000000000000000e+04 2.341100298508536071e-05 1.496961158409249038e-05 3.518135542890377110e-07 4.754890028380032163e-07 1.909974671434611082e-04 4.511047961841541110e-07 2.590708936622831970e-05 1.193234993479563855e-06 4.205354707664810121e-05 4.161575816397089511e-06
2.250000000000000000e+04 2.057563688140362501e-05 6.615802249143598601e-06 3.274846278600307414e-07 6.752284207323100418e-07 1.016746391542255878e-04 4.253165855061524780e-07 1.520420482847839594e-05 2.535550436277844710e-07 3.775852746912278235e-05 2.040694198512937874e-06
2.300000000000000000e+04 1.932825762196443975e-05 6.144683993625221774e-06 2.209579292866692413e-07 6.624992465731338598e-07 1.012794891721569002e-04 4.042474017751374049e-07 1.360983969789231196e-05 5.422197091320413165e-07 3.539895260473713279e-05 2.182259095206973143e-06
2.350000000000000000e+04 2.395037336100358516e-05 5.120375135447829962e-06 1.172843369090514898e-07 1.628493890848403680e-07 6.011466393829323351e-05 4.238226267716527218e-07 1.012105985864764079e-05 6.718746590195223689e-07 2.847308314812835306e-05 4.497832378547172993e-06
2.400000000000000000e+04 2.355722062929999083e-05 4.831429123441921547e-06 1.133007856424228521e-07 1.266243998543359339e-07 5.679985406459309161e-05 4.413999192820483586e-07 1.033443277265178040e-05 8.251168424067145679e-07 2.651826616784092039e-05 3.950566224375506863e-06
2.450000000000000000e+04 1.643137147766537964e-05 5.361359399103093892e-06 6.912284220561559778e-07 4.687959176408185158e-07 7.019805343588814139e-05 4.030675313515530434e-07 1.507660454080905765e-05 4.276282368209649576e-07 5.110022357257548720e-06 3.386744538147468120e-06
2.500000000000000000e+04 1.589035491633694619e-05 5.352836524252779782e-06 5.103411240270361304e-07 3.642140598003607010e-07 6.922907778061926365e-05 3.475072105629806174e-07 1.536770287202671170e-05 8.204406185541301966e-07 4.010353222838602960e-06 3.141233491987804882e-06
2.550000000000000000e+04 2.475655492162331939e-05 4.289884600439108908e-06 6.474527936006779782e-07 8.592135714025062043e-07 5.958969995845109224e-05 3.639268868482758990e-07 1.387051634083036333e-05 7.182197805377654731e-07 1.488615794187353458e-06 2.411582499917130917e-06
2.600000000000000000e+04 2.237274020444601774e-05 4.452082521311240271e-06 5.185673330743156839e-07 6.361139526234182995e-07 5.741441782447509468e-05 3.948948403831309406e-07 1.416844770574243739e-05 8.179428050425485708e-07 1.162386183750641067e-06 2.859044570868718438e-06
2.650000000000000000e+04 2.096702155540697277e-05 7.385757726297015324e-06 1.359409509404940763e-07 1.975701877654501004e-07 1.101196830859407783e-04 4.175562651198561070e-07 7.291313522728160024e-06 1.260413228010293096e-06 2.038844058915856294e-06 3.722324208865757100e-06
2.700000000000000000e+04 2.017324732150882483e-05 7.892856046964880079e-06 1.242077161123233964e-07 1.869707091373129515e-07 1.051904691848903894e-04 4.065662153607263463e-07 9.410222446604166180e-06 1.786867755981802475e-06 1.133820774157356936e-06 3.418206233618548140e-06
2.750000000000000000e+04 1.967797470570076257e-05 5.616460384771926329e-06 1.535678109121363377e-07 4.991420041733363178e-07 6.755428330507129431e-05 3.596671547256846679e-07 1.387359134241705760e-05 1.928197889355942607e-06 5.446018803922925144e-06 3.863756319333333522e-06
2.800000000000000000e+04 1.953520404640585184e-05 5.281731318973470479e-06 1.029471832225681283e-07 2.444632514198019635e-07 6.462832971010357141e-05 3.570848434719664510e-07 1.336348213953897357e-05 2.556898607508628629e-06 1.263373815163504332e-05 3.831538379017729312e-06
2.850000000000000000e+04 2.136451075784862041e-05 8.536350833310279995e-06 1.359508559062305721e-07 1.280221795241232030e-07 1.597149093868210912e-04 3.205236396297550527e-07 5.858558324689511210e-06 5.382440235734975431e-07 6.706937710987403989e-06 3.024967554665636271e-06
2.900000000000000000e+04 2.000295353354886174e-05 8.744596925680525601e-06 1.206933859521086561e-07 1.536479743435847922e-07 1.581379910930991173e-04 3.051924579722253839e-07 6.570832738361787051e-06 4.628210206192306941e-07 5.638805760099785402e-06 3.100620688201161101e-06
2.950000000000000000e+04 1.587117367307655513e-05 5.046586920798290521e-06 1.172881454181151639e-07 2.029661061442311620e-07 5.366878394852392375e-05 3.505049335217336193e-07 1.653116305533330888e-05 4.048218215757515281e-06 2.639416379679460078e-06 1.983883066714042798e-06
3.000000000000000000e+04 1.474329746997682378e-05 4.777612957695964724e-06 1.014210155858563667e-07 1.443112580545857782e-07 5.268211316433735192e-05 3.218676454252999974e-07 1.631820668990258127e-05 3.748018571059219539e-06 1.384046186103660148e-06 1.969207914953585714e-06
3.050000000000000000e+04 1.810666617529932410e-05 6.459500127675710246e-06 1.341093991413799813e-07 1.703134984154530684e-07 9.696104098111391068e-05 2.706687212139513576e-07 9.531181603961158544e-06 1.720869363452948164e-06 3.549833309079986066e-06 2.447674432914936915e-06
3.100000000000000000e+04 1.729189898469485343e-05 5.885333848709706217e-06 1.256976389640840353e-07 1.266627123186481185e-07 9.460196451982483268e-05 2.765718818409368396e-07 1.238785534951603040e-05 3.347315441715181805e-06 3.164031113556120545e-06 2.631070628922316246e-06
3.150000000000000000e+04 1.117355714086443186e-05 3.714001877597183920e-06 1.334137209596519824e-07 1.228087285198853351e-07 7.171483593992888927e-05 2.805353176427161088e-07 1.576126123836729676e-05 6.658593520114663988e-06 1.216248165292199701e-05 2.297494120284682140e-06
3.200000000000000000e+04 1.083226288756122813e-05 3.923865278920857236e-06 1.086567280594863405e-07 1.002151179818611126e-07 7.007074600551277399e-05 2.789161328564659925e-07 1.460521161789074540e-05 8.171684385160915554e-06 1.668100230745039880e-05 2.173088887502672151e-06
3.250000000000000000e+04 1.430741849617334083e-05 7.338306204474065453e-06 1.991305396131792804e-07 3.719265464496857021e-07 6.109420792199671268e-05 2.469018056672211969e-07 1.248074022441869602e-05 1.362015268568939064e-06 3.125324781194649404e-07 2.789977315842406824e-06
3.300000000000000000e+04 1.186523059004684910e-05 5.802081886940868571e-06 1.720478337574604666e-07 7.239962229732554988e-08 6.021215813234448433e-05 2.282930466890320531e-07 1.529176188341807574e-05 1.293601599172689021e-06 3.916235300494008698e-07 2.893503506129491143e-06
3.350000000000000000e+04 1.043964402924757451e-05 4.304316007619490847e-06 8.201391210604924709e-08 6.641208472046855604e-08 7.092861778801307082e-05 2.140093613434146391e-07 1.028988117468543351e-05 2.576835527179355267e-07 1.959147652996762190e-07 3.063825488425209187e-06
3.400000000000000000e+04 9.953597327694296837e-06 4.028154307889053598e-06 5.498579369600520295e-08 4.802988584629019897e-08 6.844263407401740551e-05 2.425647380732698366e-07 8.685648936079815030e-06 1.552847521679723286e-07 1.572783361325491569e-07 2.573400706751272082e-06
3.450000000000000000e+04 1.105351930164033547e-05 4.526014890871010721e-06 6.090292714588940726e-08 2.886305878746497910e-07 5.897269511478953063e-05 2.495827970960817765e-07 2.867141301976516843e-05 1.105386104427452665e-06 2.818390214542887406e-07 2.808173121593426913e-06
3.500000000000000000e+04 1.008052095130551606e-05 4.888214789389166981e-06 5.096375943480779824e-08 1.799442088668001816e-07 5.773188604507595301e-05 2.574871302840620046e-07 3.304593701614066958e-05 1.354588675894774497e-06 2.202111488713853760e-07 2.876889084291178733e-06
3.550000000000000000e+04 1.231046917382627726e-05 5.344159490050515160e-06 6.695380250221205642e-08 2.123380227203597315e-07 6.348174792947247624e-05 3.379946633685904089e-07 8.469009117106907070e-06 6.595324180125317071e-07 9.031751346810779069e-08 3.625371391535736620e-06
3.600000000000000000e+04 1.253597929462557659e-05 4.962327693647239357e-06 6.949740338768606307e-08 9.671514789033608395e-08 5.957414759905077517e-05 3.733491382718057139e-07 7.545864264102419838e-06 7.825751708878669888e-07 3.760666686503100209e-06 3.313994511700002477e-06
3.650000000000000000e+04 1.821044133976101875e-05 8.180016266123857349e-06 1.019174078464857303e-07 1.432120626532196184e-07 9.309284359915181994e-05 3.933089942620426882e-07 8.463626727461814880e-06 1.162567286883131601e-06 5.019134263761770853e-08 3.334022721901419573e-06
3.700000000000000000e+04 1.653874096518848091e-05 7.755445039947517216e-06 8.419232244705199264e-08 1.226300128109869547e-07 9.202834917232394218e-05 3.719762844411889091e-07 8.205402082239743322e-06 1.215009319821547251e-06 1.109687133293846273e-07 3.539794533935491927e-06
3.750000000000000000e+04 1.712791527097579092e-05 6.332208158710272983e-06 1.719299547175978660e-07 1.079239382306695916e-07 1.021580246742814779e-04 3.950935365537588950e-07 1.318651720794150606e-05 8.946221896621864289e-07 1.680081282984247082e-07 2.263597707496955991e-06
3.800000000000000000e+04 1.664781848376151174e-05 6.605864655284676701e-06 1.521136141491297167e-07 7.288278425221506041e-08 9.894328104564920068e-05 3.982577254646457732e-07 1.333044474449707195e-05 6.911974423928768374e-07 1.929620481178062619e-07 2.076707232845365070e-06
3.850000000000000000e+04 1.114639871957479045e-05 6.119248155300738290e-06 1.625360823709343094e-07 7.118917011439407361e-08 7.401456241495907307e-05 4.131900936954480130e-07 1.699375752650666982e-05 9.255174973077373579e-07 9.744469053885040921e-08 2.008971478062449023e-06
3.900000000000000000e+04 1.119179887609789148e-05 6.242197741812560707e-06 1.244831366875587264e-07 6.455874768107605632e-08 7.137087231967598200e-05 4.529021282451139996e-07 1.653984145377762616e-05 6.560349561368639115e-07 9.865456007673856220e-08 1.827258870434889104e-06
3.950000000000000000e+04 1.295099173148628324e-05 4.048050868732389063e-06 7.248782196711545112e-08 8.386739835941625643e-08 5.229375528870150447e-05 4.487196747504640371e-07 1.939820504048839211e-05 1.807342073334439192e-06 1.201838983888592338e-07 1.257770577467454132e-06
4.000000000000000000e+04 1.218846136907814071e-05 3.576159315343829803e-06 6.405655028629553271e-08 3.939138792929952615e-08 5.066088124294765294e-05 4.591119306951441104e-07 1.918337875395081937e-05 2.087042275888961740e-06 9.712781690041083493e-08 9.728645409268210642e-07
4.050000000000000000e+04 1.503228941146517172e-05 1.190107923321193084e-05 4.606788550631790713e-08 8.677228890974220121e-08 1.474379678256809711e-04 3.607040639508340973e-07 8.073931894614361227e-06 2.795891759888036177e-06 2.018341092480113730e-06 3.644793423518422060e-06
4.100000000000000000e+04 1.255342249351087958e-05 1.175663328467635438e-05 4.463047176272993966e-08 6.781909434039334883e-08 1.452649594284594059e-04 3.759458877539145760e-07 9.270031114283483475e-06 3.928906153305433691e-06 2.143594883818877861e-06 3.884580564772477373e-06
4.150000000000000000e+04 7.671832463529426605e-06 9.760064131114631891e-06 6.207434921634558123e-08 4.837337641561134660e-08 9.662922093411907554e-05 4.643375461910181912e-07 7.060433290462242439e-06 1.211272319778800011e-06 5.210925451137882192e-07 3.700026354636065662e-06
4.200000000000000000e+04 7.299629032786469907e-06 9.320258868683595210e-06 4.875254688840868766e-08 4.016794008521173964e-08 9.637977927923202515e-05 4.561518665013863938e-07 6.294788363447878510e-06 9.330767625215230510e-07 3.860936885757837445e-07 3.538362079780199565e-06
4.250000000000000000e+04 5.603722456726245582e-06 4.145902039454085752e-06 1.599248093953065109e-07 4.971647982188187598e-08 6.804399163229390979e-05 4.458390492345642997e-07 1.311480264121200889e-05 4.880383244199038018e-07 2.952785735033103265e-06 1.627008032301091589e-06
4.300000000000000000e+04 6.189950454427162185e-06 3.505395397951360792e-06 1.122224446703512513e-07 5.147451886955423106e-08 6.328629388008266687e-05 4.388589331938419491e-07 1.171150961454259232e-05 7.634389476152136922e-07 5.681629886566952337e-07 1.366836272609361913e-06
4.350000000000000000e+04 1.033295393426669762e-05 5.420884463092079386e-06 1.678964594020726508e-07 1.662458117834830773e-07 8.712057751836255193e-05 4.857498083765676711e-07 1.506288481323281303e-05 1.184358566774790233e-07 4.040235126012703404e-06 7.390214022962027229e-07
4.400000000000000000e+04 8.974425327323842794e-06 4.606102720572380349e-06 1.070603374841994082e-07 1.408685506021356559e-07 8.639912994112819433e-05 4.841718919124105014e-07 1.167110440292162821e-05 1.040168911004002439e-07 2.581154831204912625e-06 7.694167152294539846e-07
4.450000000000000000e+04 1.340507333225104958e-05 6.036469130776822567e-06 8.414875907192254090e-08 1.405662999331980245e-07 5.943056748947128654e-05 5.129696205585787538e-07 1.078881632565753534e-05 2.338106241950299591e-07 2.892525401421153219e-07 1.136449895966507029e-06
4.500000000000000000e+04 1.232646536664105952e-05 5.951832918071886525e-06 6.813629482849137275e-08 1.246804970378434518e-07 5.546878310269676149e-05 4.524036398834141437e-07 1.078101286111632362e-05 2.590751364550669678e-07 2.084007775238205795e-07 1.102544842979114037e-06
4.550000000000000000e+04 1.887535108835436404e-05 1.112567224481608719e-05 1.041960402403674379e-07 6.405281993693279219e-08 1.103184258681721985e-04 3.562368249276914867e-07 1.485340544604696333e-05 1.374578573631879408e-06 7.756467539365985431e-07 1.884444145616726018e-06
4.600000000000000000e+04 1.704953319858759642e-05 1.063043782778549939e-05 7.031085402786629857e-08 5.051684581758308923e-08 1.089137149392627180e-04 3.764160965147311799e-07 1.496997629146790132e-05 2.210913180533680134e-06 7.425333592436800245e-07 1.822601234380272217e-06
4.650000000000000000e+04 8.656361387693323195e-06 5.160188266017939895e-06 9.384810084611672210e-08 5.273043512943331734e-08 5.078710091765969992e-05 4.450422466106829233e-07 1.291482567467028275e-05 3.838030693259497639e-07 5.096983954899769742e-07 9.447670663575991057e-07
4.700000000000000000e+04 8.261174116341862828e-06 4.345918569015339017e-06 6.531536911325019901e-08 5.362196731084623025e-08 4.784281554748304188e-05 4.199090142265049508e-07 1.061395778378937393e-05 2.291378393692866666e-07 6.485529979727289174e-07 7.571973128506215289e-07
4.750000000000000000e+04 8.315524610225111246e-06 2.964154191431589425e-06 3.087192368411706411e-08 5.025270155556427198e-08 1.233568764291703701e-05 3.745296055512881139e-07 5.394000254455022514e-06 2.229778885975974845e-07 1.984976734092924744e-06 2.108208718709647655e-06
4.800000000000000000e+04 6.463405497925123200e-06 2.387006588833173737e-06 4.423339916570512287e-08 3.352299060566110711e-08 1.228030760103138164e-05 3.452307737461524084e-07 4.709479526354698464e-06 2.075331906326027820e-07 3.657873321571969427e-06 2.067623881885083392e-06
4.850000000000000000e+04 3.171981916239019483e-06 1.772509335751237813e-06 5.232918098840855237e-08 3.832621686683523876e-08 1.147516013588756323e-05 3.406818507301068166e-07 8.917994819057639688e-06 1.960462299166465527e-07 1.892611294351809192e-07 1.034356500895228237e-06
4.900000000000000000e+04 2.930483560703578405e-06 1.969537606782978401e-06 6.273938168988024700e-08 7.481973796075180871e-08 9.985964425140991807e-06 3.243503385874646483e-07 8.172542038664687425e-06 2.327327592865913175e-07 4.171684508946782444e-07 1.057885469890607055e-06
4.950000000000000000e+04 7.267687124112853780e-06 4.745367732539307326e-06 9.619858332143849111e-08 2.351960546320697176e-07 3.119217944913543761e-05 3.034062103779433528e-07 3.263579856138676405e-06 1.483934681800747057e-07 6.785059554204053711e-07 6.971158654778264463e-06
5.000000000000000000e+04 6.534310614370042458e-06 5.417188731371425092e-06 9.181449200923452736e-08 1.953056454340185155e-07 2.870850948966108263e-05 2.814013839724793797e-07 4.128644832235295326e-06 1.488804883820193936e-07 1.529587621007522102e-06 8.725198313186410815e-06
5.050000000000000000e+04 1.559527663630433381e-05 1.284682912228163332e-05 5.631800803485020879e-08 1.850699504757358227e-07 1.096219639293849468e-04 3.432901110045349924e-07 2.357715129619464278e-05 3.835512814021058148e-07 8.579768717709157499e-08 2.637676288941293024e-06
5.100000000000000000e+04 1.361957583867479116e-05 1.141629581979941577e-05 3.333565956609163550e-08 1.696267588613409316e-07 1.079525973182171583e-04 3.547285700733482372e-07 2.196198329329490662e-05 4.014094656668021344e-07 1.460896100979880430e-06 2.675405994523316622e-06
5.150000000000000000e+04 8.661980245960876346e-06 4.367372639535460621e-06 1.006554555260663619e-07 1.111087897243123734e-07 4.286508556106127799e-05 2.755475350113556487e-07 7.381191608146764338e-06 3.194905957570881583e-07 2.040700621819269145e-07 2.475600240359199233e-06
5.200000000000000000e+04 8.432584763795603067e-06 3.026642480108421296e-05 2.813487185449048411e-07 2.105623480019858107e-07 3.805539745371788740e-05 2.759095707460801350e-07 2.385698462603613734e-05 3.887979858063772554e-07 2.100077693967250525e-07 5.498644441104261205e-06
5.250000000000000000e+04 7.212763193820137531e-06 3.065159262405359186e-06 6.063146429369226098e-08 8.142619378759263782e-08 3.481649764580652118e-05 2.858981815734296106e-07 8.564259587728884071e-06 1.015257112157996744e-06 5.318980129231931642e-06 6.038309834366373252e-07
5.300000000000000000e+04 6.725072125846054405e-06 2.897816784752649255e-06 4.667323594276240328e-08 8.140464302641703398e-08 3.103579729213379323e-05 2.789197708352730842e-07 8.381880434171762317e-06 1.045902990881586447e-06 8.618912943347822875e-06 5.774131750513333827e-07
5.350000000000000000e+04 6.193842182256048545e-06 5.046984824730316177e-06 8.005161333812793600e-08 7.150320868731796509e-08 5.201081512495875359e-05 2.644572134613554226e-07 1.066010554495733231e-05 3.015924789906421211e-07 7.465029284503543749e-06 8.661024253342475276e-07
5.400000000000000000e+04 4.713620455731870607e-06 5.448669071483891457e-06 5.395134650143518229e-08 4.725425384322079481e-08 5.071430859970860183e-05 2.707941746393771609e-07 9.445170690014492720e-06 1.827840634405220044e-07 3.481899511825758964e-06 1.119773969548987225e-06
5.450000000000000000e+04 6.764785666746320203e-06 9.847698493103962392e-06 2.712881652655596554e-08 1.463235150822583819e-07 6.175327143864706159e-05 2.779231067506771069e-07 1.051973686116980389e-05 3.005739301897847326e-07 4.398358726120932261e-07 4.317900675232522190e-06
5.500000000000000000e+04 6.322059562080539763e-06 9.486606359132565558e-06 1.633076607276962022e-08 1.293766445087385364e-07 5.747997784055769444e-05 2.375775807195168454e-07 8.779944437264930457e-06 3.241714807700191159e-07 3.463491680122388061e-07 5.776041689387056977e-06
5.550000000000000000e+04 7.561371603514999151e-06 4.019453626824542880e-06 5.599589414373440377e-08 5.584189111118575966e-08 4.236487802700139582e-05 2.201530406864549150e-07 7.777101018291432410e-06 2.316637619514949620e-06 1.111903770834032912e-06 2.425773573122569360e-06
5.600000000000000000e+04 7.048338829918066040e-06 3.138927695545135066e-06 4.728638103301818774e-08 4.764087435660258052e-08 3.821591599262319505e-05 2.081511780716027715e-07 5.494274319062242284e-06 1.960737336048623547e-06 1.520517685094091576e-06 2.324912884432706051e-06
5.650000000000000000e+04 4.061669642396736890e-06 1.884312041511293501e-06 4.310601653401135991e-08 6.323750056935750763e-08 7.469087904610205442e-06 1.866788181814627023e-07 3.256298441556282341e-06 9.965115310706096352e-08 4.223370240197255043e-07 6.345632073134765960e-07
5.700000000000000000e+04 3.404275958018843085e-06 1.411726088917930610e-06 3.370103840438787302e-08 5.556707449727582571e-08 7.404904408758739009e-06 1.606192796543837176e-07 2.391530870227143168e-06 8.207465640452937805e-08 3.877890151215979131e-07 4.833746629628876690e-07
5.750000000000000000e+04 9.216568287229165435e-06 3.032939503100351430e-06 2.947971111666447541e-08 1.321286333677562652e-07 3.438737257965840399e-05 1.833938938489154680e-07 1.401540066581219435e-05 7.783718558584951097e-08 3.887932393809023779e-07 4.186939577266457491e-07
5.800000000000000000e+04 7.440945410053245723e-06 2.880102329072542489e-06 3.046184104960047989e-08 1.262702369331236696e-07 3.302673212601803243e-05 1.591376701526314719e-07 1.788834924809634686e-05 6.108229655410468695e-08 1.325264179286023136e-06 2.560747702773369383e-07
5.850000000000000000e+04 4.234445896145189181e-06 2.450166675771470182e-06 8.722333433297535521e-08 1.611578284155257279e-07 6.611871503992006183e-05 1.442129189399565803e-07 6.134362593002151698e-06 3.446031087150913663e-07 9.045824640452337917e-07 9.019680646815686487e-07
5.900000000000000000e+04 5.004540980735328048e-06 2.745067604337236844e-06 6.084516712689946871e-08 1.177071027314013918e-07 5.463409615913406014e-05 1.684839645577085321e-07 5.233474439592100680e-06 4.397032000724721001e-07 4.969545557287347037e-07 1.377887429043767042e-06
5.950000000000000000e+04 6.537983153975801542e-06 2.784295475066755898e-06 3.729742203972818970e-08 9.534451805848220829e-08 6.013728852849453688e-05 1.408420189363823738e-07 4.398576493258588016e-06 7.646556099416557117e-08 1.275301428904640488e-06 5.006418177799787372e-07
6.000000000000000000e+04 5.253701147012179717e-06 2.332653593839495443e-06 2.793753495211603877e-08 7.557416381587245269e-08 5.978460831101983786e-05 1.234558340001967736e-07 3.261579877289477736e-06 9.479981599724851549e-08 1.027364646688511129e-06 4.472562693536019651e-07
6.050000000000000000e+04 6.100678092479938641e-06 1.413257723470451310e-05 6.171065081161941634e-08 9.001389145169014228e-08 4.986094791092909873e-05 1.035819181538499834e-07 3.542235162967699580e-06 5.107289524630687083e-08 2.404783572274027392e-07 3.099916739301988855e-06
6.100000000000000000e+04 5.987102667859289795e-06 4.846973752137273550e-06 2.176846791712705453e-08 6.335536539836539305e-08 4.620990875991992652e-05 9.703881431732952478e-08 4.505792730924440548e-06 1.453869060696888482e-07 1.597496606109416462e-07 2.365488171562901698e-06
6.150000000000000000e+04 3.016568143721087836e-06 2.184407094318885356e-06 5.738322528259232058e-08 5.849523532219791377e-08 1.967728894669562578e-05 8.487261027312342776e-08 3.753211558432667516e-06 8.439772614110552240e-08 1.553155811961914878e-06 6.498178208858007565e-07
6.200000000000000000e+04 2.589173618616769090e-06 2.054757260339101776e-06 3.963693728792350157e-08 5.552205806225174456e-08 1.876179157989099622e-05 7.650766065125935711e-08 3.647046696642064489e-06 8.089585179504865664e-08 1.476594320592994336e-06 5.919371233176207170e-07
6.250000000000000000e+04 6.263871910050511360e-06 1.901153382277698256e-06 8.011455321366156568e-08 7.424379333542674431e-08 2.165213300031609833e-05 7.585663297504652292e-08 1.628244353923946619e-05 5.382028334111055301e-08 1.455184019505395554e-06 8.005687845979991835e-07
6.300000000000000000e+04 4.982255177310435101e-06 3.080926035181619227e-06 8.972497766990272794e-08 8.107184612526907586e-08 1.937278466357383877e-05 7.139627911101342761e-08 1.541812707728240639e-05 7.495698639559122967e-08 4.744329658024071250e-07 1.135025627263530623e-06
6.350000000000000000e+04 2.685582785488804802e-06 1.075371642400568817e-06 1.135892802039961680e-08 9.006623713503358886e-08 6.422390924853971228e-06 7.341166963215073338e-08 3.355696208018343896e-06 5.274421965850706329e-08 2.695676357689080760e-07 2.834389363215450430e-07
6.400000000000000000e+04 2.589109499240294099e-06 9.542995940137188882e-07 1.029281992970254578e-08 7.296678461443661945e-08 5.978047738608438522e-06 6.678909159063550760e-08 2.848729536708560772e-06 6.766782689737738110e-08 2.253801199003646616e-07 2.792498321468883660e-07
6.450000000000000000e+04 2.955352329081506468e-06 2.029555162152973935e-06 2.041311297773518163e-08 9.934017697332819807e-08 4.123486360185779631e-05 6.527584872628722223e-08 2.812561433529481292e-06 3.146942972875876876e-08 5.074602427157515194e-07 1.053509549819864333e-06
6.500000000000000000e+04 2.606060206744587049e-06 2.148914518329547718e-06 1.542014338440367283e-08 8.382746585766653880e-08 3.798737088800407946e-05 6.117809192573986365e-08 2.769750381048652343e-06 3.470782772296843177e-08 9.271582257497357205e-07 1.357989049211028032e-06
6.550000000000000000e+04 9.028425665746908635e-06 6.878767180751310661e-06 5.307073180915722332e-08 6.515255535077812965e-08 6.608289550058543682e-05 7.160467418998450739e-08 3.238416866224724799e-06 1.097584799936157651e-06 6.294328159128781408e-06 2.330841653019888327e-06
6.600000000000000000e+04 5.717382009606808424e-06 1.008298204396851361e-05 5.039616723934159381e-08 1.257724875358690042e-07 6.478063733084127307e-05 6.401722174587121117e-08 3.289268306616577320e-06 2.044816710622399114e-06 4.047533820994431153e-06 3.311798309368896298e-06
6.650000000000000000e+04 6.842280072305584326e-06 3.403403297852491960e-06 8.504179049850790761e-08 9.276960355464325403e-08 2.276015584357082844e-05 5.622769450042142125e-08 2.052824356724158861e-06 1.028113558732002275e-07 4.248691141128801974e-07 6.447801297326805070e-07
6.700000000000000000e+04 5.755524398409761488e-06 3.101655238424427807e-06 5.816646364564803662e-08 7.798930568014839082e-08 2.241989750473294407e-05 5.835898519990223576e-08 2.236397449451033026e-06 1.057403480331231549e-07 5.844588031322928146e-07 6.324472678898018785e-07
6.750000000000000000e+04 1.279404386878013611e-05 5.736156708735506982e-06 1.075632170000062615e-07 1.247061049980402458e-07 8.293781138490885496e-05 7.331040308145020390e-08 8.388410606130491942e-06 3.698961279496870702e-07 6.045081022421072703e-07 2.170316975025343709e-06
6.800000000000000000e+04 1.060392423823941499e-05 7.520592589571606368e-06 9.357911778806737857e-08 1.211113129784280318e-07 8.172453817678615451e-05 7.176701899425097508e-08 1.284252539335284382e-05 3.086083495418279199e-07 9.500798796580056660e-07 2.113215487042907625e-06
6.850000000000000000e+04 4.294278369343373924e-06 3.520184009175864048e-06 1.996580500929212576e-08 1.564027485301267006e-07 3.266093699494376779e-05 6.067105573492881376e-08 1.265436185349244624e-05 7.561665960054142488e-09 3.253983322792919353e-07 6.737932835676474497e-06
6.900000000000000000e+04 3.763331278605619445e-06 3.013975856447359547e-06 1.876906985387449822e-08 8.594111022830475122e-08 2.959704033855814487e-05 5.853280171663755027e-08 8.181295015674550086e-06 2.756624617461511662e-08 3.090134725880488986e-07 8.207588507502805442e-06
6.950000000000000000e+04 6.824327101639937609e-06 7.046635346341645345e-06 6.956243225886282744e-08 1.019441810967691708e-07 1.152383556473068893e-04 6.401908336783890263e-08 7.326520062633790076e-06 1.171764409946263186e-07 8.741174610804591794e-07 1.012088659990695305e-06
7.000000000000000000e+04 5.867873369425069541e-06 6.824008778494317085e-06 4.805214715020156291e-08 5.963089222404960310e-08 1.094511826522648335e-04 6.933777285667019896e-08 8.949561561166774482e-06 1.188484688441349135e-07 1.796422793631791137e-06 9.478703191234671976e-07
7.050000000000000000e+04 2.077243880194146186e-05 1.070272628567181528e-05 1.911054852143934113e-07 1.637309026136790635e-07 7.608411397086456418e-05 8.774586746085333289e-08 1.595763023942708969e-05 1.700414600236399565e-07 6.421270768441900145e-07 2.290558768436312675e-06
7.100000000000000000e+04 1.443877317797159776e-05 8.574258572480175644e-06 7.277140667838466470e-08 1.368572668525303015e-07 7.233588985400274396e-05 1.206914106433032430e-07 1.633203100936952978e-05 3.042256651042407611e-07 5.228958457337284926e-07 1.281324330193456262e-06
7.150000000000000000e+04 5.887080078537110239e-06 5.828444045619107783e-06 8.493520198271653499e-08 9.867176942179867183e-08 7.776541315251961350e-05 1.147833472714410163e-07 1.355638232780620456e-05 6.620005876811774215e-08 2.293939587616478093e-06 7.722924806330411229e-07
7.200000000000000000e+04 5.179283562029013410e-06 4.872241788689279929e-06 6.493552717756756465e-08 7.592847595105922665e-08 7.006659870967268944e-05 9.132202904993391712e-08 9.951189895218703896e-06 4.501817940649743832e-08 1.974077349586877972e-06 1.366871970276406500e-06
7.250000000000000000e+04 4.560803972708526999e-06 7.186155926319770515e-06 2.145086952509700495e-08 1.213456357618269976e-07 1.976661951630376279e-05 1.106130724792819819e-07 1.536700801807455719e-05 1.805459248771512648e-07 7.333017947530606762e-06 1.199220514536136761e-05
7.300000000000000000e+04 3.199814727850025520e-06 5.104780939291231334e-06 1.434444119041700105e-08 9.459776606490777340e-08 1.955203333636745811e-05 1.075767528391224914e-07 1.263229933101683855e-05 5.132204023539088666e-06 6.054628556739771739e-06 9.116571163758635521e-06
7.350000000000000000e+04 3.915703928214497864e-06 2.708919055294245481e-06 1.197785621798175271e-07 1.337325841177516850e-07 4.285356044420041144e-05 9.781594201285770396e-08 9.106634934141766280e-06 7.828874259985241224e-08 5.234725222180713899e-07 5.319292881722503807e-07
7.400000000000000000e+04 3.289463165856432170e-06 2.646322400323697366e-06 6.976967625860197586e-08 9.464491057542545605e-08 3.916343121090903878e-05 8.234287207642410067e-08 7.154790637287078425e-06 1.557189079903764650e-07 4.026902900022832910e-07 4.996277311875019222e-07
