# step, loss_train, loss_test, metrics_test
0.000000000000000000e+00 1.869509555399417877e-02 1.057288795709609985e-01 9.785422123968601227e-03 5.474459379911422729e-03 2.194210886955261230e-02 1.894290372729301453e-02 1.476767063140869141e-01 8.713814429938793182e-03 6.591846700757741928e-03 2.238054387271404266e-02
5.000000000000000000e+02 3.459055005805566907e-05 6.050000665709376335e-04 3.260023368056863546e-05 5.833508475916460156e-05 9.061612072400748730e-04 1.214383064507273957e-05 5.063272546976804733e-04 2.180572118959389627e-05 1.072808954631909728e-04 6.763167330063879490e-04
1.000000000000000000e+03 6.014581231283955276e-06 1.309069484705105424e-04 9.452186532143969089e-06 6.342825145111419261e-06 4.435968876350671053e-04 1.401819758939382154e-06 1.323102333117276430e-04 5.266557764116441831e-06 1.436763909623550717e-06 1.731694792397320271e-04
1.500000000000000000e+03 3.930264938389882445e-06 7.818375888746231794e-05 4.869045369559898973e-06 1.902976805467915256e-06 3.455412224866449833e-04 5.634973945234378334e-07 6.266336276894435287e-05 3.576745257305447012e-06 9.268702001463680062e-07 3.974739229306578636e-05
2.000000000000000000e+03 8.015375897230114788e-06 3.093529085163027048e-05 4.099511443200754002e-06 1.091210265258268919e-06 2.569899370428174734e-04 3.745302308288955828e-07 3.338837268529459834e-05 5.107241122459527105e-06 5.660079978042631410e-07 9.978560228773858398e-06
2.500000000000000000e+03 2.351975672354456037e-05 5.801347288070246577e-05 3.238291537854820490e-05 5.261303158476948738e-06 3.255748888477683067e-04 2.066941107159436797e-07 4.974816692993044853e-05 2.982527803396806121e-05 1.282699849980417639e-05 1.115635459427721798e-04
3.000000000000000000e+03 1.856030394264962524e-05 4.496136170928366482e-05 2.407257170489174314e-06 5.873857844562735409e-06 1.964489347301423550e-04 1.032926775224041194e-07 5.792607771581970155e-05 2.614091044961242005e-06 5.017538114771014079e-06 5.517341378435958177e-06
3.500000000000000000e+03 2.108871376549359411e-05 3.018460665771272033e-05 1.395130624359808280e-07 7.812435569576337002e-07 2.233014238299801946e-04 2.146593089946691180e-07 1.900439929158892483e-05 1.573256122355815023e-05 2.914351853178231977e-07 3.566391796994139440e-06
4.000000000000000000e+03 1.617318048374727368e-04 5.253085400909185410e-04 2.055145341728348285e-05 2.584851972642354667e-05 2.032542979577556252e-04 3.209469809917209204e-07 5.935968365520238876e-04 2.102879443555139005e-05 1.017250360746402293e-05 1.619524118723347783e-05
4.500000000000000000e+03 1.279479329241439700e-04 3.732293262146413326e-04 3.508696318021975458e-05 4.385843203635886312e-05 4.278208361938595772e-04 3.991775884060189128e-06 8.470307220704853535e-04 2.579713327577337623e-05 1.858966606960166246e-05 1.994247213588096201e-05
5.000000000000000000e+03 4.919299681205302477e-05 9.534501441521570086e-05 2.398083097432390787e-06 4.359163995104609057e-06 2.381027734372764826e-04 4.482916153847327223e-07 9.867189510259777308e-05 2.762593794614076614e-06 1.593405272615200374e-06 6.185037818795535713e-06
5.500000000000000000e+03 1.895640889415517449e-05 2.765114768408238888e-04 3.023160672910307767e-07 1.408972423178056488e-07 1.260868157260119915e-04 1.165849710105248960e-07 2.460978284943848848e-04 2.156785399165528361e-07 2.014107849390711635e-07 4.471980446396628395e-06
6.000000000000000000e+03 2.404865335847716779e-05 2.819367909978609532e-05 1.108678247874195222e-06 1.898972641356522217e-06 1.139400847023352981e-04 1.223715599962815759e-07 6.781424599466845393e-05 7.876029144426865969e-07 8.321856057591503486e-07 4.290609922463772818e-06
6.500000000000000000e+03 4.151484972680918872e-05 1.025338773615658283e-03 1.176176624539948534e-06 2.543053199133282760e-07 1.530903828097507358e-04 1.244129066435561981e-07 8.652529213577508926e-04 1.470616211918240879e-06 1.230747557201539166e-07 1.558513940835837275e-05
7.000000000000000000e+03 1.971067104022949934e-05 3.596542592276819050e-05 2.433960446523997234e-07 1.100841231505000906e-07 5.042272096034139395e-05 9.206594597799266921e-08 2.332325857423711568e-05 1.429877158898307243e-07 5.563555873777659144e-07 6.586219114979030564e-06
7.500000000000000000e+03 4.017848823423264548e-06 5.186024736758554354e-06 7.020130254886680632e-08 5.397139801743833232e-08 1.268425603484502062e-05 3.944062143546034349e-08 1.353751940769143403e-05 9.111373344694584375e-08 7.272090840615419438e-08 6.043000553290767130e-07
8.000000000000000000e+03 4.211995928926626220e-06 5.429758675745688379e-05 1.548497948533622548e-06 1.114384645006794017e-06 1.920793511089868844e-05 3.460871411675725540e-08 5.244633575784973800e-05 3.422762233640241902e-07 1.343661551800323650e-06 9.629464329918846488e-06
8.500000000000000000e+03 9.652336302679032087e-06 3.325544093968346715e-05 8.792305266069888603e-07 5.235684170656895731e-07 2.486707526259124279e-04 7.416520020342431962e-08 4.386805449030362070e-05 2.219197767772129737e-07 1.172702582152851392e-06 2.609210469017853029e-06
9.000000000000000000e+03 1.236737625731620938e-05 1.993417208723258227e-05 2.921267991951026488e-07 5.008447487853118218e-07 1.888128026621416211e-04 5.075256126474414486e-08 6.565751391462981701e-05 1.190372458381716569e-07 1.152850131802551914e-06 3.545807658156263642e-06
9.500000000000000000e+03 1.099346263799816370e-05 1.113118196371942759e-04 8.567270128878590185e-07 6.823184435233997647e-07 1.234741066582500935e-04 6.392212270611707936e-08 2.425031125312671065e-04 6.653287414337683003e-07 2.004325779125792906e-06 2.381486046942882240e-05
1.000000000000000000e+04 1.091237754735630006e-05 8.441965474048629403e-05 3.396466581762069836e-06 2.205991222581360489e-06 9.288602450396865606e-05 8.532352069323678734e-08 1.846287195803597569e-04 1.413802124261565041e-06 3.227328988941735588e-06 7.558926881756633520e-06
1.050000000000000000e+04 2.180880073865409940e-05 2.128601772710680962e-05 6.420066256396239623e-07 5.758444103776128031e-07 1.410308759659528732e-04 8.565872633425897220e-08 1.576528666191734374e-05 7.275524183114612242e-08 2.330518533710801421e-08 5.994438197376439348e-06
1.100000000000000000e+04 1.754451113811228424e-05 1.380885951220989227e-04 1.594914010638603941e-06 1.035142759064910933e-06 1.252388756256550550e-04 7.401495594194784644e-08 1.380797184538096189e-04 1.455789799820195185e-07 6.793466127419378608e-07 3.866759288939647377e-05
1.150000000000000000e+04 1.660805537539999932e-05 5.375377804739400744e-05 2.700475079109310172e-06 2.642048286816134350e-07 1.045720564434304833e-04 6.120185247482368140e-08 5.923035860178060830e-05 2.874967776733683422e-06 9.919365595578710781e-08 6.837664841441437602e-05
1.200000000000000000e+04 1.355858148599509150e-05 1.021304160531144589e-05 1.451804678254120518e-06 9.959259159586508758e-07 8.410582813667133451e-05 3.851216945349733578e-08 8.012881153263151646e-06 1.546481371406116523e-06 9.843915904639288783e-07 5.011790926801040769e-05
1.250000000000000000e+04 2.475993642292451113e-05 2.932124880317132920e-05 1.928530650729953777e-07 4.621335847332375124e-07 1.267134357476606965e-04 8.491987557590618962e-08 4.547268326859921217e-05 2.441965420985070523e-07 2.057958852219599066e-07 1.530508779978845268e-05
1.300000000000000000e+04 2.368338755331933498e-05 1.266604958800598979e-04 1.203345050271309447e-07 1.278949213201485691e-07 9.482616587774828076e-05 6.447407940868288279e-08 1.752182142809033394e-04 5.586329621110053267e-08 7.330700668717327062e-08 3.386659227544441819e-05
1.350000000000000000e+04 1.403109490638598800e-05 1.156268353952327743e-05 7.165613169490825385e-08 5.814972610096447170e-07 6.605617090826854110e-05 2.691028733181610733e-08 1.250098375749075785e-05 1.331395793613410206e-07 8.478237987219472416e-07 2.071881908705108799e-06
1.400000000000000000e+04 9.428627890883944929e-06 4.679446192312752828e-06 3.349044774836329452e-08 5.874992936583112169e-08 3.498327714623883367e-05 1.555275908060593792e-08 7.641895535925868899e-06 5.330445063123079308e-08 8.433074327740541776e-08 5.940768801337981131e-07
1.450000000000000000e+04 1.661658097873441875e-05 4.492288280744105577e-05 6.515912787108391058e-08 1.720868141319442657e-07 1.377570151817053556e-04 1.248396053199485323e-08 2.788050733215641230e-05 1.786596044439647812e-07 2.289951055445271777e-07 2.652012653925339691e-06
1.500000000000000000e+04 1.599390998308081180e-05 2.581473090685904026e-04 2.613598326206556521e-06 2.184699269491829909e-06 1.228197652380913496e-04 5.920604007059182550e-09 1.179781756945885718e-04 2.529210121338110184e-07 8.138153475556464400e-07 5.122427319292910397e-05
1.550000000000000000e+04 3.421151632210239768e-06 6.674814812868135050e-06 5.243055412051944586e-08 6.929923301868257113e-08 3.801309867412783206e-05 2.738878013275325429e-09 1.038781374518293887e-05 2.740020832447953580e-08 8.937603013237094274e-08 7.943013770272955298e-06
1.600000000000000000e+04 1.577972034283448011e-05 6.621290958719328046e-05 6.994587806730123702e-07 3.626008719948004000e-07 6.748613668605685234e-05 9.425529690076928091e-09 1.461224310332909226e-04 5.043588089392869733e-07 3.173377365328633459e-07 4.699007695307955146e-05
1.650000000000000000e+04 4.733517926069907844e-06 1.025155961542623118e-05 1.634429764862943557e-07 3.938540160675074731e-08 6.823525836807675660e-06 4.211997861602867488e-09 8.992639777716249228e-06 1.132514597657063860e-07 4.863656144493688771e-08 3.608787665143609047e-06
1.700000000000000000e+04 3.716574610734824091e-06 3.590912456274963915e-05 7.514795186125411419e-08 4.393345776065871178e-08 1.697906009212601930e-05 1.605696908768550202e-09 4.973228351445868611e-05 2.416913247316188063e-08 2.490513928421478340e-08 1.690448880253825337e-05
1.750000000000000000e+04 5.112872713652905077e-06 3.352663406985811889e-05 4.083751719008432701e-07 1.309493541157280561e-06 2.810300065902993083e-05 6.566904353633162827e-09 8.021859684959053993e-06 3.422157845989204361e-08 1.212358569091520621e-07 1.788726535778550897e-06
