# step, loss_train, loss_test, metrics_test
0.000000000000000000e+00 6.073693931102752686e-02 7.024073600769042969e-02 3.777843434363603592e-03 1.981674926355481148e-03 2.740847878158092499e-02 6.084784492850303650e-02 6.694890558719635010e-02 3.078719368204474449e-03 1.962674781680107117e-03 2.803785353899002075e-02
5.000000000000000000e+02 3.514953132253140211e-04 5.717227235436439514e-02 2.786265031318180263e-05 4.854876169702038169e-05 1.515613868832588196e-03 2.666114305611699820e-04 6.517522782087326050e-02 5.624052391794975847e-06 7.785548950778320432e-05 2.117075258865952492e-03
1.000000000000000000e+03 1.902172080008313060e-04 5.668289959430694580e-02 6.059566658223047853e-05 1.351697428617626429e-04 6.683865794911980629e-04 6.809078331571072340e-05 6.500705331563949585e-02 3.867828127113170922e-05 1.945993572007864714e-04 1.262949896045029163e-03
1.500000000000000000e+03 9.778386447578668594e-05 6.426530331373214722e-02 6.099604652263224125e-04 4.754489928018301725e-04 1.164941932074725628e-03 4.129687658860348165e-05 6.260090321302413940e-02 2.658912271726876497e-04 2.596223494037985802e-04 1.564426231198012829e-03
2.000000000000000000e+03 1.543735015729907900e-05 2.421880606561899185e-03 1.523824030300602317e-04 6.669358845101669431e-05 7.322289748117327690e-04 8.226138561440166086e-06 2.202465897426009178e-03 2.941825914604123682e-05 4.699813871411606669e-05 4.145680577494204044e-04
2.500000000000000000e+03 4.034007815789664164e-06 4.200917610432952642e-04 8.102392166620120406e-05 1.004147452476900071e-05 6.321836262941360474e-04 2.214983396697789431e-06 4.482695949263870716e-04 4.544281910057179630e-05 1.023824552248697728e-05 2.709239779505878687e-04
3.000000000000000000e+03 3.101019274254213087e-06 5.087759345769882202e-04 4.448932668310590088e-05 3.980745987064437941e-06 5.259559256955981255e-04 1.488395241722173523e-06 4.547680437099188566e-04 2.468629099894315004e-05 3.884284524247050285e-06 2.181043819291517138e-04
3.500000000000000000e+03 4.572993475449038669e-06 2.540097048040479422e-04 3.382889190106652677e-05 3.863922302116407081e-06 5.687586963176727295e-04 1.710950641609088052e-06 3.898385330103337765e-04 3.917641879525035620e-05 5.796286586701171473e-06 1.651794154895469546e-04
4.000000000000000000e+03 3.941819613828556612e-06 2.839574008248746395e-04 3.065398414037190378e-05 2.570195647422224283e-06 4.702568403445184231e-04 1.522345996818330605e-06 2.108643820974975824e-04 1.586430335009936243e-05 1.512286189608857967e-06 1.190378752653487027e-04
4.500000000000000000e+03 3.506464508973294869e-06 1.731812080834060907e-04 2.519599001971073449e-05 3.260921630499069579e-06 6.103799678385257721e-04 1.386648818879621103e-06 2.245715149911120534e-04 2.609228431538213044e-05 2.336702664251788519e-06 8.367974805878475308e-05
5.000000000000000000e+03 4.678706318372860551e-06 2.137028932338580489e-04 1.742206222843378782e-05 2.912735908466856927e-06 5.377708002924919128e-04 1.407378476869780570e-06 1.402169727953150868e-04 1.583675839356146753e-05 1.235072204508469440e-06 6.267795106396079063e-05
5.500000000000000000e+03 3.975900654040742666e-06 1.195650766021572053e-04 1.876825990621000528e-05 2.538707576604792848e-06 3.010969958268105984e-04 1.070086909749079496e-06 1.671239588176831603e-04 2.600932475615991279e-06 9.990436637963284738e-07 4.694236122304573655e-05
6.000000000000000000e+03 4.298360181564930826e-06 2.088746405206620693e-04 1.621333285584114492e-05 3.193094926245976239e-06 3.081758623011410236e-04 8.354051033165887929e-07 4.255221574567258358e-04 3.577435109036741778e-06 1.752404614308034070e-06 5.231059185462072492e-05
6.500000000000000000e+03 1.244297527591697872e-05 3.116901789326220751e-04 1.088546468963613734e-05 4.323189386923331767e-06 3.089400124736130238e-04 9.388923558617534582e-07 4.742777964565902948e-04 2.116054201906081289e-05 3.766886948142200708e-06 5.271913687465712428e-05
7.000000000000000000e+03 1.518850604043109342e-05 6.132204725872725248e-05 6.926138212293153629e-06 4.055543740832945332e-06 2.654579584486782551e-04 7.096138006090768613e-07 8.054709178395569324e-05 1.561370663694106042e-05 1.949140596479992382e-06 1.483069081587018445e-05
7.500000000000000000e+03 6.001875226502306759e-05 4.086819826625287533e-04 2.016717189690098166e-05 4.074621756444685161e-05 1.699180342257022858e-03 3.287509389338083565e-05 2.271760895382612944e-04 1.582358891027979553e-05 2.917835263360757381e-05 1.471406896598637104e-03
8.000000000000000000e+03 2.386680898780468851e-05 2.467131125740706921e-04 8.121201972244307399e-06 2.043669519480317831e-05 1.258654869161546230e-03 6.731686426064698026e-06 1.802703627618029714e-04 9.586881787981837988e-06 1.576676186232361943e-05 9.683532407507300377e-04
8.500000000000000000e+03 1.941723348863888532e-05 1.535684423288330436e-04 9.742214388097636402e-06 1.525340121588669717e-05 9.291738970205187798e-04 2.687994765437906608e-06 1.362032635370269418e-04 4.383478517411276698e-05 6.511123501695692539e-05 6.167298415675759315e-04
9.000000000000000000e+03 1.417601106368238106e-05 1.025706515065394342e-04 8.306865311169531196e-06 1.380756930302595720e-05 7.863405626267194748e-04 2.308884177182335407e-06 1.043127267621457577e-04 1.158363920694682747e-05 5.194220648263581097e-05 4.541646630968898535e-04
9.500000000000000000e+03 2.756459980446379632e-05 1.561517827212810516e-03 9.756757208378985524e-05 2.920046681538224220e-04 1.703633228316903114e-03 6.617737653868971393e-06 1.872572232969105244e-03 2.031989570241421461e-04 1.458332262700423598e-04 1.355173531919717789e-03
1.000000000000000000e+04 1.061799775925464928e-05 3.825013118330389261e-05 2.249880481031141244e-06 6.317643510556081310e-06 4.616877413354814053e-04 2.023925617322674952e-06 2.064631371467839926e-05 3.581715873224311508e-06 8.903638445190154016e-06 1.874327863333746791e-04
1.050000000000000000e+04 6.255048447201261297e-06 3.400460627744905651e-05 3.102151367784244940e-06 4.362425443105166778e-06 5.806357366964221001e-04 1.709084131107374560e-06 2.518251312721986324e-05 1.195513164020667318e-06 1.102431542676640674e-05 1.178674647235311568e-04
1.100000000000000000e+04 6.975349606364034116e-06 4.350591552793048322e-05 6.067248705221572891e-06 7.858455319365020841e-06 5.234571872279047966e-04 3.373651225047069602e-06 4.294941390980966389e-05 2.550088765929103829e-06 1.601815893081948161e-05 8.590779907535761595e-05
1.150000000000000000e+04 7.020490102149778977e-06 1.948830322362482548e-05 8.809722089608840179e-07 5.641607458528596908e-06 2.303855580976232886e-04 1.466921048631775193e-06 1.503823023085715249e-05 1.314459223067387938e-05 1.641826770537591074e-06 5.870552558917552233e-05
1.200000000000000000e+04 7.301679488591616973e-06 2.049715294560883194e-05 5.691016440323437564e-07 4.259232355252606794e-06 2.007115690503269434e-04 6.645208827649184968e-07 1.247254385816631839e-05 2.217996916442643851e-05 4.118190645385766402e-06 4.422087295097298920e-05
1.250000000000000000e+04 1.131192857428686693e-05 1.963582144526299089e-05 1.637683908484177664e-07 3.934242158720735461e-06 2.999355492647737265e-04 1.051758090397925116e-06 1.235583931702421978e-05 1.080051333701703697e-06 6.862361715320730582e-06 3.024892248504329473e-05
1.300000000000000000e+04 1.311338291998254135e-05 1.835597140598110855e-05 2.494771251804195344e-07 3.662160906969802454e-06 2.625724591780453920e-04 1.207377636092132889e-06 1.485928169131511822e-05 3.704563482642697636e-07 4.882831944996723905e-06 2.371148184465710074e-05
1.350000000000000000e+04 6.827181641710922122e-05 1.683003356447443366e-04 2.539030447223922238e-06 1.953550781763624400e-05 8.189963991753757000e-04 6.220385694177821279e-05 3.126287483610212803e-04 7.574637493235059083e-06 8.001435162441339344e-06 5.763660883530974388e-04
1.400000000000000000e+04 4.307797280489467084e-05 2.235316904261708260e-03 6.744216989318374544e-06 2.208500081906095147e-04 2.357452409341931343e-03 2.868082628992851824e-05 2.796324202790856361e-03 2.219666748715098947e-05 1.656147505855187774e-04 2.106060972437262535e-03
1.450000000000000000e+04 2.520413545425981283e-05 1.948365243151783943e-04 7.890024789958260953e-06 2.041882362391334027e-05 9.371167980134487152e-04 8.351566975761670619e-06 2.377667551627382636e-04 8.110211524581245612e-07 2.532734106353018433e-05 2.959757985081523657e-04
1.500000000000000000e+04 2.743690856732428074e-05 1.644918229430913925e-04 3.520177187965600751e-06 1.677035470493137836e-05 8.103693835437297821e-04 6.357657184707932174e-06 1.654309453442692757e-04 6.393607350219099317e-07 6.527242931042565033e-06 2.183832111768424511e-04
1.550000000000000000e+04 2.983487138408236206e-05 1.290813961531966925e-04 1.458730253034445923e-06 1.758034522936213762e-05 5.568994092755019665e-04 6.804560143791604787e-06 9.543911437503993511e-05 6.920851802760807914e-08 3.022504188265884295e-06 1.929732388816773891e-04
1.600000000000000000e+04 3.050705709028989077e-05 1.090640362235717475e-04 1.228165160682692658e-06 1.281639924854971468e-05 5.086705205030739307e-04 5.820560090796789154e-06 8.311137935379520059e-05 4.902861974187544547e-07 2.454424929965171032e-06 1.642552379053086042e-04
1.650000000000000000e+04 3.703276888700202107e-05 4.615814425051212311e-03 6.197076800162903965e-06 2.322465879842638969e-04 4.233885090798139572e-03 1.969344521057792008e-05 4.247449338436126709e-03 2.225952812295872718e-06 1.962753885891288519e-04 3.936693072319030762e-03
1.700000000000000000e+04 2.365840919082984328e-05 3.467884089332073927e-04 2.703352720345719717e-06 3.224281317670829594e-05 9.339784737676382065e-04 5.031497494201175869e-06 5.009726155549287796e-04 1.379723585159808863e-06 1.541939673188608140e-05 4.451269051060080528e-04
1.750000000000000000e+04 1.963757677003741264e-05 6.984628998907282948e-05 1.757610675667820033e-06 4.643270131055032834e-06 4.524912510532885790e-04 3.520538257362204604e-06 5.661404429702088237e-05 2.067289187834830955e-06 8.321004315803293139e-06 9.976461296901106834e-05
1.800000000000000000e+04 4.652097049984149635e-05 5.244941567070782185e-04 1.416879877069732174e-05 8.116480785247404128e-06 6.302273250184953213e-04 2.600252264528535306e-05 7.409551180899143219e-04 3.266331759732565843e-06 3.286776063760044053e-06 2.354758617002516985e-04
1.850000000000000000e+04 1.793183218978811055e-05 6.117719749454408884e-05 1.437569267181970645e-06 3.195402314304374158e-06 6.996790762059390545e-04 3.823893166554626077e-06 5.603795580100268126e-05 7.275300959008745849e-06 1.121473133025574498e-06 1.153495322796516120e-04
1.900000000000000000e+04 2.699669857975095510e-05 5.839142249897122383e-05 2.281208935528411530e-06 1.317755277341348119e-06 6.022210000082850456e-04 2.596596004877937958e-06 5.936560410191304982e-05 6.550976650032680482e-06 9.968069889509934001e-07 7.441137859132140875e-05
1.950000000000000000e+04 2.774393396975938231e-05 3.727846706169657409e-05 1.686485006757720839e-06 7.185277013377344701e-07 2.350372524233534932e-04 1.429128360541653819e-06 3.375216329004615545e-05 2.020610281761037186e-06 1.078268155652040150e-06 4.836069274460896850e-05
2.000000000000000000e+04 2.686572406673803926e-05 3.045925041078589857e-05 7.852327144064474851e-07 8.133739584081922658e-07 1.997064246097579598e-04 1.425189907422463875e-06 3.145797745673917234e-05 8.402802222917671315e-07 6.221559374353091698e-07 3.208607813576236367e-05
2.050000000000000000e+04 3.418836786295287311e-05 2.456771653669420630e-05 7.401935135931125842e-07 1.039403969116392545e-06 3.002618905156850815e-04 1.453435743314912543e-06 3.750500763999298215e-05 2.632544692460214719e-06 8.134231848089257255e-07 2.324741035408806056e-05
2.100000000000000000e+04 3.139252658002078533e-05 1.754396907927002758e-05 5.522399533219868317e-07 7.665989869565237314e-07 2.711960987653583288e-04 1.612089249647397082e-06 3.005438338732346892e-05 1.317799615208059549e-06 9.478575293542235158e-07 2.011117976508103311e-05
2.150000000000000000e+04 2.735002817644272000e-05 2.665451393113471568e-05 8.354618330486118793e-06 1.498156598245259374e-05 2.074650721624493599e-03 5.088911166239995509e-06 5.268504537525586784e-05 4.483994416659697890e-06 1.533332579128909856e-05 1.756440498866140842e-03
2.200000000000000000e+04 2.735878297244198620e-05 7.861613994464278221e-05 9.872759392237639986e-07 1.428760924682137556e-06 3.385369782336056232e-04 1.930049393195076846e-06 1.537826174171641469e-04 2.814743538692709990e-06 3.841303623630665243e-06 5.088100806460715830e-05
