# step, loss_train, loss_test, metrics_test
0.000000000000000000e+00 3.644717484712600708e-02 1.808188855648040771e-01 9.548909962177276611e-03 5.579070420935750008e-04 2.566661452874541283e-03 3.739986941218376160e-02 2.563323080539703369e-01 7.024434860795736313e-03 1.925979886436834931e-04 3.858482232317328453e-03
5.000000000000000000e+02 6.365141016431152821e-04 5.751509964466094971e-02 1.505000836914405227e-04 2.129576314473524690e-04 3.313079476356506348e-03 6.148203974589705467e-04 6.598934531211853027e-02 9.162888454739004374e-05 7.460106280632317066e-05 3.985872957855463028e-03
1.000000000000000000e+03 7.051528082229197025e-04 5.702355504035949707e-02 1.003121215035207570e-04 2.046170702669769526e-04 2.444121288135647774e-03 6.394471856765449047e-04 6.530289351940155029e-02 9.207098628394305706e-05 5.210018207435496151e-05 3.109920304268598557e-03
1.500000000000000000e+03 3.156051679980009794e-04 6.703358888626098633e-02 1.265166210941970348e-04 2.599772997200489044e-04 2.619517734274268150e-03 2.545991737861186266e-04 6.499554216861724854e-02 9.691159357316792011e-05 1.491250732215121388e-04 3.113643731921911240e-03
2.000000000000000000e+03 2.523857692722231150e-04 6.620281934738159180e-02 2.140158467227593064e-04 2.933054347522556782e-04 2.037873025983572006e-03 1.995650382013991475e-04 6.469049304723739624e-02 1.237842370755970478e-04 7.261299469973891973e-05 2.496553584933280945e-03
2.500000000000000000e+03 1.782232575351372361e-04 7.857960462570190430e-02 2.810490841511636972e-04 5.444695125333964825e-04 1.641371054574847221e-03 1.387272059218958020e-04 6.393336504697799683e-02 1.380917092319577932e-04 7.672881474718451500e-05 2.012408105656504631e-03
3.000000000000000000e+03 1.107305142795667052e-04 7.661524415016174316e-02 6.356912781484425068e-04 9.456371190026402473e-04 1.281361794099211693e-03 8.747827087063342333e-05 6.262959539890289307e-02 2.187440550187602639e-04 1.806918735383078456e-04 1.640327507629990578e-03
3.500000000000000000e+03 1.140616135671734810e-03 3.351400420069694519e-02 6.735598435625433922e-04 3.946402110159397125e-03 1.057966263033449650e-03 5.017822259105741978e-04 2.554582804441452026e-02 7.974455365911126137e-04 1.476134732365608215e-02 1.472812262363731861e-03
4.000000000000000000e+03 4.140005912631750107e-04 9.970441460609436035e-04 1.191366536659188569e-04 1.926477270899340510e-04 2.167386468499898911e-03 1.985733979381620884e-04 1.079975976608693600e-03 9.671450970927253366e-05 1.551156165078282356e-04 1.894107088446617126e-03
4.500000000000000000e+03 1.620224502403289080e-04 6.526113720610737801e-04 5.623998367809690535e-05 7.743344031041488051e-05 2.043303102254867554e-03 4.869496478931978345e-05 8.451396133750677109e-04 6.658169877482578158e-05 1.067379052983596921e-04 1.484296401031315327e-03
5.000000000000000000e+03 9.936776768881827593e-05 4.992720205336809158e-04 5.408022843766957521e-05 5.153609890840016305e-05 1.668287557549774647e-03 2.356074583076406270e-05 6.442216690629720688e-04 5.662583134835585952e-05 1.148339651990681887e-04 1.094901701435446739e-03
5.500000000000000000e+03 5.243589839665219188e-05 3.507580840960144997e-04 4.201040792395360768e-05 2.925435182987712324e-05 1.134701189585030079e-03 1.496083405072567984e-05 3.117421583738178015e-04 6.292550096986815333e-05 8.262077608378604054e-05 7.782045286148786545e-04
6.000000000000000000e+03 3.947665027226321399e-05 2.989745407830923796e-04 2.637144280015490949e-05 2.708447937038727105e-05 9.149255929514765739e-04 1.198266181745566428e-05 2.723025972954928875e-04 3.612900763982906938e-05 6.202195800142362714e-05 5.765497917309403419e-04
6.500000000000000000e+03 3.796103919739834964e-05 2.664356143213808537e-04 1.389173212373862043e-05 2.708924876060336828e-05 8.634972036816179752e-04 9.842201507126446813e-06 2.682383346837013960e-04 2.980203680635895580e-05 4.697323674918152392e-05 3.888046194333583117e-04
7.000000000000000000e+03 3.583939906093291938e-05 2.138506679330021143e-04 2.190862505813129246e-05 1.532636088086292148e-05 6.853731465525925159e-04 7.599363016197457910e-06 2.230951649835333228e-04 3.556876617949455976e-05 2.902531741710845381e-05 2.437004004605114460e-04
7.500000000000000000e+03 1.267441075469832867e-05 1.747286441968753934e-04 1.590316242072731256e-05 1.493557010689983144e-05 4.335165140219032764e-04 4.916937996313208714e-06 2.298582694493234158e-04 2.434752059343736619e-05 1.519341640232596546e-05 1.688787015154957771e-04
8.000000000000000000e+03 8.435952622676268220e-06 1.393363781971856952e-04 9.786867849470581859e-06 1.314646488026482984e-05 3.682774840854108334e-04 3.467185251793125644e-06 1.859508629422634840e-04 1.530432746221777052e-05 1.789459929568693042e-05 1.185656801681034267e-04
8.500000000000000000e+03 1.470732877351110801e-05 1.002018107101321220e-04 6.378558737196726725e-06 1.143268673331476748e-05 4.034876183141022921e-04 2.184306140406988561e-06 2.068716858047991991e-04 8.007404176169075072e-06 1.187356156151508912e-05 8.514284127159044147e-05
9.000000000000000000e+03 1.205166790896328166e-05 7.554933108622208238e-05 4.405817435326753184e-06 7.531289156759157777e-06 3.639831847976893187e-04 1.653829826864239294e-06 1.748269278323277831e-04 8.900752618501428515e-06 7.005019142525270581e-06 5.597900235443376005e-05
9.500000000000000000e+03 8.169185093720443547e-06 5.712031270377337933e-05 5.332631189958192408e-06 6.054170626157429069e-06 2.520591660868376493e-04 1.574324755893030670e-06 8.511311898473650217e-05 6.294552804320119321e-06 8.640099622425623238e-06 3.442474917392246425e-05
1.000000000000000000e+04 8.362570952158421278e-06 4.101155718672089279e-05 3.767251655517611653e-06 3.503513653413392603e-06 2.155301772290840745e-04 1.294364892601151951e-06 6.437684351112693548e-05 5.648571914207423106e-06 1.020653508021496236e-05 2.180951196351088583e-05
1.050000000000000000e+04 7.877531970734708011e-06 3.937132714781910181e-05 2.212931349276914261e-06 8.067454473348334432e-06 3.239620709791779518e-04 9.340991482531535439e-07 9.348752791993319988e-05 3.162302164128050208e-06 5.543472525459947065e-06 1.817586235119961202e-05
1.100000000000000000e+04 1.047961723088519648e-05 3.057020148844458163e-05 1.725994479784276336e-06 4.994342816644348204e-06 2.904455759562551975e-04 8.264612461061915383e-07 9.729987505124881864e-05 4.109413112018955871e-06 4.931942839903058484e-06 1.755532321112696081e-05
1.150000000000000000e+04 1.212520874105393887e-05 1.942076414707116783e-05 7.841484830350964330e-07 2.111059529852354899e-06 1.039065537042915821e-04 9.751557854542625137e-07 4.131901368964463472e-05 2.445699465170037001e-06 2.845882590918336064e-06 1.254986455023754388e-05
1.200000000000000000e+04 1.116631574404891580e-05 1.635369153518695384e-05 7.762715767967165448e-07 1.693238687039411161e-06 1.000534102786332369e-04 1.003590909931517672e-06 3.585191370802931488e-05 2.064174623228609562e-06 2.854141030184109695e-06 1.096814958145841956e-05
1.250000000000000000e+04 1.445647558284690604e-05 1.821381192712578923e-05 9.604463002688135020e-07 2.551344550738576800e-06 1.788751251297071576e-04 7.182937338257033844e-07 4.391261973069049418e-05 1.745778718031942844e-06 3.113863613180001266e-06 1.552214052935596555e-05
1.300000000000000000e+04 1.623971911612898111e-05 3.461069718468934298e-05 9.995749223890015855e-07 2.229125584563007578e-06 1.667650649324059486e-04 6.737531066391966306e-07 9.784643043531104922e-05 1.515505005045270082e-06 3.211768444089102559e-06 1.385222458338830620e-05
1.350000000000000000e+04 1.290592626901343465e-05 1.760195300448685884e-05 6.891581278978264891e-07 9.381117820339568425e-07 7.101031224010512233e-05 1.047863179337582551e-06 3.256187847000546753e-05 2.592206783447181806e-06 7.181447472248692065e-06 6.681810191366821527e-06
1.400000000000000000e+04 1.238731601915787905e-05 1.775941927917301655e-05 5.895909680475597270e-07 7.951896350277820602e-07 6.985464278841391206e-05 9.864393177849706262e-07 4.467711551114916801e-05 1.591062869010784198e-06 7.094304692145669833e-06 5.530509952222928405e-06
1.450000000000000000e+04 2.173252141801640391e-05 2.298905019415542483e-05 7.253495937220577616e-07 1.031633473758120090e-06 2.276329760206863284e-04 7.902415859462053049e-07 4.132064714212901890e-05 3.934508640668354928e-06 4.428111424203962088e-06 1.193622574646724388e-05
1.500000000000000000e+04 2.423793193884193897e-05 2.143448909919243306e-05 6.267098910939239431e-07 1.035097056956146844e-06 2.153787936549633741e-04 8.396222597184532788e-07 3.655471664387732744e-05 3.780331553571159020e-06 3.861085588141577318e-06 1.156949383585015312e-05
1.550000000000000000e+04 1.789198176993522793e-05 1.154868550656829029e-05 7.986558898664952721e-07 1.983422180273919366e-06 1.057237095665186644e-04 7.541979698544309940e-07 5.179414438316598535e-05 1.847948396971332841e-06 2.576795623099314980e-06 7.199590982054360211e-06
1.600000000000000000e+04 1.706906186882406473e-05 1.080460151570150629e-05 7.198893854365451261e-07 1.312993163082865067e-06 1.020725685521028936e-04 5.920111334489774890e-07 4.989404260413721204e-05 2.377311602685949765e-06 1.521738795418059453e-06 6.554057563334936276e-06
1.650000000000000000e+04 2.533658880565781146e-05 1.776493991201277822e-05 8.258267598648671992e-07 1.842246547312242910e-06 1.518327189842239022e-04 4.484653004510619212e-07 2.629015398269984871e-05 4.488874310482060537e-06 2.978927795993513428e-06 7.607945008203387260e-06
1.700000000000000000e+04 2.714457696129102260e-05 1.708786840026732534e-05 8.799015063232218381e-07 1.705216504888085183e-06 1.405134098604321480e-04 3.711387535076937638e-07 2.758393748081289232e-05 2.727975470406818204e-06 2.803646111715352163e-06 6.753485195076791570e-06
1.750000000000000000e+04 2.333841075596865267e-05 1.304190391238080338e-05 3.575096343411132693e-07 5.448418392006715294e-07 1.321873278357088566e-04 3.904507082097552484e-07 5.245310239843092859e-05 9.068324402505822945e-07 1.592838088981807232e-06 4.976329819328384474e-06
1.800000000000000000e+04 2.180852970923297107e-05 1.193107618746580556e-05 3.569696218619355932e-07 3.786601610045181587e-07 1.275417016586288810e-04 2.576353494987415615e-07 5.250886897556483746e-05 1.001050918603141326e-06 1.411898779224429745e-06 4.791603259945986792e-06
1.850000000000000000e+04 2.633155781950335950e-05 1.870804408099502325e-05 1.165798039437504485e-06 1.660312477724801283e-06 2.207735815318301320e-04 2.027483105848659761e-07 7.917456241557374597e-05 1.169939969258848578e-05 3.189894925981207052e-07 8.527362297172658145e-06
1.900000000000000000e+04 2.622685497044585645e-05 1.823302045522723347e-05 9.894442882796283811e-07 1.621355636416410562e-06 2.102322323480620980e-04 2.049662697345411289e-07 8.626373164588585496e-05 1.142904511652886868e-05 3.550272822394617833e-07 7.966108569235075265e-06
1.950000000000000000e+04 1.799634264898486435e-05 9.108479389396961778e-06 1.913798257646703860e-07 1.226353219863085542e-06 4.131742025492712855e-05 1.656294443819206208e-07 4.108822759008035064e-05 2.678411192391649820e-06 6.220744808160816319e-07 3.415497531022992916e-06
2.000000000000000000e+04 1.545672239444684237e-05 8.004918527149129659e-06 1.556417998926917790e-07 1.028768110700184479e-06 4.147127765463665128e-05 1.924361328065060661e-07 3.757202648557722569e-05 2.229527353847515769e-06 5.747974682890344411e-07 3.296398062957450747e-06
2.050000000000000000e+04 1.486375185777433217e-05 8.947518836066592485e-06 9.879565254777844530e-08 1.132415718529955484e-06 7.621492841280996799e-05 2.802570122639735928e-07 3.022304008482024074e-05 4.278457197415264091e-07 7.281651051016524434e-07 4.633435764844762161e-06
2.100000000000000000e+04 1.521835656603798270e-05 8.789806997810956091e-06 5.809084768770844676e-08 8.105074584818794392e-07 7.048065162962302566e-05 2.930194682448927779e-07 3.027198363270144910e-05 2.719274618812050903e-07 7.100390462255745661e-07 4.206966423225821927e-06
2.150000000000000000e+04 1.853573303378652781e-05 1.322455227636964992e-05 5.591459171228052583e-07 9.844330861596972682e-07 1.686497416812926531e-04 2.928970275206665974e-07 1.475910175940953195e-05 5.757038934461888857e-07 1.540492803542292677e-06 5.031410182709805667e-06
2.200000000000000000e+04 1.736907688609790057e-05 1.225018240802455693e-05 5.171079351384832989e-07 9.539162419969215989e-07 1.647332392167299986e-04 2.982406499540957157e-07 1.642661845835391432e-05 4.364754602192988386e-07 7.060569942041183822e-07 4.960586011293344200e-06
2.250000000000000000e+04 1.543436337669845670e-05 9.989296813728287816e-06 4.151760890636069234e-07 3.470203751021472272e-07 8.857542707119137049e-05 4.418556898144743172e-07 1.485914890508865938e-05 7.508434691771981306e-07 1.233596958627458662e-05 3.441391299929819070e-06
2.300000000000000000e+04 1.362850252917269245e-05 9.618886906537227333e-06 4.400976933993661078e-07 3.275689550719107501e-07 8.760837226873263717e-05 4.261460730958788190e-07 1.540683842904400080e-05 5.502040494320681319e-07 1.386075655318563804e-05 3.857083811453776434e-06
2.350000000000000000e+04 1.736103513394482434e-05 5.799743121315259486e-06 2.294863605811769958e-07 2.879971532365743769e-07 4.804380660061724484e-05 3.780262147756729973e-07 2.075737938866950572e-05 1.419790351064875722e-06 3.942382136301603168e-06 3.642454657892812975e-06
2.400000000000000000e+04 1.617700399947352707e-05 5.873481313756201416e-06 1.788863670526552596e-07 1.909788238663168158e-07 4.472964792512357235e-05 4.005234757187281502e-07 2.183181823056656867e-05 3.085833100158197340e-07 5.769256858911830932e-06 3.191529231116874143e-06
2.450000000000000000e+04 1.118648469855543226e-05 9.953326298273168504e-06 1.077692246553851874e-07 4.554720192118111299e-07 6.036368358763866127e-05 4.016076786683697719e-07 2.560843677201773971e-05 2.367753950238693506e-06 1.971036226677824743e-06 2.289629037477425300e-06
2.500000000000000000e+04 1.049723778123734519e-05 8.682002771820407361e-06 7.669822821299021598e-08 3.818570917246688623e-07 6.004031820339150727e-05 3.606774043873883784e-07 2.502599636500235647e-05 3.424976057431194931e-06 1.735473347252991516e-06 2.019387238760828041e-06
2.550000000000000000e+04 1.489470741944387555e-05 6.918594408489298075e-06 4.444416958904184867e-07 3.884394459419127088e-07 4.901299325865693390e-05 3.236852137433743337e-07 2.112875881721265614e-05 4.669051065775420284e-07 1.031706915455288254e-06 3.136650548185571097e-06
2.600000000000000000e+04 1.405051534675294533e-05 6.411734830180648714e-06 2.417434075141500216e-07 4.141409135627327487e-07 4.602783155860379338e-05 3.494140514703758527e-07 1.693817466730251908e-05 6.193156423250911757e-07 1.027980829348962288e-06 3.076574785154662095e-06
2.650000000000000000e+04 1.355097265332005918e-05 8.970719136414118111e-06 4.674561182582692709e-08 1.920206500471977051e-07 9.056607814272865653e-05 4.310956569497648161e-07 1.439925017621135339e-05 8.740285011299420148e-07 3.739684473202942172e-07 2.995666363858617842e-06
2.700000000000000000e+04 1.367524146189680323e-05 8.177717063517775387e-06 5.048613260782985890e-08 1.347193290257564513e-07 8.425948180956766009e-05 4.875390686720493250e-07 1.563632031320594251e-05 7.697576620557811111e-07 3.820108531726873480e-07 2.477651605659048073e-06
2.750000000000000000e+04 1.269353924726601690e-05 6.081191713747102767e-06 8.181740440704743378e-08 6.420692670872085728e-07 4.646654997486621141e-05 4.565070241824287223e-07 1.896171306725591421e-05 5.071009354651323520e-07 6.980989724070241209e-07 1.713663209557125811e-06
2.800000000000000000e+04 1.252887068403651938e-05 5.429748398455558345e-06 5.567884286961088947e-08 5.126659630150243174e-07 4.452691428014077246e-05 3.884596821990271565e-07 1.647963108553085476e-05 4.218509275233373046e-07 4.154662462951819180e-07 1.495465426160080824e-06
2.850000000000000000e+04 1.763950422173365951e-05 1.318229988100938499e-05 8.374647819664460258e-08 4.211634632156346925e-07 1.352958934148773551e-04 3.629592413290083641e-07 1.298884126299526542e-05 1.513506759920346667e-07 8.791543564257153776e-07 2.808142426147242077e-06
2.900000000000000000e+04 1.718399107630830258e-05 1.062335468304809183e-05 4.388575902680713625e-08 3.887263630986126373e-07 1.335166307399049401e-04 3.683754528083227342e-07 1.243004226125776768e-05 9.749707885475800140e-08 5.536286948881752323e-07 2.431913344480562955e-06
2.950000000000000000e+04 1.113075904868310317e-05 6.275147825363092124e-06 8.816434160507924389e-08 4.773137334268540144e-07 4.226999953971244395e-05 2.951675810436427128e-07 1.973470716620795429e-05 1.350730713056691457e-06 1.204738737214938737e-06 7.606923873026971705e-07
3.000000000000000000e+04 1.024604080157587305e-05 5.270313977234764025e-06 6.764349080867759767e-08 2.935216230071091559e-07 4.159752643317915499e-05 2.575083897227159468e-07 1.844402140704914927e-05 1.769845880517095793e-06 1.267759671463863924e-06 6.390984026438673027e-07
3.050000000000000000e+04 1.532347050670068711e-05 6.036546437826473266e-06 9.185015414914232679e-08 7.147394853745936416e-07 7.475715392502024770e-05 2.631954032494832063e-07 1.335423257842194289e-05 6.524551281472668052e-07 1.047669613285506784e-07 1.555968424327147659e-06
3.100000000000000000e+04 1.473803058615885675e-05 6.309499894996406510e-06 7.463926721129610087e-08 4.380671043691108935e-07 7.153865590225905180e-05 2.579800195690040709e-07 1.408171556249726564e-05 1.331988642050419003e-06 9.777613740880042315e-08 1.578930664436484221e-06
3.150000000000000000e+04 8.651587450003717095e-06 4.507613084570039064e-06 5.147380832681847096e-08 1.914891072374302894e-07 5.867447907803580165e-05 2.287380453935838887e-07 8.946568414103239775e-06 1.730621647766383830e-06 5.400870008998026606e-07 1.826485913625219837e-06
3.200000000000000000e+04 8.419946425419766456e-06 4.417913714860333130e-06 4.848941870250200736e-08 1.383675254373883945e-07 5.723856520489789546e-05 1.997679106580108055e-07 8.582101145293563604e-06 1.513291522314830218e-06 6.924325361978844739e-07 1.877989802778756712e-06
3.250000000000000000e+04 9.409817721461877227e-06 6.866135663585737348e-06 2.431977463857037947e-07 8.579640820016720681e-08 4.999247903469949961e-05 1.903844690787082072e-07 7.504580480599543080e-06 9.837669523449221742e-08 5.402828264777781442e-07 1.877476051959092729e-06
3.300000000000000000e+04 8.117594006762374192e-06 6.005612704029772431e-06 9.238377884912551963e-08 5.973479488829980255e-08 4.932263982482254505e-05 1.739459634109152830e-07 6.202981239766813815e-06 2.747598273344920017e-07 5.005978209737804718e-07 1.875901261882972904e-06
3.350000000000000000e+04 9.857361874310299754e-06 4.217536570649826899e-06 1.115078092084331729e-07 4.713399732736434089e-07 5.920740295550785959e-05 1.520038921398736420e-07 1.000398697215132415e-05 1.506024318587151356e-07 2.045514065684983507e-06 1.442846041754819453e-06
3.400000000000000000e+04 9.200149179378058761e-06 3.938071131415199488e-06 1.123226454069481406e-07 3.179822556376166176e-07 5.565461469814181328e-05 1.403499538810137892e-07 1.016267651721136644e-05 5.944098546706300112e-08 1.685523443484271411e-06 1.327766540271113627e-06
3.450000000000000000e+04 9.676161425886675715e-06 5.102737759443698451e-06 1.175529362740235229e-07 3.006408348937839037e-07 5.045716898166574538e-05 1.310153976419314859e-07 1.407896434102440253e-05 2.546612449805252254e-06 7.929371577120036818e-07 1.199416374220163561e-06
3.500000000000000000e+04 8.759546290093567222e-06 4.821278253075433895e-06 8.106838578214592417e-08 2.620336658765154425e-07 5.010120366932824254e-05 1.356522290052453172e-07 1.262416481040418148e-05 3.071225137318833731e-06 8.078037581071839668e-07 1.222771174980152864e-06
3.550000000000000000e+04 1.227808661496965215e-05 1.948969838849734515e-05 1.581233988190433593e-07 1.494196339990594424e-07 5.093912477605044842e-05 1.325278873309798655e-07 2.613554897834546864e-05 9.191439289679692592e-07 6.521051432173408102e-07 1.186478471026930492e-06
3.600000000000000000e+04 1.252554466191213578e-05 3.349906137373181991e-06 7.584018391071367660e-08 1.151448145719768945e-07 4.472013461054302752e-05 1.414931887211423600e-07 4.090230504516512156e-06 4.216513502797170077e-07 1.355404606329102535e-06 2.398783635726431385e-06
3.650000000000000000e+04 1.594208151800557971e-05 6.765716079826233909e-06 4.657114871520207089e-08 6.429943510966040776e-08 7.539269427070394158e-05 1.507374349785095546e-07 6.612714059883728623e-06 8.450061983467094251e-08 3.919911080174642848e-07 3.847566858894424513e-06
3.700000000000000000e+04 1.531139241706114262e-05 6.755934919056016952e-06 2.252934905300207902e-08 6.181637957070051925e-08 7.259729318320751190e-05 1.346090954257306294e-07 7.807768270140513778e-06 8.283293340127784177e-08 1.424936328930925811e-07 3.992157417087582871e-06
3.750000000000000000e+04 1.196784978674259037e-05 5.695485015166923404e-06 3.087107813826150959e-08 1.455925087157083908e-07 8.831848390400409698e-05 1.402643192704999819e-07 1.466333196731284261e-05 7.685087439313065261e-06 1.948995986822410487e-06 9.485187320024124347e-07
3.800000000000000000e+04 1.033185890264576301e-05 5.260797024675412104e-06 4.949995968672737945e-08 1.441479895447628223e-07 8.586223702877759933e-05 1.538454341698525241e-07 1.431291639164555818e-05 1.004955993266776204e-05 1.469969220124767162e-06 7.507001669182500336e-07
3.850000000000000000e+04 7.488722076232079417e-06 4.573610112856840715e-06 3.738548173259914620e-07 1.598756966814107727e-07 6.039012805558741093e-05 1.473493398407299537e-07 1.222210084961261600e-05 1.507207457507320214e-06 1.452845879157393938e-07 9.822588253882713616e-07
3.900000000000000000e+04 7.587666004837956280e-06 4.495665052672848105e-06 2.428836012313695392e-07 1.035567152030125726e-07 5.787305053672753274e-05 1.416959349853641470e-07 1.250983677891781554e-05 1.370468112327216659e-06 5.729009089350256545e-08 1.057828626471746247e-06
3.950000000000000000e+04 1.081421669368864968e-05 3.104330744463368319e-06 1.414536541233246680e-07 7.363678378169424832e-07 3.990742698078975081e-05 1.454786797694396228e-07 1.196679750137263909e-05 1.861952910076070111e-06 2.957266644898481900e-07 7.278239309016498737e-07
4.000000000000000000e+04 1.018482453218894079e-05 2.977555368488538079e-06 1.075187157084656064e-07 5.373414069254067726e-07 3.878837014781311154e-05 1.445146864398338948e-07 1.139319920184789225e-05 1.351815967609582003e-06 4.692766708558337996e-07 5.751135745413193945e-07
4.050000000000000000e+04 1.177505964733427390e-05 1.122731737268622965e-05 1.433193403954646783e-07 2.433889960684609832e-07 1.418929605279117823e-04 1.463166228177215089e-07 1.068316487362608314e-05 1.146443878496938851e-06 2.639321508013381390e-07 3.099889454460935667e-06
4.100000000000000000e+04 1.087773580366047099e-05 1.107007756218081340e-05 1.415979085095386836e-07 2.191249137695194804e-07 1.372477127006277442e-04 1.496294572689294000e-07 1.182502364827087149e-05 7.971879085744149052e-07 6.257134828047128394e-07 3.399507932044798508e-06
4.150000000000000000e+04 6.384993866959121078e-06 7.082948286551982164e-06 2.306622661762958160e-07 5.690692361781657382e-08 8.819538197712972760e-05 1.380917495907851844e-07 9.563894309394527227e-06 2.725958836435893318e-07 1.076915481235118932e-07 3.155314971081679687e-06
4.200000000000000000e+04 6.681222203042125329e-06 6.866026524221524596e-06 2.002014127810980426e-07 4.466570402428260422e-08 8.536694076610729098e-05 1.308070380900971941e-07 1.046506076818332076e-05 2.436231909541675122e-07 6.565132792957228958e-08 3.186786670994479209e-06
4.250000000000000000e+04 8.195940608857199550e-06 3.532752771207015030e-06 1.439257317770170630e-07 2.844324598072489607e-08 5.116891406942158937e-05 1.262931306200698600e-07 7.634655958099756390e-06 2.659359324752585962e-06 9.450297966395737603e-08 1.148875298895291053e-06
4.300000000000000000e+04 7.696269676671363413e-06 3.570327862689737231e-06 1.002168090735722217e-07 2.694686607185303728e-08 4.984411862096749246e-05 1.218493537180620478e-07 8.614053513156250119e-06 2.696815499803051353e-06 1.462029644017093233e-07 1.198289282910991460e-06
4.350000000000000000e+04 9.354950634588021785e-06 5.024669917474966496e-06 2.915289485372341005e-07 2.043608589019640931e-07 7.637652015546336770e-05 1.265321856180889881e-07 1.673233418841846287e-05 2.429532912628928898e-07 1.177315425593405962e-06 5.707209425054315943e-07
4.400000000000000000e+04 8.409543625020887703e-06 4.625986548489890993e-06 1.644823157676000847e-07 1.311696848915744340e-07 7.489561539841815829e-05 1.129553055534415762e-07 1.637455352465622127e-05 1.312574653411502368e-07 6.630473308177897707e-07 6.458986945290234871e-07
4.450000000000000000e+04 9.870350368146318942e-06 5.798944130219751969e-06 1.028572711447850452e-07 1.549104098330644774e-07 4.472391810850240290e-05 8.805454854154959321e-08 9.072195098269730806e-06 2.709868169858964393e-07 6.457125891756732017e-07 6.705274699925212190e-07
4.500000000000000000e+04 9.332659828942269087e-06 5.012186193198431283e-06 8.817014673923040391e-08 1.421835946757710190e-07 3.841848956653848290e-05 8.297224951547832461e-08 7.734773134870920330e-06 2.886240793031902285e-07 3.809369388818595326e-07 5.875956503587076440e-07
4.550000000000000000e+04 1.673870610829908401e-05 8.273440471384674311e-06 1.082520952877530362e-07 1.696982110388489673e-07 9.433619561605155468e-05 1.177030242160981288e-07 1.557289397169370204e-05 7.353405635512899607e-07 2.371206306861495250e-07 1.718148268992081285e-06
4.600000000000000000e+04 1.418632655258988962e-05 8.483400961267761886e-06 8.201805457019872847e-08 1.072003286139988631e-07 9.041864541359245777e-05 1.351521632386720739e-07 1.581117976456880569e-05 9.796079893931164406e-07 1.838251222352482728e-07 1.732779423946340103e-06
4.650000000000000000e+04 8.847060598782263696e-06 1.287386567128123716e-05 1.438857566427031998e-07 9.189978555923516979e-08 3.442654997343197465e-05 1.147690582570248807e-07 2.072639290418010205e-05 4.226520218253426719e-07 1.176826387450091715e-07 4.006586209470697213e-07
4.700000000000000000e+04 8.593302482040598989e-06 3.469913508524768986e-06 1.398787929929312668e-07 5.722119311712958734e-08 2.753443186520598829e-05 1.019349937791957927e-07 9.268770554626826197e-06 2.618778296437085373e-07 8.962386033317670808e-08 4.624714620149461553e-07
4.750000000000000000e+04 7.182026365626370534e-06 3.865423423121683300e-06 3.232922836104989983e-07 1.123161510463432933e-07 8.517608875990845263e-06 9.837361147901901859e-08 1.300766507483785972e-05 7.191877671175461728e-07 1.101892507904267404e-06 2.523036755519569851e-06
4.800000000000000000e+04 5.466879883897490799e-06 3.589512516555259936e-06 1.934962625682601356e-07 6.835528409965263563e-08 7.050417025311617181e-06 9.725314242814420140e-08 1.266864637727849185e-05 5.724090783587598708e-07 1.688546262812451459e-06 2.515412234060931951e-06
4.850000000000000000e+04 3.736108737939503044e-06 3.182730324624571949e-06 1.836543788158451207e-07 8.529900696885306388e-08 7.438738975906744599e-06 9.187959904011222534e-08 1.289634565182495862e-05 2.523128728171286639e-07 1.198529275825421792e-07 8.326567240146687254e-07
4.900000000000000000e+04 3.378129122211248614e-06 2.062983867290313356e-06 1.360889854140623356e-07 3.344976562402734999e-08 6.545257292600581422e-06 7.257517609104979783e-08 1.058166253642411903e-05 1.720893862966477172e-07 5.304292827190693060e-08 6.888171810714993626e-07
4.950000000000000000e+04 8.247166078945156187e-06 4.812005045096157119e-06 1.287032205254945438e-07 1.659707180579061969e-07 2.426999890303704888e-05 6.332029300892827450e-08 1.137584695243276656e-05 1.975866013026461587e-07 4.908977189188590273e-07 4.781901679962174967e-06
5.000000000000000000e+04 6.714858500345144421e-06 5.742321718571474776e-06 1.249185146434683702e-07 1.405548033517334261e-07 2.290928750880993903e-05 6.354671455710558803e-08 1.794045238057151437e-05 1.961551276963291457e-07 2.723800776038842741e-07 5.228813279245514423e-06
5.050000000000000000e+04 1.222452920046634972e-05 8.166046427504625171e-06 1.000812375195891946e-07 3.032732536212279228e-07 9.916732233250513673e-05 5.511056144769099774e-08 1.680386594671290368e-05 2.948276289771456504e-07 4.988413593309815042e-07 1.488569182583887596e-06
5.100000000000000000e+04 1.135183356382185593e-05 8.181565135600976646e-06 9.479246187993339845e-08 2.158639063054579310e-07 9.307832806371152401e-05 5.945093661807732133e-08 1.881638672784902155e-05 3.617535924149706261e-07 5.126819502265789197e-08 1.538809215162473265e-06
5.150000000000000000e+04 1.003365377982845530e-05 3.512611556288902648e-06 1.406157537076069275e-07 2.049106200274763978e-07 2.748530641838442534e-05 7.098056897802962339e-08 2.929362744907848537e-05 2.988033998008177150e-07 5.541787118090724107e-07 2.037914100583293475e-06
5.200000000000000000e+04 9.298988516093231738e-06 3.134525968562229536e-06 1.306849384263841785e-07 1.410602266105343006e-07 2.316836071258876473e-05 7.781162736364422017e-08 3.010615000675898045e-05 2.799871197112224763e-07 2.171942128370574210e-07 1.490940007897734176e-06
5.250000000000000000e+04 5.941605650150449947e-06 3.637851932580815628e-06 1.045713347025412077e-07 6.179221401225731825e-08 1.874506597232539207e-05 7.174699589995725546e-08 1.526492451375816017e-05 2.316550762770930305e-06 2.519342672258062521e-07 3.728972899352811510e-07
5.300000000000000000e+04 5.730633347411639988e-06 3.597607019401038997e-06 8.124460748604178661e-08 4.570312484020178090e-08 1.492276260250946507e-05 7.024859627335899859e-08 1.469043763790978119e-05 4.556288786261575297e-06 1.517943957196621341e-07 3.571956597170355963e-07
5.350000000000000000e+04 5.952798346697818488e-06 5.097523626318434253e-06 8.715642962897618418e-08 5.702901262338855304e-08 4.435683513293042779e-05 9.625831864923384273e-08 1.014736244542291388e-05 3.131161747660371475e-06 2.690008500394469593e-07 1.202510134135081898e-06
5.400000000000000000e+04 4.636702215066179633e-06 7.711832950008101761e-06 7.435824045387562364e-08 4.162937727869575610e-08 4.159113086643628776e-05 8.583057109490255243e-08 7.801339052093680948e-06 3.462768745521316305e-06 1.991523248534576851e-07 1.676750230217294302e-06
5.450000000000000000e+04 1.199365487991599366e-05 1.205581520480336621e-05 1.773529731963208178e-07 9.722189986405282980e-08 5.135041283210739493e-05 6.654881445911087212e-08 1.788143708836287260e-05 6.067017466193647124e-07 4.993580091650073882e-07 6.234799457160988823e-06
5.500000000000000000e+04 1.067493121809093282e-05 1.264713046111864969e-05 1.501375663792714477e-07 6.285949183393313433e-08 4.700948193203657866e-05 5.354712584448861890e-08 1.849691943789366633e-05 5.944408485447638668e-07 1.894580066164053278e-07 9.233442142431158572e-06
5.550000000000000000e+04 6.816711447754641995e-06 6.929955361556494609e-06 7.475413354995907866e-08 1.128869300259793818e-07 3.033090615645051003e-05 4.629853833648667205e-08 1.419684122083708644e-05 2.279872205690480769e-06 1.816674284782493487e-06 1.642754114072886296e-06
5.600000000000000000e+04 6.526795914396643639e-06 4.724219706986332312e-06 6.162054688729767804e-08 8.689772812431328930e-08 2.770267565210815519e-05 4.695636590668073040e-08 9.355505426356103271e-06 3.117638016192358918e-06 2.714478341658832505e-06 9.974523891287390143e-07
5.650000000000000000e+04 3.937746896554017439e-06 3.025686737601063214e-06 7.114185507361980854e-08 1.068772803591855336e-07 5.766968115494819358e-06 4.850533485978303361e-08 1.073767452908214182e-05 2.631082907100790180e-06 5.235241928858158644e-07 3.606587029025831725e-07
5.700000000000000000e+04 3.551991540007293224e-06 2.290037400598521344e-06 7.601967411119403550e-08 8.931252892807606258e-08 5.841973688802681863e-06 4.587849389281473123e-08 8.443933438684325665e-06 3.091252210651873611e-06 3.530898595727194333e-07 2.299396726357372245e-07
5.750000000000000000e+04 5.566179879679111764e-06 2.623458385642152280e-06 1.359971975034568459e-07 8.372889936936189770e-08 2.777262670861091465e-05 4.435551659298653249e-08 1.727488961478229612e-05 3.943367801184649579e-07 1.294004334795317845e-07 2.107754824010044103e-07
5.800000000000000000e+04 4.633152002497809008e-06 2.616634219521074556e-06 9.211067464320876752e-08 6.144326647472553304e-08 2.560070424806326628e-05 5.387981616422621300e-08 2.305740963493008167e-05 3.241601689296658151e-07 2.154828990796886501e-07 2.035073691786237760e-07
5.850000000000000000e+04 6.119591034803306684e-06 3.337715497764293104e-06 8.852182986629486550e-08 2.402966856607235968e-07 4.018395338789559901e-05 5.269384928396902978e-08 1.844286271079909056e-05 4.735130460176151246e-06 2.488167467618040973e-07 9.078411267182673328e-07
5.900000000000000000e+04 6.096399829402798787e-06 2.975244569825008512e-06 1.007281511533619778e-07 1.664725033378999797e-07 3.291317625553347170e-05 4.691547417223773664e-08 1.648636680329218507e-05 4.966700998920714483e-06 7.312873862019841908e-08 8.515984291079803370e-07
5.950000000000000000e+04 4.822362370759947225e-06 2.937351382570341229e-06 2.697479999369534198e-07 9.556700319990341086e-08 4.905779496766626835e-05 4.327985791974242602e-08 8.895896826288662851e-06 3.765268957067746669e-06 5.561003035836620256e-07 4.329798173330345890e-07
6.000000000000000000e+04 4.097103555977810174e-06 3.078200279560405761e-06 2.428815832899999805e-07 8.441052301577656181e-08 4.706615072791464627e-05 4.580008194920992537e-08 7.391750386886997148e-06 3.280275450379122049e-06 2.426662888410646701e-07 5.345952445168222766e-07
6.050000000000000000e+04 6.442609446821734309e-06 4.233706476952647790e-06 1.213931426491399179e-07 9.701577852183618234e-08 3.362588904565200210e-05 5.562827354310684314e-08 1.819876524677965790e-05 2.952154773083748296e-06 3.803453125783562427e-07 1.214385292769293301e-06
6.100000000000000000e+04 5.997190783091355115e-06 3.835702955257147551e-06 1.106655602711725805e-07 9.067047557209662045e-08 2.909264185291249305e-05 5.308507056156486215e-08 1.857320603448897600e-05 2.798051127683720551e-06 6.814148605371883605e-07 1.669260655035031959e-06
6.150000000000000000e+04 3.558417802196345292e-06 2.400918901912518777e-06 1.032998611094626540e-07 7.035740878791330033e-08 1.468447135266615078e-05 4.827414912256244861e-08 1.062723640643525869e-05 1.628136601539154071e-06 1.940288711921311915e-07 4.870602197115658782e-07
6.200000000000000000e+04 2.930776190623873845e-06 2.119133796441019513e-06 7.572531757205069880e-08 6.070339964026061352e-08 1.384284314553951845e-05 4.021896415906667244e-08 9.648269042372703552e-06 1.685333245404763147e-06 1.863646161837095860e-07 5.133561558068322483e-07
6.250000000000000000e+04 4.909168183075962588e-06 2.441674496367340907e-06 3.395390137939102715e-07 1.191769740671588806e-07 9.857639270194340497e-06 4.292011013262708730e-08 1.043371867126552388e-05 1.643246946514409501e-06 3.167305919760110555e-07 3.329574838062399067e-07
6.300000000000000000e+04 3.911200565198669210e-06 2.228950734206591733e-06 2.117229342957216431e-07 7.402971391456958372e-08 8.818290552881080657e-06 4.360128613711822254e-08 1.196008543047355488e-05 8.248703693425341044e-07 1.866922190174591378e-07 3.939023542898212327e-07
6.350000000000000000e+04 2.984668753924779594e-06 1.927415723912417889e-06 4.840494582936116785e-08 1.784341350230533862e-07 2.554464572313008830e-06 4.081303117686729820e-08 1.034735214489046484e-05 4.156675572630774695e-07 7.933685708394477842e-08 3.961953609632473672e-07
6.400000000000000000e+04 2.407380861768615432e-06 1.476173565606586635e-06 4.108439100036775926e-08 9.328076799874907010e-08 2.372637027292512357e-06 3.538632498134575144e-08 9.674306056695058942e-06 4.370942008335987339e-07 2.177637981048974325e-07 3.209757721833739197e-07
6.450000000000000000e+04 4.352191353973466903e-06 2.634420070535270497e-06 5.480363896026574366e-08 1.021451296878694848e-07 2.993373527715448290e-05 2.993274250684407889e-08 8.208951840060763061e-06 6.544302664224233013e-07 6.924440043576396420e-08 4.158230524353712099e-07
6.500000000000000000e+04 3.428289346629753709e-06 2.542918309700326063e-06 4.437490730424542562e-08 8.161484998936430202e-08 2.767675505310762674e-05 2.581618296915166866e-08 7.314705271710408852e-06 9.425353368897049222e-07 5.808918146499308932e-08 3.854647729895077646e-07
6.550000000000000000e+04 7.022298177616903558e-06 4.025693215226056054e-06 6.418783726758192643e-08 4.586745561141469807e-08 5.373494786908850074e-05 2.904437401696213783e-08 1.023301956593059003e-05 8.184461535165610258e-07 1.349241500747666578e-07 1.391344881085387897e-06
6.600000000000000000e+04 5.007216259400593117e-06 3.410264071135316044e-06 4.646275897357554641e-08 2.985541414091130719e-08 5.220670209382660687e-05 3.016207372752433002e-08 7.896774150140117854e-06 1.138033326242293697e-06 2.093025557314831531e-07 1.474615487495611887e-06
6.650000000000000000e+04 2.963815632028854452e-06 3.089016217927564867e-06 2.103001719433450489e-07 7.041053606826608302e-08 1.427109873475274071e-05 2.943261812049513537e-08 9.337075425719376653e-06 3.257403591305774171e-07 9.160153240372892469e-07 6.622248633902927395e-07
6.700000000000000000e+04 2.377623104621306993e-06 4.125381565245334059e-06 1.337330530759572866e-07 4.080796855987500749e-08 1.278963736695004627e-05 2.699694867658308794e-08 9.220504580298438668e-06 1.883529137103323592e-07 7.181603223216370679e-07 1.153482116933446378e-06
6.750000000000000000e+04 1.324398363067302853e-05 5.157760369911557063e-06 6.586074619008286390e-08 9.234907594191099633e-08 7.397533045150339603e-05 2.612692817649531207e-08 8.393923963012639433e-06 4.649933771361247636e-07 1.258619164445917704e-07 1.283433789467380848e-06
6.800000000000000000e+04 1.100937242881627753e-05 5.013765076000709087e-06 6.284396647515677614e-08 7.051807671132337418e-08 7.150741294026374817e-05 2.681106892055140634e-08 1.023320601234445348e-05 4.386374712339602411e-07 8.556551733818196226e-08 1.535277192488138098e-06
6.850000000000000000e+04 5.745001999457599595e-06 3.128449861833360046e-06 3.390288583204892348e-08 7.561953907497809269e-08 2.330712595721706748e-05 2.698536505363335891e-08 1.613449785509146750e-05 1.517121575034252601e-07 6.515407591223265626e-08 5.053405402577482164e-06
6.900000000000000000e+04 4.353893473307834938e-06 3.907858172169653699e-06 2.826973322100911901e-08 5.076052644881201559e-08 2.113607661158312112e-05 2.163167600599535945e-08 1.153130961029091850e-05 1.424559599172425806e-07 1.390009600754638086e-07 7.023962552921148017e-06
6.950000000000000000e+04 9.003558261611033231e-06 4.983860890206415206e-06 2.658711366620991612e-07 2.024663814381710836e-07 8.836670167511329055e-05 2.509445629073070450e-08 1.311571668338729069e-05 1.498823287704453833e-08 1.809206935377005721e-07 9.586010492057539523e-07
7.000000000000000000e+04 7.926262696855701506e-06 4.849620381719432771e-06 1.695728286676967400e-07 1.372773255070569576e-07 8.257547597168013453e-05 1.842242802752025455e-08 1.291978151130024344e-05 1.409286820575061938e-08 2.026529273280175403e-07 1.015178440866293386e-06
7.050000000000000000e+04 1.930244616232812405e-05 1.162840544566279277e-05 2.310852380560390884e-07 6.438387458729266655e-07 7.080216164467856288e-05 2.456982350906855572e-08 4.055933459312655032e-05 4.787447096532559954e-07 5.468272661346418317e-07 1.777919806045247242e-06
7.100000000000000000e+04 1.264038473891559988e-05 8.787413207755889744e-06 1.424691902229824336e-07 1.859120999370134086e-07 6.790665065636858344e-05 1.906403745977058861e-08 4.412052294355817139e-05 2.618685925881436560e-07 1.539168152930869837e-07 1.133955606746894773e-06
7.150000000000000000e+04 5.447049716167384759e-06 6.896293143654474989e-06 1.784912626590084983e-07 5.934330360446438135e-08 6.432942609535530210e-05 1.730628973461989517e-08 2.356357435928657651e-05 1.569921863620038494e-07 1.643127376382835791e-07 1.103595195672824048e-06
7.200000000000000000e+04 4.949924914399161935e-06 5.679774858435848728e-06 2.005846511110576103e-07 5.102159761349867040e-08 5.185888585401698947e-05 2.167187318491414771e-08 1.771624374669045210e-05 3.647065227596613113e-08 2.360712869631242938e-07 1.612018081686983351e-06
7.250000000000000000e+04 7.545023890997981653e-06 8.322263965965248644e-06 5.697323857134506397e-08 4.243953526383847930e-07 2.085633059323299676e-05 1.569079621788205259e-08 2.370015317865181714e-05 9.027905889524845406e-08 1.857730580923089292e-06 4.041033662360860035e-06
7.300000000000000000e+04 5.840047379024326801e-06 5.807153229397954419e-06 5.095883537364898075e-08 2.413009099200280616e-07 2.014138044614810497e-05 1.505947544444552477e-08 2.540333844081033021e-05 6.525360163323057350e-08 1.089165152734494768e-06 2.854096010196371935e-06
7.350000000000000000e+04 4.923811502521857619e-06 4.193073436908889562e-06 2.392425813013687730e-07 1.716304325327655533e-07 3.808673136518336833e-05 1.678551520001292374e-08 2.732978464337065816e-05 8.525848471663266537e-08 5.790058139609755017e-07 3.797302099428634392e-07
7.400000000000000000e+04 4.799015187018085271e-06 3.857373485516291112e-06 2.575339692612033105e-07 8.600247269896499347e-08 3.409618147998116910e-05 1.704359497978202853e-08 1.948285716935060918e-05 4.229860195437140646e-08 2.905813403231150005e-07 3.713965384122275282e-07
