# step, loss_train, loss_test, metrics_test
0.000000000000000000e+00 6.722068879753351212e-03 1.322326213121414185e-01 5.894394125789403915e-03 3.441127482801675797e-03 1.082396786659955978e-02 6.721728947013616562e-03 1.656408756971359253e-01 4.494492895901203156e-03 3.354350803419947624e-03 1.193511765450239182e-02
5.000000000000000000e+02 5.486641894094645977e-04 5.718626454472541809e-02 4.221001654514111578e-05 1.012099019135348499e-04 2.122509060427546501e-03 5.011451430618762970e-04 6.516686081886291504e-02 2.549201417423319072e-05 1.031163119478151202e-04 2.748615574091672897e-03
1.000000000000000000e+03 3.597326576709747314e-04 5.682441964745521545e-02 4.111585076316259801e-05 6.890750955790281296e-05 8.410634472966194153e-04 2.121558936778455973e-04 6.504594534635543823e-02 3.590841879486106336e-05 6.781411502743139863e-05 1.454913173802196980e-03
1.500000000000000000e+03 2.488473255652934313e-04 5.883629620075225830e-02 6.460238364525139332e-04 9.873138042166829109e-04 1.311126397922635078e-03 1.199762045871466398e-04 5.610768124461174011e-02 4.172000044491142035e-04 6.667947745881974697e-04 1.641649985685944557e-03
2.000000000000000000e+03 1.533332833787426353e-04 8.533104555681347847e-04 1.726574555505067110e-04 1.195354197989217937e-04 3.419980406761169434e-03 1.006060119834728539e-04 5.657972651533782482e-04 3.916518471669405699e-04 3.546324296621605754e-05 2.960767131298780441e-03
2.500000000000000000e+03 1.030348576023243368e-04 3.579277836252003908e-04 1.416419399902224541e-04 1.415100723534123972e-05 2.403369639068841934e-03 5.392805542214773595e-05 1.647869648877531290e-04 2.977429830934852362e-04 2.126715116901323199e-05 1.981742447242140770e-03
3.000000000000000000e+03 7.043743244139477611e-05 2.372062153881415725e-04 8.612273813923820853e-05 9.905136721499729902e-06 1.943927840329706669e-03 2.781782313832081854e-05 1.290857908315956593e-04 1.239615812664851546e-04 1.483747928432421759e-05 1.533446251414716244e-03
3.500000000000000000e+03 1.244369486812502146e-04 3.534536808729171753e-04 2.407690772088244557e-04 1.442557841073721647e-04 2.170871477574110031e-03 7.126222044462338090e-05 1.777228753780946136e-04 5.075994995422661304e-04 1.229527988471090794e-04 1.767549663782119751e-03
4.000000000000000000e+03 4.568477379507385194e-05 1.524041581433266401e-04 3.202210064046084881e-05 1.333273939962964505e-05 1.478113234043121338e-03 1.082280414266278967e-05 5.771977521362714469e-05 4.390919639263302088e-05 1.747342867020051926e-05 1.039356226101517677e-03
4.500000000000000000e+03 7.979780639288946986e-05 1.976053463295102119e-04 2.159479481633752584e-05 3.006106817338149995e-05 1.948253251612186432e-03 3.110169200226664543e-05 5.781560321338474751e-05 2.958750701509416103e-05 3.740854663192294538e-05 1.326950965449213982e-03
5.000000000000000000e+03 5.057517046225257218e-05 1.378789020236581564e-04 6.874959126434987411e-06 3.220491998945362866e-05 1.585442223586142063e-03 1.426333801646251231e-05 4.297217310522682965e-05 1.529346991446800530e-05 4.510189683060161769e-05 9.650662541389465332e-04
5.500000000000000000e+03 2.244828829134348780e-05 7.820469181751832366e-05 1.866252205218188465e-05 2.684727951418608427e-05 1.200152328237891197e-03 7.188759809650946409e-06 5.307916580932214856e-05 1.854621041275095195e-05 2.771858089545276016e-05 8.295806474052369595e-04
6.000000000000000000e+03 1.819276803871616721e-05 1.039209819282405078e-04 2.699445576581638306e-05 1.349896865576738492e-05 1.068835379555821419e-03 6.913786819495726377e-06 3.341406772960908711e-05 1.344648808299098164e-05 1.289035208174027503e-05 7.191737531684339046e-04
6.500000000000000000e+03 2.766147736110724509e-05 7.006181112956255674e-05 1.990269447560422122e-05 6.271335678320610896e-06 1.092462451197206974e-03 9.322728146798908710e-06 6.444174505304545164e-05 6.614999620069283992e-06 3.184058869010186754e-06 6.264923140406608582e-04
7.000000000000000000e+03 2.265619150421116501e-05 5.646867793984711170e-05 1.052275547408498824e-05 1.440110736439237371e-06 9.444946190342307091e-04 7.879865734139457345e-06 3.246483538532629609e-05 3.132981510134413838e-05 4.742574219562811777e-06 4.871877317782491446e-04
7.500000000000000000e+03 1.007113223749911413e-05 3.132510028081014752e-05 2.070115988317411393e-05 2.054311835308908485e-06 6.977283628657460213e-04 4.055137196701252833e-06 1.273183443117886782e-05 1.587653969181701541e-05 1.583149241923820227e-05 4.088232817593961954e-04
8.000000000000000000e+03 9.029953616845887154e-06 2.913896423706319183e-05 1.944743962667416781e-05 8.329059710376895964e-06 6.248443387448787689e-04 3.868174644594546407e-06 1.199255439132684842e-05 1.613047606952022761e-05 3.837879921775311232e-05 3.415835963096469641e-04
8.500000000000000000e+03 4.519032518146559596e-05 1.353502739220857620e-04 1.895137756946496665e-05 1.674835402809549123e-05 1.083150156773626804e-03 2.155967558792326599e-05 9.932907414622604847e-05 2.056496123259421438e-05 4.527301643975079060e-05 8.291244739666581154e-04
9.000000000000000000e+03 2.879529347410425544e-05 7.974452455528080463e-05 1.063989657268393785e-05 6.112412393122212961e-06 8.202007156796753407e-04 1.262939713342348114e-05 5.097618850413709879e-05 3.809694317169487476e-05 1.442291340936208144e-05 5.448312149383127689e-04
9.500000000000000000e+03 3.072198887821286917e-05 1.946870906976982951e-04 1.938569766934961081e-05 2.915793174906866625e-06 6.511939573101699352e-04 1.192061881738482043e-05 1.240252604475244880e-04 2.380014302616473287e-05 5.006951596442377195e-06 3.834902017842978239e-04
1.000000000000000000e+04 2.263584428874310106e-05 3.032301356142852455e-05 3.987956461060093716e-06 8.397030910600733478e-07 5.184739711694419384e-04 8.581843758292961866e-06 1.836007868405431509e-05 2.848352960427291691e-05 2.185869561799336225e-06 2.573460806161165237e-04
1.050000000000000000e+04 1.888673978100996464e-05 9.421136928722262383e-05 8.429223271377850324e-06 2.068166622848366387e-06 6.282035028561949730e-04 4.967974746250547469e-06 3.758001184905879200e-05 8.496887176079326309e-07 1.793467049537866842e-06 1.825067593017593026e-04
1.100000000000000000e+04 1.887647886178456247e-05 2.480853436281904578e-05 7.064252258714986965e-06 1.112361928790051024e-06 5.573118105530738831e-04 3.643476247816579416e-06 9.962836884369608015e-06 9.933415867635631002e-07 1.099411974792019464e-06 1.226246095029637218e-04
1.150000000000000000e+04 1.442157281417166814e-05 9.867988410405814648e-06 1.955791731234057806e-06 1.727924399119729060e-07 2.284388174302875996e-04 2.694454451557248831e-06 3.444565436439006589e-06 2.160358917535631917e-06 2.384236665875505423e-07 9.651646541897207499e-05
1.200000000000000000e+04 1.541887831990607083e-05 2.654017589520663023e-05 9.597773896530270576e-06 4.995289373255218379e-07 2.067934547085314989e-04 2.327985157535295002e-06 2.548866359575185925e-05 8.775487003731541336e-06 5.898462518416636158e-07 8.326973329531028867e-05
1.250000000000000000e+04 2.038626735156867653e-05 2.771788240352179855e-05 2.009266972891055048e-05 1.857624852164008189e-06 3.434718819335103035e-04 2.685124627532786690e-06 1.516018801339669153e-05 2.052170202659908682e-05 2.368499735894147307e-06 6.256974302232265472e-05
1.300000000000000000e+04 2.235746433143503964e-05 1.304710622207494453e-05 2.961347718155593611e-06 9.581420954418717884e-07 3.107788506895303726e-04 2.221344175268313847e-06 3.151678356516640633e-06 3.329301307530840859e-06 1.498545543654472567e-06 4.693266600952483714e-05
1.350000000000000000e+04 1.572932706039864570e-05 5.861880254087736830e-06 1.119154148909728974e-06 2.739976991961157182e-07 1.427340321242809296e-04 1.074345277629618067e-06 6.911607670190278441e-06 6.407490218407474458e-06 4.555717509902024176e-07 3.607540202210657299e-05
1.400000000000000000e+04 1.491939201514469460e-05 4.828163127967854962e-06 9.101252658183511812e-07 3.361110145760903833e-07 1.348175865132361650e-04 7.963245707287569530e-07 5.050380877946736291e-06 9.706585842650383711e-06 6.015379767632111907e-07 3.044256663997657597e-05
1.450000000000000000e+04 2.476126610417850316e-05 1.914369058795273304e-04 9.567894267092924565e-06 2.293130592079251073e-06 3.690241428557783365e-04 1.600098357812385075e-06 2.041745465248823166e-04 5.765425157733261585e-06 2.300276264577405527e-06 7.091236329870298505e-05
1.500000000000000000e+04 3.067330544581636786e-05 1.234726551047060639e-05 1.376675413666816894e-06 6.880742375869886018e-07 3.151963173877447844e-04 1.049737647917936556e-06 9.512739779893308878e-06 2.910485648044414120e-07 1.398970880472916178e-06 2.331431278435047716e-05
1.550000000000000000e+04 2.487098144531250000e+03 5.079718780517578125e+01 7.848873291015625000e+02 2.289346504211425781e+01 1.647179107666015625e+02 7.941412925720214844e+00 2.696960830688476562e+01 5.438331298828125000e+02 1.770251846313476562e+01 1.648629455566406250e+02
1.600000000000000000e+04 1.210391357421875000e+03 5.079789733886718750e+01 7.848740844726562500e+02 2.289347267150878906e+01 1.647175598144531250e+02 8.108276367187500000e+00 2.697018814086914062e+01 5.438273925781250000e+02 1.770249366760253906e+01 1.648626098632812500e+02
1.650000000000000000e+04 8.109623908996582031e+00 3.791124877929687500e+02 5.360516357421875000e+01 1.548965215682983398e+00 2.380161437988281250e+02 6.819267272949218750e+00 3.409201049804687500e+02 5.764926910400390625e+01 1.738368570804595947e-01 2.371168060302734375e+02
1.700000000000000000e+04 8.109623908996582031e+00 3.791124877929687500e+02 5.360516357421875000e+01 1.548965215682983398e+00 2.380161437988281250e+02 6.819267272949218750e+00 3.409201049804687500e+02 5.764926910400390625e+01 1.738368570804595947e-01 2.371168060302734375e+02
1.750000000000000000e+04 8.065762519836425781e+00 3.745406799316406250e+02 4.864735031127929688e+01 1.906251668930053711e+00 2.349365234375000000e+02 6.819267272949218750e+00 3.409201049804687500e+02 5.764926910400390625e+01 1.738368570804595947e-01 2.371168060302734375e+02
1.800000000000000000e+04 8.065762519836425781e+00 3.745406799316406250e+02 4.864735031127929688e+01 1.906251668930053711e+00 2.349365234375000000e+02 6.819267272949218750e+00 3.409201049804687500e+02 5.764926910400390625e+01 1.738368570804595947e-01 2.371168060302734375e+02
1.850000000000000000e+04 7.906881332397460938e+00 3.843411254882812500e+02 5.316158676147460938e+01 1.529297590255737305e+00 2.380526123046875000e+02 6.819267272949218750e+00 3.409201049804687500e+02 5.764926910400390625e+01 1.738368570804595947e-01 2.371168060302734375e+02
1.900000000000000000e+04 7.906881332397460938e+00 3.843411254882812500e+02 5.316158676147460938e+01 1.529297590255737305e+00 2.380526123046875000e+02 6.819267272949218750e+00 3.409201049804687500e+02 5.764926910400390625e+01 1.738368570804595947e-01 2.371168060302734375e+02
1.950000000000000000e+04 8.071964263916015625e+00 3.710299987792968750e+02 4.778295135498046875e+01 1.725287079811096191e+00 2.361067047119140625e+02 6.819267272949218750e+00 3.409201049804687500e+02 5.764926910400390625e+01 1.738368570804595947e-01 2.371168060302734375e+02
2.000000000000000000e+04 8.071964263916015625e+00 3.710299987792968750e+02 4.778295135498046875e+01 1.725287079811096191e+00 2.361067047119140625e+02 6.819267272949218750e+00 3.409201049804687500e+02 5.764926910400390625e+01 1.738368570804595947e-01 2.371168060302734375e+02
2.050000000000000000e+04 8.223260879516601562e+00 3.850998840332031250e+02 5.332493209838867188e+01 9.368511438369750977e-01 2.387292327880859375e+02 6.819267272949218750e+00 3.409201049804687500e+02 5.764926910400390625e+01 1.738368570804595947e-01 2.371168060302734375e+02
2.100000000000000000e+04 8.223260879516601562e+00 3.850998840332031250e+02 5.332493209838867188e+01 9.368511438369750977e-01 2.387292327880859375e+02 6.819267272949218750e+00 3.409201049804687500e+02 5.764926910400390625e+01 1.738368570804595947e-01 2.371168060302734375e+02
2.150000000000000000e+04 8.072632789611816406e+00 3.734267883300781250e+02 4.694814300537109375e+01 1.215955734252929688e+00 2.376933288574218750e+02 6.819267272949218750e+00 3.409201049804687500e+02 5.764926910400390625e+01 1.738368570804595947e-01 2.371168060302734375e+02
2.200000000000000000e+04 8.072632789611816406e+00 3.734267883300781250e+02 4.694814300537109375e+01 1.215955734252929688e+00 2.376933288574218750e+02 6.819267272949218750e+00 3.409201049804687500e+02 5.764926910400390625e+01 1.738368570804595947e-01 2.371168060302734375e+02
2.250000000000000000e+04 8.078598976135253906e+00 3.606781921386718750e+02 5.137630081176757812e+01 8.544232845306396484e-01 2.367547454833984375e+02 6.819267272949218750e+00 3.409201049804687500e+02 5.764926910400390625e+01 1.738368570804595947e-01 2.371168060302734375e+02
2.300000000000000000e+04 8.078598976135253906e+00 3.606781921386718750e+02 5.137630081176757812e+01 8.544232845306396484e-01 2.367547454833984375e+02 6.819267272949218750e+00 3.409201049804687500e+02 5.764926910400390625e+01 1.738368570804595947e-01 2.371168060302734375e+02
2.350000000000000000e+04 8.057099342346191406e+00 3.587189941406250000e+02 5.235887908935546875e+01 1.118354797363281250e+00 2.359756774902343750e+02 6.819267272949218750e+00 3.409201049804687500e+02 5.764926910400390625e+01 1.738368570804595947e-01 2.371168060302734375e+02
2.400000000000000000e+04 8.057099342346191406e+00 3.587189941406250000e+02 5.235887908935546875e+01 1.118354797363281250e+00 2.359756774902343750e+02 6.819267272949218750e+00 3.409201049804687500e+02 5.764926910400390625e+01 1.738368570804595947e-01 2.371168060302734375e+02
