# step, loss_train, loss_test, metrics_test
0.000000000000000000e+00 1.384587679058313370e-02 2.745160460472106934e-01 1.504701226949691772e-01 2.539218403398990631e-02 7.394524663686752319e-02 1.381760090589523315e-02 3.330144882202148438e-01 1.166101098060607910e-01 1.993435993790626526e-02 7.493323087692260742e-02
5.000000000000000000e+02 1.144726388156414032e-02 1.776560842990875244e-01 4.770690202713012695e-02 1.012212969362735748e-02 2.467432618141174316e-02 1.149132940918207169e-02 2.259134650230407715e-01 3.685396909713745117e-02 6.815535482019186020e-03 2.569568157196044922e-02
1.000000000000000000e+03 6.779770832508802414e-03 1.202233210206031799e-01 1.039259973913431168e-02 3.652081359177827835e-03 5.580382887274026871e-03 6.827487610280513763e-03 1.540575921535491943e-01 7.787150796502828598e-03 1.933840336278080940e-03 6.543271709233522415e-03
1.500000000000000000e+03 2.513438463211059570e-03 1.036404222249984741e-01 7.310131913982331753e-04 1.590349827893078327e-03 9.577909368090331554e-04 2.497179433703422546e-03 1.088063046336174011e-01 3.838677657768130302e-04 5.954046500846743584e-04 1.825077226385474205e-03
2.000000000000000000e+03 2.927492605522274971e-04 8.619146049022674561e-02 1.635348744457587600e-04 1.040608971379697323e-03 1.718960935249924660e-03 2.857592771761119366e-04 8.478856086730957031e-02 2.627981302794069052e-04 4.289062926545739174e-04 2.474330365657806396e-03
2.500000000000000000e+03 1.764412154443562031e-04 9.216165542602539062e-02 8.385548135265707970e-04 9.997418383136391640e-04 3.158323699608445168e-03 1.705718605080619454e-04 7.344798743724822998e-02 9.538218728266656399e-04 5.640336894430220127e-04 3.789336886256933212e-03
3.000000000000000000e+03 6.985976360738277435e-04 8.833052217960357666e-02 1.159063191153109074e-03 1.013709465041756630e-03 3.913711756467819214e-03 6.896114209666848183e-04 6.923427432775497437e-02 1.249409862793982029e-03 6.232178420759737492e-04 4.498073365539312363e-03
3.500000000000000000e+03 1.619801390916109085e-03 6.939607858657836914e-02 6.752774352207779884e-04 1.270878943614661694e-03 3.540999954566359520e-03 1.618210575543344021e-03 6.753569841384887695e-02 8.129338966682553291e-04 9.396421373821794987e-04 4.178544506430625916e-03
4.000000000000000000e+03 1.824417500756680965e-03 6.871426850557327271e-02 6.428673514164984226e-04 1.119498047046363354e-03 3.534741466864943504e-03 1.821820740588009357e-03 6.691924482583999634e-02 7.553386385552585125e-04 8.043990237638354301e-04 4.163914360105991364e-03
4.500000000000000000e+03 3.787807945627719164e-04 5.457531660795211792e-02 4.403132770676165819e-04 6.892204983159899712e-04 3.133791033178567886e-03 3.651407023426145315e-04 7.050900161266326904e-02 4.951868322677910328e-04 3.155940503347665071e-04 3.810825292021036148e-03
5.000000000000000000e+03 2.825990086421370506e-04 5.443375557661056519e-02 3.216686309315264225e-04 6.036462727934122086e-04 3.296177368611097336e-03 2.681560290511697531e-04 7.057154178619384766e-02 3.566815867088735104e-04 2.367951237829402089e-04 3.963267896324396133e-03
5.500000000000000000e+03 3.457932907622307539e-04 5.935284495353698730e-02 3.248867869842797518e-04 5.221504834480583668e-04 3.643512725830078125e-03 3.361807903274893761e-04 6.957926601171493530e-02 3.356803499627858400e-04 1.639700494706630707e-04 4.218392074108123779e-03
6.000000000000000000e+03 3.285555867478251457e-04 5.917426943778991699e-02 2.474723733030259609e-04 4.200533148832619190e-04 3.807441564276814461e-03 3.185007080901414156e-04 6.929650902748107910e-02 2.422890829620882869e-04 1.063579693436622620e-04 4.373689182102680206e-03
6.500000000000000000e+03 2.631427778396755457e-04 6.073820963501930237e-02 2.539141569286584854e-04 2.935472002718597651e-04 4.250967409461736679e-03 2.501505077816545963e-04 6.857130676507949829e-02 2.170699008274823427e-04 5.062694617663510144e-05 4.862287547439336777e-03
7.000000000000000000e+03 2.263732458231970668e-04 6.051074340939521790e-02 1.805123320082202554e-04 2.382572565693408251e-04 4.480395931750535965e-03 2.129694767063483596e-04 6.832171976566314697e-02 1.312023669015616179e-04 3.264588667661882937e-05 5.084483884274959564e-03
7.500000000000000000e+03 4.422809579409658909e-04 7.441361993551254272e-02 1.852879504440352321e-04 2.759534982033073902e-04 5.450254306197166443e-03 4.256079555489122868e-04 6.622348725795745850e-02 1.191436167573556304e-04 3.899891089531593025e-05 6.009360309690237045e-03
8.000000000000000000e+03 3.758330713026225567e-04 7.414168864488601685e-02 1.295530528295785189e-04 2.458919771015644073e-04 5.700613372027873993e-03 3.591990971472114325e-04 6.603609025478363037e-02 6.782570562791079283e-05 3.318779999972321093e-05 6.254127249121665955e-03
8.500000000000000000e+03 1.506619155406951904e-04 5.711090192198753357e-02 4.522644667304120958e-05 1.726750924717634916e-04 4.368188790977001190e-03 1.388916716678068042e-04 6.828289479017257690e-02 1.707127739791758358e-05 2.772173502307850868e-05 5.036974325776100159e-03
9.000000000000000000e+03 1.583507109899073839e-04 5.723819509148597717e-02 5.347559999790973961e-05 1.599608949618414044e-04 4.153870511800050735e-03 1.478685007896274328e-04 6.832411885261535645e-02 2.138842319254763424e-05 2.817319727910216898e-05 4.826991818845272064e-03
9.500000000000000000e+03 3.338577516842633486e-04 5.472600087523460388e-02 3.772192940232343972e-05 1.943920360645279288e-04 4.054442979395389557e-03 3.249424917157739401e-04 6.745433807373046875e-02 1.621376941329799592e-05 2.812044294842053205e-05 4.715597722679376602e-03
1.000000000000000000e+04 3.203422820661216974e-04 5.468783900141716003e-02 3.597153408918529749e-05 1.923964737216010690e-04 3.960813861340284348e-03 3.111370606347918510e-04 6.728877872228622437e-02 1.751530908222775906e-05 2.861084431060589850e-05 4.623900633305311203e-03
1.050000000000000000e+04 2.956404059659689665e-04 5.662387609481811523e-02 8.536382665624842048e-05 1.670786296017467976e-04 3.986282739788293839e-03 2.794710162561386824e-04 6.718766689300537109e-02 3.795759403146803379e-05 3.645388642325997353e-05 4.505530931055545807e-03
1.100000000000000000e+04 3.091798280365765095e-04 5.655653402209281921e-02 8.486433216603472829e-05 1.743626344250515103e-04 3.861896228045225143e-03 2.875705540645867586e-04 6.696566194295883179e-02 3.641877628979273140e-05 4.445384183782152832e-05 4.385295324027538300e-03
1.150000000000000000e+04 6.688539870083332062e-04 6.791033595800399780e-02 7.768448267597705126e-05 1.714792888378724456e-04 4.413837566971778870e-03 6.443365709856152534e-04 6.509602814912796021e-02 5.685568612534552813e-05 4.002232890343293548e-05 5.001914687454700470e-03
1.200000000000000000e+04 7.265093736350536346e-04 6.774118542671203613e-02 7.599263335578143597e-05 1.706460025161504745e-04 4.177856259047985077e-03 6.854751263745129108e-04 6.487391889095306396e-02 7.320629083551466465e-05 4.478726987144909799e-05 4.771369043737649918e-03
1.250000000000000000e+04 6.349112372845411301e-04 7.065840065479278564e-02 5.547097680391743779e-05 2.535283565521240234e-04 4.183431621640920639e-03 5.731394630856812000e-04 6.475861370563507080e-02 5.494599463418126106e-05 5.474575300468131900e-05 4.819756373763084412e-03
1.300000000000000000e+04 7.202762644737958908e-04 7.054834067821502686e-02 5.591505032498389482e-05 2.643631887622177601e-04 3.882055403664708138e-03 6.433918024413287640e-04 6.465402245521545410e-02 6.015676626702770591e-05 6.695449701510369778e-05 4.517422057688236237e-03
1.350000000000000000e+04 7.059909985400736332e-04 6.583042442798614502e-02 4.370780879980884492e-05 2.002506516873836517e-04 3.665332682430744171e-03 6.140114855952560902e-04 6.464161723852157593e-02 8.122646977426484227e-05 7.105957774911075830e-05 4.252460785210132599e-03
1.400000000000000000e+04 6.955982535146176815e-04 6.572812795639038086e-02 4.840449400944635272e-05 1.913215819513425231e-04 3.387173404917120934e-03 6.076322169974446297e-04 6.459426879882812500e-02 1.048131016432307661e-04 6.730158929713070393e-05 3.972851205617189407e-03
1.450000000000000000e+04 5.363550735637545586e-04 6.441029161214828491e-02 8.417912613367661834e-05 1.527835702290758491e-04 2.858269959688186646e-03 4.721122968476265669e-04 6.495026499032974243e-02 1.106717245420441031e-04 6.673125608358532190e-05 3.403051989153027534e-03
1.500000000000000000e+04 4.818308516405522823e-04 6.426011025905609131e-02 8.914498175727203488e-05 1.423507637809962034e-04 2.678527496755123138e-03 4.267002223059535027e-04 6.489990651607513428e-02 1.011817948892712593e-04 6.275222403928637505e-05 3.211602801457047462e-03
