# step, loss_train, loss_test, metrics_test
0.000000000000000000e+00 1.520628575235605240e-03 7.055965811014175415e-02 4.857342690229415894e-02 1.786115579307079315e-02 1.272160932421684265e-02 1.539318938739597797e-03 8.142310380935668945e-02 4.260554164648056030e-02 1.762918569147586823e-02 1.332676596939563751e-02
5.000000000000000000e+02 1.917726825922727585e-03 6.548387557268142700e-02 1.753760268911719322e-03 2.795514228637330234e-05 3.000359050929546356e-03 1.939370878972113132e-03 7.034806162118911743e-02 2.491195686161518097e-03 3.229989306419156492e-05 3.796204458922147751e-03
1.000000000000000000e+03 1.494826632551848888e-03 6.099659577012062073e-02 6.561659392900764942e-04 1.628374593565240502e-04 3.125769086182117462e-03 1.508772955276072025e-03 6.746706366539001465e-02 1.200759084895253181e-03 2.074295043712481856e-04 3.868830623105168343e-03
1.500000000000000000e+03 6.742945988662540913e-04 7.045511156320571899e-02 4.836491425521671772e-04 1.849744876381009817e-04 5.060194060206413269e-03 6.796029047109186649e-04 6.569065898656845093e-02 9.941138559952378273e-04 1.550938904983922839e-04 5.647138226777315140e-03
2.000000000000000000e+03 4.175664216745644808e-04 6.910145282745361328e-02 2.852589823305606842e-04 2.229509991593658924e-04 6.016977597028017044e-03 4.173947381787002087e-04 6.520261615514755249e-02 6.767309969291090965e-04 1.472769363317638636e-04 6.564113777130842209e-03
2.500000000000000000e+03 4.327945061959326267e-04 8.175072073936462402e-02 1.935518084792420268e-04 2.501848211977630854e-04 6.550902966409921646e-03 4.364151100162416697e-04 6.480965018272399902e-02 4.423012433107942343e-04 1.474330056225880980e-04 6.957770790904760361e-03
3.000000000000000000e+03 3.533231501933187246e-04 8.165089786052703857e-02 1.435512240277603269e-04 2.098879340337589383e-04 6.545054726302623749e-03 3.490619419608265162e-04 6.478051841259002686e-02 3.329948522150516510e-04 9.709349978948011994e-05 6.953234784305095673e-03
3.500000000000000000e+03 1.327969133853912354e-03 6.618012487888336182e-02 6.304890121100470424e-05 1.779811864253133535e-04 4.347430542111396790e-03 1.302523072808980942e-03 6.485749036073684692e-02 2.488357422407716513e-04 1.109108561649918556e-04 4.939435981214046478e-03
4.000000000000000000e+03 1.369960024021565914e-03 6.598906219005584717e-02 5.483675340656191111e-05 1.540724333608523011e-04 4.076633602380752563e-03 1.319101662375032902e-03 6.477188318967819214e-02 2.147473278455436230e-04 8.870719466358423233e-05 4.682501778006553650e-03
4.500000000000000000e+03 1.881080097518861294e-04 5.402436107397079468e-02 3.340133116580545902e-05 1.180239414679817855e-04 3.470582421869039536e-03 1.588026498211547732e-04 6.744123995304107666e-02 1.237838150700554252e-04 3.742922490346245468e-05 4.127060063183307648e-03
5.000000000000000000e+03 1.900303614092990756e-04 5.400470644235610962e-02 3.238872523070313036e-05 1.196585726574994624e-04 3.432140452787280083e-03 1.608715683687478304e-04 6.749989837408065796e-02 1.052153675118461251e-04 3.954768180847167969e-05 4.087944980710744858e-03
5.500000000000000000e+03 2.700956829357892275e-04 5.890226364135742188e-02 5.361295916372910142e-05 8.844948024488985538e-05 3.542515682056546211e-03 2.366945263929665089e-04 6.687995791435241699e-02 1.167661685030907393e-04 3.262196332798339427e-05 4.128601402044296265e-03
6.000000000000000000e+03 2.798513451125472784e-04 5.888267233967781067e-02 5.020457319915294647e-05 8.606678602518513799e-05 3.480045357719063759e-03 2.440880925860255957e-04 6.685388088226318359e-02 9.071336535271257162e-05 3.201580329914577305e-05 4.065028857439756393e-03
6.500000000000000000e+03 2.067908935714513063e-04 6.042451411485671997e-02 7.097997149685397744e-05 7.998053479241207242e-05 3.917681518942117691e-03 1.682930014794692397e-04 6.650905311107635498e-02 7.574399205623194575e-05 2.833286634995602071e-05 4.539222922176122665e-03
7.000000000000000000e+03 2.087478933390229940e-04 6.032852083444595337e-02 7.503452070523053408e-05 8.006588905118405819e-05 3.810292109847068787e-03 1.712552184471860528e-04 6.660395115613937378e-02 5.166897244635038078e-05 2.532316648284904659e-05 4.427724983543157578e-03
7.500000000000000000e+03 3.988282987847924232e-04 7.380124926567077637e-02 7.526367699028924108e-05 1.269862696062773466e-04 4.548548255115747452e-03 3.462091262917965651e-04 6.496345996856689453e-02 5.929350663791410625e-05 3.399438719497993588e-05 5.113567225635051727e-03
8.000000000000000000e+03 4.149200103711336851e-04 7.367204129695892334e-02 7.842342893127351999e-05 1.297299168072640896e-04 4.222628194838762283e-03 3.589043335523456335e-04 6.485189497470855713e-02 6.851551006548106670e-05 3.368906254763714969e-05 4.781445022672414780e-03
8.500000000000000000e+03 2.196886343881487846e-04 5.691613629460334778e-02 5.997292100801132619e-05 1.039074049913324416e-04 2.838090062141418457e-03 1.936438638949766755e-04 6.664812564849853516e-02 7.547578570665791631e-05 2.055286313407123089e-05 3.486728528514504433e-03
9.000000000000000000e+03 2.022747066803276539e-04 5.675891414284706116e-02 6.650378054473549128e-05 1.021601638058200479e-04 2.626722678542137146e-03 1.804189960239455104e-04 6.660553812980651855e-02 9.018688433570787311e-05 1.784646701707970351e-05 3.261876059696078300e-03
9.500000000000000000e+03 4.298315325286239386e-04 5.404819548130035400e-02 4.907744732918217778e-05 1.281667355215176940e-04 2.234028419479727745e-03 3.875643888022750616e-04 6.556379795074462891e-02 1.059432688634842634e-04 2.538230728532653302e-05 2.890199190005660057e-03
1.000000000000000000e+04 4.068264097440987825e-04 5.392056703567504883e-02 5.853364928043447435e-05 1.269864296773448586e-04 2.102726139128208160e-03 3.676837368402630091e-04 6.540629267692565918e-02 1.399846223648637533e-04 3.018783900188282132e-05 2.750475658103823662e-03
1.050000000000000000e+04 3.755480283871293068e-04 5.559208616614341736e-02 1.613483036635443568e-04 1.317947753705084324e-04 2.127083716914057732e-03 3.347911988385021687e-04 6.519418954849243164e-02 1.546419080113992095e-04 2.608629074529744685e-05 2.642895327880978584e-03
1.100000000000000000e+04 3.270912857260555029e-04 5.542831122875213623e-02 1.864235382527112961e-04 1.641841372475028038e-04 2.028931863605976105e-03 2.894454519264400005e-04 6.502193212509155273e-02 1.625026052352041006e-04 3.690223820740357041e-05 2.543789101764559746e-03
1.150000000000000000e+04 6.812237552367150784e-04 6.628540903329849243e-02 1.701942528598010540e-04 1.799898745957762003e-04 2.094088820740580559e-03 5.958116962574422359e-04 6.375530362129211426e-02 3.363529685884714127e-04 8.109051850624382496e-05 2.644822001457214355e-03
1.200000000000000000e+04 6.022208835929632187e-04 6.599176675081253052e-02 2.037003869190812111e-04 2.231088292319327593e-04 1.932471874170005322e-03 5.080170813016593456e-04 6.352815777063369751e-02 4.439837066456675529e-04 1.317856513196602464e-04 2.484678290784358978e-03
1.250000000000000000e+04 2.851436438504606485e-04 6.912992894649505615e-02 1.677802356425672770e-04 3.994924190919846296e-04 1.954472158104181290e-03 2.283276116941124201e-04 6.360297650098800659e-02 2.407006686553359032e-04 1.146744107245467603e-04 2.512855688109993935e-03
1.300000000000000000e+04 2.525452873669564724e-04 6.885535269975662231e-02 1.938693458214402199e-04 4.447294049896299839e-04 1.744208624586462975e-03 1.845536025939509273e-04 6.338020414113998413e-02 2.592435048427432775e-04 1.336264249403029680e-04 2.298419829457998276e-03
1.350000000000000000e+04 2.243955677840858698e-04 6.381442397832870483e-02 2.000148670049384236e-04 3.714447957463562489e-04 1.522630453109741211e-03 1.577485090820118785e-04 6.268171966075897217e-02 5.598824936896562576e-04 2.289297117386013269e-04 2.104575978592038155e-03
1.400000000000000000e+04 2.090236521326005459e-04 6.316658109426498413e-02 2.866631257347762585e-04 4.861355992034077644e-04 1.340880990028381348e-03 1.387764787068590522e-04 6.196657940745353699e-02 6.102455663494765759e-04 3.602344950195401907e-04 1.918083988130092621e-03
1.450000000000000000e+04 1.208808171213604510e-04 6.085773929953575134e-02 6.276709609664976597e-04 5.697439773939549923e-04 1.316003035753965378e-03 6.913365359650924802e-05 6.142520532011985779e-02 4.427485400810837746e-04 2.194242697441950440e-04 1.750666997395455837e-03
1.500000000000000000e+04 1.306481717620044947e-04 5.880184471607208252e-02 8.102369611151516438e-04 9.648820850998163223e-04 1.312865992076694965e-03 7.570924935862421989e-05 5.953880399465560913e-02 4.860779154114425182e-04 4.568821459542959929e-04 1.713923062197864056e-03
1.550000000000000000e+04 1.200357219204306602e-04 4.783884063363075256e-02 4.929581191390752792e-04 8.665915229357779026e-04 7.861332269385457039e-04 7.587135769426822662e-05 6.005788594484329224e-02 3.003611345775425434e-04 5.988550256006419659e-04 1.353631261736154556e-03
1.600000000000000000e+04 1.398877211613580585e-04 4.602197557687759399e-02 6.408962071873247623e-04 1.015991438180208206e-03 8.101781131699681282e-04 9.296049393014982343e-05 5.740987882018089294e-02 4.205587902106344700e-04 9.026810876093804836e-04 1.354670501314103603e-03
1.650000000000000000e+04 1.478978520026430488e-04 5.435811355710029602e-02 1.361390692181885242e-03 1.411304925568401814e-03 1.772864838130772114e-03 1.061622970155440271e-04 5.284105241298675537e-02 5.773083539679646492e-04 1.203360967338085175e-03 2.024269429966807365e-03
1.700000000000000000e+04 1.710623328108340502e-04 4.846041649580001831e-02 1.492807990871369839e-03 1.583620673045516014e-03 2.093519316986203194e-03 1.229415793204680085e-04 4.610876366496086121e-02 6.817469256930053234e-04 1.695589628070592880e-03 2.268134849146008492e-03
1.750000000000000000e+04 2.215345448348671198e-04 4.160138219594955444e-02 1.201029866933822632e-03 1.502705854363739491e-03 2.040586667135357857e-03 1.691546785878017545e-04 3.764115646481513977e-02 6.491299136541783810e-04 5.577801261097192764e-03 2.281732857227325439e-03
1.800000000000000000e+04 2.897373633459210396e-04 3.828974068164825439e-02 9.475875413045287132e-04 1.651125727221369743e-03 2.302110195159912109e-03 2.142806770280003548e-04 3.342052921652793884e-02 7.261022692546248436e-04 6.677775178104639053e-03 2.503559226170182228e-03
1.850000000000000000e+04 2.203330950578674674e-04 3.131682053208351135e-02 6.254339241422712803e-04 1.283492660149931908e-03 2.081637037917971611e-03 1.723454333841800690e-04 3.681618720293045044e-02 5.319574265740811825e-04 1.896947156637907028e-03 2.233600011095404625e-03
1.900000000000000000e+04 1.950544101418927312e-04 3.037151135504245758e-02 4.044863453600555658e-04 1.121058710850775242e-03 2.179814269766211510e-03 1.530581939732655883e-04 3.556720912456512451e-02 3.609412233345210552e-04 1.674675266258418560e-03 2.306763548403978348e-03
1.950000000000000000e+04 2.469759492669254541e-04 3.368268534541130066e-02 3.176227037329226732e-04 1.205308479256927967e-03 2.439273986965417862e-03 1.830062974477186799e-04 3.034421056509017944e-02 3.680190420709550381e-04 3.339842660352587700e-03 2.667349297553300858e-03
2.000000000000000000e+04 2.946600725408643484e-04 3.203976154327392578e-02 2.794870233628898859e-04 1.193674514070153236e-03 2.471036510542035103e-03 2.157012495445087552e-04 2.842083573341369629e-02 3.397721156943589449e-04 3.403442446142435074e-03 2.685746178030967712e-03
2.050000000000000000e+04 2.917963429354131222e-04 3.231971710920333862e-02 4.121243546251207590e-04 1.411593751981854439e-03 2.812374150380492210e-03 2.129340573446825147e-04 2.670813724398612976e-02 3.112481208518147469e-04 3.016715170815587044e-03 2.735396847128868103e-03
2.100000000000000000e+04 3.023484023287892342e-04 2.958378568291664124e-02 5.306671955622732639e-04 1.190143404528498650e-03 2.767428522929549217e-03 2.156424743589013815e-04 2.418190613389015198e-02 3.492668911349028349e-04 2.807818353176116943e-03 2.649107482284307480e-03
2.150000000000000000e+04 4.775467677973210812e-04 2.519033476710319519e-02 5.827813292853534222e-04 9.723022230900824070e-04 1.935316016897559166e-03 3.037232090719044209e-04 2.097022347152233124e-02 2.340956416446715593e-04 4.510742146521806717e-03 2.127198735252022743e-03
2.200000000000000000e+04 5.818831850774586201e-04 2.188135869801044464e-02 6.210053688846528530e-04 8.899304084479808807e-04 1.942445989698171616e-03 3.554689174052327871e-04 1.743191294372081757e-02 2.114044473273679614e-04 4.541368223726749420e-03 2.109498251229524612e-03
2.250000000000000000e+04 7.099728100001811981e-04 1.930864714086055756e-02 3.799951809924095869e-04 1.009828294627368450e-03 2.444776240736246109e-03 4.231135826557874680e-04 1.262971572577953339e-02 9.206784307025372982e-05 5.650768056511878967e-03 2.520752605050802231e-03
2.300000000000000000e+04 8.733939030207693577e-04 1.461181323975324631e-02 2.911061164923012257e-04 7.866797968745231628e-04 2.513528103008866310e-03 5.146932671777904034e-04 8.950403891503810883e-03 6.071792086004279554e-05 6.300051696598529816e-03 2.552748424932360649e-03
2.350000000000000000e+04 1.182783395051956177e-03 8.789566345512866974e-03 4.199827963020652533e-04 6.667508278042078018e-04 1.987490337342023849e-03 6.891910452395677567e-04 6.401318591088056564e-03 2.243568887934088707e-04 2.376864897087216377e-03 1.918017049320042133e-03
2.400000000000000000e+04 1.200714730657637119e-03 6.797386799007654190e-03 2.535442763473838568e-04 6.249721045605838299e-04 2.099789213389158249e-03 6.895913975313305855e-04 4.332713317126035690e-03 1.890701678348705173e-04 1.808129367418587208e-03 1.982459332793951035e-03
2.450000000000000000e+04 9.811520576477050781e-04 6.087659858167171478e-03 1.146390350186266005e-04 6.046433118171989918e-04 2.537083113566040993e-03 5.985398311167955399e-04 3.058389062061905861e-03 7.276667020050808787e-05 2.666150685399770737e-03 2.324555534869432449e-03
2.500000000000000000e+04 8.558715344406664371e-04 4.476724658161401749e-03 6.793680222472175956e-05 5.141771980561316013e-04 2.723321551457047462e-03 5.200456944294273853e-04 2.120960503816604614e-03 5.971844802843406796e-05 2.101232763379812241e-03 2.460394753143191338e-03
2.550000000000000000e+04 6.417395779862999916e-04 3.263599704951047897e-03 3.946130891563370824e-05 3.896834095939993858e-04 2.929952926933765411e-03 3.713383048307150602e-04 1.703453599475324154e-03 4.846599767915904522e-05 8.110580965876579285e-04 2.758666407316923141e-03
2.600000000000000000e+04 5.572547088377177715e-04 2.389695262536406517e-03 2.997957744810264558e-05 2.644965716172009706e-04 2.963545499369502068e-03 3.158673935104161501e-04 1.263953628949820995e-03 3.669656871352344751e-05 7.854542927816510201e-04 2.781599061563611031e-03
2.650000000000000000e+04 5.139982094988226891e-04 1.719608670100569725e-03 2.324973138456698507e-05 2.133411035174503922e-04 2.755556488409638405e-03 3.010782238561660051e-04 9.386825258843600750e-04 4.237523171468637884e-05 1.113786594942212105e-03 2.452733460813760757e-03
2.700000000000000000e+04 4.615618672687560320e-04 1.519859884865581989e-03 1.796892684069462121e-05 1.822772901505231857e-04 2.653705887496471405e-03 2.657472214195877314e-04 7.868260727263987064e-04 3.225058026146143675e-05 9.750630124472081661e-04 2.337242010980844498e-03
2.750000000000000000e+04 4.151775210630148649e-04 1.239370554685592651e-03 2.191550993302371353e-05 1.555558410473167896e-04 2.439391566440463066e-03 2.225231728516519070e-04 7.614512578584253788e-04 1.173741839011199772e-05 7.290946086868643761e-04 2.330810995772480965e-03
2.800000000000000000e+04 3.563589416444301605e-04 1.130501041188836098e-03 1.828371932788286358e-05 1.395988801959902048e-04 2.344063483178615570e-03 1.877063914434984326e-04 7.058746996335685253e-04 1.135617822001222521e-05 6.014054524712264538e-04 2.228666795417666435e-03
2.850000000000000000e+04 2.804160467348992825e-04 1.152607728727161884e-03 1.670868550718296319e-05 1.411626872140914202e-04 2.480675699189305305e-03 1.366152428090572357e-04 6.869939970783889294e-04 1.904965210997033864e-05 2.744057564996182919e-04 2.245880430564284325e-03
2.900000000000000000e+04 2.360299840802326798e-04 1.034776330925524235e-03 1.811239962989930063e-05 9.524670895189046860e-05 2.357191871851682663e-03 1.127416035160422325e-04 6.410565692931413651e-04 2.162725650123320520e-05 1.914991298690438271e-04 2.106430940330028534e-03
2.950000000000000000e+04 1.937047345563769341e-04 1.046483987011015415e-03 1.685239112703129649e-05 8.616058039478957653e-05 2.569932257756590843e-03 1.018217008095234632e-04 5.812802701257169247e-04 1.391431214869953692e-05 3.241044469177722931e-04 1.975182909518480301e-03
3.000000000000000000e+04 1.673310762271285057e-04 9.435913525521755219e-04 1.654295738262590021e-05 8.634369442006573081e-05 2.454702043905854225e-03 8.727945532882586122e-05 5.281133344396948814e-04 1.429470285074785352e-05 3.352845669724047184e-04 1.855645212344825268e-03
3.050000000000000000e+04 1.505291438661515713e-04 8.134641102515161037e-04 1.858163886936381459e-05 5.554091694648377597e-05 2.233779523521661758e-03 6.757028313586488366e-05 5.805891123600304127e-04 1.558476833452004939e-05 1.189946560771204531e-04 1.717456034384667873e-03
3.100000000000000000e+04 1.318901922786608338e-04 7.385660428553819656e-04 1.993267323996406049e-05 4.511306178756058216e-05 2.054481767117977142e-03 5.849595618201419711e-05 5.399825167842209339e-04 1.780595448508393019e-05 9.866767504718154669e-05 1.561401993967592716e-03
3.150000000000000000e+04 1.047078549163416028e-04 6.671491428278386593e-04 1.208480625791708007e-05 5.797253106720745564e-05 1.834751456044614315e-03 4.776452260557562113e-05 4.524421528913080692e-04 1.589964085724204779e-05 1.275504619115963578e-04 1.424736925400793552e-03
3.200000000000000000e+04 8.746938692638650537e-05 6.172050489112734795e-04 1.169703318737447262e-05 4.875999002251774073e-05 1.680207205936312675e-03 3.734491838258691132e-05 4.375003918539732695e-04 1.706887087493669242e-05 1.512957096565514803e-04 1.294449088163673878e-03
3.250000000000000000e+04 8.359320781892165542e-05 5.774525925517082214e-04 2.322472573723644018e-05 4.300504588172771037e-05 1.423504785634577274e-03 2.939595651696436107e-05 3.884926263708621264e-04 3.001575350936036557e-05 1.501791994087398052e-04 1.208921312354505062e-03
3.300000000000000000e+04 7.486007962143048644e-05 5.507082678377628326e-04 1.884567791421432048e-05 4.464846279006451368e-05 1.364995026960968971e-03 2.456515358062461019e-05 3.737591323442757130e-04 2.520060297683812678e-05 1.424494694219902158e-04 1.151082571595907211e-03
3.350000000000000000e+04 8.214937406592071056e-05 6.151967681944370270e-04 1.429114308848511428e-05 2.731537642830517143e-05 1.626410055905580521e-03 2.178515933337621391e-05 4.030435811728239059e-04 1.954086837940849364e-05 6.950585520826280117e-05 9.726759744808077812e-04
3.400000000000000000e+04 7.374623237410560250e-05 5.814069299958646297e-04 1.136631544795818627e-05 3.758363527595065534e-05 1.542598125524818897e-03 1.855568007158581167e-05 3.866792540065944195e-04 1.661340502323582768e-05 1.166196379926986992e-04 9.107910445891320705e-04
3.450000000000000000e+04 6.676025805063545704e-05 5.767924012616276741e-04 9.069251973414793611e-06 7.490928692277520895e-05 1.310695544816553593e-03 1.716903716442175210e-05 3.820460406132042408e-04 1.062708633980946615e-05 2.762079820968210697e-04 1.005399506539106369e-03
3.500000000000000000e+04 6.520199531223624945e-05 5.528539186343550682e-04 8.340206477441824973e-06 6.168740947032347322e-05 1.298765069805085659e-03 1.629866710572969168e-05 3.706175484694540501e-04 8.695704309502616525e-06 2.684654900804162025e-04 9.939208393916487694e-04
3.550000000000000000e+04 5.796716504846699536e-05 4.808553494513034821e-04 1.041325685946503654e-05 5.398969369707629085e-05 1.408443436957895756e-03 1.318842078035231680e-05 3.955179417971521616e-04 1.729289033391978592e-05 1.228418695973232388e-04 9.505499037913978100e-04
3.600000000000000000e+04 5.350675564841367304e-05 4.628406604751944542e-04 9.795862752071116120e-06 4.599869134835898876e-05 1.371857710182666779e-03 1.128100120695307851e-05 3.921369498129934072e-04 1.895155401143711060e-05 1.044319069478660822e-04 9.175623417831957340e-04
3.650000000000000000e+04 4.326793350628577173e-05 4.414937866386026144e-04 4.949722551828017458e-06 3.836546602542512119e-05 1.407961477525532246e-03 1.047803743858821690e-05 3.630356513895094395e-04 1.015450834529474378e-05 1.209718975587747991e-04 8.966646273620426655e-04
3.700000000000000000e+04 4.072977026225998998e-05 4.252026847098022699e-04 3.908372036676155403e-06 3.583214856917038560e-05 1.358507666736841202e-03 9.755904102348722517e-06 3.564228827599436045e-04 8.700271791894920170e-06 1.274492533411830664e-04 8.474108763039112091e-04
3.750000000000000000e+04 4.350204835645854473e-05 4.245105083100497723e-04 3.312297849333845079e-06 3.740228203241713345e-05 1.504889107309281826e-03 9.382848475070204586e-06 2.955244272015988827e-04 1.052257539413403720e-05 3.685511546791531146e-05 7.882683421485126019e-04
3.800000000000000000e+04 4.110631925868801773e-05 4.004804359283298254e-04 3.711127192218555138e-06 2.977324402309022844e-05 1.428046147339046001e-03 8.884707312972750515e-06 2.745525562204420567e-04 1.178821094072191045e-05 3.315498543088324368e-05 7.201499538496136665e-04
3.850000000000000000e+04 3.784205546253360808e-05 3.530332469381392002e-04 5.764556135545717552e-06 2.244727693323511630e-05 1.104977563954889774e-03 8.511023224855307490e-06 2.858882944565266371e-04 8.663881089887581766e-06 3.431174263823777437e-05 6.920553278177976608e-04
3.900000000000000000e+04 3.474975164863280952e-05 3.239390789531171322e-04 5.924654033151455224e-06 1.336416244157589972e-05 1.058358582668006420e-03 6.993879651417955756e-06 2.728375548031181097e-04 8.168408385245129466e-06 3.186424874002113938e-05 6.316745420917868614e-04
3.950000000000000000e+04 2.731001950451172888e-05 2.958949189633131027e-04 9.892338312056381255e-06 7.665932571399025619e-06 8.745162631385028362e-04 4.903945409751031548e-06 2.619782753754407167e-04 1.939325193234253675e-05 1.665129457251168787e-05 5.525533924810588360e-04
4.000000000000000000e+04 2.554268030507955700e-05 2.738590992521494627e-04 9.581104677636176348e-06 7.988354809640441090e-06 8.202084572985768318e-04 4.579474534693872556e-06 2.417401410639286041e-04 1.907112891785800457e-05 2.145749203918967396e-05 4.866629897151142359e-04
4.050000000000000000e+04 3.601534262998029590e-05 2.673596318345516920e-04 1.808861452445853502e-05 1.208495632454287261e-05 9.233197779394686222e-04 4.290512151783332229e-06 2.171576197724789381e-04 1.518003773526288569e-05 3.691379606607370079e-05 3.990245750173926353e-04
4.100000000000000000e+04 3.316237780381925404e-05 2.399600052740424871e-04 1.611971492820885032e-05 1.242088274011621252e-05 8.515553199686110020e-04 3.775439608943997882e-06 1.948004355654120445e-04 9.729595149110537022e-06 3.907744394382461905e-05 3.389587509445846081e-04
4.150000000000000000e+04 2.109144952555652708e-05 2.032370102824643254e-04 3.685863475766382180e-06 6.891380508022848517e-06 5.813494208268821239e-04 3.583929583328426816e-06 1.706139155430719256e-04 3.958140496251871809e-06 2.045389737759251148e-05 3.067318466491997242e-04
4.200000000000000000e+04 1.931155202328227460e-05 1.822345657274127007e-04 3.340344619573443197e-06 5.127607892063679174e-06 5.452964687719941139e-04 2.798653895297320560e-06 1.650100166443735361e-04 3.055003389818011783e-06 1.751337913447059691e-05 2.705733350012451410e-04
4.250000000000000000e+04 1.815180075936950743e-05 1.815872528823092580e-04 8.106659151962958276e-06 5.373289241106249392e-06 6.868809578008949757e-04 1.953231503648567013e-06 3.039171861018985510e-04 3.175054644088959321e-06 1.524836534372298047e-05 2.435161295579746366e-04
4.300000000000000000e+04 1.737678030622191727e-05 1.635248336242511868e-04 6.923219643795164302e-06 5.038408289692597464e-06 6.416859687305986881e-04 1.612684968677058350e-06 2.850713208317756653e-04 3.205900156899588183e-06 2.658798439370002598e-05 2.100301790051162243e-04
4.350000000000000000e+04 1.298822644457686692e-05 1.378768502036109567e-04 1.544450969959143549e-05 5.686429176421370357e-06 5.651827668771147728e-04 1.732201781123876572e-06 1.700606371741741896e-04 2.359525979045429267e-06 1.508355126134119928e-05 1.816089497879147530e-04
4.400000000000000000e+04 1.157740462076617405e-05 1.233869843417778611e-04 1.343498843198176473e-05 5.448624506243504584e-06 5.192752578295767307e-04 1.596834749761910643e-06 1.530579756945371628e-04 2.680382976905093528e-06 1.282775519939605147e-05 1.529533183202147484e-04
4.450000000000000000e+04 1.441748645447660238e-05 1.425840164301916957e-04 8.869922567100729793e-06 4.674445790442405269e-06 5.539367557503283024e-04 1.210038249155331869e-06 1.110638040699996054e-04 2.960308393085142598e-06 1.151036394730908796e-05 1.280313736060634255e-04
4.500000000000000000e+04 1.310237075813347474e-05 1.237709366250783205e-04 8.807619451545178890e-06 5.010409040551166981e-06 5.218015867285430431e-04 1.069770632966537960e-06 9.967977530322968960e-05 3.799540309046278708e-06 1.694314050837419927e-05 1.091052108677104115e-04
4.550000000000000000e+04 1.437020455341553316e-05 1.011259009828791022e-04 6.510783805424580351e-06 4.908075879939133301e-06 6.732342299073934555e-04 9.751410061653587036e-07 8.546358731109648943e-05 4.670938778872368857e-06 3.369263504282571375e-05 9.245923138223588467e-05
4.600000000000000000e+04 1.472514668421354145e-05 8.913196506910026073e-05 6.130709152785129845e-06 4.292329322197474539e-06 6.309363525360822678e-04 1.221717752741824370e-06 7.922442455310374498e-05 5.330917247192701325e-06 4.561509922496043146e-05 7.638796523679047823e-05
4.650000000000000000e+04 9.289911758969537914e-06 7.315639959415420890e-05 5.614887868432560936e-06 5.187727310840273276e-06 2.648264926392585039e-04 9.471730209043016657e-07 5.071393388789147139e-05 3.267629381298320368e-06 7.101010396581841633e-06 7.337647548411041498e-05
4.700000000000000000e+04 7.999692570592742413e-06 6.201982614584267139e-05 5.498498467204626650e-06 4.355839791969629005e-06 2.596564299892634153e-04 7.367677881120471284e-07 4.073192394571378827e-05 3.697548208947409876e-06 6.255641437746817246e-06 6.807118188589811325e-05
4.750000000000000000e+04 1.027785674523329362e-05 6.265125557547435164e-05 4.904395609628409147e-06 5.978617991786450148e-06 2.835201448760926723e-04 6.977144266784307547e-07 5.915352812735363841e-05 6.188123734318651259e-06 1.385039195156423375e-05 5.677384979208000004e-05
4.800000000000000000e+04 1.079129287973046303e-05 5.655246786773204803e-05 4.394371444504940882e-06 4.787724265042925254e-06 2.559300628490746021e-04 6.824450906606216449e-07 5.335776586434803903e-05 5.194901859795209020e-06 1.222334594785934314e-05 5.011546090827323496e-05
4.850000000000000000e+04 1.049485763360280544e-05 4.262422226020134985e-05 5.910843810852384195e-06 3.613295348259271123e-06 2.838830696418881416e-04 6.651822559433639981e-07 5.834101830259896815e-05 2.491515260771848261e-06 1.335325032414402813e-05 3.979387838626280427e-05
4.900000000000000000e+04 1.033726675814250484e-05 3.413121885387226939e-05 5.073706688563106582e-06 3.119861730738193728e-06 2.681166515685617924e-04 6.313931635304470547e-07 4.779027585755102336e-05 2.476899680914357305e-06 7.518231541325803846e-06 3.427229603403247893e-05
4.950000000000000000e+04 7.687358447583392262e-06 3.613493754528462887e-05 3.994216058345045894e-06 2.732232132984790951e-06 2.532710786908864975e-04 4.565462461414426798e-07 2.523547846067231148e-05 3.925245891878148541e-06 1.637995410419534892e-05 3.193712109350599349e-05
5.000000000000000000e+04 8.396026714763138443e-06 3.142411151202395558e-05 4.171862201474141330e-06 1.974695351236732677e-06 2.417181967757642269e-04 4.684673626798030455e-07 2.265924376843031496e-05 3.690826815727632493e-06 1.207142577186459675e-05 2.913120442826766521e-05
5.050000000000000000e+04 1.083348615793511271e-05 3.355346052558161318e-05 3.917781214113347232e-06 1.907142973323061597e-06 3.724252455867826939e-04 5.559829219237144571e-07 2.989243330375757068e-05 1.411179141541651916e-06 8.377667654713150114e-06 2.925398439401760697e-05
5.100000000000000000e+04 1.214022813655901700e-05 3.262798782088793814e-05 3.468681143203866668e-06 1.458835640733013861e-06 3.525616775732487440e-04 4.974592684447998181e-07 3.463421671767719090e-05 1.138466927841363940e-06 1.172777319879969582e-05 2.851176577678415924e-05
5.150000000000000000e+04 1.709052048681769520e-05 2.112352740368805826e-05 2.823122940753819421e-06 1.151664264398277737e-06 2.635749406181275845e-04 3.771910712657700060e-07 2.807909913826733828e-05 1.902026951938751154e-06 2.425646698611672036e-06 2.294936712132766843e-05
5.200000000000000000e+04 1.753049946273677051e-05 1.874189729278441519e-05 2.194674834754550830e-06 9.633984063839307055e-07 2.547261829022318125e-04 3.595869770833814982e-07 2.506867167539894581e-05 1.704046894701605197e-06 1.609408172953408211e-06 2.128027153958100826e-05
5.250000000000000000e+04 1.424304809916066006e-05 1.939685353136155754e-05 2.726555067056324333e-06 7.057923880893213209e-07 2.617593272589147091e-04 3.892503741553809959e-07 2.791605766105931252e-05 6.163427315186709166e-06 3.579937038011848927e-05 1.850893568189349025e-05
5.300000000000000000e+04 1.513043480372289196e-05 1.812466507544741035e-05 2.092734348480007611e-06 6.691389558000082616e-07 2.508501929696649313e-04 3.892105553404689999e-07 2.304612826264929026e-05 6.788630344090051949e-06 5.775968384114094079e-05 1.749425427988171577e-05
5.350000000000000000e+04 1.281509321415796876e-05 1.557903306093066931e-05 1.381399556521500926e-06 1.733736326059442945e-06 2.157232229365035892e-04 2.829556535743904533e-07 3.572315836208872497e-05 4.403668299346463755e-06 4.978283868695143610e-06 1.762931788107380271e-05
5.400000000000000000e+04 1.373451505060074851e-05 1.445528960175579414e-05 1.344807969871908426e-06 1.287526401938521303e-06 2.097425604006275535e-04 2.449537532811518759e-07 3.844653110718354583e-05 4.296204679121728987e-06 6.686237611575052142e-06 1.723610694170929492e-05
5.450000000000000000e+04 1.859963776951190084e-05 1.688808515609707683e-05 2.796568651319830678e-06 1.293435730076453183e-06 2.481670235283672810e-04 2.760822610525792697e-07 2.210484490205999464e-05 3.735194013643194921e-06 9.314013368566520512e-06 1.617844100110232830e-05
5.500000000000000000e+04 1.909704224090091884e-05 1.644412986934185028e-05 2.450053216307424009e-06 1.040029246723861434e-06 2.416991774225607514e-04 2.811163426486018579e-07 2.165906698792241514e-05 3.857559022435452789e-06 1.453050208510830998e-05 1.559393967909272760e-05
5.550000000000000000e+04 1.668957520450931042e-05 1.451967727916780859e-05 1.051764343173999805e-06 9.393145887770515401e-07 1.753386604832485318e-04 3.599192268666229211e-07 1.619759132154285908e-05 2.642284016474150121e-06 5.545048225030768663e-06 1.443757082597585395e-05
5.600000000000000000e+04 1.703149609966203570e-05 1.306439116888213903e-05 8.889965101843699813e-07 7.611468504364893306e-07 1.713146484689787030e-04 3.347760468841443071e-07 1.397753294440917671e-05 3.092722181463614106e-06 1.910635000967886299e-05 1.360725582344457507e-05
5.650000000000000000e+04 1.786715438356623054e-05 1.101799443858908489e-05 4.529592558810691116e-07 5.470931796480726916e-07 8.351760334335267544e-05 3.123360556855914183e-07 1.623038770048879087e-05 2.577919076429679990e-06 1.424410243089369033e-06 1.147966122516663745e-05
5.700000000000000000e+04 1.702031659078784287e-05 9.416203283763024956e-06 3.882520900333474856e-07 3.252812916798575316e-07 8.263403287855908275e-05 3.428795309901033761e-07 1.419174077454954386e-05 2.593493491076515056e-06 9.195169923259527422e-07 1.059076112142065540e-05
5.750000000000000000e+04 1.264280581381171942e-05 7.340856882365187630e-06 1.813092808333749417e-06 6.325047365862701554e-07 1.217106619151309133e-04 3.836351822883443674e-07 2.806034535751678050e-05 3.439916326897218823e-06 9.355191536997153889e-07 1.128410531237022951e-05
5.800000000000000000e+04 1.286729730054503307e-05 6.908061550348065794e-06 1.458309043300687335e-06 5.597258905254420824e-07 1.171881522168405354e-04 3.958032266382360831e-07 2.696847695915494114e-05 2.959007133540580980e-06 9.927316568791866302e-07 1.164426794275641441e-05
5.850000000000000000e+04 1.795639400370419025e-05 8.063911991484928876e-06 5.066515882390376646e-07 3.471388026810018346e-06 1.927282719407230616e-04 4.136314259994833264e-07 1.642068673390895128e-05 3.536395070113940164e-06 5.904646241106092930e-05 1.276707371289376169e-05
5.900000000000000000e+04 1.874562622106168419e-05 7.713163540756795555e-06 4.667488440190936672e-07 2.852767920558108017e-06 1.895724562928080559e-04 3.804011896590964170e-07 1.598557901161257178e-05 2.979437795147532597e-06 3.658033165265806019e-05 1.260282897419529036e-05
5.950000000000000000e+04 1.868930485215969384e-05 8.194943802664056420e-06 5.527141411221236922e-07 7.822150678293837700e-07 1.327581849182024598e-04 3.009108695550821722e-07 1.060715021594660357e-05 3.098250772382016294e-06 1.389622639180743136e-06 1.097955737350275740e-05
6.000000000000000000e+04 1.857819370343349874e-05 7.343989182118093595e-06 4.958562840329250321e-07 6.015322355779062491e-07 1.317913120146840811e-04 3.656278977359761484e-07 1.053862069966271520e-05 2.971041567434440367e-06 7.219174449346610345e-07 1.031922329275403172e-05
6.050000000000000000e+04 2.397153366473503411e-05 7.965115401020739228e-06 6.012044195813359693e-07 4.655026941691176035e-07 1.735537516651675105e-04 4.555417376650439110e-07 1.238513777934713289e-05 3.889721028826897964e-06 2.259201210108585656e-06 1.027773578243795782e-05
6.100000000000000000e+04 2.414621121715754271e-05 7.501992968172999099e-06 5.422161848400719464e-07 3.993519328560068971e-07 1.710275973891839385e-04 4.267647568667598534e-07 1.211320977745344862e-05 3.499886361169046722e-06 2.553558260842692107e-06 1.003868146653985605e-05
6.150000000000000000e+04 1.968198375834617764e-05 7.365027158812154084e-06 1.636108891034382395e-06 4.210513395719317487e-07 1.425627997377887368e-04 4.164027131992042996e-07 1.374097519146744162e-05 2.505979409761494026e-06 2.171368578274268657e-06 9.970124665414914489e-06
6.200000000000000000e+04 2.044304346782155335e-05 7.886081220931373537e-06 1.408563434779352974e-06 3.649604707334219711e-07 1.374416606267914176e-04 3.829940453670133138e-07 1.625601362320594490e-05 2.760575625870842487e-06 2.294648083989159204e-06 9.705964657769072801e-06
6.250000000000000000e+04 2.389165820204652846e-05 6.106212367740226910e-06 8.132211064548755530e-07 7.091686597959778737e-07 1.189481627079658210e-04 1.945621477261738619e-07 3.666583870653994381e-05 2.256549123558215797e-06 6.649003694292332511e-07 9.344513273390475661e-06
6.300000000000000000e+04 2.370771653659176081e-05 5.777857040811795741e-06 6.284968208092323039e-07 5.308521053848380689e-07 1.159850799012929201e-04 2.382005419576671557e-07 3.503247717162594199e-05 2.032337988566723652e-06 4.835798677049751859e-07 9.850590686255600303e-06
6.350000000000000000e+04 1.949523357325233519e-05 5.957658686384093016e-06 3.578283838123752503e-07 3.622051963247940876e-06 8.731358684599399567e-05 4.047553261443681549e-07 1.619135946384631097e-05 1.756365350047417451e-06 5.239575784798944369e-06 7.839715181034989655e-06
6.400000000000000000e+04 1.878988041426055133e-05 5.385746590036433190e-06 3.092177394137252122e-07 3.226031594749656506e-06 8.670891111250966787e-05 4.018416746021102881e-07 1.483063078921986744e-05 1.520546220490359701e-06 1.430003067071083933e-06 7.051568900351412594e-06
6.450000000000000000e+04 2.088127257593441755e-05 8.748141226533334702e-06 3.257725893490714952e-07 1.721500098028627690e-06 1.822526392061263323e-04 4.344574620063212933e-07 8.759737283980939537e-06 2.985224682561238296e-06 1.198687277792487293e-05 8.716236152395140380e-06
6.500000000000000000e+04 2.269895594508852810e-05 8.841395356284920126e-06 3.216474908640520880e-07 1.390624333907908294e-06 1.761339226504787803e-04 4.164456868238630705e-07 9.082345968636218458e-06 3.639113401732174680e-06 4.106400592718273401e-05 8.904130481823813170e-06
6.550000000000000000e+04 2.413078254903666675e-05 7.270773039635969326e-06 3.630072455962363165e-07 3.901307934484066209e-07 1.652081846259534359e-04 3.773177468247013167e-07 1.585873178555630147e-05 2.904851044149836525e-06 8.640023224870674312e-06 7.855754120100755244e-06
6.600000000000000000e+04 2.349170972593128681e-05 6.971115453779930249e-06 3.510001818085584091e-07 3.343967307500861352e-07 1.648535253480076790e-04 3.756301509838522179e-07 1.579493982717394829e-05 2.707938165258383378e-06 1.285482267121551558e-05 7.445094524882733822e-06
6.650000000000000000e+04 2.096210300805978477e-05 4.949280992150306702e-06 7.157034360716352239e-07 5.077746436654706486e-07 1.079732537618838251e-04 3.017835865648521576e-07 1.175411580334184691e-05 8.541724128008354455e-07 2.127313382516149431e-05 7.101733899617101997e-06
6.700000000000000000e+04 2.058034260699059814e-05 4.520015409070765600e-06 5.087600811748416163e-07 3.089452036419970682e-07 1.064590178430080414e-04 3.342414629514678381e-07 1.151407377619761974e-05 6.111849302214977797e-07 1.813509334169793874e-05 7.029397693258943036e-06
