# step, loss_train, loss_test, metrics_test
0.000000000000000000e+00 8.422235399484634399e-02 8.166165649890899658e-02 3.681400045752525330e-02 3.763739019632339478e-02 1.234737318009138107e-02 8.571910858154296875e-02 7.010481506586074829e-02 1.670085638761520386e-02 3.881224244832992554e-02 1.390894036740064621e-02
5.000000000000000000e+02 4.645869194064289331e-04 5.591594427824020386e-02 2.054858050541952252e-04 3.171124553773552179e-04 7.699336856603622437e-04 3.350297338329255581e-04 6.385263800621032715e-02 1.881530042737722397e-04 7.087315316312015057e-05 1.372672850266098976e-03
1.000000000000000000e+03 1.650763733778148890e-04 4.846117645502090454e-02 4.185406723991036415e-04 1.871885033324360847e-03 1.786792417988181114e-04 2.498163667041808367e-05 6.053419038653373718e-02 1.083401366486214101e-04 2.775049651972949505e-04 7.665613666176795959e-04
1.500000000000000000e+03 6.009828939568251371e-05 2.009334042668342590e-03 7.039073807391105220e-06 7.107868441380560398e-05 1.173660057247616351e-04 4.400000761961564422e-06 4.835669416934251785e-03 8.683550731802824885e-06 4.005241862614639103e-05 3.202178049832582474e-05
2.000000000000000000e+03 6.591989949811249971e-05 7.048278930597007275e-04 1.140531094279140234e-05 8.179438736988231540e-06 1.015357265714555979e-04 1.290061959480226506e-06 2.736335387453436852e-03 6.887419203849276528e-06 3.902733624272514135e-06 1.792771581676788628e-05
2.500000000000000000e+03 8.331058052135631442e-05 2.197629364673048258e-04 5.220727871346753091e-06 7.478452971554361284e-06 1.468521513743326068e-04 1.659622171246155631e-06 3.825853636953979731e-04 5.326025529939215630e-06 3.208147063560318202e-06 1.482215702708344907e-05
3.000000000000000000e+03 6.533195846714079380e-05 5.380738293752074242e-04 3.584381147447857074e-06 5.672856786986812949e-06 1.625680597499012947e-04 1.683397726992552634e-06 1.280868775211274624e-03 4.084102783963317052e-06 3.177511644025798887e-06 1.539509503345470876e-05
3.500000000000000000e+03 7.254582305904477835e-05 1.244344311999157071e-04 3.242460479668807238e-06 4.048438313475344330e-06 1.210127229569479823e-04 1.604383783160301391e-06 1.918999769259244204e-04 7.646298399777151644e-06 2.932569486802094616e-06 1.395226354361511767e-05
4.000000000000000000e+03 5.795573451905511320e-05 1.758835715008899570e-04 2.590037183836102486e-06 3.272252115493756719e-06 1.269715285161510110e-04 1.364696117889252491e-06 3.423932357691228390e-04 6.743206085957353935e-06 2.274421376569080167e-06 1.270744905923493207e-05
4.500000000000000000e+03 6.201682845130562782e-05 7.135578925954177976e-05 1.573983922753541265e-06 1.818956548049754929e-06 2.199736045440658927e-04 1.207297032124188263e-06 3.974981955252587795e-04 3.942210241802968085e-06 3.043897095267311670e-06 9.124600182985886931e-06
5.000000000000000000e+03 5.515922748600132763e-05 2.425369602860882878e-04 1.469195581194071565e-06 1.148098704106814694e-06 1.992386387428268790e-04 1.228126848218380474e-06 5.286750383675098419e-04 5.307926585373934358e-06 1.508172886133252177e-06 1.337442881776951253e-05
5.500000000000000000e+03 2.600326297397259623e-05 2.988606865983456373e-04 1.765764295669214334e-06 9.981800985769950785e-07 1.276019029319286346e-04 1.071973429134231992e-06 5.999445565976202488e-04 5.128356406203238294e-06 1.943566985573852435e-06 7.510562227253103629e-06
6.000000000000000000e+03 2.441845026623923331e-05 8.283140778075903654e-05 1.753133346937829629e-06 8.630421461930382065e-07 1.141483808169141412e-04 8.805707807368889917e-07 1.604824647074565291e-04 5.181971118872752413e-06 1.413761083313147537e-06 8.580237590649630874e-06
6.500000000000000000e+03 2.889634379243943840e-05 4.800855094799771905e-05 1.825772073971165810e-06 8.560897413190104999e-07 1.128497606259770691e-04 7.694010832892672624e-07 1.950389705598354340e-04 3.970807483710814267e-06 8.805853326521173585e-07 9.944517842086497694e-06
7.000000000000000000e+03 2.845534254447557032e-05 4.340897066867910326e-05 1.673164661042392254e-06 7.677669486838567536e-07 1.052102525136433542e-04 6.349405907712935004e-07 1.696894760243594646e-04 4.718951004178961739e-06 3.721800396760954754e-07 1.011750373436370865e-05
7.500000000000000000e+03 1.087103646568721160e-05 5.022450568503700197e-05 2.851103090506512672e-06 1.040089273374178447e-06 7.469227421097457409e-05 3.979466214332205709e-07 1.861459750216454268e-04 4.601956788974348456e-06 3.252877434078982333e-07 6.144344752101460472e-06
8.000000000000000000e+03 1.215586053149309009e-05 5.143499947735108435e-05 1.542474592497455887e-06 3.743786294307938078e-07 6.262928945943713188e-05 3.071322964842693182e-07 1.717347186058759689e-04 4.041322881676023826e-06 3.062073687942756806e-07 5.123008122609462589e-06
8.500000000000000000e+03 2.038901766354683787e-05 1.685699244262650609e-04 1.102496412386244629e-06 3.115132756192906527e-07 1.399491302436217666e-04 2.857694880731287412e-07 5.722167552448809147e-04 5.112370217830175534e-06 2.447123961246688850e-07 6.965672127989819273e-06
9.000000000000000000e+03 2.068182402581442147e-05 1.035645473166368902e-04 5.806143690278986469e-07 1.640613760400810861e-07 1.534110633656382561e-04 2.464472572683007456e-07 2.798378991428762674e-04 3.789600668824277818e-06 1.047108781904171337e-07 3.610524345276644453e-06
9.500000000000000000e+03 1.507197430328233168e-05 7.396661385428160429e-05 5.377169145504012704e-07 5.001303406970691867e-07 9.123932250076904893e-05 1.380164604825040442e-07 9.462422895012423396e-05 2.069489710265770555e-06 1.932062900777964387e-07 5.228347617958206683e-06
1.000000000000000000e+04 1.496301865699933842e-05 2.271985867992043495e-04 4.150234076405467931e-07 8.716309025658119936e-07 9.903335740091279149e-05 1.131548827970618731e-07 4.286526818759739399e-04 1.041627569975389633e-06 3.174813230089057470e-07 4.671076112572336569e-06
1.050000000000000000e+04 3.715638376888819039e-05 4.039043778902851045e-05 4.521968151038890937e-07 2.077663111776928417e-06 1.484889944549649954e-04 1.016761359551310306e-07 8.933976641856133938e-05 9.057022793967917096e-07 9.011731094688002486e-08 5.827651420986512676e-06
1.100000000000000000e+04 3.212307638023048639e-05 4.276246909284964204e-05 3.552928262706700480e-07 2.634897100506350398e-06 1.471974683227017522e-04 1.011105297266112757e-07 1.066688782884739339e-04 6.770563913960359059e-07 2.677010684237757232e-07 3.730374828592175618e-06
1.150000000000000000e+04 1.807344779081176966e-05 1.980580964300315827e-05 6.958522362765506841e-07 9.594101584298186935e-07 8.312791760545223951e-05 1.132810183435140061e-07 4.639269536710344255e-05 2.445791778882266954e-06 1.662982640482368879e-06 2.483678144926670939e-06
1.200000000000000000e+04 1.613103813724592328e-05 1.351352784695336595e-05 4.795823542735888623e-07 6.012727453708066605e-07 6.485149788204580545e-05 6.489085535577032715e-08 3.915658453479409218e-05 2.151821718143764883e-06 9.477186608819465619e-07 1.461385977563622873e-06
1.250000000000000000e+04 1.012090433505363762e-05 1.479828370065661147e-05 2.587317453617288265e-07 6.927967888259445317e-07 1.121096647693775594e-04 7.056630124679941218e-08 5.765077730757184327e-05 4.610458006482076598e-07 3.581540113373193890e-07 4.396068561618449166e-06
1.300000000000000000e+04 1.079846788343274966e-05 1.443175551685271785e-05 2.715829907629085938e-07 4.932558681502996478e-07 1.038426344166509807e-04 9.009510648638752173e-08 5.172302553546614945e-05 5.374936336011160165e-07 4.607639141340769129e-07 4.510785856837173924e-06
1.350000000000000000e+04 1.062489900505170226e-05 1.200424521812237799e-04 1.652228291959545459e-07 2.183593750260115485e-07 2.745000892900861800e-05 8.389753247683984227e-08 5.877610965399071574e-05 2.127686684616492130e-06 7.854709451748931315e-07 4.685538897319929674e-06
1.400000000000000000e+04 1.039182097883895040e-05 9.896592928271275014e-06 1.504223519077640958e-07 2.573687538642843720e-07 3.272596222814172506e-05 8.831504771933396114e-08 2.217069959442596883e-05 3.315683215987519361e-06 1.140823769674170762e-06 1.092597699425823521e-06
1.450000000000000000e+04 1.741481901262886822e-05 1.632781277294270694e-05 3.928540479591902113e-07 1.189697854897531215e-06 1.520013902336359024e-04 1.628351355975610204e-07 4.223304858896881342e-05 2.652686362125677988e-06 8.989894126898434479e-07 1.443097289666184224e-06
1.500000000000000000e+04 1.350041929981671274e-05 5.788366543129086494e-04 3.347464598846272565e-07 4.010074974303279305e-07 9.969868551706895232e-05 1.990303388765823911e-07 2.797624620143324137e-04 4.115676802030066028e-06 5.255593009678705130e-07 2.005834903684444726e-05
1.550000000000000000e+04 7.855784133425913751e-06 9.377941751154139638e-06 2.565458601111458847e-07 1.434832142876985017e-06 6.526520883198827505e-05 1.596857259755779523e-07 2.206386488978751004e-05 2.652630428201518953e-06 9.550108615030694637e-08 1.387706788591458462e-06
1.600000000000000000e+04 7.677319445065222681e-06 6.845974894531536847e-06 1.737376038590809912e-07 7.926994953777466435e-07 6.462196324719116092e-05 1.493102814720259630e-07 2.074519034067634493e-05 2.800044512696331367e-06 7.164224768985150149e-08 1.197424012389092240e-06
1.650000000000000000e+04 1.163554406957700849e-05 2.786577897495590150e-05 4.135994799980835523e-07 8.595727081228687894e-07 7.833831477910280228e-05 1.896812591439811513e-07 7.869847468100488186e-05 6.597264246011036448e-07 1.549428702674049418e-06 2.261162080685608089e-06
1.700000000000000000e+04 1.630657425266690552e-05 6.119104455137858167e-06 1.854902791365020676e-07 3.056532307255110936e-07 5.668912490364164114e-05 1.768761279663522146e-07 2.926543311332352459e-05 5.466465040626644623e-07 1.338945025963766966e-06 8.522159191670652945e-07
1.750000000000000000e+04 2.142769517377018929e-05 5.285405677568633109e-06 9.102502218638619524e-08 3.430832009598816512e-07 7.784165791235864162e-05 2.587943583876040066e-07 2.512761784601025283e-05 3.201466824975796044e-06 9.359496289107482880e-07 4.186446460607839981e-07
1.800000000000000000e+04 1.668437653279397637e-05 7.347844075411558151e-06 2.411404977920028614e-07 2.061986350554434466e-07 7.938857743283733726e-05 2.841655373231333215e-07 2.194394801335874945e-05 4.236959284753538668e-06 7.895139333413681015e-07 4.705783567260368727e-07
1.850000000000000000e+04 3.167424074490554631e-05 6.043337634764611721e-04 8.081803457571368199e-07 1.965351430044393055e-06 1.858959294622763991e-04 2.313976779078075197e-07 2.980139688588678837e-04 1.256003997696097940e-06 4.955879262524831574e-07 2.505599150026682764e-05
1.900000000000000000e+04 2.361167207709513605e-05 1.265851278731133789e-05 5.437998424895340577e-07 5.663688398271915503e-07 1.116715793614275753e-04 2.522043871522328118e-07 4.282442750991322100e-05 5.947284762441995554e-07 3.412238243072351906e-07 1.091928425012156367e-06
1.950000000000000000e+04 1.737014099489897490e-05 2.142107587133068591e-05 3.317293248983332887e-07 4.021918869057117263e-07 3.265240957261994481e-05 2.071501086220450816e-07 1.409304240951314569e-05 5.578179980147979222e-07 1.119816602113132831e-06 3.248281245760153979e-06
2.000000000000000000e+04 1.407541094522457570e-05 2.291580813107430004e-06 1.445079647055536043e-07 1.572462338117475156e-07 1.862214048742316663e-05 1.523709727280220250e-07 7.781459316902328283e-06 8.596573479735525325e-07 4.736578205211117165e-07 3.099324885624810122e-07
2.050000000000000000e+04 2.490725819370709360e-05 7.671323146496433765e-06 1.280670574033138109e-07 1.957270114871789701e-07 8.186969353118911386e-05 8.391622685621769051e-08 3.238645876990631223e-05 2.386338167070789495e-07 1.852888544817687944e-07 1.580106527399038896e-06
2.100000000000000000e+04 1.875497218861710280e-05 6.517038855236023664e-06 1.178923341171866923e-07 3.455882620073680300e-07 4.208858808851800859e-05 1.530343638478370849e-07 2.317671169294044375e-05 2.156415774834385957e-07 1.556923905354778981e-07 6.662294254056178033e-07
2.150000000000000000e+04 9.554900316288694739e-06 1.008177150652045384e-05 1.607330375463789096e-07 2.137133918722611270e-07 1.294567482545971870e-04 1.798333784108763211e-07 1.260079989151563495e-05 8.511835289937152993e-07 8.184903066421611584e-08 1.303102749261597637e-06
2.200000000000000000e+04 8.023532245715614408e-06 8.597435225965455174e-06 1.423873072781134397e-07 2.442612299091706518e-07 1.240739220520481467e-04 1.783988068382313941e-07 1.727723065414465964e-05 7.116309461707714945e-07 1.703456717905282858e-07 1.166068045677093323e-06
2.250000000000000000e+04 1.181461539090378210e-05 9.415822205482982099e-06 1.099303261753448169e-07 2.415447966086503584e-07 6.960580503800883889e-05 1.377587039996797103e-07 1.103131035051774234e-05 3.572702098608715460e-07 3.800883234816865297e-07 2.475650717315147631e-06
2.300000000000000000e+04 9.546914043312426656e-06 6.058811322873225436e-06 8.129353545882622711e-08 2.981542763791367179e-07 6.164951628306880593e-05 1.274681693530510529e-07 7.461205314029939473e-06 2.849598388365848223e-07 4.463065295112755848e-07 7.484823640879767481e-07
2.350000000000000000e+04 8.857149623509030789e-06 3.307899078208720312e-06 1.555635122940657311e-07 1.914235099320649169e-07 1.000212887447560206e-05 9.495833097616923624e-08 4.633959179045632482e-06 5.043547730565478560e-07 7.361863652022293536e-08 3.354007560574245872e-07
2.400000000000000000e+04 7.729297976766247302e-06 3.114714218099834397e-06 6.916636152709543239e-08 1.741193784710048931e-07 7.565778105345088989e-06 8.238294668672097032e-08 4.893120149063179269e-06 7.638737997694988735e-07 6.615398007170369965e-08 5.896471293453942053e-07
2.450000000000000000e+04 9.935403795680031180e-06 5.608230821962933987e-06 8.148671071239732555e-08 1.088043433128405013e-07 2.588270399428438395e-05 6.156911780408336199e-08 1.012477969197789207e-05 2.959412768177571706e-07 9.198976727020635735e-07 6.736740942869801074e-07
2.500000000000000000e+04 7.286113486770773306e-06 2.598586979729589075e-05 6.821885989438669640e-08 1.581089890123621444e-07 2.463042255840264261e-05 7.059653484020600445e-08 1.064377192960819229e-05 1.563984710628574248e-07 1.250662762686260976e-06 3.431691084188059904e-06
2.550000000000000000e+04 8.394585165660828352e-06 5.322976903698872775e-06 5.935566704806660709e-08 1.553779895857587690e-07 1.467188940296182409e-05 6.759931636679539224e-08 3.293533518444746733e-05 1.181073727707371290e-07 5.384974315347790252e-07 2.866459567485435400e-07
2.600000000000000000e+04 7.272436960192862898e-06 1.303539920627372339e-05 4.319214141901284165e-08 1.057206446830605273e-07 1.229946792591363192e-05 5.866268537602081778e-08 2.067073728539980948e-05 4.275836573697233689e-08 2.037695452372645377e-07 9.169534678221680224e-07
2.650000000000000000e+04 5.638094535242998973e-06 4.757299393531866372e-06 2.668066656497103395e-08 7.845215321822252008e-08 3.952034967369399965e-05 4.409623599599399313e-08 9.552480150887276977e-06 6.296281185314001050e-08 1.120136303711660730e-07 1.669050561758922413e-06
2.700000000000000000e+04 5.108190634928178042e-06 3.265763098170282319e-06 2.451953307058829523e-08 8.555871033877338050e-08 3.765220753848552704e-05 4.265108088929991936e-08 9.706487617222592235e-06 1.024848472752637463e-07 1.405770007067985716e-07 1.477318846809794195e-06
2.750000000000000000e+04 5.408275683294050395e-06 4.649978291126899421e-05 4.228886396617781429e-08 1.376180023271444952e-07 5.671701273968210444e-06 4.369905326484513353e-08 2.590375515865162015e-05 5.077156828292572754e-08 1.929871302763785934e-07 3.598774583224439994e-06
2.800000000000000000e+04 6.091329396440414712e-06 2.662556944414973259e-04 2.856149272645325254e-08 1.459010547932848567e-07 1.641527342144399881e-05 5.149287929384627205e-08 2.136292023351415992e-04 2.591763603732033516e-08 8.373082494017580757e-08 2.282471177750267088e-05
2.850000000000000000e+04 1.374671865050913766e-05 7.582823855045717210e-06 1.132143125914808479e-07 1.002994807208779093e-07 9.910500375553965569e-05 6.849533917829830898e-08 8.422832252108491957e-06 1.205530821835054667e-07 8.201239865002207807e-08 1.945683834492228925e-06
2.900000000000000000e+04 8.522169991920236498e-06 2.159598079742863774e-05 1.432173064586095279e-07 1.135189506840106333e-07 7.522230589529499412e-05 7.685925851319552748e-08 7.767939678160473704e-06 1.469585839686260442e-07 1.631779014132916927e-07 5.224991127761313692e-06
2.950000000000000000e+04 8.441968930128496140e-06 5.269202119961846620e-06 1.266916882514124154e-07 3.042392506813484943e-07 1.181170864583691582e-05 6.731666246651002439e-08 9.571177542966324836e-06 3.224563158710225252e-07 5.982991524433600716e-07 3.655829232229734771e-06
3.000000000000000000e+04 6.730520908604376018e-06 3.844962520815897733e-06 6.183140754956184537e-08 1.042421260422088380e-07 1.056291876011528075e-05 7.180051397881470621e-08 8.916906153899617493e-06 2.628026152251550229e-07 7.244295261443767231e-07 3.963098606618586928e-06
3.050000000000000000e+04 1.163889555755304173e-05 8.310723205795511603e-05 2.167079458104126388e-07 2.758296204774524085e-07 3.160801497870124876e-05 6.371725902454272727e-08 6.526263314299285412e-05 8.255232728515693452e-07 2.575957296357955784e-07 2.066041133730323054e-06
3.100000000000000000e+04 7.163479494920466095e-06 5.021488959755515680e-06 2.612888927444600995e-08 4.889454885415034369e-08 1.381024958391208202e-05 6.163940469150475110e-08 8.942874956119339913e-06 6.359343842632370070e-07 1.183870779186690925e-07 1.493958734499756247e-06
3.150000000000000000e+04 2.082507307932246476e-06 4.316361810197122395e-06 1.281287254073504300e-08 6.926448037347654463e-08 2.347568261029664427e-05 5.653168955177534372e-08 1.070459165930515155e-05 5.155242774890211876e-07 1.641409284047767869e-07 4.324514520703814924e-06
3.200000000000000000e+04 1.519524630566593260e-06 3.465389454504474998e-06 9.038326531651819096e-09 6.009706510212708963e-08 1.917526606121100485e-05 5.534542424356914125e-08 9.389841579832136631e-06 5.463908223646285478e-07 4.026112776500667678e-08 9.415326530870515853e-06
3.250000000000000000e+04 7.864498911658301950e-06 4.532746970653533936e-06 6.245536354754221975e-08 6.375972816385910846e-08 3.504253254504874349e-05 6.154215270726126619e-08 7.061480573611333966e-06 2.446839459935290506e-07 1.149721740034692630e-07 1.472285475756507367e-06
3.300000000000000000e+04 6.666958597634220496e-06 4.504807293415069580e-06 3.476258925161346269e-08 2.918993757816679135e-08 2.589208816061727703e-05 4.620433102786591917e-08 5.732012596126878634e-06 3.266124224410305033e-07 6.541613117860833881e-08 4.712201189249753952e-06
3.350000000000000000e+04 6.767907052562804893e-06 3.712817715495475568e-06 4.664291353151384101e-08 1.257817672239980311e-07 1.653457366046495736e-05 6.026204601994322729e-08 4.250972779118455946e-06 2.691257705578209425e-08 2.401051233391626738e-07 4.483250904740998521e-06
3.400000000000000000e+04 4.576393621391616762e-06 5.759520718129351735e-06 4.576231305009059724e-08 8.999015221888839733e-08 1.505561067460803315e-05 4.406660281119911815e-08 4.086380613443907350e-06 2.706812374242417718e-08 2.137564933946123347e-07 7.053028639347758144e-06
