# step, loss_train, loss_test, metrics_test
0.000000000000000000e+00 3.097916021943092346e-03 1.112972348928451538e-01 1.501012047810945660e-05 1.351762621197849512e-04 1.906462857732549310e-04 3.134835977107286453e-03 1.407157778739929199e-01 6.320680404314771295e-05 2.932150964625179768e-04 1.253707217983901501e-03
5.000000000000000000e+02 7.639388204552233219e-04 1.485063112340867519e-03 1.406622177455574274e-04 1.071211299858987331e-04 3.157835686579346657e-03 7.084651151672005653e-04 2.221825066953897476e-03 1.312424283241853118e-04 1.021429052343592048e-04 3.161431290209293365e-03
1.000000000000000000e+03 7.822849147487431765e-05 1.128716030507348478e-04 3.682275519167887978e-06 5.108020104671595618e-06 9.367252350784838200e-04 1.024390371640038211e-06 3.631204526755027473e-05 2.982608066304237582e-06 4.990727120457449928e-07 7.127126445993781090e-04
1.500000000000000000e+03 1.612001797184348106e-04 6.692589377053081989e-04 1.538115043331345078e-06 6.985366326262010261e-06 2.291563665494322777e-03 3.200761398147733416e-07 1.068102428689599037e-03 1.812640107345941942e-06 1.058935822584317066e-06 1.546025858260691166e-03
2.000000000000000000e+03 1.636758242966607213e-04 1.003471575677394867e-02 8.816781473797163926e-07 6.012107860442483798e-06 5.312748253345489502e-03 1.547834074244747171e-07 9.957530535757541656e-03 1.115271061280509457e-06 4.696934752246306743e-07 4.740679636597633362e-03
2.500000000000000000e+03 2.687954292923677713e-05 2.237211265310179442e-05 2.104985242112888955e-06 3.300792059235391207e-06 3.520038153510540724e-04 4.898737060443636437e-08 1.679556226008571684e-05 7.855276180634973571e-07 1.512126601710406248e-07 4.686817192123271525e-05
3.000000000000000000e+03 4.576881110551767051e-05 7.875076698837801814e-05 1.778941964403202292e-06 2.770443870758754201e-06 9.600468911230564117e-04 1.493800461105365684e-08 7.028265827102586627e-05 1.275197064387612045e-06 2.356792265345575288e-06 5.647860816679894924e-04
3.500000000000000000e+03 5.895382855669595301e-05 1.002578283078037202e-04 4.669503539389552316e-07 8.871772934071486816e-07 7.514492026530206203e-04 3.512681701067776885e-08 5.021800097892992198e-05 6.092676585467415862e-07 4.179446762009320082e-07 3.017139097210019827e-04
4.000000000000000000e+03 4.860033004661090672e-05 5.354004315449856222e-05 1.437597120457212441e-06 1.031875854096142575e-06 8.755614981055259705e-04 6.374218042282109309e-09 1.654848165344446898e-05 4.718467323527875124e-07 9.247086154573480599e-07 4.258238477632403374e-04
4.500000000000000000e+03 2.858554398699197918e-05 2.263930946355685592e-05 2.239195993070097757e-07 1.233668029954060330e-07 5.183552857488393784e-04 2.316520841816327447e-08 2.529667290218640119e-05 6.498554228073771810e-08 1.792111703480259166e-07 1.273721500183455646e-05
5.000000000000000000e+03 3.382864088052883744e-05 2.284338370373006910e-05 1.355186753926318488e-07 1.052522691225021845e-07 2.966715546790510416e-04 5.075497244710902578e-10 9.787498129298910499e-05 2.864406845048961259e-08 3.390788805290867458e-08 2.416139977867715061e-06
5.500000000000000000e+03 1.726894697640091181e-05 1.373153554595774040e-05 9.205576390058922698e-08 7.057160900103554013e-08 9.690601291367784142e-05 1.577016028875277698e-08 4.774409899255260825e-05 5.790551327322646102e-08 5.657492252453266701e-08 8.054059890127973631e-07
6.000000000000000000e+03 1.703638554317876697e-05 1.209814126923447475e-05 1.122341686254912929e-07 6.008036734783672728e-08 8.530746708856895566e-05 9.901587327831862240e-10 4.350099334260448813e-05 3.840161610924042179e-08 2.497980133853161533e-08 7.486404456358286552e-07
6.500000000000000000e+03 2.410722481727134436e-05 1.571887551108375192e-04 5.658918666995305102e-07 5.690773150490713306e-07 1.505080726929008961e-04 2.192992276661698270e-08 2.391909511061385274e-04 6.129124017206777353e-07 6.528026688101817854e-07 8.458388037979602814e-05
7.000000000000000000e+03 6.714234586979728192e-06 1.146150170825421810e-04 2.000910228616703534e-07 3.497386202866437088e-08 5.048084130976349115e-05 1.064217602930739304e-09 1.997485815081745386e-04 6.275917030507116579e-08 4.270045295129420992e-08 6.893886893521994352e-05
7.500000000000000000e+03 2.022661828959826380e-05 8.698049350641667843e-05 6.541377217672561528e-08 4.078891038261645008e-07 1.063093804987147450e-05 1.947261241141973187e-09 1.581445103511214256e-04 1.927213133967597969e-06 1.395595745634636842e-07 1.048821013682754710e-05
8.000000000000000000e+03 1.191929399624314101e-08 3.992339611053466797e+00 1.209484956632422836e-08 2.485066596946694517e-09 4.766370773315429688e+00 1.101411051251943718e-08 3.999273538589477539e+00 2.000924581579965889e-08 4.768682337896734680e-09 4.758463382720947266e+00
8.500000000000000000e+03 2.456429726294118154e-09 3.788666248321533203e+00 2.592452252869748008e-09 5.028786831395848367e-10 4.427303314208984375e+00 2.283321087759304646e-09 3.692250013351440430e+00 4.127880703919117877e-09 9.847548332331257370e-10 4.419723033905029297e+00
9.000000000000000000e+03 1.184565445733198885e-09 3.599801063537597656e+00 1.242397185130528214e-09 2.412009203478504560e-10 4.221303939819335938e+00 1.101400304293065346e-09 3.506139516830444336e+00 1.979816088848451727e-09 4.727894742373450754e-10 4.213926792144775391e+00
9.500000000000000000e+03 8.946419716160391999e-10 3.367867708206176758e+00 8.216364810742504687e-10 2.028160556166724859e-10 3.986780881881713867e+00 8.343323809612002151e-10 3.294759511947631836e+00 1.483288381010083867e-09 3.550128802043417409e-10 3.979642629623413086e+00
1.000000000000000000e+04 8.170100151971837477e-10 2.899830341339111328e+00 7.136721769107623459e-10 1.780105507442897306e-10 3.471668243408203125e+00 7.637186993925126899e-10 2.832930564880371094e+00 1.296268758999019610e-09 3.132822057327899756e-10 3.465078830718994141e+00
1.050000000000000000e+04 3.758572897361034393e-10 1.204386711120605469e+00 5.713809980711914704e-10 1.032165741765567191e-10 1.554444909095764160e+00 3.435494111414527652e-10 1.161994457244873047e+00 7.603537244271763029e-10 1.743529071118743445e-10 1.550389409065246582e+00
1.100000000000000000e+04 1.177205333213748872e-09 6.909028887748718262e-01 1.621889622605010572e-09 2.973066792755219012e-10 9.445914626121520996e-01 1.081022715787582911e-09 6.618593335151672363e-01 2.182071412448749470e-09 5.088435783839884152e-10 9.416661858558654785e-01
1.150000000000000000e+04 4.422819888105777864e-09 2.693977952003479004e-01 4.861992586313590436e-09 8.813634266857661714e-10 4.185890555381774902e-01 4.106019524385828845e-09 2.655379474163055420e-01 8.140356833052919683e-09 1.902925372831987261e-09 4.169993102550506592e-01
1.200000000000000000e+04 4.948465193166384779e-09 8.871932327747344971e-02 5.423817839300681953e-09 9.824323576879123721e-10 1.174898222088813782e-01 4.594587377226844183e-09 8.576483279466629028e-02 9.093365171963796456e-09 2.123955900046325951e-09 1.171502619981765747e-01
1.250000000000000000e+04 4.926315799735903056e-09 7.063785940408706665e-02 6.412370190389538038e-09 1.136171268178998162e-09 3.825632110238075256e-02 4.570733569408957919e-09 6.522370874881744385e-02 9.065615813597105443e-09 2.115100317112705852e-09 3.852147236466407776e-02
1.300000000000000000e+04 5.020313942338816560e-09 7.617694139480590820e-02 6.546010844488137081e-09 1.159164764175102391e-09 1.615004800260066986e-02 4.657655150452910675e-09 7.043824344873428345e-02 9.255325394974533992e-09 2.157773293376408219e-09 1.669674739241600037e-02
1.350000000000000000e+04 5.183265816555149286e-09 7.473082095384597778e-02 5.334518604627191962e-09 9.994136629387639914e-10 1.098239328712224960e-02 4.695873911941816914e-09 7.415782660245895386e-02 9.337530748609879083e-09 2.176402613685013421e-09 1.162074971944093704e-02
1.400000000000000000e+04 5.200472941169209662e-09 7.554040104150772095e-02 5.352575715988905358e-09 1.002783300840803804e-09 1.012919470667839050e-02 4.711459222761504861e-09 7.496079802513122559e-02 9.369186315666411247e-09 2.183728087246095129e-09 1.078461576253175735e-02
1.450000000000000000e+04 5.127606783617011388e-09 7.313044369220733643e-02 5.701854988160448556e-09 1.189509601928762095e-09 9.084923192858695984e-03 4.729449276652530898e-09 7.604166120290756226e-02 9.405948020457799430e-09 2.192218628849218476e-09 9.762213565409183502e-03
1.500000000000000000e+04 5.134650926663653081e-09 7.318839430809020996e-02 5.709510197959843936e-09 1.191115317489277459e-09 9.026725776493549347e-03 4.735955183576834315e-09 7.610540091991424561e-02 9.418593016619070113e-09 2.195184922726411969e-09 9.705271571874618530e-03
1.550000000000000000e+04 5.161651994711746738e-09 5.858873203396797180e-02 6.978743360974704046e-09 1.315388020728391893e-09 6.531315390020608902e-03 4.762827021664861604e-09 7.926976680755615234e-02 9.476275764086494746e-09 2.208277338766606590e-09 7.268135901540517807e-03
1.600000000000000000e+04 5.170779360241795075e-09 5.860713869333267212e-02 6.990703571574385933e-09 1.317657982724540489e-09 6.512860767543315887e-03 4.771262052116753694e-09 7.929687201976776123e-02 9.492540975486463140e-09 2.212100058684995929e-09 7.250151596963405609e-03
