# step, loss_train, loss_test, metrics_test
0.000000000000000000e+00 2.328743040561676025e-02 1.041647195816040039e-01 2.615600079298019409e-02 1.410566642880439758e-02 8.736657910048961639e-03 2.413187175989151001e-02 1.541025638580322266e-01 9.213169105350971222e-03 2.059239335358142853e-02 9.404374286532402039e-03
5.000000000000000000e+02 8.302784408442676067e-04 5.741141363978385925e-02 2.332888543605804443e-04 2.512920473236590624e-04 4.034756217151880264e-03 7.907968829385936260e-04 6.577005982398986816e-02 1.928372657857835293e-04 3.211848161299712956e-05 4.722564946860074997e-03
1.000000000000000000e+03 7.631732732988893986e-04 5.672583356499671936e-02 2.057424426311627030e-04 1.934180618263781071e-04 3.060984890908002853e-03 6.874911487102508545e-04 6.471482664346694946e-02 1.484106760472059250e-04 5.956940731266513467e-05 3.747048089280724525e-03
1.500000000000000000e+03 4.281113215256482363e-04 6.656082719564437866e-02 4.083499079570174217e-04 1.809276000130921602e-04 3.421676810830831528e-03 3.568077518139034510e-04 6.423465907573699951e-02 1.658461114857345819e-04 1.705390459392219782e-04 3.930801060050725937e-03
2.000000000000000000e+03 4.176337970420718193e-04 6.559531390666961670e-02 5.406562704592943192e-04 2.387764106970280409e-04 2.504144329577684402e-03 3.417694242671132088e-04 6.392876803874969482e-02 2.092357754008844495e-04 2.312760043423622847e-04 2.992932451888918877e-03
2.500000000000000000e+03 2.359906065976247191e-04 7.731697708368301392e-02 7.192474440671503544e-04 5.943163996562361717e-04 1.882623997516930103e-03 1.907948171719908714e-04 6.310601532459259033e-02 4.095449403394013643e-04 5.164826288819313049e-04 2.265188610181212425e-03
3.000000000000000000e+03 1.659033005125820637e-04 7.101483643054962158e-02 1.411945442669093609e-03 1.981538953259587288e-03 1.400594599545001984e-03 1.110756275011226535e-04 5.956638604402542114e-02 8.666752837598323822e-04 1.022184616886079311e-03 1.745366957038640976e-03
3.500000000000000000e+03 1.768091577105224133e-03 1.313782762736082077e-02 2.074726944556459785e-04 2.109972527250647545e-03 1.397988991811871529e-03 8.076832164078950882e-04 8.380526676774024963e-03 3.599647316150367260e-04 8.251874707639217377e-03 1.535928575322031975e-03
4.000000000000000000e+03 4.220007976982742548e-04 9.613898000679910183e-04 8.111828356049954891e-05 1.882321230368688703e-04 2.039332641288638115e-03 1.498284254921600223e-04 7.691533537581562996e-04 5.217478610575199127e-05 1.368242810713127255e-04 1.775668584741652012e-03
4.500000000000000000e+03 1.771890529198572040e-04 5.256763543002307415e-04 1.332870015176013112e-04 3.355749504407867789e-05 1.846936531364917755e-03 6.234161264728754759e-05 1.014771871268749237e-03 1.232884096680209041e-04 9.058946307050064206e-05 1.316549372859299183e-03
5.000000000000000000e+03 1.333089167019352317e-04 4.169807361904531717e-04 1.134672420448623598e-04 2.536385181883815676e-05 1.499912817962467670e-03 4.001674096798524261e-05 8.581379661336541176e-04 1.335055858362466097e-04 7.353952969424426556e-05 9.569170069880783558e-04
5.500000000000000000e+03 8.553415682399645448e-05 3.204616368748247623e-04 4.823549534194171429e-05 1.209119363920763135e-05 9.764741407707333565e-04 2.904178836615756154e-05 4.298788844607770443e-04 8.479396637994796038e-05 9.280916128773242235e-05 6.522443727590143681e-04
6.000000000000000000e+03 6.193882290972396731e-05 2.789188001770526171e-04 3.487445792416110635e-05 8.420274753007106483e-06 7.502612425014376640e-04 2.223680348834022880e-05 3.875257389154285192e-04 4.409434768604114652e-05 7.887023821240290999e-05 4.429251712281256914e-04
6.500000000000000000e+03 6.117334851296618581e-05 2.799714275170117617e-04 2.614711775095202029e-05 8.821934898151084781e-06 7.389959646388888359e-04 1.676101237535476685e-05 3.653193707577884197e-04 3.651062070275656879e-05 7.214138167910277843e-05 2.854755439329892397e-04
7.000000000000000000e+03 4.793354673893190920e-05 2.304195513715967536e-04 2.503151881683152169e-05 6.482465778390178457e-06 6.058835424482822418e-04 1.239723314938601106e-05 2.895256329793483019e-04 3.353399733896367252e-05 6.347100861603394151e-05 1.804670027922838926e-04
7.500000000000000000e+03 1.692523983365390450e-05 1.705448084976524115e-04 1.441513904865132645e-05 7.948337042762432247e-06 3.657764755189418793e-04 9.034723007061984390e-06 3.137902822345495224e-04 1.515073654445586726e-05 2.896612750191707164e-05 1.153075500042177737e-04
8.000000000000000000e+03 1.366264314128784463e-05 1.318064460065215826e-04 6.723675596731482074e-06 5.271407644613645971e-06 2.900433901231735945e-04 6.274962288443930447e-06 2.540358109399676323e-04 5.237725872575538233e-06 1.915641769301146269e-05 6.576922896783798933e-05
8.500000000000000000e+03 2.356269578740466386e-05 9.262724051950499415e-05 5.085959401185391471e-06 3.310357442387612537e-06 3.566871746443212032e-04 3.979979283030843362e-06 2.419374795863404870e-04 3.460180096226395108e-06 2.285186019435059279e-05 3.991127960034646094e-05
9.000000000000000000e+03 2.066014167212415487e-05 7.172698678914457560e-05 3.370654212631052360e-06 3.828264198091346771e-06 3.227138658985495567e-04 2.719960548347444274e-06 2.059502876363694668e-04 5.601375505648320541e-06 2.138963645847979933e-05 2.232816768810153008e-05
9.500000000000000000e+03 1.461006468161940575e-05 6.100501559558324516e-05 4.128245564061217010e-06 6.025649781804531813e-06 2.022756088990718126e-04 2.116097221005475149e-06 1.031641077133826911e-04 6.228607162483967841e-06 1.271842120331712067e-05 1.435752164979930967e-05
1.000000000000000000e+04 1.609092032595071942e-05 4.626112058758735657e-05 3.541427759046200663e-06 4.242385784891666844e-06 1.766205241438001394e-04 1.641221160753048025e-06 8.054852514760568738e-05 5.274126124277245253e-06 2.888371682274737395e-06 1.040757433656835929e-05
1.050000000000000000e+04 1.819828867155592889e-05 4.510515282163396478e-05 1.891971464829111937e-06 5.414561655925353989e-06 2.673737762961536646e-04 1.257170879398472607e-06 9.353312634630128741e-05 2.141856157322763465e-06 3.218958454453968443e-06 1.343756321148248389e-05
1.100000000000000000e+04 2.384743493166752160e-05 4.022898428956978023e-05 1.282352286580135114e-06 4.494596396398264915e-06 2.384852850809693336e-04 1.129183601733529940e-06 8.666801295476034284e-05 9.788301440494251437e-07 2.493824695193325169e-06 1.383951530442573130e-05
1.150000000000000000e+04 1.770348899299278855e-05 3.042801290575880557e-05 5.784145287179853767e-07 2.739857336564455181e-06 9.329251042800024152e-05 1.185544533655047417e-06 4.934726530336774886e-05 9.669576002124813385e-07 2.266012870677514002e-06 1.025504934659693390e-05
1.200000000000000000e+04 1.626227094675414264e-05 2.653487354109529406e-05 5.523096433535101824e-07 2.462252723489655182e-06 9.031093213707208633e-05 1.206780666507256683e-06 4.267783151590265334e-05 1.033425746754801366e-06 1.735474711495044176e-06 9.819348633754998446e-06
1.250000000000000000e+04 2.162187047360930592e-05 1.989020165638066828e-05 8.636996540190011729e-07 2.557241032263846137e-06 1.512223971076309681e-04 1.016757323668571189e-06 4.036574318888597190e-05 9.881465530270361342e-07 2.931302333308849484e-06 1.446367878088494763e-05
1.300000000000000000e+04 2.266775118187069893e-05 1.937692832143511623e-05 5.961676947663363535e-07 2.495543412806000561e-06 1.378755405312404037e-04 9.938613629856263287e-07 3.777948950300924480e-05 9.403608487446035724e-07 3.717874278663657606e-06 1.438519393559545279e-05
1.350000000000000000e+04 1.638693720451556146e-05 2.974164453917182982e-05 3.625247870786552085e-07 1.324960180681955535e-06 5.961845818092115223e-05 1.145863961937720887e-06 4.280856592231430113e-05 1.864818273134005722e-06 1.605805891813361086e-06 3.995556653535459191e-06
1.400000000000000000e+04 1.510471338406205177e-05 2.575941471150144935e-05 3.555695400336844614e-07 1.048515514412429184e-06 5.972159488010220230e-05 1.045929366227937862e-06 4.201174306217581034e-05 2.678206556083750911e-06 1.274695250685908832e-06 3.473255446806433611e-06
1.450000000000000000e+04 3.060696690226905048e-05 2.716102062549907714e-05 1.188954229291994125e-06 2.192913825638242997e-06 2.097798133036121726e-04 8.932608466238889378e-07 3.902803655364550650e-05 1.845303700065414887e-06 2.448794703013845719e-06 9.404460797668434680e-06
1.500000000000000000e+04 3.198918420821428299e-05 2.536407555453479290e-05 8.005065410543465987e-07 2.266561068609007634e-06 1.979957305593416095e-04 1.111968344957858790e-06 3.147883762721903622e-05 2.832728114299243316e-06 2.795002274069702253e-06 9.594003131496720016e-06
1.550000000000000000e+04 2.180434057663660496e-05 1.733750650600995868e-05 8.862643312568252441e-07 1.145589749285136349e-06 9.902801684802398086e-05 9.214758165398961864e-07 5.445669739856384695e-05 3.158169192829518579e-06 1.453100594517309219e-06 5.906249043619027361e-06
1.600000000000000000e+04 2.054582364507950842e-05 1.630309998290613294e-05 8.437243650405434892e-07 1.217873659697943367e-06 9.629572741687297821e-05 8.667975066600774880e-07 7.890436972957104445e-05 3.409751570870866999e-06 1.645154839025053661e-06 5.063945991423679516e-06
1.650000000000000000e+04 2.960745950986165553e-05 2.843262700480408967e-05 7.268292279150045943e-07 1.763555019351770170e-06 1.367220102110877633e-04 1.040883830683014821e-06 3.514399577397853136e-05 2.922801513705053367e-06 2.056034190900390968e-06 7.123263912944821641e-06
1.700000000000000000e+04 3.216717595933005214e-05 2.723382567637600005e-05 8.140470413309230935e-07 1.582897652951942291e-06 1.284375612158328295e-04 1.005480726234964095e-06 3.356601155246607959e-05 2.455753701724461280e-06 2.426086211926303804e-06 6.624836260016309097e-06
1.750000000000000000e+04 2.799530739139299840e-05 2.171687447116710246e-05 8.262269943770661484e-07 1.150564230556483380e-06 1.227520260727033019e-04 8.899251611182990018e-07 6.371118797687813640e-05 1.809882860470679589e-06 1.894994056783616543e-06 4.421643097884953022e-06
1.800000000000000000e+04 2.674677853065077215e-05 2.048765600193291903e-05 6.972155119910894427e-07 9.834944876274676062e-07 1.201857594423927367e-04 8.546670642317621969e-07 6.550892430823296309e-05 2.504554686311166734e-06 1.505372665633331053e-06 4.349998107500141487e-06
1.850000000000000000e+04 3.745632056961767375e-05 2.984402817673981190e-05 1.171115059150906745e-06 1.914631411636946723e-06 2.178661379730328918e-04 7.151735417210147716e-07 6.413747905753552914e-05 1.135553020503721200e-06 1.786054099284228869e-06 8.040831744438037276e-06
1.900000000000000000e+04 3.685550836962647736e-05 3.099322202615439892e-05 9.655141184339299798e-07 1.638880007703846786e-06 2.100447018165141344e-04 8.264842108474113047e-07 6.964573549339547753e-05 1.016236865325481631e-06 1.715786311251576990e-06 7.715547326370142400e-06
1.950000000000000000e+04 2.682151352928485721e-05 2.005577880481723696e-05 3.957703995638439665e-07 2.209314743595314212e-06 4.981267193215899169e-05 1.237878905158140697e-06 7.370195817202329636e-05 1.488711177444201894e-06 3.761654852496576495e-06 3.087485993091831915e-06
2.000000000000000000e+04 2.333438897039741278e-05 1.792362854757811874e-05 3.896658995472535025e-07 1.541381834613275714e-06 5.081310519017279148e-05 9.496491770732973237e-07 6.917776045156642795e-05 2.433812142044189386e-06 4.542390797723783180e-06 2.977070607812493108e-06
2.050000000000000000e+04 2.079713522107340395e-05 1.507084016338922083e-05 2.818917153035727097e-07 9.905534170684404671e-07 8.332800643984228373e-05 5.684683515028154943e-07 5.479259925778023899e-05 7.726279704911576118e-07 1.345249643236456905e-06 5.351491381588857621e-06
2.100000000000000000e+04 2.084735569951590151e-05 1.559966767672449350e-05 2.247704316005183500e-07 8.951394079304009210e-07 7.762898894725367427e-05 5.107334573040134273e-07 5.763633453170768917e-05 5.533093485610152129e-07 1.344066163255774882e-06 5.192651769903022796e-06
2.150000000000000000e+04 1.957549284270498902e-05 2.260697692690882832e-05 4.394494794723868836e-07 1.314384235229226761e-06 1.743889733916148543e-04 4.171528189544915222e-07 4.720646393252536654e-05 1.546268322272226214e-06 5.775765657745068893e-06 4.516740773397032171e-06
2.200000000000000000e+04 1.988625081139616668e-05 2.219181624241173267e-05 3.757797628622938646e-07 1.142066707870981190e-06 1.684111339272931218e-04 3.143435662877891446e-07 4.666491076932288706e-05 1.417297994521504734e-06 4.524601990851806477e-06 4.454808276932453737e-06
2.250000000000000000e+04 1.998181323870085180e-05 1.730082294670864940e-05 5.761296506534563377e-07 1.101935254155250732e-06 9.326851431978866458e-05 3.287530887519096723e-07 4.473157605389133096e-05 1.485606588857990573e-07 1.061454327100364026e-06 3.787646619457518682e-06
2.300000000000000000e+04 1.751797572069335729e-05 1.604074714123271406e-05 3.917428728072991362e-07 8.254482395386730786e-07 9.347391460323706269e-05 2.714512561396986712e-07 3.697581996675580740e-05 1.863425040937727317e-07 1.547724536976602394e-06 4.143289970670593902e-06
2.350000000000000000e+04 2.620935447339434177e-05 1.337021694780560210e-05 2.255775370940682478e-07 3.331223297209362499e-07 5.795065590064041317e-05 2.836588066656986484e-07 3.404004382900893688e-05 8.723025075596524402e-07 3.302706545582623221e-06 4.695017196354456246e-06
2.400000000000000000e+04 2.548285374359693378e-05 1.387174961564596742e-05 1.736363941517993226e-07 2.501766118712112075e-07 5.490829789778217673e-05 2.688950928586564260e-07 3.439325519138947129e-05 1.557352106829057448e-06 4.045679816044867039e-06 4.725458893517497927e-06
2.450000000000000000e+04 1.643496580072678626e-05 1.596575384610332549e-05 2.874333802083128830e-07 4.048162907110963715e-07 6.673313328064978123e-05 2.135888905741012422e-07 6.543647032231092453e-05 5.158791509529692121e-07 1.250857621926115826e-06 2.721504415603703819e-06
2.500000000000000000e+04 1.588194390933495015e-05 1.517198052169987932e-05 2.150813855905653327e-07 3.332689857415971346e-07 6.588726682821288705e-05 1.928518003069257247e-07 6.475530972238630056e-05 4.895667871096520685e-07 9.982217079596011899e-07 2.706917484829318710e-06
2.550000000000000000e+04 2.236995351267978549e-05 1.232889462698949501e-05 1.187985844808281399e-06 1.406247406521288212e-06 5.190374577068723738e-05 1.816269872279008268e-07 8.150766370818018913e-05 1.619313536593836034e-07 2.388439270362141542e-06 4.546641321212518960e-06
2.600000000000000000e+04 2.144396603398490697e-05 1.198591598949860781e-05 7.580719625366327818e-07 8.774237585384980775e-07 4.932583760819397867e-05 1.962604159189140773e-07 7.398027810268104076e-05 4.029768092550511938e-07 2.116259793183417059e-06 4.557673491945024580e-06
2.650000000000000000e+04 1.976651947188656777e-05 1.760072700562886894e-05 1.331425067974123522e-07 2.008346200454980135e-07 9.595442679710686207e-05 1.799399740320950514e-07 3.853828093269839883e-05 7.373287189693655819e-07 1.321843456025817432e-06 4.854012331634294242e-06
2.700000000000000000e+04 1.973840880964417011e-05 1.682227957644499838e-05 9.242479848126095021e-08 1.703685796883291914e-07 9.163263894151896238e-05 1.709292831719722017e-07 3.850105713354423642e-05 5.648126943924580701e-07 1.074494434760708828e-06 4.330083811510121450e-06
2.750000000000000000e+04 2.137865340046118945e-05 1.625963341211900115e-05 2.016544300431633019e-07 6.040727384970523417e-07 6.132837006589397788e-05 1.680920860280821216e-07 4.515884938882663846e-05 2.150591882355001871e-07 1.986558345379307866e-06 2.621085286591551267e-06
2.800000000000000000e+04 1.979915577976498753e-05 1.554337359266355634e-05 1.925605914721018053e-07 3.042999594526918372e-07 5.926530866418033838e-05 1.465886754203893361e-07 4.303914465708658099e-05 1.311971402628842043e-07 2.361753786317422055e-06 2.780110207822872326e-06
2.850000000000000000e+04 1.824965329433325678e-05 1.695734863460529596e-05 6.409820230146578979e-08 3.444388028128742008e-07 1.473790325690060854e-04 1.455422165008712909e-07 2.938215402537025511e-05 7.393948919798276620e-08 3.327078957227058709e-06 4.375776825327193365e-06
2.900000000000000000e+04 1.858908581198193133e-05 1.768374204402789474e-05 4.328337865899811732e-08 2.409592525509651750e-07 1.428533141734078526e-04 1.315829933901113691e-07 3.029005711141508073e-05 1.698056024679317488e-07 3.132158099106163718e-06 4.495281700656050816e-06
2.950000000000000000e+04 1.136608989327214658e-05 1.861348027887288481e-05 2.100923950365540804e-07 1.023040681502607185e-06 4.847213131142780185e-05 1.121017874083918286e-07 5.089524711365811527e-05 8.791978984845627565e-07 5.763577064499258995e-06 1.961794851013110019e-06
3.000000000000000000e+04 1.051311573974089697e-05 1.694998718448914587e-05 1.942376854913163697e-07 5.365927222555910703e-07 4.829167301068082452e-05 1.077818865269364323e-07 4.895517486147582531e-05 4.466569976102618966e-07 6.660699000349268317e-06 1.905583076222683303e-06
3.050000000000000000e+04 1.621196315682027489e-05 1.620333750906866044e-05 1.569111134358536219e-07 3.455125181517360033e-07 8.743515354581177235e-05 1.461175997974351048e-07 3.446815389906987548e-05 3.868248938942997484e-07 4.796629582415334880e-06 2.938125135187874548e-06
3.100000000000000000e+04 1.555000926600769162e-05 1.576639442646410316e-05 1.479738642728989362e-07 3.335466374210227514e-07 8.477251685690134764e-05 1.299798526588347158e-07 3.457560160313732922e-05 1.179928176497924142e-06 3.291263055871240795e-06 3.000858669111039490e-06
3.150000000000000000e+04 1.094372510124230757e-05 9.895135008264333010e-06 3.426023909014475066e-08 2.917118706591281807e-07 6.631090946029871702e-05 1.064851531396016071e-07 3.134467988274991512e-05 1.008074264063907322e-06 8.184455509763211012e-06 3.612391310525708832e-06
3.200000000000000000e+04 1.050010905601084232e-05 9.595197298040147871e-06 2.664240561500719195e-08 2.586958203210087959e-07 6.533692794619128108e-05 9.785985355392767815e-08 2.841577770595904440e-05 7.386008178400516044e-07 8.193184839910827577e-06 3.759699211514089257e-06
3.250000000000000000e+04 8.911658369470387697e-06 1.276912462344625965e-05 1.232342356161097996e-06 4.324751614603883354e-07 5.760774729424156249e-05 8.721942634792867466e-08 2.948282963188830763e-05 1.990506603988251300e-07 4.009583847164321924e-07 1.560726218485797290e-06
3.300000000000000000e+04 8.158716809703037143e-06 1.115290433517657220e-05 9.096756912185810506e-07 2.852877685199928237e-07 5.749303454649634659e-05 8.975622023399409954e-08 2.843124457285739481e-05 1.285395967443037080e-07 2.749987686456734082e-07 1.501713995821774006e-06
3.350000000000000000e+04 1.374355178995756432e-05 1.076420085155405104e-05 1.115674521656728757e-07 3.376021027179376688e-07 6.872598896734416485e-05 1.195761143435447593e-07 2.759706512733828276e-05 1.243239040604748880e-07 6.376683927555859555e-07 2.994848955495399423e-06
3.400000000000000000e+04 1.263086232938803732e-05 1.089496618078555912e-05 8.550463803658203688e-08 2.278690089951851405e-07 6.541782931890338659e-05 1.183468469889703556e-07 3.100260073551908135e-05 1.139440684028159012e-07 5.631662247651547659e-07 3.043238848476903513e-06
3.450000000000000000e+04 1.235861327586462721e-05 1.095450897992122918e-05 7.480237229628983187e-08 4.681687926222366514e-07 5.575000977842137218e-05 1.134026064164572745e-07 3.726970680872909725e-05 1.012867016925156349e-07 1.073005705620744266e-06 3.245476591473561712e-06
3.500000000000000000e+04 1.158253962785238400e-05 1.216950022353557870e-05 6.848866007658216404e-08 3.474201832887047203e-07 5.409247387433424592e-05 1.192873924082960002e-07 3.694817496580071747e-05 1.107334668404291733e-07 1.156690132120274939e-06 3.914144144800957292e-06
3.550000000000000000e+04 1.446681744710076600e-05 9.446778676647227257e-06 1.532972930817777524e-07 2.440528987790457904e-07 5.584235987043939531e-05 1.010907553222750721e-07 2.514724837965331972e-05 2.606908253710571444e-07 9.512226029073644895e-07 5.656178473145700991e-06
3.600000000000000000e+04 1.440314736100845039e-05 9.376878551847767085e-06 1.336979948973748833e-07 1.518754828566670767e-07 5.261633850750513375e-05 9.008950740962973214e-08 2.626474997668992728e-05 3.206112353382195579e-07 8.677262712808442302e-07 5.630267423839541152e-06
3.650000000000000000e+04 1.658886503719259053e-05 1.247653563041239977e-05 2.320532388466745033e-07 8.758218683624363621e-08 8.397846977459266782e-05 9.024247304978416651e-08 2.108503213094081730e-05 2.670576861873996677e-07 3.340191483403032180e-07 6.445238796004559845e-06
3.700000000000000000e+04 1.612557207408826798e-05 1.219690784637350589e-05 2.174062814219723805e-07 9.090373254139194614e-08 8.079910185188055038e-05 8.616580515763416770e-08 2.057072379102464765e-05 2.642682375153526664e-07 3.963477013257943327e-07 6.939488685020478442e-06
3.750000000000000000e+04 1.371506641589803621e-05 1.412926485500065610e-05 1.464612751078675501e-07 5.646154477290110663e-07 9.249103459296748042e-05 9.824452718021348119e-08 3.276205825386568904e-05 2.106995538042610860e-07 2.539110710131353699e-06 1.749775947246234864e-06
3.800000000000000000e+04 1.264724778593517840e-05 1.337977573712123558e-05 1.239949369846726768e-07 5.137036396263283677e-07 9.001042781164869666e-05 8.476578727822925430e-08 2.875122481782454997e-05 2.049149685490192496e-07 3.217577386749326251e-06 1.575647843310434837e-06
3.850000000000000000e+04 1.011102176562417299e-05 1.235446870850864798e-05 2.148856452777181403e-07 2.411366324395203264e-07 6.420863064704462886e-05 8.916148175330818049e-08 2.941464663308579475e-05 8.801725215334954555e-08 9.077074878405255731e-07 2.155064748876611702e-06
3.900000000000000000e+04 9.467777999816462398e-06 1.305487876379629597e-05 1.934471356435096823e-07 1.900374542174176895e-07 6.155307346489280462e-05 8.742615165147071821e-08 2.953863440779969096e-05 1.250124199714264250e-07 7.550337954853603151e-07 2.398913693468784913e-06
3.950000000000000000e+04 1.215725023939739913e-05 1.117842475650832057e-05 1.151514013031373906e-07 1.116520024879719131e-06 4.500345676206052303e-05 7.132106105700586340e-08 2.571171353338286281e-05 5.447767534860759042e-07 1.197469146063667722e-06 1.921047442010603845e-06
4.000000000000000000e+04 1.206368597195250914e-05 1.011752374324714765e-05 1.058327967484729015e-07 6.868126547487918288e-07 4.241185888531617820e-05 7.032874549395273789e-08 2.312443211849313229e-05 4.026539102142123738e-07 8.208324402403377462e-07 1.781952391866070684e-06
4.050000000000000000e+04 1.335080924036446959e-05 1.211368362419307232e-05 4.584308612720633391e-07 1.103330419027770404e-06 1.427290408173575997e-04 8.089160985491616884e-08 1.673801853030454367e-05 1.761865604521517525e-07 8.040863690439437050e-07 3.708879830810474232e-06
4.100000000000000000e+04 1.274342957913177088e-05 1.196792436530813575e-05 3.703594586568215163e-07 8.399833859584759921e-07 1.399494794895872474e-04 8.203913637316873064e-08 1.565244383527897298e-05 2.019690441557031590e-07 5.405722163231985178e-07 3.811393526120809838e-06
4.150000000000000000e+04 6.469203981396276504e-06 1.018644070427399129e-05 1.313823645432421472e-07 2.658967730440053856e-07 8.974177035270258784e-05 7.682335478875756962e-08 1.268100459128618240e-05 4.485033144874250866e-08 2.253793809359194711e-07 3.302688128314912319e-06
4.200000000000000000e+04 6.493376076832646504e-06 1.036851881508482620e-05 7.137165169979198254e-08 2.158409557750928798e-07 8.728457760298624635e-05 6.718397571603418328e-08 1.234436786035075784e-05 4.711111856181560142e-08 2.657956486018520081e-07 3.403190476092277095e-06
4.250000000000000000e+04 1.243469250766793266e-05 6.195974492584355175e-06 3.033242279570913524e-08 1.749445317500430974e-07 5.591899025603197515e-05 6.831407262097854982e-08 1.703411726339254528e-05 7.615214059342179098e-08 7.879844474700803403e-07 2.242650907646748237e-06
4.300000000000000000e+04 1.184171560453251004e-05 5.665765456797089428e-06 3.466717757305559644e-08 1.243234208914145711e-07 5.525734013644978404e-05 7.221236586474333308e-08 1.687864460109267384e-05 9.972026049354099086e-08 1.044419946083507966e-06 2.122841124219121411e-06
4.350000000000000000e+04 1.556513961986638606e-05 9.321753168478608131e-06 2.164173906749056187e-07 3.681175542169512482e-07 8.349526615347713232e-05 6.794155638090160210e-08 1.704026908555533737e-05 2.120296045404757024e-07 4.208604593713971553e-07 1.254480253010115121e-06
4.400000000000000000e+04 1.277528190257726237e-05 8.310776138387154788e-06 1.932145892169501167e-07 3.567516557723138249e-07 8.248138328781351447e-05 6.822816800422515371e-08 1.508704281150130555e-05 1.578832780069205910e-07 3.308680334157543257e-07 1.431066039003781043e-06
4.450000000000000000e+04 1.154772326117381454e-05 7.372688742179889232e-06 1.776585776269712369e-07 3.451899601714103483e-07 5.076662273495458066e-05 9.215071372636884917e-08 1.101900488720275462e-05 2.961107270493812393e-07 7.169447826527175494e-07 1.430427005288947839e-06
4.500000000000000000e+04 1.114069254981586710e-05 6.855138053651899099e-06 2.006501347295852611e-07 3.448744223533140030e-07 4.389836612972430885e-05 9.784395160750136711e-08 1.139953110396163538e-05 4.096798420505365357e-07 6.971191623961203732e-07 1.344269549008458853e-06
4.550000000000000000e+04 1.855129448813386261e-05 1.241817972186254337e-05 3.278854023847088683e-07 1.890212786292977398e-07 9.872519149212166667e-05 1.753377034674485913e-07 1.201728537125745788e-05 5.465643653224105947e-07 8.438441909675020725e-07 2.473215772624826059e-06
4.600000000000000000e+04 1.688823795120697469e-05 1.125823655456770211e-05 3.412699811633501668e-07 1.754199843162496109e-07 9.672693704487755895e-05 1.183074473942724580e-07 1.128425265051191673e-05 3.916251216651289724e-07 4.210212978250638116e-07 2.422588750050636008e-06
4.650000000000000000e+04 9.762215995579026639e-06 6.732405836373800412e-06 4.119490029097505612e-07 3.118460085715923924e-07 3.868705971399322152e-05 7.453537875790061662e-08 9.246408808394335210e-06 3.206350527307222364e-07 7.584465038235066459e-07 1.410546246916055679e-06
4.700000000000000000e+04 9.521785614197142422e-06 6.553735147463157773e-06 2.724434864376235055e-07 2.925743842752126511e-07 3.291440589237026870e-05 7.120700473706165212e-08 9.553038580634165555e-06 5.455075893223693129e-07 9.550750519338180311e-07 1.296191385335987434e-06
4.750000000000000000e+04 7.351926797127816826e-06 2.793791963995317928e-06 2.783462491606769618e-07 2.089558392981416546e-07 9.392510037287138402e-06 9.209627194195491029e-08 9.687053534435108304e-06 4.025270072816056199e-07 1.889912596197973471e-06 2.788823849186883308e-06
4.800000000000000000e+04 6.417048098228406161e-06 2.523690000089118257e-06 2.084612020780696184e-07 1.601409991280888789e-07 8.499527211824897677e-06 9.162693714870329131e-08 1.108920514525379986e-05 2.710007720452267677e-07 2.908542001023306511e-06 3.180628709742450155e-06
4.850000000000000000e+04 4.597688985086278990e-06 3.801744242082349956e-06 1.115471945922763553e-07 3.266174246618902544e-07 8.373513082915451378e-06 6.866172697073125164e-08 1.763284308253787458e-05 3.532970538344670786e-07 2.506133967017376563e-07 2.259514303659670986e-06
4.900000000000000000e+04 4.084068223164649680e-06 3.301859123894246295e-06 7.349952113600011216e-08 1.921297041462821653e-07 7.451723831763956696e-06 7.258039147473027697e-08 1.548438376630656421e-05 2.173528343973885057e-07 3.922226028407749254e-07 2.189783572248416021e-06
4.950000000000000000e+04 1.082086873793741688e-05 5.068127393315080553e-06 1.039832895344261487e-07 2.826488980645081028e-07 2.543826667533721775e-05 8.157479669534950517e-08 5.155573035153793171e-06 1.902919848362216726e-07 9.360093713439709973e-07 1.013777909975033253e-05
5.000000000000000000e+04 9.640949429012835026e-06 6.801790277677355334e-06 1.208076270131641650e-07 2.072256819474205258e-07 2.347526606172323227e-05 7.946956515070269234e-08 5.585315648204414174e-06 2.956662115138897207e-07 1.325745529356936458e-06 1.312693166255485266e-05
5.050000000000000000e+04 1.884075754787772894e-05 1.248614171345252544e-05 1.388762029819190502e-07 3.748476160581049044e-07 1.054484018823131919e-04 9.936062639326337376e-08 1.892134787340182811e-05 3.670846808745409362e-07 2.541830326663330197e-06 2.941247657872736454e-06
5.100000000000000000e+04 1.654433617659378797e-05 1.113180042011663318e-05 2.016778495317339548e-07 3.056790944810927613e-07 1.041357827489264309e-04 9.163622394225967582e-08 1.738245373417157680e-05 4.113276190764736384e-07 2.966650754387956113e-06 3.251288717365241610e-06
5.150000000000000000e+04 1.108614287659293041e-05 4.400927537062671036e-06 6.566018129205986043e-08 1.987671822689662804e-07 3.318302697152830660e-05 7.837071791527705500e-08 5.147375759406713769e-06 1.860568374922877410e-07 7.129137884476222098e-07 3.287887921032961458e-06
5.200000000000000000e+04 1.090583282348234206e-05 3.981387180829187855e-06 4.077795168200282205e-08 1.635877424632781185e-07 2.811594458762556314e-05 7.391124512423630222e-08 6.185152869875309989e-06 1.808787146728718653e-07 6.720352416778041515e-07 2.517772827559383586e-06
5.250000000000000000e+04 1.003940269583836198e-05 3.523510713421273977e-06 3.967739701238315320e-07 1.455870943800618988e-07 2.468007369316183031e-05 9.256351063413603697e-08 9.376763955515343696e-06 4.440755674295360222e-06 2.057170718217093963e-07 1.325781454397656489e-06
5.300000000000000000e+04 9.411425708094611764e-06 3.649467089417157695e-06 3.152026408770325361e-07 1.143581798146442452e-07 2.080282501992769539e-05 9.959936875247876742e-08 1.138440620707115158e-05 6.220308478077640757e-06 1.564639120488209301e-07 1.339518234999559354e-06
5.350000000000000000e+04 5.882272944290889427e-06 4.329226158006349578e-06 2.362810676004301058e-07 3.929892500309506431e-07 5.032380795455537736e-05 8.290829356383255799e-08 1.267120569536928087e-05 2.377114611817887635e-07 3.097144372077309527e-07 1.150344132838654332e-06
5.400000000000000000e+04 4.985842224414227530e-06 3.944826403312617913e-06 2.490525616849481594e-07 2.760468760243384168e-07 4.871475539403036237e-05 8.455882039015705232e-08 1.071955466613871977e-05 3.752605550744192442e-07 2.520807811379199848e-07 1.232477416124311276e-06
5.450000000000000000e+04 9.981043149309698492e-06 6.957660843909252435e-06 4.507598134750878671e-07 1.701971541478997096e-07 5.655076893162913620e-05 7.659140521809604252e-08 1.019573301164200529e-05 8.275837899418547750e-07 2.122359177292310051e-07 4.759260264108888805e-06
5.500000000000000000e+04 1.010779669741168618e-05 7.621275926794623956e-06 1.541187089060258586e-07 1.303589129975080141e-07 5.208270886214450002e-05 7.438651294933151803e-08 1.024464290821924806e-05 6.941677952454483602e-07 2.720574059367208974e-07 7.078951057337690145e-06
5.550000000000000000e+04 1.174789031210821122e-05 4.836302196054020897e-06 1.556116160372766899e-07 3.143483127132640220e-07 3.110469333478249609e-05 5.467069996711870772e-08 5.671188318956410512e-06 2.073319222972713760e-07 2.164713777119686711e-07 4.115051524422597140e-06
5.600000000000000000e+04 1.044983582687564194e-05 3.800270633291802369e-06 1.051653910622007970e-07 2.126795095591660356e-07 2.780426984827499837e-05 5.296983474067928910e-08 4.282837835489772260e-06 1.720086260093012243e-07 1.604200008387124399e-07 3.668905492304475047e-06
5.650000000000000000e+04 7.417503184115048498e-06 2.459217739669838920e-06 1.552561030848664814e-07 6.726308043880635523e-08 6.817137091275071725e-06 6.395288920657549170e-08 5.806951776321511716e-06 4.254023053817945765e-07 1.084647678339933918e-07 1.145218448073137552e-06
5.700000000000000000e+04 6.628252776863519102e-06 1.992694024011143483e-06 1.287334043809096329e-07 7.243318123073549941e-08 6.984981155255809426e-06 7.048048189517430728e-08 6.229488008102634922e-06 4.285283239369164221e-07 1.031418648267390381e-07 8.093964538602449466e-07
5.750000000000000000e+04 8.388965397898573428e-06 4.000571152573684230e-06 1.727581491195451235e-07 1.489908214580282220e-07 3.038547220057807863e-05 9.371664333457374596e-08 1.797138247638940811e-05 3.527279943682515295e-07 2.934089593509270344e-07 6.238349214982008561e-07
5.800000000000000000e+04 5.634272383758798242e-06 3.159777634209604003e-06 1.737653576583397808e-07 1.134783715883713739e-07 2.849859447451308370e-05 1.127282160950926482e-07 2.287565985170658678e-05 3.082120088038209360e-07 4.187987201476062182e-07 5.685062092197767925e-07
5.850000000000000000e+04 8.069024261203594506e-06 4.851526682614348829e-06 2.451997715979814529e-07 7.874751872805063613e-08 4.426703890203498304e-05 1.271157827886781888e-07 7.667957106605172157e-06 4.058611295931768836e-07 4.345984336850960972e-07 1.852445507211086806e-06
5.900000000000000000e+04 7.907817234809044749e-06 6.560340352734783664e-06 2.103178076140466146e-07 9.142490853264462203e-08 3.431170262047089636e-05 1.311511113044616650e-07 8.982271538116037846e-06 4.655537679809640395e-07 5.185106601857114583e-07 2.460493533362750895e-06
