# step, loss_train, loss_test, metrics_test
0.000000000000000000e+00 1.869509555399417877e-02 1.057288795709609985e-01 9.785422123968601227e-03 5.474459379911422729e-03 2.194210886955261230e-02 1.894290372729301453e-02 1.476767063140869141e-01 8.713814429938793182e-03 6.591846700757741928e-03 2.238054387271404266e-02
5.000000000000000000e+02 5.152782541699707508e-04 5.784665793180465698e-02 3.150674820062704384e-05 8.117246034089475870e-05 4.037377424538135529e-03 5.194533732719719410e-04 6.579682976007461548e-02 5.147617230250034481e-06 6.508178921649232507e-05 4.717443138360977173e-03
1.000000000000000000e+03 9.186414536088705063e-04 5.735469982028007507e-02 3.900794035871513188e-05 1.144776106229983270e-04 2.841837471351027489e-03 8.640807936899363995e-04 6.516845524311065674e-02 9.345338185084983706e-06 5.851972673553973436e-05 3.515881951898336411e-03
1.500000000000000000e+03 1.775440614437684417e-04 6.729055196046829224e-02 9.531382966088131070e-05 9.060499724000692368e-05 3.375771688297390938e-03 1.633962383493781090e-04 6.475427746772766113e-02 7.049275154713541269e-05 1.365770822303602472e-05 3.859379328787326813e-03
2.000000000000000000e+03 8.150662324624136090e-05 6.676767021417617798e-02 1.386982912663370371e-04 1.523676910437643528e-04 2.904199995100498199e-03 6.492537795566022396e-05 6.430742144584655762e-02 1.189109752885997295e-04 2.145200596714857966e-05 3.376171691343188286e-03
2.500000000000000000e+03 6.841229333076626062e-05 7.856560498476028442e-02 2.929791808128356934e-04 5.895501817576587200e-04 1.823383965529501438e-03 3.983640635851770639e-05 6.343050301074981689e-02 1.688076299615204334e-04 1.499490608694031835e-04 2.191654639318585396e-03
3.000000000000000000e+03 5.065257428213953972e-04 4.222485423088073730e-02 1.278451993130147457e-03 1.621776842512190342e-03 2.787671517580747604e-03 3.239630314055830240e-04 2.867220342159271240e-02 1.861991942860186100e-03 4.867938812822103500e-03 2.853181213140487671e-03
3.500000000000000000e+03 3.003554593306034803e-04 2.126821316778659821e-03 8.358640479855239391e-05 4.452401481103152037e-04 2.746765967458486557e-03 1.333521213382482529e-04 2.466164762154221535e-03 1.016330716083757579e-04 2.858797088265419006e-04 2.455868059769272804e-03
4.000000000000000000e+03 1.643641589907929301e-04 8.916176739148795605e-04 2.954108822450507432e-05 9.090120875043794513e-05 2.076743403449654579e-03 7.158365770010277629e-05 7.635244983248412609e-04 1.862663339124992490e-05 6.025411130394786596e-05 1.753336167894303799e-03
4.500000000000000000e+03 9.683521784609183669e-05 7.140528759919106960e-04 3.951953840442001820e-05 8.585720206610858440e-05 1.917571527883410454e-03 4.037005783175118268e-05 5.730370176024734974e-04 4.216785964672453701e-05 7.702742732362821698e-05 1.345534925349056721e-03
5.000000000000000000e+03 6.094023774494417012e-05 4.862995119765400887e-04 3.645212564151734114e-05 6.056681013433262706e-05 1.572406385093927383e-03 2.132992995029781014e-05 4.041084903292357922e-04 5.554159724852070212e-05 8.223176700994372368e-05 9.912283858284354210e-04
5.500000000000000000e+03 3.351497798576019704e-05 3.076180291827768087e-04 4.324844121583737433e-05 3.537357406457886100e-05 1.030354993417859077e-03 1.321837953582871705e-05 2.341455256100744009e-04 3.744698187801986933e-05 6.434277020161971450e-05 6.756651564501225948e-04
6.000000000000000000e+03 2.366660737607162446e-05 1.945948315551504493e-04 2.750829480646643788e-05 2.399128970864694566e-05 7.513589807786047459e-04 1.053937921824399382e-05 1.478508347645401955e-04 2.979766031785402447e-05 5.488337046699598432e-05 4.214952059555798769e-04
6.500000000000000000e+03 1.830006476666312665e-05 1.236971293110400438e-04 2.130327811755705625e-05 9.191289791488088667e-06 7.239670958369970322e-04 9.422915354662109166e-06 9.114119166042655706e-05 2.784139724099077284e-05 6.281493551796302199e-05 2.552870137151330709e-04
7.000000000000000000e+03 1.568956577102653682e-05 7.977972563821822405e-05 1.168263588624540716e-05 9.068340659723617136e-06 5.890216561965644360e-04 6.925492471054894850e-06 6.154390575829893351e-05 1.378938486595870927e-05 5.902838529436849058e-05 1.564928825246170163e-04
7.500000000000000000e+03 8.825242730381432921e-06 4.740286749438382685e-05 1.037805122905410826e-05 9.851095455815084279e-06 3.539273166097700596e-04 4.855189672525739297e-06 5.832342503708787262e-05 6.174448117235442623e-06 2.989444692502729595e-05 1.111904493882320821e-04
8.000000000000000000e+03 6.398479854397010058e-06 3.174391167704015970e-05 8.782217264524661005e-06 6.682536422886187211e-06 2.953679068014025688e-04 3.250461304560303688e-06 4.378720041131600738e-05 8.715242074686102569e-06 1.734794386720750481e-05 7.313706737477332354e-05
8.500000000000000000e+03 6.800185019528726116e-06 2.217534347437322140e-05 5.455297923617763445e-06 4.850620371144032106e-06 3.698614891618490219e-04 2.276163286296650767e-06 4.980298035661689937e-05 9.316372597822919488e-06 6.938878868822939694e-06 4.831231854041106999e-05
9.000000000000000000e+03 6.494793524325359613e-06 1.854576112236827612e-05 4.638002337742364034e-06 2.182777961934334598e-06 3.368488105479627848e-04 1.708833451630198397e-06 5.507894456968642771e-05 7.663628821319434792e-06 1.373370105284266174e-05 3.102529444731771946e-05
9.500000000000000000e+03 5.212147698330227286e-06 1.769783193594776094e-05 3.387903916518553160e-06 2.027067694143624976e-06 2.267641248181462288e-04 1.684862695583433378e-06 2.260477776871994138e-05 3.741565024029114284e-06 1.185232122224988416e-05 2.295116792083717883e-05
1.000000000000000000e+04 5.859960765519645065e-06 1.472353960707550868e-05 2.300984988323762082e-06 1.329560859630873892e-06 2.039060927927494049e-04 1.394066089233092498e-06 1.882602919067721814e-05 2.429884943921933882e-06 1.088701719709206372e-05 1.735705154715105891e-05
1.050000000000000000e+04 1.067793982656439766e-05 1.771879396983422339e-05 3.049794941034633666e-06 1.298551069339737296e-06 3.158061590511351824e-04 1.007391119856038131e-06 1.160181182058295235e-05 2.031666554103139788e-06 3.621945779741508886e-06 1.681364119576755911e-05
1.100000000000000000e+04 1.368468656437471509e-05 1.555711423861794174e-05 2.508893658159649931e-06 8.079560984697309323e-07 2.861169923562556505e-04 8.076817152868898120e-07 9.755142855283338577e-06 2.241066567876259796e-06 3.957463832193752751e-06 1.567458821227774024e-05
1.150000000000000000e+04 1.099501878343289718e-05 6.942118943698005751e-06 6.418699740606825799e-07 1.683512067529591150e-07 1.078302520909346640e-04 7.784277613609447144e-07 7.767115675960667431e-06 1.288360408580047078e-06 7.917031325632706285e-06 1.069515474227955565e-05
1.200000000000000000e+04 1.085132316802628338e-05 6.349902378133265302e-06 4.960253932040359359e-07 1.231746580288017867e-07 1.033951048157177866e-04 7.271512458828510717e-07 7.310572073038201779e-06 9.636316917749354616e-07 8.179132237273734063e-06 9.474356374994385988e-06
1.250000000000000000e+04 1.352818344457773492e-05 8.834495929477270693e-06 2.603784707844170043e-07 5.307162496137607377e-07 1.826837542466819286e-04 5.696738867300155107e-07 5.511944436875637621e-06 1.005822355182317551e-06 1.250770083061070181e-06 1.462004820496076718e-05
1.300000000000000000e+04 1.627797428227495402e-05 9.047970706888008863e-06 1.951792256704720785e-07 4.052476469951216131e-07 1.691533834673464298e-04 5.452139930639532395e-07 6.589067652384983376e-06 9.225119015354721341e-07 9.262208209293021355e-07 1.430140946467872709e-05
1.350000000000000000e+04 1.418747251591412351e-05 8.266786608146503568e-06 1.444242059278622037e-07 2.155058353991989861e-07 6.945023778825998306e-05 6.942613026694743894e-07 7.875138180679641664e-06 2.666628915903856978e-06 1.164088189398171380e-06 6.255915650399401784e-06
1.400000000000000000e+04 1.388079181197099388e-05 4.444445949047803879e-06 5.619122589450853411e-08 8.452188637875224231e-08 6.654444587184116244e-05 5.605016895060543902e-07 6.427117568819085136e-06 4.023038854938931763e-06 1.465103309783444274e-06 5.087851150165079162e-06
1.450000000000000000e+04 2.141721597581636161e-05 8.606681149103678763e-06 1.075159303809414268e-07 1.967235476740825106e-07 2.308263356098905206e-04 4.393581036765681347e-07 6.725726052536629140e-06 1.966534910025075078e-06 1.192800596072629560e-06 1.092678212444297969e-05
1.500000000000000000e+04 2.457058326399419457e-05 8.539424015907570720e-06 8.364131787175210775e-08 1.569693210967670893e-07 2.169319486711174250e-04 3.994550183961109724e-07 5.937961304880445823e-06 1.715391931611520704e-06 1.255370875696826261e-06 1.022790274873841554e-05
1.550000000000000000e+04 1.454646462661912665e-05 6.891254088259302080e-06 8.391777441829617601e-07 2.746546385878900765e-07 1.104478069464676082e-04 3.339165459692594595e-07 1.530911686131730676e-05 1.318436034125625156e-06 7.900484888523351401e-07 5.845067789778113365e-06
1.600000000000000000e+04 1.378704018861753866e-05 1.166756192105822265e-05 3.406768769309564959e-07 1.468057689635315910e-06 1.093440732802264392e-04 2.942455523680109764e-07 2.903778840845916420e-05 9.905620572681073099e-07 4.653136329579865560e-07 6.658711754425894469e-06
1.650000000000000000e+04 2.698450043681077659e-05 6.691720500384690240e-06 2.983549620694248006e-07 4.248822165209276136e-07 1.549830776639282703e-04 2.515222661259031156e-07 5.873660484212450683e-06 9.258026807401620317e-07 4.020500909973634407e-07 5.811161372548667714e-06
1.700000000000000000e+04 2.926769593614153564e-05 6.777164344384800643e-06 2.043442464128020220e-07 2.421615761249995558e-07 1.453362929169088602e-04 2.412867274870222900e-07 7.097526577126700431e-06 5.269982352729130071e-07 3.007198188242909964e-07 5.331613010639557615e-06
1.750000000000000000e+04 2.417786708974745125e-05 6.306675913947401568e-06 1.091648726969651761e-07 1.456567559898758191e-07 1.331124367425218225e-04 2.558373068950459128e-07 1.590494866832159460e-05 6.377705972226976883e-07 4.346612456629372900e-07 4.813653958990471438e-06
1.800000000000000000e+04 2.369499634369276464e-05 1.137220715463627130e-05 2.817990605308295926e-07 1.958419346692608087e-07 1.279539137613028288e-04 3.231260734537499957e-07 1.633374995435588062e-05 5.887959559913724661e-07 8.490152936246886384e-07 5.074155978945782408e-06
1.850000000000000000e+04 3.203472078894264996e-05 1.267681818717392161e-05 2.244084100766485790e-07 5.291990419209469110e-07 2.340220526093617082e-04 3.381835824711743044e-07 2.652311923156958073e-05 1.445784732823085506e-06 4.598332736804877641e-07 7.072454536682926118e-06
1.900000000000000000e+04 3.091854523518122733e-05 1.179035643872339278e-05 3.036404336853593122e-07 5.416547423919837456e-07 2.236342552350834012e-04 3.456885337982384954e-07 3.049106817343272269e-05 2.555616902100155130e-06 6.915756216585577931e-07 6.623869012400973588e-06
1.950000000000000000e+04 2.151248190784826875e-05 7.452280897268792614e-06 1.680929813119291794e-07 2.695966827559459489e-07 4.535792322712950408e-05 3.579167469069943763e-07 2.044341090368106961e-05 8.046141601880663075e-07 7.855207968532340601e-07 2.852405259545776062e-06
2.000000000000000000e+04 1.901618998090270907e-05 6.615721304115140811e-06 9.938437983691983391e-08 2.529498885905923089e-07 4.577144500217400491e-05 4.729721467811032198e-07 1.779261765477713197e-05 8.697060707163473126e-07 1.015907287182926666e-06 2.502042434571194462e-06
2.050000000000000000e+04 2.145114558516070247e-05 5.512191819434519857e-06 9.605514605937059969e-08 2.719202711887191981e-07 8.664878987474367023e-05 6.080557000132102985e-07 1.548738327983301133e-05 4.627259784228954231e-07 5.201984549785265699e-07 3.422393547225510702e-06
2.100000000000000000e+04 2.131850851583294570e-05 6.445951385103398934e-06 9.686178970014225342e-08 2.339663609518538578e-07 8.290750702144578099e-05 5.586468319052073639e-07 1.595242792973294854e-05 4.635034542843641248e-07 4.993411266696057282e-07 3.416147819734760560e-06
2.150000000000000000e+04 1.764542321325279772e-05 9.155633051705081016e-06 3.342671845985023538e-07 1.627722383545915363e-07 1.882903743535280228e-04 5.734813157687312923e-07 1.727565359033178538e-05 1.006247885015909560e-06 2.126798108292859979e-06 4.245220679877093062e-06
2.200000000000000000e+04 1.734638863126747310e-05 9.312985639553517103e-06 2.654958279890706763e-07 9.538773326767113758e-08 1.835011789808049798e-04 5.245678948995191604e-07 1.783920197340194136e-05 1.011737595035810955e-06 1.826481366151710972e-06 4.430723492987453938e-06
2.250000000000000000e+04 1.918057569127995521e-05 6.153736649139318615e-06 3.526142222654016223e-07 3.153629961616388755e-07 9.986566146835684776e-05 4.558646935493015917e-07 1.469978178647579625e-05 2.967414047816419043e-06 6.132298040029127151e-06 2.329981271032011136e-06
2.300000000000000000e+04 1.737331695039756596e-05 5.731464170821709558e-06 3.146390668007370550e-07 2.461725898683653213e-07 9.966429934138432145e-05 4.552783821054617874e-07 1.294118828809587285e-05 3.100420144619420171e-06 5.819397301820572466e-06 2.201074494223576039e-06
2.350000000000000000e+04 2.200493327109143138e-05 5.441835583042120561e-06 8.698921760696975980e-08 1.283582093947188696e-07 5.689499448635615408e-05 5.288051170282415114e-07 1.096624419005820528e-05 4.967696440871804953e-07 3.856624061882030219e-06 3.047587370019755326e-06
2.400000000000000000e+04 2.127543302776757628e-05 5.157856776349944994e-06 8.883878876986273099e-08 1.133756626359172515e-07 5.432415127870626748e-05 5.972057124381535687e-07 1.170600444311276078e-05 7.250974363159912173e-07 6.802099505875958130e-06 2.810774276440497488e-06
2.450000000000000000e+04 1.572070868860464543e-05 4.799913313036086038e-06 2.449615692512452370e-07 1.707371524162226706e-07 6.849009514553472400e-05 5.790289492324518505e-07 2.095559102599509060e-05 3.205051598342834041e-06 1.129823317569389474e-06 2.453534079904784448e-06
2.500000000000000000e+04 1.513582446932559833e-05 4.782774794875876978e-06 2.122821172179101268e-07 1.058666754261139431e-07 6.776457303203642368e-05 5.365367314880131744e-07 2.156355549232102931e-05 3.818819095613434911e-06 1.422909122084092814e-06 2.415539711364544928e-06
2.550000000000000000e+04 2.028648123086895794e-05 4.591198830894427374e-06 5.451479978546558414e-07 1.293707896365958732e-07 5.713449354516342282e-05 4.809178335563046858e-07 2.209784724982455373e-05 2.874307256206520833e-06 4.070118109211762203e-07 2.448902023388654925e-06
2.600000000000000000e+04 1.854760193964466453e-05 4.576135779643664137e-06 4.601494083544821478e-07 1.109571030610823072e-07 5.510719711310230196e-05 5.036922061663062777e-07 2.157933522539678961e-05 3.151563760184217244e-06 6.719462817272869870e-07 2.636855697346618399e-06
2.650000000000000000e+04 1.718438943498767912e-05 7.324982107093092054e-06 1.394963362599810353e-07 1.027180189794307807e-07 1.083473762264475226e-04 5.201249564379395451e-07 1.132198030973086134e-05 2.974588369397679344e-06 8.805616857898712624e-07 3.322574684716528282e-06
2.700000000000000000e+04 1.711112781777046621e-05 6.985596883168909699e-06 1.641626141690721852e-07 1.012981343251340149e-07 1.035036475514061749e-04 4.431070408372761449e-07 1.110187895392300561e-05 3.791232757066609338e-06 9.707083563625928946e-07 2.665773081389488652e-06
2.750000000000000000e+04 1.896381581900641322e-05 5.927577149122953415e-06 4.283795931314671179e-07 1.800889037895103684e-07 6.436620606109499931e-05 4.540553675269620726e-07 1.426902326784329489e-05 1.342726704933738802e-06 6.168550044094445184e-07 2.445767904646345414e-06
2.800000000000000000e+04 1.819277531467378139e-05 5.773257271357579157e-06 2.450521208174905041e-07 1.407705951805837685e-07 6.177207251312211156e-05 4.586132718031876720e-07 1.305840851273387671e-05 1.450935428692901041e-06 6.020615046509192325e-07 2.355132892262190580e-06
2.850000000000000000e+04 2.114447124768048525e-05 8.063784662226680666e-06 1.567559451132183312e-07 2.133201491005820571e-07 1.604630961082875729e-04 4.838758513869834132e-07 6.005636350892018527e-06 7.769198759888240602e-07 1.219727096213318873e-06 2.158073129976401106e-06
2.900000000000000000e+04 2.005444912356324494e-05 7.844332685635890812e-06 1.371771816138789291e-07 2.026719840841906262e-07 1.594618079252541065e-04 4.555045620691089425e-07 6.319068234006408602e-06 9.160547165265597869e-07 1.359864540972921532e-06 2.101942982335458510e-06
2.950000000000000000e+04 1.212854749610414729e-05 3.829088200291153044e-06 1.069270396669708134e-07 1.543427430306110182e-07 5.310070264386013150e-05 3.641897592387977056e-07 1.453753338864771649e-05 4.012812951259547845e-06 1.189562453873804770e-06 1.223087565449532121e-06
3.000000000000000000e+04 1.123772290156921372e-05 3.665657231977093033e-06 9.452603677573279128e-08 1.645800864480406744e-07 5.193153629079461098e-05 3.691959307161596371e-07 1.480222545069409534e-05 5.439651431515812874e-06 1.136588821282202844e-06 1.159905991698906291e-06
3.050000000000000000e+04 1.682213223830331117e-05 5.314499503583647311e-06 2.635109126458701212e-07 1.315322322170686675e-07 9.391743515152484179e-05 4.273634033324924530e-07 1.563935620652046055e-05 4.740163035421574023e-07 1.077027945939335041e-06 1.399331608809006866e-06
3.100000000000000000e+04 1.576818431203719229e-05 5.590500677499221638e-06 2.600248478756839177e-07 1.249990475571394200e-07 9.109172970056533813e-05 4.166059284216316883e-07 1.836910996644292027e-05 5.038647827859676909e-07 8.986828561319271103e-07 1.525777065580768976e-06
3.150000000000000000e+04 1.071779206540668383e-05 3.941634076909394935e-06 2.234677083379210671e-07 2.030000416652910644e-07 7.292182272067293525e-05 3.481905537228158209e-07 1.493852050771238282e-05 6.636174475715961307e-06 9.400893645761243533e-07 1.354110509055317380e-06
3.200000000000000000e+04 1.038050959323300049e-05 4.039399755129124969e-06 1.829047278079087846e-07 1.604285131406868459e-07 7.167390140239149332e-05 3.278573217357916292e-07 1.697739753581117839e-05 1.017105842038290575e-05 1.701359906292054802e-06 1.392127273902588058e-06
3.250000000000000000e+04 1.307950242335209623e-05 5.577096544584492221e-06 2.715509026529616676e-07 1.152022335304536682e-07 5.747781324316747487e-05 3.194891746716166381e-07 1.436797901988029480e-05 1.420055582457280252e-06 1.424014953954610974e-06 1.889445911729126237e-06
3.300000000000000000e+04 1.084009545593289658e-05 5.333330136636504903e-06 2.555403000314981909e-07 1.184842091106474982e-07 5.749363481299951673e-05 3.174907590164366411e-07 1.374594285152852535e-05 1.561163685437350068e-06 1.392024273627612274e-06 2.156147274945396930e-06
3.350000000000000000e+04 9.469795259064994752e-06 4.226395049045095220e-06 1.935166835664858809e-07 4.403659943363891216e-07 7.135211490094661713e-05 3.355162050411308883e-07 1.144992802437627688e-05 6.063139039724774193e-07 1.066031245500198565e-06 1.944401901710079983e-06
3.400000000000000000e+04 8.703542334842495620e-06 4.070615887030726299e-06 1.868669556870372617e-07 2.609161811051308177e-07 6.915103585924953222e-05 3.231299956496513914e-07 1.172537304228171706e-05 5.942508778389310464e-07 6.069109304007724859e-07 1.804935550353548024e-06
3.450000000000000000e+04 1.157638689619489014e-05 4.099456873518647626e-06 2.468144657541415654e-07 3.303694882106356090e-07 5.810987204313278198e-05 2.666446903276664671e-07 2.521468559280037880e-05 6.175957878440385684e-06 6.773865379727794789e-07 2.187508243878255598e-06
3.500000000000000000e+04 1.044621603796258569e-05 4.315440492064226419e-06 2.139044852356164483e-07 2.103814153997518588e-07 5.724774746340699494e-05 2.738934199442155659e-07 2.712691639317199588e-05 6.493391083495225757e-06 8.538368092558812350e-07 2.500813934602774680e-06
3.550000000000000000e+04 1.165707635664148256e-05 6.144568033050745726e-06 1.821273514224230894e-07 3.235793997191649396e-07 6.612899596802890301e-05 3.616565891206846572e-07 9.710774065752048045e-06 1.089244960894575343e-05 6.865168984404590447e-07 2.690047722353483550e-06
3.600000000000000000e+04 1.226523272634949535e-05 4.977073331247083843e-06 1.614938867078308249e-07 1.940182841053683660e-07 6.329140160232782364e-05 3.641524983777344460e-07 8.564605195715557784e-06 1.477202840760583058e-05 8.961645221461367328e-07 2.312493279532645829e-06
3.650000000000000000e+04 1.649254591029603034e-05 8.195512236852664500e-06 3.095956060406024335e-07 1.465294587887910893e-07 9.413059888174757361e-05 3.523619227507879259e-07 9.634150956117082387e-06 1.203924057335825637e-06 8.837826044327812269e-07 2.563178441050695255e-06
3.700000000000000000e+04 1.549696389702148736e-05 8.366395377379376441e-06 2.378730812324647559e-07 1.330664787246860215e-07 9.217866318067535758e-05 3.535719770297873765e-07 1.059062924468889832e-05 7.942828688101144508e-07 1.197648316519916989e-06 2.665528427314711735e-06
3.750000000000000000e+04 1.506590706412680447e-05 5.852474714629352093e-06 1.837579048924453673e-07 5.932038789069338236e-07 1.009962652460671961e-04 3.595232271891291020e-07 1.806878572097048163e-05 3.609361328926752321e-06 2.371721166127827018e-06 1.498247684139641933e-06
3.800000000000000000e+04 1.471298037358792499e-05 5.868754215043736622e-06 1.793846848840985331e-07 4.758677789595822105e-07 9.830074850469827652e-05 3.594589657041069586e-07 1.800391328288242221e-05 3.254365537941339426e-06 2.235301053588045761e-06 1.334059220425842796e-06
3.850000000000000000e+04 9.461997251491993666e-06 5.623990091407904401e-06 1.901335053844377398e-07 2.055843708603788400e-07 7.416240259772166610e-05 3.252872602388379164e-07 1.926105687743984163e-05 1.664007413637591526e-06 7.587690333821228705e-07 1.390350234942161478e-06
3.900000000000000000e+04 9.445316209166776389e-06 5.561310899793170393e-06 1.184779634400001669e-07 1.316863205147456028e-07 7.204740541055798531e-05 3.338402905228576856e-07 1.929276186274364591e-05 1.812776645238045603e-06 7.761147458040795755e-07 1.320128490078786854e-06
3.950000000000000000e+04 1.189504473586566746e-05 4.075480774190509692e-06 1.430469893648478319e-07 1.345968598798208404e-07 5.230618262430652976e-05 3.627192199928686023e-07 1.424666697857901454e-05 1.979109038074966520e-05 7.110128308340790682e-07 9.347509717372304294e-07
4.000000000000000000e+04 1.122540288633899763e-05 1.433448869647691026e-05 2.308013478113934980e-07 2.419834572719992138e-07 5.264758874545805156e-05 3.645548076747218147e-07 2.400217454123776406e-05 1.930236976477317512e-05 4.397041948323021643e-07 1.746356247167568654e-06
