# step, loss_train, loss_test, metrics_test
0.000000000000000000e+00 1.458679232746362686e-02 9.889700263738632202e-02 2.978436276316642761e-02 8.748914115130901337e-03 3.182584652677178383e-03 1.474495138972997665e-02 9.067492187023162842e-02 2.805332280695438385e-02 1.059952937066555023e-02 4.695513285696506500e-03
5.000000000000000000e+02 8.008941076695919037e-03 6.867890059947967529e-02 1.499040954513475299e-04 1.670446508796885610e-04 3.406506730243563652e-03 8.071792311966419220e-03 7.188385725021362305e-02 5.708911921828985214e-04 3.260766388848423958e-04 4.303924273699522018e-03
1.000000000000000000e+03 3.801149548962712288e-03 6.560287624597549438e-02 2.917527453973889351e-04 2.631222014315426350e-04 2.413187408819794655e-03 3.815297037363052368e-03 7.192743569612503052e-02 4.801377508556470275e-05 1.947405871760565788e-05 3.235387615859508514e-03
1.500000000000000000e+03 2.236075466498732567e-03 7.564976811408996582e-02 4.057844635099172592e-04 2.323497028555721045e-04 3.180237952619791031e-03 2.210818696767091751e-03 7.007051259279251099e-02 6.747883890056982636e-05 2.071200833597686142e-05 3.881316632032394409e-03
2.000000000000000000e+03 1.366215059533715248e-03 7.245931029319763184e-02 2.800879883579909801e-04 1.359496091026812792e-04 4.271465353667736053e-03 1.334852306172251701e-03 6.885625422000885010e-02 1.830641267588362098e-04 6.071473399060778320e-05 4.896011203527450562e-03
2.500000000000000000e+03 1.110749086365103722e-03 8.392160385847091675e-02 2.195395791204646230e-04 7.594635098939761519e-05 5.570834036916494370e-03 1.089644501917064190e-03 6.742425262928009033e-02 2.356850018259137869e-04 1.139410451287403703e-04 6.030457559973001480e-03
3.000000000000000000e+03 7.783957989886403084e-04 8.292812108993530273e-02 1.717877021292224526e-04 6.388173642335459590e-05 6.270684301853179932e-03 7.629707688465714455e-04 6.691525876522064209e-02 2.478934475220739841e-04 1.530234148958697915e-04 6.688945461064577103e-03
3.500000000000000000e+03 1.447223010472953320e-03 6.762214004993438721e-02 7.436389569193124771e-05 7.543848914792761207e-05 4.788944963365793228e-03 1.459362218156456947e-03 6.666463613510131836e-02 2.915944205597043037e-04 2.524644078221172094e-04 5.353425163775682449e-03
4.000000000000000000e+03 1.455750898458063602e-03 6.736297160387039185e-02 5.193512333789840341e-05 6.868835771456360817e-05 4.399884026497602463e-03 1.471610856242477894e-03 6.636599451303482056e-02 1.556643983349204063e-04 2.360142825637012720e-04 4.978146404027938843e-03
4.500000000000000000e+03 1.199147445731796324e-04 5.404384061694145203e-02 3.775784352910704911e-05 4.493094456847757101e-05 3.759923391044139862e-03 1.226097228936851025e-04 6.933108717203140259e-02 9.966469951905310154e-05 1.497182965977117419e-04 4.380812402814626694e-03
5.000000000000000000e+03 1.162194894277490675e-04 5.403143540024757385e-02 4.380883910926058888e-05 5.833754403283819556e-05 3.620587056502699852e-03 1.177836529677733779e-04 6.920660287141799927e-02 7.787612412357702851e-05 1.769851514836773276e-04 4.243661183863878250e-03
5.500000000000000000e+03 1.977996726054698229e-04 5.896272510290145874e-02 5.470099495141766965e-05 4.323886605561710894e-05 3.638369264081120491e-03 1.976158528123050928e-04 6.822285056114196777e-02 2.555289029260165989e-05 1.797995792003348470e-04 4.192755557596683502e-03
6.000000000000000000e+03 2.026108995778486133e-04 5.889067426323890686e-02 5.463352135848253965e-05 4.639567123376764357e-05 3.472873941063880920e-03 1.970168523257598281e-04 6.784331798553466797e-02 8.875452294887509197e-06 1.737525308271870017e-04 4.029861185699701309e-03
6.500000000000000000e+03 1.471180439693853259e-04 6.034018099308013916e-02 9.322067489847540855e-05 5.103399598738178611e-05 3.772791707888245583e-03 1.298136194236576557e-04 6.718255579471588135e-02 3.189304607076337561e-06 1.629084872547537088e-04 4.375324118882417679e-03
7.000000000000000000e+03 1.735765399644151330e-04 6.025329604744911194e-02 9.588355896994471550e-05 5.078323738416656852e-05 3.508698428049683571e-03 1.502719096606597304e-04 6.700857728719711304e-02 1.793048227227700409e-06 1.405179209541529417e-04 4.110297188162803650e-03
7.500000000000000000e+03 3.642562369350343943e-04 7.375005632638931274e-02 9.489075455348938704e-05 9.256097837351262569e-05 3.989278338849544525e-03 3.291003231424838305e-04 6.531576067209243774e-02 1.512134190306824166e-06 1.503748644609004259e-04 4.535729531198740005e-03
8.000000000000000000e+03 4.033033619634807110e-04 7.355243712663650513e-02 9.393075015395879745e-05 1.007161336019635201e-04 3.508706809952855110e-03 3.615852037910372019e-04 6.514075398445129395e-02 8.893259291653521359e-06 1.212780334753915668e-04 4.049467854201793671e-03
8.500000000000000000e+03 2.128009364241734147e-04 5.683948472142219543e-02 5.941315612290054560e-05 7.343727338593453169e-05 2.308999188244342804e-03 1.933225285029038787e-04 6.670762598514556885e-02 1.855770642578136176e-05 5.900885662413202226e-05 2.939104102551937103e-03
9.000000000000000000e+03 1.750334486132487655e-04 5.668922141194343567e-02 6.465069600380957127e-05 7.612191257067024708e-05 2.192754065617918968e-03 1.605107972864061594e-04 6.666788458824157715e-02 3.707100768224336207e-05 4.388879460748285055e-05 2.813660539686679840e-03
9.500000000000000000e+03 3.288813750259578228e-04 5.398834869265556335e-02 5.252930350252427161e-05 1.095915868063457310e-04 1.953688915818929672e-03 3.041109885089099407e-04 6.568226963281631470e-02 5.275101648294366896e-05 6.465310434577986598e-05 2.592423465102910995e-03
1.000000000000000000e+04 2.893320051953196526e-04 5.384828522801399231e-02 5.856561256223358214e-05 1.263103331439197063e-04 1.874104724265635014e-03 2.648094668984413147e-04 6.545218825340270996e-02 9.691737068351358175e-05 6.900852167746052146e-05 2.507532248273491859e-03
1.050000000000000000e+04 2.670030225999653339e-04 5.564554408192634583e-02 1.438159670215100050e-04 9.821233106777071953e-05 1.876071910373866558e-03 2.363539824727922678e-04 6.505468487739562988e-02 2.034620847553014755e-04 3.043784090550616384e-05 2.405839273706078529e-03
1.100000000000000000e+04 2.369766152696684003e-04 5.540942400693893433e-02 1.852535351645201445e-04 1.242359721800312400e-04 1.724548521451652050e-03 1.968304131878539920e-04 6.466887891292572021e-02 2.576078986749053001e-04 3.594570080167613924e-05 2.257593208923935890e-03
1.150000000000000000e+04 5.519201513379812241e-04 6.599522382020950317e-02 2.402313548373058438e-04 2.200055023422464728e-04 1.663094386458396912e-03 4.453882283996790648e-04 6.316208094358444214e-02 7.192199118435382843e-04 3.084239142481237650e-04 2.230552025139331818e-03
1.200000000000000000e+04 5.102920695208013058e-04 6.544719636440277100e-02 3.664091636892408133e-04 2.986524195875972509e-04 1.467516645789146423e-03 3.780856204684823751e-04 6.252462416887283325e-02 1.129995333030819893e-03 4.488823760766535997e-04 2.038381062448024750e-03
1.250000000000000000e+04 2.419611701043322682e-04 6.828799098730087280e-02 3.640672948677092791e-04 5.473779747262597084e-04 1.519712968729436398e-03 1.544743718113750219e-04 6.230258941650390625e-02 5.900795222260057926e-04 3.218475612811744213e-04 2.076131291687488556e-03
1.300000000000000000e+04 2.486821904312819242e-04 6.744880974292755127e-02 4.731201916001737118e-04 7.040994823910295963e-04 1.347717014141380787e-03 1.417390885762870312e-04 6.125633046030998230e-02 7.185040740296244621e-04 4.171019245404750109e-04 1.898443093523383141e-03
1.350000000000000000e+04 2.552364312577992678e-04 6.186213344335556030e-02 4.654304648283869028e-04 6.838667322881519794e-04 1.158092753030359745e-03 1.497053890489041805e-04 5.881490558385848999e-02 2.414386952295899391e-03 8.540030103176832199e-04 1.748037175275385380e-03
1.400000000000000000e+04 3.137310559395700693e-04 5.942086130380630493e-02 4.968328285031020641e-04 9.744795388542115688e-04 1.043352182023227215e-03 1.836051233112812042e-04 5.526575073599815369e-02 2.813864964991807938e-03 1.432803575880825520e-03 1.616761204786598682e-03
1.450000000000000000e+04 3.458096471149474382e-04 5.421661585569381714e-02 4.718911077361553907e-04 1.413107849657535553e-03 1.253073452971875668e-03 2.147930645151063800e-04 5.252527818083763123e-02 6.444270256906747818e-04 1.166250673122704029e-03 1.637011999264359474e-03
1.500000000000000000e+04 3.918889269698411226e-04 4.954497516155242920e-02 2.890613686759024858e-04 2.045142464339733124e-03 1.322202268056571484e-03 2.284895163029432297e-04 4.696188122034072876e-02 2.292402496095746756e-04 2.170155989006161690e-03 1.649378100410103798e-03
1.550000000000000000e+04 2.481929259374737740e-04 3.924278914928436279e-02 2.206056087743490934e-04 1.791913760825991631e-03 7.848064997233450413e-04 1.299969881074503064e-04 4.497557878494262695e-02 1.107754724216647446e-04 1.881741336546838284e-03 1.280723954550921917e-03
1.600000000000000000e+04 2.498294925317168236e-04 3.706695511937141418e-02 2.780290378723293543e-04 1.889656065031886101e-03 8.238554000854492188e-04 1.298819115618243814e-04 4.154494777321815491e-02 1.985228445846587420e-04 2.098196651786565781e-03 1.294356421567499638e-03
1.650000000000000000e+04 2.448799787089228630e-04 4.430067911744117737e-02 3.907142963726073503e-04 2.249942393973469734e-03 1.746315741911530495e-03 9.060504817171022296e-05 3.999588638544082642e-02 4.982965183444321156e-04 1.846845378167927265e-03 1.904859440401196480e-03
1.700000000000000000e+04 2.540009154472500086e-04 4.106627404689788818e-02 4.091238079126924276e-04 2.538063796237111092e-03 1.844159443862736225e-03 9.694193431641906500e-05 3.724918514490127563e-02 6.253790343180298805e-04 1.952857594005763531e-03 1.947209355421364307e-03
1.750000000000000000e+04 6.769484025426208973e-04 3.351994603872299194e-02 6.754077621735632420e-04 2.330080606043338776e-03 1.383771421387791634e-03 3.504566848278045654e-04 2.751156501471996307e-02 5.335612222552299500e-04 8.304502815008163452e-03 1.631013001315295696e-03
1.800000000000000000e+04 9.119031601585447788e-04 2.860209904611110687e-02 6.847835611552000046e-04 2.592668402940034866e-03 1.482354244217276573e-03 4.378965531941503286e-04 2.252909541130065918e-02 6.787130841985344887e-04 9.822189807891845703e-03 1.686393166892230511e-03
1.850000000000000000e+04 3.622733638621866703e-04 2.618729881942272186e-02 4.781534371431916952e-04 2.723088487982749939e-03 1.515662297606468201e-03 1.930185244418680668e-04 2.929490059614181519e-02 5.625992198474705219e-04 1.295804046094417572e-03 1.666566939093172550e-03
1.900000000000000000e+04 3.347074380144476891e-04 2.406143210828304291e-02 3.911009698640555143e-04 2.506348537281155586e-03 1.578138908371329308e-03 1.681867724983021617e-04 2.626145817339420319e-02 3.547698725014925003e-04 1.094248029403388500e-03 1.697567175142467022e-03
1.950000000000000000e+04 6.789485923945903778e-04 2.116701751947402954e-02 4.740342847071588039e-04 2.165520563721656799e-03 1.640385598875582218e-03 2.924516156781464815e-04 1.581835560500621796e-02 3.407096373848617077e-04 3.870125859975814819e-03 1.864337828010320663e-03
2.000000000000000000e+04 8.044239366427063942e-04 1.706522144377231598e-02 5.647558718919754028e-04 2.033629687502980232e-03 1.839525415562093258e-03 3.169586416333913803e-04 1.258600316941738129e-02 2.563490415923297405e-04 3.277690615504980087e-03 2.025858964771032333e-03
2.050000000000000000e+04 5.684390198439359665e-04 1.390601880848407745e-02 3.569437831174582243e-04 2.239707857370376587e-03 2.389295492321252823e-03 2.686757070478051901e-04 1.001574750989675522e-02 7.627759623574092984e-05 2.306260634213685989e-03 2.172739244997501373e-03
2.100000000000000000e+04 5.376982735469937325e-04 9.475369937717914581e-03 5.076552624814212322e-04 1.550845103338360786e-03 2.592102624475955963e-03 2.942202554550021887e-04 7.510845549404621124e-03 2.732051325438078493e-05 1.308320090174674988e-03 2.223896328359842300e-03
2.150000000000000000e+04 6.145597435534000397e-04 6.187712308019399643e-03 3.662541566882282495e-04 8.129497873596847057e-04 2.297504339367151260e-03 3.548686217982321978e-04 5.690681282430887222e-03 1.510870206402614713e-04 4.600130487233400345e-04 2.186559140682220459e-03
2.200000000000000000e+04 5.209236405789852142e-04 4.307090770453214645e-03 4.464856465347111225e-04 4.730205982923507690e-04 2.379885641857981682e-03 3.350959159433841705e-04 4.250825382769107819e-03 2.891792682930827141e-04 2.031338080996647477e-04 2.219850663095712662e-03
2.250000000000000000e+04 4.527973360382020473e-04 2.901215106248855591e-03 4.876115126535296440e-04 4.053835873492062092e-04 2.618608530610799789e-03 3.092974948231130838e-04 2.667756984010338783e-03 1.900293136714026332e-04 1.962626411113888025e-04 2.468582708388566971e-03
2.300000000000000000e+04 4.154022026341408491e-04 1.858041388913989067e-03 3.899096627719700336e-04 1.911886211019009352e-04 2.567350631579756737e-03 3.007840423379093409e-04 1.810690737329423428e-03 9.223918459611013532e-05 1.654789084568619728e-04 2.412171568721532822e-03
2.350000000000000000e+04 5.353563465178012848e-04 1.414015889167785645e-03 2.566076291259378195e-04 1.372122787870466709e-04 2.429825486615300179e-03 3.657866327557712793e-04 1.113349338993430138e-03 2.123977319570258260e-04 1.630639453651383519e-04 1.937715802341699600e-03
2.400000000000000000e+04 4.588634474202990532e-04 1.073317369446158409e-03 1.979169755941256881e-04 9.647781553212553263e-05 2.344555221498012543e-03 3.106227086391299963e-04 7.791476673446595669e-04 2.864483976736664772e-04 1.288177008973434567e-04 1.838840777054429054e-03
2.450000000000000000e+04 3.072349354624748230e-04 8.559026755392551422e-04 2.156852278858423233e-04 6.926463538547977805e-05 2.466685837134718895e-03 2.450283209327608347e-04 6.233329186215996742e-04 4.078946367371827364e-04 7.715865649515762925e-05 1.886426121927797794e-03
2.500000000000000000e+04 2.839488151948899031e-04 5.924778524786233902e-04 1.540442899568006396e-04 3.973037746618501842e-05 2.351710107177495956e-03 2.219806774519383907e-04 3.964956267736852169e-04 3.259741934016346931e-04 5.516027158591896296e-05 1.778036006726324558e-03
2.550000000000000000e+04 2.122166479239240289e-04 3.836422110907733440e-04 1.208438698085956275e-04 3.793258292716927826e-05 2.068958943709731102e-03 1.356348948320373893e-04 5.070000770501792431e-04 2.353829331696033478e-04 6.003525777487084270e-05 1.720684464089572430e-03
2.600000000000000000e+04 1.848445099312812090e-04 3.267802530899643898e-04 7.786892092553898692e-05 3.357193781994283199e-05 1.883802702650427818e-03 1.054679232765920460e-04 4.480421484913676977e-04 1.705838367342948914e-04 5.659974340233020484e-05 1.527232700027525425e-03
2.650000000000000000e+04 2.019352104980498552e-04 3.404180170036852360e-04 6.326699076453223825e-05 3.268355067120864987e-05 1.826071413233876228e-03 9.486788621870800853e-05 2.178750437451526523e-04 2.371427690377458930e-04 4.495088433031924069e-05 1.259899116121232510e-03
2.700000000000000000e+04 1.790825044736266136e-04 3.121188783552497625e-04 4.650511618820019066e-05 3.153896614094264805e-05 1.682641217485070229e-03 6.111568654887378216e-05 1.871604035841301084e-04 1.762014726409688592e-04 4.361207174952141941e-05 1.110592740587890148e-03
2.750000000000000000e+04 1.416096638422459364e-04 2.638062287587672472e-04 2.255856816191226244e-05 2.164140096283517778e-05 1.384474453516304493e-03 3.601083517423830926e-05 1.567712752148509026e-04 6.570172263309359550e-05 4.409934626892209053e-05 9.723457042127847672e-04
2.800000000000000000e+04 1.238909753737971187e-04 2.420104283373802900e-04 1.716184669930953532e-05 2.162903547286987305e-05 1.247090985998511314e-03 2.085385131067596376e-05 1.344104093732312322e-04 4.594049823936074972e-05 4.328886643634177744e-05 8.392390445806086063e-04
2.850000000000000000e+04 1.072595696314238012e-04 2.143888996215537190e-04 2.513105937396176159e-05 2.745083656918723136e-05 1.260667806491255760e-03 1.641386916162446141e-05 1.327004574704915285e-04 3.903391188941895962e-05 3.753353303181938827e-05 8.092646603472530842e-04
2.900000000000000000e+04 9.386169404024258256e-05 1.943112438311800361e-04 1.411001994711114094e-05 2.489829967089463025e-05 1.159971579909324646e-03 1.446004080207785591e-05 1.203794963657855988e-04 4.846469892072491348e-05 2.985907303809653968e-05 6.993830902501940727e-04
2.950000000000000000e+04 7.233704673126339912e-05 1.430301199434325099e-04 7.799869308655615896e-06 1.585073005117010325e-05 1.052065752446651459e-03 1.715150938252918422e-05 9.423719166079536080e-05 1.265033934032544494e-04 2.932280040113255382e-05 6.059753359295427799e-04
3.000000000000000000e+04 6.560025212820619345e-05 1.257582043763250113e-04 8.482750672555994242e-06 1.357050314254593104e-05 9.656930342316627502e-04 1.631467239349149168e-05 9.299886733060702682e-05 1.155280115199275315e-04 2.207172110502142459e-05 5.189106450416147709e-04
3.050000000000000000e+04 5.901512486161664128e-05 1.171950571006163955e-04 1.156891994469333440e-05 1.148891078628366813e-05 7.433136343024671078e-04 1.070380312739871442e-05 1.366409851470962167e-04 5.017337389290332794e-05 1.299170889978995547e-05 4.675546952057629824e-04
3.100000000000000000e+04 5.329246778273954988e-05 1.101653979276306927e-04 1.103027443605242297e-05 9.391487765242345631e-06 6.897897110320627689e-04 9.902910278469789773e-06 1.290879008593037724e-04 4.477231050259433687e-05 9.030355613504070789e-06 4.124939150642603636e-04
3.150000000000000000e+04 4.230999184073880315e-05 9.457999112782999873e-05 1.566696482768747956e-05 1.451564912713365629e-05 5.913729546591639519e-04 9.049347681866493076e-06 1.797357253963127732e-04 3.286656283307820559e-05 7.626839305885368958e-06 3.605336532928049564e-04
3.200000000000000000e+04 3.774070137296803296e-05 8.287259697681292892e-05 1.250455716217402369e-05 1.294710000365739688e-05 5.334634915925562382e-04 7.010721674305386841e-06 1.833327260101214051e-04 3.063948315684683621e-05 4.363324023870518431e-06 3.075763816013932228e-04
3.250000000000000000e+04 4.640683255274780095e-05 7.252366776810958982e-05 1.544897713756654412e-05 9.811842573981266469e-06 5.094648222438991070e-04 5.483249879034701735e-06 1.132073084590956569e-04 1.707235423964448273e-05 5.882595814910018817e-06 2.487116435077041388e-04
3.300000000000000000e+04 4.215246735839173198e-05 6.789222243241965771e-05 1.171160783997038379e-05 9.790789590624626726e-06 4.629610048141330481e-04 4.286122930352576077e-06 1.127494761021807790e-04 1.250648256245767698e-05 7.004251074249623343e-06 2.083774888888001442e-04
3.350000000000000000e+04 4.158286901656538248e-05 9.127464727498590946e-05 6.291899808275047690e-06 9.538355698168743402e-06 5.263217608444392681e-04 3.387971446500159800e-06 6.633324665017426014e-05 1.861675809777807444e-05 4.409030680108116940e-06 1.548997533973306417e-04
3.400000000000000000e+04 3.743674096767790616e-05 8.385319961234927177e-05 4.929695023747626692e-06 9.502897228230722249e-06 4.691873618867248297e-04 2.609689090604661033e-06 6.424821913242340088e-05 2.558271808084100485e-05 4.801063823833828792e-06 1.218733596033416688e-04
3.450000000000000000e+04 3.119924076600000262e-05 6.074285920476540923e-05 4.961245849699480459e-06 7.658774848096072674e-06 4.657866084016859531e-04 2.355809783693985082e-06 2.110683126375079155e-04 1.976183739316184074e-05 8.823512871458660811e-06 1.099045621231198311e-04
3.500000000000000000e+04 2.923415559052955359e-05 5.610809967038221657e-05 3.377649818503414281e-06 6.734599992341827601e-06 4.366145294625312090e-04 2.016696498685632832e-06 2.275208098581060767e-04 1.509639969299314544e-05 9.518695151200518012e-06 9.104877244681119919e-05
3.550000000000000000e+04 3.438739804551005363e-05 6.136765296105295420e-05 2.218532017650431953e-06 6.884626600367482752e-06 4.572105826810002327e-04 1.694514594419160858e-06 1.240559213329106569e-04 1.238889399246545509e-05 1.701527617115061730e-05 7.302273297682404518e-05
3.600000000000000000e+04 3.178065162501297891e-05 5.676923319697380066e-05 1.791659315131255426e-06 6.763743840565439314e-06 4.236602690070867538e-04 1.471426116950169671e-06 1.285865000681951642e-04 8.598860404163133353e-06 1.873919791250955313e-05 5.812407107441686094e-05
3.650000000000000000e+04 3.450136136962100863e-05 6.982409831834957004e-05 1.474887653785117436e-06 6.334189492918085307e-06 4.428679822012782097e-04 1.616342046872887295e-06 6.389377813320606947e-05 3.429608113947324455e-06 9.516516001895070076e-06 4.796918437932617962e-05
3.700000000000000000e+04 2.991162182297557592e-05 6.360034603858366609e-05 1.280180413232301362e-06 5.505492936208611354e-06 4.191958578303456306e-04 1.396845846102223732e-06 5.759783380199223757e-05 3.783272404689341784e-06 9.209144991473294795e-06 3.827317414106801152e-05
3.750000000000000000e+04 2.237966691609472036e-05 5.461925320560112596e-05 6.757776986887620296e-07 3.517686536724795587e-06 4.419010947458446026e-04 9.900226132231182419e-07 1.330984232481569052e-04 4.929754140903241932e-06 6.603160272788954899e-06 2.849540214810986072e-05
3.800000000000000000e+04 2.030514224315993488e-05 4.868768519372679293e-05 8.498985266669478733e-07 2.991617520820000209e-06 4.117654461879283190e-04 9.145105650532059371e-07 1.200894839712418616e-04 6.992988801357569173e-06 6.992112503212410957e-06 2.231624057458247989e-05
3.850000000000000000e+04 1.642011557123623788e-05 3.858537456835620105e-05 4.317263062603160506e-07 2.368370587646495551e-06 3.175001475028693676e-04 9.100521083382773213e-07 1.165637368103489280e-04 1.243551287188893184e-05 8.968747351900674403e-06 1.740595689625479281e-05
3.900000000000000000e+04 1.457829330320237204e-05 3.361687049618922174e-05 4.312857129207259277e-07 2.178145678044529632e-06 3.035660192836076021e-04 9.122340429712494370e-07 9.771836630534380674e-05 1.299856012337841094e-05 8.939950021158438176e-06 1.450766922062030062e-05
3.950000000000000000e+04 9.451530786463990808e-06 3.237246346543543041e-05 7.812197395651310217e-07 4.448598247108748183e-06 2.616938727442175150e-04 1.139664846050436608e-06 8.270754187833517790e-05 1.926979712152387947e-05 3.751668373297434300e-06 1.682141191849950701e-05
4.000000000000000000e+04 9.327301995654124767e-06 2.943411163869313896e-05 8.603582273281062953e-07 3.149923713863245212e-06 2.490719198249280453e-04 1.021599473460810259e-06 7.376060966635122895e-05 1.545998384244740009e-05 2.470307890689582564e-06 1.604970384505577385e-05
4.050000000000000000e+04 1.577443617861717939e-05 3.625040335464291275e-05 6.994745831434556749e-07 3.278977828813367523e-06 3.339350805617868900e-04 8.700899343239143491e-07 3.372047649463638663e-05 7.444571565429214388e-06 1.962280293810181320e-06 1.357677501800935715e-05
4.100000000000000000e+04 1.497512857895344496e-05 3.259455843362957239e-05 7.368730621237773448e-07 2.419666770947515033e-06 3.281671379227191210e-04 7.389274401248258073e-07 2.954842238978017122e-05 6.386796485458035022e-06 1.458484121030778624e-06 1.228310702572343871e-05
4.150000000000000000e+04 7.682383511564694345e-06 2.107712316501419991e-05 1.030653606903797481e-06 2.050000603048829362e-06 1.818837044993415475e-04 7.829066817066632211e-07 4.175403228146024048e-05 3.677264430734794587e-06 1.404046770403510891e-06 9.511741154710762203e-06
4.200000000000000000e+04 7.648484825040213764e-06 1.898882146633695811e-05 9.074352647076011635e-07 1.763475779625878204e-06 1.795264106476679444e-04 7.937297823445987888e-07 3.785310400417074561e-05 3.208493353668018244e-06 1.172206452793034259e-06 8.372476258955430239e-06
4.250000000000000000e+04 1.370636982755968347e-05 1.999150299525354058e-05 6.215554435584635939e-07 1.118887439588434063e-06 2.148452185792848468e-04 7.367970056293415837e-07 5.505792069016024470e-05 4.187875219940906391e-06 9.566955441187019460e-07 1.071535916707944125e-05
4.300000000000000000e+04 1.531779525976162404e-05 1.883362710941582918e-05 6.012380708853015676e-07 9.737772188600501977e-07 2.046875888481736183e-04 7.872353080529137515e-07 5.168973802938126028e-05 4.379640813567675650e-06 8.861316018737852573e-07 1.120548404287546873e-05
4.350000000000000000e+04 1.248174248758004978e-05 1.739754225127398968e-05 7.248885935950966086e-07 8.711248824511130806e-07 1.725998590700328350e-04 8.126050943246809766e-07 2.786187178571708500e-05 2.382570755798951723e-06 7.698263289057649672e-07 7.275041298271389678e-06
4.400000000000000000e+04 1.228546716447453946e-05 1.466639423597371206e-05 6.674875976386829279e-07 7.458194772880233359e-07 1.708558411337435246e-04 7.814291507202142384e-07 2.316316931683104485e-05 2.531973223085515201e-06 6.632510576309869066e-07 6.608664989471435547e-06
4.450000000000000000e+04 1.974160295503679663e-05 1.922609044413547963e-05 5.876606223864655476e-07 5.176961508368549403e-07 2.576070255599915981e-04 7.592636848130496219e-07 2.092165232170373201e-05 2.733306700974935666e-06 4.558571049528836738e-07 1.007556238619145006e-05
4.500000000000000000e+04 2.184293589380104095e-05 1.889171835500746965e-05 5.859511702510644682e-07 3.681514613163017202e-07 2.455673820804804564e-04 7.651389068996650167e-07 2.232943552371580154e-05 3.121682311757467687e-06 3.723997110682830680e-07 9.931841304933186620e-06
4.550000000000000000e+04 2.390033478150144219e-05 1.961388807103503495e-05 1.005225271910603624e-06 5.162854108675674070e-07 3.222771047148853540e-04 6.495088769042922650e-07 2.516963650123216212e-05 5.293509730108780786e-06 1.132218130805995315e-06 9.979615242627914995e-06
4.600000000000000000e+04 2.586642403912264854e-05 1.953238825080916286e-05 9.725588370201876387e-07 3.896471127973200055e-07 3.081671602558344603e-04 6.677165629298542626e-07 2.727229366428218782e-05 6.620659405598416924e-06 1.157953761321550701e-06 9.436324035050347447e-06
4.650000000000000000e+04 2.272842539241537452e-05 1.505016007286030799e-05 5.562351361731998622e-07 4.298650537748471834e-07 1.320159790338948369e-04 7.930445917736506090e-07 1.727255403238814324e-05 6.389010650309501216e-06 4.917209253108012490e-07 6.739290256518870592e-06
4.700000000000000000e+04 2.079632577078882605e-05 1.253197751793777570e-05 4.183692112746939529e-07 3.031796893537830329e-07 1.331548410234972835e-04 8.031012725950859021e-07 1.579053605382796377e-05 8.340291969943791628e-06 5.013814643461955711e-07 6.033864337950944901e-06
4.750000000000000000e+04 1.671104473643936217e-05 1.025276833388488740e-05 9.280425956603721716e-07 5.326853624865179881e-07 8.007501310203224421e-05 7.656519187548838090e-07 2.439525815134402364e-05 2.549944611018872820e-06 1.392033027514116839e-06 7.406893473671516404e-06
4.800000000000000000e+04 1.736285958031658083e-05 9.741838766785804182e-06 7.913484409982629586e-07 3.573926790068071568e-07 7.580026431242004037e-05 6.947108772692445200e-07 2.457633127050939947e-05 2.092188879032619298e-06 1.304587385675404221e-06 6.881600256747333333e-06
4.850000000000000000e+04 1.643516952753998339e-05 9.971772669814527035e-06 6.651576995864161290e-07 3.292992687420337461e-07 9.872322698356583714e-05 6.524472269120451529e-07 1.784750929800793529e-05 1.552549178995832335e-06 5.370197868614923209e-07 7.351793556154007092e-06
4.900000000000000000e+04 1.736785998218692839e-05 9.206442882714327425e-06 6.078514616092434153e-07 3.612388184137671487e-07 9.286578278988599777e-05 6.273006647461443208e-07 1.732111377350520343e-05 1.509804064880881924e-06 4.936368327435047831e-07 6.946486337255919352e-06
4.950000000000000000e+04 2.456617767165880650e-05 1.026393147185444832e-05 5.942700909145059995e-07 4.954796963829721790e-07 1.210858245030976832e-04 6.323481898107274901e-07 1.684454582573380321e-05 2.890314817705075257e-06 5.466378638629976194e-07 5.881280685571255162e-06
5.000000000000000000e+04 2.372759263380430639e-05 1.054685071721905842e-05 5.651169772136199754e-07 4.111290365926834056e-07 1.186517110909335315e-04 6.067710955903748982e-07 1.637264722376130521e-05 3.185252580806263722e-06 6.237770548978005536e-07 5.734434580517699942e-06
5.050000000000000000e+04 2.455356479913461953e-05 1.707994124444667250e-05 4.925611847284017131e-07 9.824948392633814365e-07 2.226554206572473049e-04 5.714935582545876969e-07 1.688982047198805958e-05 1.634774662306881510e-06 2.413789161437307484e-06 7.281647413037717342e-06
5.100000000000000000e+04 2.586013943073339760e-05 1.736514059302862734e-05 4.725566782326495741e-07 8.035912628656660672e-07 2.167158672818914056e-04 5.685219548468012363e-07 1.984235495910979807e-05 1.602283873580745421e-06 2.779574970190878958e-06 7.101382834662217647e-06
5.150000000000000000e+04 2.553380545577965677e-05 1.169405641121556982e-05 4.145555010381940519e-07 4.782895075550186448e-07 1.487787812948226929e-04 5.706955903406196740e-07 2.794294596242252737e-05 2.970206878671888262e-06 7.397004537779139355e-07 5.056456757301930338e-06
5.200000000000000000e+04 2.530649726395495236e-05 1.082995822798693553e-05 3.734638482910668245e-07 4.650200651212799130e-07 1.467821130063384771e-04 5.549722459363692906e-07 2.556820618337951601e-05 2.780097247523372062e-06 6.744755864929175004e-07 4.693780283560045063e-06
5.250000000000000000e+04 2.533956649131141603e-05 9.214804777002427727e-06 4.305112213387474185e-07 5.455711402646556962e-07 1.402064663125202060e-04 5.427929750112525653e-07 2.217332621512468904e-05 2.019477051362628117e-06 9.034596359924762510e-07 4.533915671345312148e-06
5.300000000000000000e+04 2.556516665208619088e-05 8.906144103093538433e-06 3.812952513726486359e-07 5.262901368041639216e-07 1.382203045068308711e-04 5.242608267508330755e-07 1.924526077345944941e-05 2.494487034709891304e-06 8.079374538283445872e-07 4.389056812215130776e-06
5.350000000000000000e+04 2.082197534036822617e-05 9.008512279251590371e-06 3.998569582108757459e-07 4.973891236659255810e-07 1.337646099273115396e-04 4.985053578820952680e-07 1.810051435313653201e-05 2.415035851299762726e-06 7.548816256530699320e-07 4.577916570269735530e-06
5.400000000000000000e+04 2.136902185156941414e-05 8.946814887167420238e-06 3.299765296560508432e-07 4.386347427498549223e-07 1.313147076871246099e-04 5.125105531078588683e-07 1.916590372275095433e-05 2.032835254794918001e-06 8.196994372156041209e-07 4.369195266917813569e-06
5.450000000000000000e+04 2.831317578966263682e-05 1.283138590224552900e-05 5.456341227727534715e-07 1.523520268165157177e-06 1.462097279727458954e-04 5.214362772676395252e-07 1.947834243765100837e-05 3.512573812258779071e-06 1.287588588638755027e-06 4.368471763882553205e-06
5.500000000000000000e+04 2.769765524135436863e-05 1.311042797169648111e-05 4.380938207759754732e-07 1.157787778538477141e-06 1.444882800569757819e-04 4.937876951771613676e-07 2.031698568316642195e-05 4.156856448389589787e-06 1.111367623707337771e-06 4.326147973188199103e-06
5.550000000000000000e+04 3.164010558975860476e-05 1.227505526912864298e-05 2.952584168269822840e-07 5.746691726926655974e-07 1.075335821951739490e-04 4.646514639716770034e-07 1.904360033222474158e-05 2.640277671162039042e-06 5.482075948748388328e-07 3.411638772377045825e-06
5.600000000000000000e+04 2.888259223254863173e-05 1.192255058413138613e-05 2.586407390481326729e-07 5.133686613589816261e-07 1.084160394384525716e-04 4.880799338025099132e-07 1.842727033363189548e-05 1.705338377178122755e-06 5.223963057687797118e-07 3.388674485904630274e-06
5.650000000000000000e+04 1.709062962618190795e-05 8.930461262934841216e-06 3.239101431518065510e-07 4.240242788000614382e-07 4.118279684917069972e-05 5.384344490266812500e-07 1.933300154632888734e-05 1.262394448531267699e-06 6.885211973894911353e-07 2.152370143448933959e-06
5.700000000000000000e+04 1.669083576416596770e-05 7.424046543746953830e-06 2.787657820135791553e-07 3.958330410114285769e-07 4.142423131270334125e-05 5.533850071515189484e-07 1.676857755228411406e-05 1.046036572915909346e-06 6.935549663467099890e-07 1.983459924304042943e-06
5.750000000000000000e+04 1.519360102975042537e-05 5.062190211901906878e-06 3.518106836963852402e-07 4.315677699651132571e-07 6.607901741517707705e-05 4.942049827150185592e-07 2.285381196998059750e-05 6.818920041951059829e-07 2.151224180124700069e-06 1.873357064141600858e-06
5.800000000000000000e+04 1.460683597542811185e-05 4.530084424914093688e-06 2.959518781153747113e-07 3.407223516660451423e-07 6.612580909859389067e-05 5.026967642152158078e-07 2.206317549280356616e-05 6.122525064711226150e-07 2.659091705936589278e-06 1.790202645679528359e-06
5.850000000000000000e+04 1.906237230286933482e-05 7.228460162878036499e-06 2.669038394742528908e-07 5.446548811960383318e-07 1.535288756713271141e-04 5.656146981891652104e-07 1.607572085049469024e-05 1.961840553121874109e-06 6.987622214182920288e-07 2.135070417352835648e-06
5.900000000000000000e+04 1.960743793461006135e-05 7.083025593601632863e-06 2.415065978311758954e-07 4.097315695616998710e-07 1.517327036708593369e-04 5.296364520290808287e-07 1.530307781649753451e-05 2.312539663762436248e-06 6.594928549930045847e-07 2.037416379607748240e-06
5.950000000000000000e+04 1.904142845887690783e-05 5.835360298078740016e-06 2.891131600790686207e-07 7.664663144169026054e-07 1.089486904675140977e-04 5.223649850449874066e-07 1.372765746054938063e-05 1.003161401058605406e-06 4.993027005184558220e-07 1.767107164596382063e-06
6.000000000000000000e+04 1.846230770752299577e-05 5.836800937686348334e-06 2.600534969587897649e-07 6.938611818441131618e-07 1.087152340915054083e-04 5.036898187427141238e-07 1.413892368873348460e-05 1.212135657624457963e-06 4.773268074131920002e-07 1.767721983014780562e-06
6.050000000000000000e+04 1.837913623603526503e-05 6.159540589578682557e-06 3.168896682836930268e-07 4.523698748926108237e-07 1.283659221371635795e-04 4.640645556719391607e-07 1.695220998954027891e-05 2.016943881244515069e-06 8.200706247407651972e-07 2.158420102205127478e-06
6.100000000000000000e+04 1.897121001093182713e-05 6.098316589486785233e-06 2.756051458163710777e-07 4.067928216500149574e-07 1.267333136638626456e-04 4.686607724124769447e-07 1.622068521101027727e-05 2.200063818236230873e-06 8.447939876532473136e-07 2.135102931788424030e-06
6.150000000000000000e+04 2.575114012870471925e-05 6.892563305882504210e-06 4.145310583680839045e-07 2.960780136618268443e-07 1.034710730891674757e-04 4.833213438359962311e-07 1.249843626283109188e-05 2.638174009916838259e-06 5.440147106128279120e-07 2.307913746335543692e-06
6.200000000000000000e+04 2.539246997912414372e-05 7.438618467858759686e-06 3.747203720649849856e-07 3.060044946323614568e-07 1.008347098832018673e-04 4.683236909386323532e-07 1.430707561667077243e-05 2.615633547975448892e-06 5.289492150950536598e-07 2.283499497934826650e-06
6.250000000000000000e+04 2.498091271263547242e-05 7.446618838002905250e-06 2.708613351387612056e-07 8.801051194495812524e-07 8.230704406742006540e-05 3.985689716046181275e-07 4.709438871941529214e-05 5.354751806407875847e-07 4.747060415866144467e-07 2.050909415629575960e-06
6.300000000000000000e+04 2.346844121348112822e-05 7.499788353015901521e-06 2.512684034172707470e-07 7.732765539003594313e-07 8.245063509093597531e-05 3.983095666626468301e-07 4.931659714202396572e-05 5.929391591052990407e-07 4.395737676077260403e-07 2.148820840375265107e-06
6.350000000000000000e+04 1.755041012074798346e-05 6.617918643314624205e-06 1.583435818020006991e-07 6.327654205051658209e-07 5.446466093417257071e-05 4.683161591856332961e-07 1.748023532854858786e-05 2.280038870594580658e-06 1.418252736584690865e-06 1.833091005210008007e-06
6.400000000000000000e+04 1.759664155542850494e-05 5.485142537509091198e-06 1.467752070993810776e-07 5.795476454295567237e-07 5.441224857349880040e-05 4.676004152770474320e-07 1.660905218159314245e-05 2.972310767290764488e-06 1.521521312497498002e-06 1.612871187717246357e-06
6.450000000000000000e+04 2.191468411183450371e-05 7.700147762079723179e-06 1.378797804818532313e-07 5.683483550456003286e-07 1.348490768577903509e-04 4.777662638844049070e-07 1.794821400835644454e-05 3.675270363601157442e-07 1.139798882832110394e-06 2.689255097720888443e-06
6.500000000000000000e+04 2.261258669022936374e-05 8.043381058087106794e-06 1.092488730591867352e-07 5.195732910578954034e-07 1.318592112511396408e-04 4.593268556618568255e-07 1.972733298316597939e-05 2.573085566837107763e-07 1.053175992637989111e-06 2.732107304836972617e-06
6.550000000000000000e+04 2.137562114512547851e-05 7.204438134067459032e-06 1.522676029708236456e-07 2.808885142258077394e-07 1.386357034789398313e-04 4.177181267550622579e-07 1.796951983124017715e-05 2.779828264465322718e-06 7.828186312508478295e-07 1.998029802052769810e-06
6.600000000000000000e+04 2.020427746174391359e-05 7.019838449195958674e-06 1.489518979269632837e-07 2.649970554102765163e-07 1.389658573316410184e-04 4.558894488582154736e-07 1.712816811050288379e-05 2.473498398103401996e-06 9.772918474482139573e-07 2.011437118198955432e-06
6.650000000000000000e+04 1.956733285624068230e-05 5.893172328796936199e-06 4.012040051293297438e-07 3.631819254223955795e-07 7.795016426825895905e-05 5.013505983697541524e-07 1.387560314469737932e-05 5.229710495768813416e-07 1.080675474440795369e-06 2.122173327734344639e-06
6.700000000000000000e+04 1.947619057318661362e-05 5.281621724861906841e-06 3.004826112373848446e-07 2.892780344154743943e-07 7.779571024002507329e-05 5.164120580047892872e-07 1.224302923219511285e-05 4.565127937894430943e-07 1.076756461770855822e-06 2.109176875819684938e-06
