# step, loss_train, loss_test, metrics_test
0.000000000000000000e+00 5.453111603856086731e-02 5.975892767310142517e-02 2.530758734792470932e-03 1.193266245536506176e-03 8.824435062706470490e-04 5.492216721177101135e-02 6.539706140756607056e-02 2.274231985211372375e-03 1.801812439225614071e-03 1.848395331762731075e-03
5.000000000000000000e+02 5.042542470619082451e-04 5.791366100311279297e-02 5.374513784772716463e-05 1.191750270663760602e-04 4.146313294768333435e-03 5.259538302198052406e-04 6.575544923543930054e-02 1.610022154636681080e-04 3.107476368313655257e-05 4.820882808417081833e-03
1.000000000000000000e+03 9.875114774331450462e-04 5.713558942079544067e-02 5.096518361824564636e-05 1.140509848482906818e-04 2.526641590520739555e-03 9.350642794743180275e-04 6.481122970581054688e-02 1.068585188477300107e-04 4.352423638920299709e-05 3.189804963767528534e-03
1.500000000000000000e+03 2.643691550474613905e-04 6.637872755527496338e-02 2.902376872953027487e-04 1.033238440868444741e-04 2.646200824528932571e-03 2.291586133651435375e-04 6.411578506231307983e-02 2.584815956652164459e-04 8.142905244312714785e-06 3.109708428382873535e-03
2.000000000000000000e+03 1.908872945932671428e-04 6.482055038213729858e-02 4.553643229883164167e-04 2.658905577845871449e-04 1.880717813037335873e-03 1.017055765260010958e-04 6.311745196580886841e-02 4.558329528663307428e-04 2.800192305585369468e-05 2.322871005162596703e-03
2.500000000000000000e+03 5.441711400635540485e-04 4.400479793548583984e-02 1.136872917413711548e-03 3.330754116177558899e-03 2.234695479273796082e-03 3.379555419087409973e-04 2.930890768766403198e-02 2.729424508288502693e-03 4.840452224016189575e-03 2.365585416555404663e-03
3.000000000000000000e+03 2.607814967632293701e-04 4.353351541794836521e-04 5.622566459351219237e-05 5.622306343866512179e-05 2.085517859086394310e-03 1.346779754385352135e-04 4.175383655820041895e-04 3.286527498858049512e-05 6.673456664429977536e-05 1.697245286777615547e-03
3.500000000000000000e+03 1.697676780167967081e-04 3.479659208096563816e-04 3.528333763824775815e-05 2.216249959019478410e-05 1.358884735964238644e-03 3.129412652924656868e-05 3.027282946277409792e-04 2.403113649052102119e-05 2.151259650418069214e-05 9.668158600106835365e-04
4.000000000000000000e+03 1.045245735440403223e-04 2.892464399337768555e-04 1.123316542361862957e-05 1.151582637248793617e-05 9.952866239473223686e-04 1.039037942973664030e-05 2.728095278143882751e-04 1.682467518548946828e-05 2.038695129158440977e-05 5.938076064921915531e-04
4.500000000000000000e+03 6.638495688093826175e-05 2.559999702498316765e-04 7.627762897755019367e-06 1.116544808610342443e-05 9.524495690129697323e-04 6.645960183959687129e-06 3.253208124078810215e-04 2.293885881954338402e-05 1.122363664762815461e-05 3.575694281607866287e-04
5.000000000000000000e+03 4.449627522262744606e-05 2.060275874100625515e-04 4.488606919039739296e-06 5.021242031943984330e-06 7.796387653797864914e-04 4.704258572019170970e-06 2.806609845720231533e-04 1.410346612829016522e-05 7.033060683170333505e-06 2.050031907856464386e-04
5.500000000000000000e+03 1.367535423923982307e-05 1.488858106313273311e-04 3.736074631888186559e-06 4.025282578368205577e-06 4.149693122599273920e-04 3.607931375881889835e-06 1.482587395003065467e-04 2.231289545306935906e-05 3.201568688382394612e-06 1.245608436875045300e-04
6.000000000000000000e+03 9.907394996844232082e-06 1.097542481147684157e-04 3.659469939520931803e-06 4.446301318239420652e-06 3.481767198536545038e-04 3.004564632647088729e-06 1.094284816645085812e-04 6.681436389044392854e-06 7.261556675075553358e-06 7.425431977026164532e-05
6.500000000000000000e+03 1.557274299557320774e-05 8.144475577864795923e-05 3.274146592957549728e-06 2.958372306238743477e-06 3.512942930683493614e-04 3.096963837379007600e-06 7.551143062300980091e-05 4.248692675901111215e-06 9.438169399800244719e-06 3.750195537577383220e-05
7.000000000000000000e+03 1.447492468287236989e-05 5.449321179185062647e-05 2.563035195635166019e-06 2.669667765076155774e-06 2.781607618089765310e-04 3.005512780873687007e-06 4.878760955762118101e-05 5.191629043110879138e-06 7.516271125496132299e-06 2.444517485855612904e-05
7.500000000000000000e+03 9.565117579768411815e-06 4.741359225590713322e-05 2.439299123579985462e-06 4.244102456141263247e-06 1.607998128747567534e-04 3.406311634535086341e-06 5.715952283935621381e-05 1.954885192390065640e-06 4.874015303357737139e-06 1.719580723147373646e-05
8.000000000000000000e+03 1.062939736584667116e-05 3.645286415121518075e-05 2.079458226944552734e-06 3.120356723229633644e-06 1.443238870706409216e-04 2.905944484155043028e-06 5.362819501897320151e-05 2.096159960274235345e-06 4.179932602710323408e-06 1.416487339156446978e-05
8.500000000000000000e+03 2.016032522078603506e-05 3.416002073208801448e-05 1.422987566002120730e-06 2.739620413194643334e-06 2.492906933184713125e-04 1.965422143257455900e-06 5.300498742144554853e-05 1.038243863149546087e-05 3.645526021500700153e-06 1.171063104266067967e-05
9.000000000000000000e+03 2.040235813183244318e-05 2.997501724166795611e-05 1.236753291777858976e-06 2.127394054696196690e-06 2.342608349863439798e-04 1.300898020417662337e-06 5.147470801603049040e-05 7.097235538822133094e-06 3.779711278184549883e-06 1.026521294988924637e-05
9.500000000000000000e+03 1.706773400655947626e-05 2.126837898686062545e-05 9.196734822580765467e-07 1.688568772806320339e-06 1.375366555294021964e-04 8.780240818850870710e-07 2.436047543596941978e-05 1.680629793554544449e-05 5.503708052856381983e-06 1.056144901667721570e-05
1.000000000000000000e+04 1.812406662793364376e-05 2.009533272939734161e-05 1.110699599848885555e-06 1.365050366075593047e-06 1.285776816075667739e-04 6.697604817418323364e-07 2.162259079341311008e-05 2.204220254498068243e-05 3.814220463027595542e-06 1.000391694105928764e-05
1.050000000000000000e+04 2.415281778667122126e-05 5.427375799627043307e-05 1.018393390950222965e-06 1.035756213241256773e-06 2.249379031127318740e-04 5.295806886351783760e-07 1.079104476957581937e-04 3.300245225545950234e-06 3.834272774838609621e-06 1.013073688227450475e-05
1.100000000000000000e+04 2.932066126959398389e-05 2.583271998446434736e-05 1.149957824964076281e-06 8.012424927983374801e-07 2.006411668844521046e-04 5.184125484447577037e-07 2.969371598737780005e-05 3.528014985931804404e-06 2.671381707841646858e-06 1.065728520188713446e-05
1.150000000000000000e+04 2.014417441387195140e-05 1.690298267931211740e-05 8.394329711336467881e-07 5.147840056451968849e-07 7.148821896407753229e-05 5.815869599246070720e-07 2.985569699376355857e-05 5.756472546636359766e-06 1.457199346077686641e-06 7.544881100329803303e-06
1.200000000000000000e+04 1.778977457433938980e-05 1.596625770616810769e-05 7.689049539294501301e-07 4.840721885557286441e-07 7.144405390135943890e-05 5.805608793707506265e-07 2.698973548831418157e-05 5.401792805059812963e-06 1.361415115752606653e-06 7.157060281315352768e-06
1.250000000000000000e+04 1.765898196026682854e-05 1.301595420954981819e-05 1.231062356055190321e-06 5.560647764468740206e-07 1.341182360192760825e-04 5.671036547028052155e-07 1.694681122899055481e-05 1.990137207030784339e-06 1.594382297298579942e-06 1.078530385711928830e-05
1.300000000000000000e+04 1.872767825261689723e-05 1.331536986981518567e-05 9.487931151852535550e-07 5.826292976962577086e-07 1.257851690752431750e-04 6.014860218783724122e-07 1.698229789326433092e-05 1.148541741713415831e-06 1.462385398554033600e-06 1.046887427946785465e-05
1.350000000000000000e+04 1.769841946952510625e-05 2.056476841971743852e-05 2.700049321902042720e-07 3.884322836711362470e-07 5.348120612325146794e-05 6.469998652391950600e-07 3.004299105668906122e-05 1.635733610783063341e-06 1.526822074993106071e-06 3.375854248588439077e-06
1.400000000000000000e+04 1.625888580747414380e-05 1.813846938603091985e-05 2.277036657005737652e-07 2.862787482627027202e-07 5.347050682757981122e-05 5.702847261090937536e-07 2.125046921719331294e-05 5.315164344210643321e-07 1.138713855652895290e-06 3.061591769437654875e-06
1.450000000000000000e+04 3.250750160077586770e-05 2.306430906173773110e-05 2.946484869426058140e-07 4.844725367547653150e-07 1.986242423299700022e-04 5.794736921416188125e-07 2.538509943406097591e-05 9.993967751142918132e-07 8.538373208466509823e-07 7.352292868745280430e-06
1.500000000000000000e+04 3.286302671767771244e-05 2.208276055171154439e-05 2.585028653356857831e-07 4.826812300962046720e-07 1.915305329021066427e-04 6.075395049265353009e-07 2.449204293952789158e-05 1.096390633392729796e-06 8.683733767611556686e-07 7.625031685165595263e-06
1.550000000000000000e+04 1.710489959805272520e-05 1.395070466969627887e-05 7.217581128315941896e-07 5.679660830537613947e-07 8.960134437074884772e-05 4.996223310627101455e-07 4.526934935711324215e-05 1.556952724968141410e-06 5.106144271849188954e-07 4.905980858893599361e-06
1.600000000000000000e+04 1.686671930656302720e-05 1.327082918578526005e-05 5.062490231466654222e-07 3.742007663731783396e-07 8.667680958751589060e-05 4.318578703532693908e-07 4.579780215863138437e-05 5.860089800080459099e-07 3.395654459836805472e-07 4.518532477959524840e-06
1.650000000000000000e+04 2.815991138049867004e-05 2.112012407451402396e-05 5.378618084250774700e-07 6.576243549716309644e-07 1.260891294805333018e-04 3.545848983321775449e-07 1.948226599779445678e-05 2.549595023992878851e-07 4.225304621741088340e-07 4.780573362950235605e-06
1.700000000000000000e+04 2.969667002616915852e-05 2.099005178024526685e-05 3.519880635849403916e-07 4.331897969223064138e-07 1.189845279441215098e-04 3.172551998886774527e-07 1.909767888719215989e-05 4.145712750869279262e-07 6.086971211516356561e-07 4.332268872531130910e-06
1.750000000000000000e+04 2.857006620615720749e-05 1.559538213768973947e-05 1.514284235781815369e-07 2.781992520795029122e-07 1.197666497319005430e-04 3.305048323909431929e-07 6.962817860767245293e-05 6.292161288001807407e-06 7.527244179073022678e-07 3.314664581921533681e-06
1.800000000000000000e+04 2.849565862561576068e-05 4.279116546967998147e-05 1.925463806173866033e-07 2.541227956953662215e-07 1.142290275311097503e-04 3.350830581894115312e-07 4.632822674466297030e-05 2.218634654127527028e-05 6.008800710333161987e-07 4.881382665189448744e-06
1.850000000000000000e+04 4.092950621270574629e-05 2.492086969141382724e-05 4.333863046213082271e-07 6.819356599407910835e-07 2.188251819461584091e-04 3.000344861447956646e-07 4.680017809732817113e-05 9.331150067737326026e-06 3.597983493364154128e-07 6.720394594594836235e-06
1.900000000000000000e+04 3.992028359789401293e-05 2.551368743297643960e-05 4.181533768132794648e-07 4.527249757302342914e-07 2.123348385794088244e-04 3.024104273663397180e-07 5.232943658484145999e-05 9.637717084842734039e-06 3.976850280196231324e-07 6.862905138405039907e-06
1.950000000000000000e+04 2.758158188953530043e-05 1.562000943522434682e-05 2.131640854940997087e-07 3.127074705844279379e-07 4.182487828074954450e-05 3.053852708490012446e-07 5.167007111595012248e-05 3.886621925630606711e-06 4.953405436936009210e-07 2.776554993033641949e-06
2.000000000000000000e+04 2.405492159596178681e-05 1.400327073497464880e-05 1.331708148200050346e-07 3.078105237364070490e-07 4.276652543921954930e-05 3.967214752265135758e-07 4.628639362636022270e-05 2.920046881627058610e-06 5.098218025523237884e-07 2.795867430904763751e-06
2.050000000000000000e+04 2.153895184164866805e-05 1.142107248597312719e-05 1.309603732124742237e-07 1.254458226185306557e-07 7.846835796954110265e-05 4.792649974660889711e-07 3.786250817938707769e-05 1.436794377696060110e-06 2.090638844265413354e-07 5.000785677111707628e-06
2.100000000000000000e+04 2.161817246815189719e-05 1.122280173149192706e-05 1.330021035528261564e-07 9.115967003481273423e-08 7.428350363625213504e-05 4.226055807521333918e-07 3.756859950954094529e-05 2.544968083384446800e-06 2.526481921449885704e-07 4.898832230537664145e-06
2.150000000000000000e+04 1.515038002253277227e-05 1.785179665603209287e-05 2.697615855140611529e-07 3.411801401398406597e-07 1.780442689778283238e-04 3.840557383227860555e-07 4.028619878226891160e-05 1.074806505130254664e-06 8.207767336898541544e-07 4.135810286243213341e-06
2.200000000000000000e+04 1.599542520125396550e-05 1.766133209457620978e-05 2.461948156451398972e-07 3.604120024647272658e-07 1.714307436486706138e-04 3.548367715211497853e-07 3.994276994490064681e-05 1.088500994228525087e-06 5.615752911580784712e-07 4.161235210631275550e-06
2.250000000000000000e+04 1.816035000956617296e-05 1.157845690613612533e-05 1.942570406754384749e-07 2.647874453032272868e-07 8.980373240774497390e-05 2.883951140120188938e-07 2.369462163187563419e-05 9.576338015904184431e-07 3.423531325097428635e-07 4.207969141134526581e-06
2.300000000000000000e+04 1.652182618272490799e-05 1.004533078230451792e-05 2.290906593316321960e-07 1.520925678732965025e-07 8.716510637896135449e-05 2.932729330495931208e-07 1.673926271905656904e-05 1.719909505482064560e-06 2.965241492347558960e-07 4.991578862245660275e-06
2.350000000000000000e+04 2.647124892973806709e-05 9.727884389576502144e-06 1.218736258579156129e-07 1.488494945078855380e-07 5.383906318456865847e-05 3.700607464907079702e-07 2.123633930750656873e-05 1.261964916920987889e-05 2.198850950207997812e-07 3.785290118685225025e-06
2.400000000000000000e+04 2.470647086738608778e-05 9.317760486737824976e-06 1.359870509531901916e-07 1.354570002831678721e-07 5.208839138504117727e-05 4.737782717256777687e-07 2.354573189222719520e-05 1.368091216136235744e-05 2.546375128531508381e-07 3.995291990577243268e-06
2.450000000000000000e+04 1.521981175756081939e-05 1.207207242259755731e-05 1.711247250568703748e-07 2.906366773913759971e-07 6.339942046906799078e-05 4.423729365043982398e-07 3.538007149472832680e-05 3.227303977837436832e-06 3.370629428900429048e-07 3.999983164248988032e-06
2.500000000000000000e+04 1.455648634873796254e-05 1.144882844528183341e-05 1.443159618474965100e-07 1.975907082396588521e-07 6.217017653398215771e-05 3.973285629399470054e-07 3.388551340322010219e-05 2.603421989988419227e-06 3.793191751810809365e-07 4.059347247675759718e-06
2.550000000000000000e+04 2.030803807429037988e-05 9.874915122054517269e-06 6.646679366895114072e-07 1.772391726717614802e-07 5.491710908245295286e-05 4.163888718267116928e-07 4.464051016839221120e-05 7.538494628533953801e-07 4.576692163027473725e-07 3.916603873221902177e-06
2.600000000000000000e+04 2.001965549425221980e-05 9.397972462465986609e-06 3.020757048943778500e-07 1.792943464806739939e-07 5.118948320159688592e-05 4.444995056473999284e-07 4.283708767616190016e-05 7.969173907440563198e-07 4.756896316848724382e-07 4.022019766125595197e-06
2.650000000000000000e+04 1.650961530685890466e-05 1.280410106119234115e-05 9.983323678852684679e-08 1.191161658198325313e-07 9.720010712044313550e-05 3.919663242868409725e-07 2.673837298061698675e-05 1.550523279547633138e-06 4.571261627006606432e-07 4.334097411629045382e-06
2.700000000000000000e+04 1.707911724224686623e-05 1.157665337814250961e-05 9.148896396027339506e-08 1.102853062207032053e-07 9.065487392945215106e-05 3.933052141746884445e-07 2.202707764809019864e-05 2.001579559873789549e-06 4.949617391503124963e-07 3.996528448624303564e-06
2.750000000000000000e+04 2.181921445298939943e-05 1.067040648194961250e-05 9.221476915399762220e-08 7.558433878784853732e-08 4.958165300195105374e-05 3.114822959560115123e-07 2.579005740699358284e-05 4.980095695827913005e-07 1.945966516814223723e-07 2.042124606305151246e-06
2.800000000000000000e+04 1.862671706476248801e-05 9.694641448731999844e-06 8.067532064615079435e-08 3.167894035982499190e-08 4.841577901970595121e-05 3.061430504658346763e-07 2.306801252416335046e-05 4.730507896510971477e-07 7.314854428841499612e-07 1.960269401024561375e-06
2.850000000000000000e+04 2.477317502780351788e-05 1.263221201952546835e-05 3.967290354012220632e-07 1.078108553542733716e-07 1.450165582355111837e-04 3.550532312601717422e-07 1.640459777263458818e-05 4.057013427427591523e-07 1.165243929790449329e-06 3.568277179510914721e-06
2.900000000000000000e+04 2.423453770461492240e-05 1.258815791516099125e-05 3.037982310161169153e-07 1.014301389545835264e-07 1.425080117769539356e-04 3.322599297916895011e-07 1.715182770567480475e-05 4.556212047646113206e-07 1.096807295652979519e-06 3.596288706830819137e-06
2.950000000000000000e+04 1.238397635461296886e-05 1.072730719897663221e-05 8.700485665258383960e-08 1.019715725192327227e-07 4.725493636215105653e-05 2.936631346983631374e-07 2.825860065058805048e-05 2.122545481597626349e-07 5.546742158912820742e-07 1.414286430190259125e-06
3.000000000000000000e+04 1.223192612087586895e-05 9.428314115211833268e-06 8.179738131275371416e-08 1.060933030316846271e-07 4.570041710394434631e-05 2.849798192983143963e-07 2.684610262804199010e-05 1.504767936921780347e-07 5.795203037450846750e-07 1.336226546300167684e-06
3.050000000000000000e+04 1.928095116454642266e-05 1.010510550258914009e-05 4.914933171562552161e-08 2.086315191718313145e-07 8.823468670016154647e-05 3.575297284896805650e-07 2.264735485368873924e-05 9.028731824400892947e-07 1.272847157451906241e-06 2.869944182748440653e-06
3.100000000000000000e+04 1.803940540412440896e-05 9.529407179797999561e-06 6.255585560666077072e-08 2.085023567133248434e-07 8.494918438373133540e-05 3.826112902061140630e-07 2.367860361118800938e-05 4.647230070986552164e-06 1.054178483173018321e-06 2.843441507138777524e-06
3.150000000000000000e+04 1.207628338306676596e-05 5.810960374219575897e-06 3.745195442661497509e-08 7.323045281282247743e-08 6.563176430063322186e-05 3.588747006233461434e-07 1.645722295506857336e-05 8.797807140581426211e-07 1.014416397993045393e-06 2.776298742901417427e-06
3.200000000000000000e+04 1.087767395802075043e-05 6.264592229854315519e-06 4.020903432433442504e-08 6.553925402386084897e-08 6.555570871569216251e-05 3.328594857521238737e-07 1.557285213493742049e-05 2.828098104146192782e-06 1.397098913002992049e-06 2.573172423581127077e-06
3.250000000000000000e+04 9.144068826572038233e-06 2.771441177173983306e-05 5.869168262506718747e-07 1.395160467154710204e-07 5.885762584512121975e-05 2.741853109000658151e-07 4.273917875252664089e-05 1.071008318831445649e-05 2.112311250357379322e-07 1.639641936890257057e-06
3.300000000000000000e+04 8.293680366477929056e-06 7.103659754648106173e-06 2.619578935991739854e-07 1.456107696640174254e-07 5.630591113003902137e-05 2.197635637912753737e-07 1.158135182777186856e-05 8.917824743548408151e-06 7.320348771600038162e-08 1.483685650782717858e-06
3.350000000000000000e+04 1.411986795574193820e-05 7.748889402137137949e-06 7.246628541679456248e-08 1.885013887203967897e-07 6.929412484169006348e-05 2.588049312635121169e-07 2.144779318768996745e-05 7.705860980422585271e-07 3.792204665842291433e-07 2.181111312893335707e-06
3.400000000000000000e+04 1.276297462027287111e-05 7.539006219303701073e-06 7.244712918463847018e-08 1.658066253185097594e-07 6.677326746284961700e-05 2.737857869306026259e-07 2.236712316516786814e-05 7.141107403185742442e-07 3.733894970991968876e-07 2.169619847336434759e-06
3.450000000000000000e+04 1.586179496371187270e-05 6.951263912924332544e-06 3.631770795209376956e-08 2.871886408684076741e-07 5.701721966033801436e-05 2.458247365666466067e-07 2.823471368174068630e-05 1.795346747712756041e-06 4.098322676782117924e-07 2.911540377681376413e-06
3.500000000000000000e+04 1.409624655934749171e-05 6.667626166745321825e-06 2.799251497265231592e-08 1.930730064714225591e-07 5.632847751257941127e-05 2.173277238171067438e-07 2.694708928174804896e-05 1.946954398590605706e-06 3.571161357740493258e-07 3.370334070496028289e-06
3.550000000000000000e+04 1.579140007379464805e-05 5.748015155404573306e-06 6.086004589178628521e-08 1.230473571922630072e-07 6.234771717572584748e-05 1.805416474098819890e-07 1.271590463147731498e-05 8.373090167879126966e-06 4.536751987416209886e-07 3.955105967179406434e-06
3.600000000000000000e+04 1.647864883125294000e-05 5.744961526943370700e-06 3.752786170707622659e-08 1.142384036256771651e-07 5.853090260643512011e-05 1.677649663633928867e-07 1.386096027999883518e-05 4.760615411214530468e-06 5.197357495489995927e-07 3.955074589612195268e-06
3.650000000000000000e+04 1.818076452764216810e-05 8.692810297361575067e-06 5.978161254915903555e-08 6.340616920397224021e-08 8.671415707794949412e-05 1.641717517486540601e-07 1.542132667964324355e-05 1.506714738752634730e-06 3.861383390812989092e-08 5.000906185159692541e-06
3.700000000000000000e+04 1.718906969472300261e-05 8.341705324710346758e-06 4.685995946829280001e-08 6.222953885526294471e-08 8.509936742484569550e-05 1.562411000577412779e-07 1.539969889563508332e-05 1.649923319746449124e-06 2.902430829010427260e-08 5.033368779550073668e-06
3.750000000000000000e+04 1.513359620730625466e-05 9.477575986238662153e-06 6.866153512419259641e-08 1.105698217429562646e-07 9.524702181806787848e-05 1.592465963540234952e-07 2.538779699534643441e-05 1.259210057469317690e-05 1.716612274549333961e-07 1.537159050712944008e-06
3.800000000000000000e+04 1.415517544955946505e-05 8.787243132246658206e-06 5.594266383468493586e-08 9.826310076732625021e-08 9.361444972455501556e-05 1.560719624649209436e-07 2.531497921154368669e-05 1.694362617854494601e-05 3.443262812652392313e-07 1.367658228446089197e-06
3.850000000000000000e+04 9.010540452436544001e-06 7.162188467191299424e-06 3.362812321938690729e-07 3.963114281191337795e-08 6.520032911794260144e-05 1.370854647575470153e-07 2.153783134417608380e-05 2.645978565851692110e-05 1.399548068548028823e-07 2.204089696533628739e-06
3.900000000000000000e+04 9.007638254843186587e-06 7.121969247236847878e-06 2.215742256339581218e-07 3.172899099013193336e-08 6.215301982592791319e-05 1.341312838576413924e-07 2.152892375306691974e-05 1.819351382437162101e-05 2.039576116885655210e-07 2.141668801414198242e-06
3.950000000000000000e+04 1.513239385531051084e-05 6.226831828826107085e-06 1.040670269958354766e-07 6.480796344021655386e-08 4.959560101269744337e-05 1.353320016050929553e-07 1.605417673999909312e-05 1.032589239002845716e-06 3.024580337296356447e-07 1.719821057122317143e-06
4.000000000000000000e+04 1.375235297018662095e-05 7.270047262863954529e-06 5.816710313411022071e-08 9.472321238490621909e-08 4.827244629268534482e-05 1.299022045486708521e-07 1.777469697117339820e-05 1.375398483105527703e-06 2.031251256084942725e-07 1.952066895682946779e-06
