# step, loss_train, loss_test, metrics_test
0.000000000000000000e+00 2.216399274766445160e-02 5.722318217158317566e-02 4.712477698922157288e-02 6.771403830498456955e-03 1.426345948129892349e-02 2.239377237856388092e-02 6.425123661756515503e-02 8.482461795210838318e-03 5.137078464031219482e-03 1.508238818496465683e-02
5.000000000000000000e+02 1.241983100771903992e-02 5.898025259375572205e-02 2.086686715483665466e-02 3.281067125499248505e-03 9.190225042402744293e-03 1.249802578240633011e-02 6.745501607656478882e-02 9.751647012308239937e-04 2.841267269104719162e-03 9.968183934688568115e-03
1.000000000000000000e+03 6.982900202274322510e-03 6.089721620082855225e-02 9.015186689794063568e-03 1.429772586561739445e-03 5.953412037342786789e-03 6.998912431299686432e-03 7.095227390527725220e-02 2.570675278548151255e-04 1.507010078057646751e-03 6.712044589221477509e-03
1.500000000000000000e+03 4.238000139594078064e-03 7.444564253091812134e-02 5.270396824926137924e-03 5.187143688090145588e-04 4.443137906491756439e-03 4.154311027377843857e-03 7.256877422332763672e-02 1.805322011932730675e-03 8.473113412037491798e-04 5.095565225929021835e-03
2.000000000000000000e+03 2.918594051152467728e-03 7.386767864227294922e-02 3.152219578623771667e-03 2.379531651968136430e-04 4.156689159572124481e-03 2.855296013876795769e-03 7.258145511150360107e-02 3.194711171090602875e-03 5.359306233003735542e-04 4.795615561306476593e-03
2.500000000000000000e+03 2.490478334948420525e-03 8.631478995084762573e-02 2.450021682307124138e-03 1.649186306167393923e-04 4.837932996451854706e-03 2.464433899149298668e-03 7.092405855655670166e-02 3.144576447084546089e-03 4.219031252432614565e-04 5.374152213335037231e-03
3.000000000000000000e+03 2.046175766736268997e-03 8.536159992218017578e-02 1.998572377488017082e-03 1.225585147039964795e-04 5.338602699339389801e-03 2.030669478699564934e-03 7.010436058044433594e-02 3.125890856608748436e-03 3.442344022914767265e-04 5.836617667227983475e-03
3.500000000000000000e+03 2.303284360095858574e-03 6.965794414281845093e-02 1.198581187054514885e-03 6.789837061660364270e-05 4.638937301933765411e-03 2.327083609998226166e-03 6.983301788568496704e-02 3.911426290869712830e-03 1.105843257391825318e-04 5.226856097579002380e-03
4.000000000000000000e+03 2.103375969454646111e-03 6.922540068626403809e-02 9.525985806249082088e-04 6.962491170270368457e-05 4.636239260435104370e-03 2.130501437932252884e-03 6.932339817285537720e-02 3.296930342912673950e-03 9.457569831283763051e-05 5.221224389970302582e-03
4.500000000000000000e+03 5.789449205622076988e-04 5.459917336702346802e-02 7.653480279259383678e-04 1.350790262222290039e-04 4.000269342213869095e-03 5.730755510739982128e-04 7.233404368162155151e-02 3.222750499844551086e-03 2.061555132968351245e-04 4.634812474250793457e-03
5.000000000000000000e+03 4.820368776563555002e-04 5.459462106227874756e-02 6.415784591808915138e-04 1.368337689200416207e-04 3.938236739486455917e-03 4.772513930220156908e-04 7.212143391370773315e-02 2.663453342393040657e-03 2.021892141783609986e-04 4.572609439492225647e-03
5.500000000000000000e+03 4.992274334654211998e-04 5.969427153468132019e-02 5.149050848558545113e-04 9.376651723869144917e-05 4.104845225811004639e-03 4.950586007907986641e-04 7.110363245010375977e-02 1.807832974009215832e-03 2.492722123861312866e-04 4.640493076294660568e-03
6.000000000000000000e+03 4.356090212240815163e-04 5.960560962557792664e-02 4.048362607136368752e-04 9.710755693959072232e-05 4.063033033162355423e-03 4.324954934418201447e-04 7.067950069904327393e-02 1.408048789016902447e-03 2.536358952056616545e-04 4.601389169692993164e-03
6.500000000000000000e+03 3.651969600468873978e-04 6.117061153054237366e-02 3.487336216494441032e-04 9.012705413624644279e-05 4.383287392556667328e-03 3.479598672129213810e-04 6.974455714225769043e-02 9.175463928841054440e-04 3.179958439432084560e-04 4.989313427358865738e-03
7.000000000000000000e+03 3.170996205881237984e-04 6.104144454002380371e-02 2.786859695333987474e-04 9.241959924111142755e-05 4.425421357154846191e-03 2.998467534780502319e-04 6.938235461711883545e-02 7.047884864732623100e-04 3.123919013887643814e-04 5.029321182519197464e-03
7.500000000000000000e+03 5.300157354213297367e-04 7.496315240859985352e-02 2.821577945724129677e-04 1.166191796073690057e-04 5.404622294008731842e-03 5.278527969494462013e-04 6.736151874065399170e-02 5.226092180237174034e-04 2.406687854090705514e-04 5.948552396148443222e-03
8.000000000000000000e+03 4.742843157146126032e-04 7.472951710224151611e-02 2.098928962368518114e-04 1.267710904357954860e-04 5.498975981026887894e-03 4.678044642787426710e-04 6.701429188251495361e-02 3.405286115594208241e-04 2.357669436605647206e-04 6.038292776793241501e-03
8.500000000000000000e+03 2.625232737045735121e-04 5.760229751467704773e-02 1.183441563625819981e-04 1.502084342064335942e-04 4.109228495508432388e-03 2.469668688718229532e-04 6.868317723274230957e-02 2.642166800796985626e-04 1.949962170328944921e-04 4.774567671120166779e-03
9.000000000000000000e+03 2.846113638952374458e-04 5.764957517385482788e-02 1.011814165394753218e-04 1.506461558165028691e-04 3.955065738409757614e-03 2.684940409380942583e-04 6.853521615266799927e-02 1.541344536235556006e-04 1.740466104820370674e-04 4.624885972589254379e-03
9.500000000000000000e+03 4.690656787715852261e-04 5.514075979590415955e-02 5.692070408258587122e-05 1.648111501708626747e-04 3.856066614389419556e-03 4.593457852024585009e-04 6.780323386192321777e-02 1.132642137235961854e-04 1.151861433754675090e-04 4.522508475929498672e-03
1.000000000000000000e+04 4.884052905254065990e-04 5.508373677730560303e-02 4.534433901426382363e-05 1.675139792496338487e-04 3.784755943343043327e-03 4.729812208097428083e-04 6.754978001117706299e-02 5.038237577537074685e-05 1.113677280955016613e-04 4.453416448086500168e-03
1.050000000000000000e+04 4.868287069257348776e-04 5.694340169429779053e-02 8.720881305634975433e-05 1.769864902598783374e-04 3.886199556291103363e-03 4.594528581947088242e-04 6.729026138782501221e-02 6.377472914209647570e-07 1.677544642006978393e-04 4.402854014188051224e-03
1.100000000000000000e+04 5.054995417594909668e-04 5.687754973769187927e-02 8.686306682648137212e-05 1.771582174114882946e-04 3.835933282971382141e-03 4.722312150988727808e-04 6.708979606628417969e-02 3.418361302465200424e-06 1.616990630282089114e-04 4.354878794401884079e-03
1.150000000000000000e+04 8.582819718867540359e-04 6.815974414348602295e-02 8.207553764805197716e-05 1.446846727048978209e-04 4.551190417259931564e-03 8.303038775920867920e-04 6.557249277830123901e-02 2.156330992875155061e-05 1.297419657930731773e-04 5.109946709126234055e-03
1.200000000000000000e+04 9.030971559695899487e-04 6.802392005920410156e-02 8.837084169499576092e-05 1.429671974619850516e-04 4.475776571780443192e-03 8.622716995887458324e-04 6.535327434539794922e-02 6.167298852233216166e-05 1.136629362008534372e-04 5.036592483520507812e-03
1.250000000000000000e+04 7.886760868132114410e-04 7.118135690689086914e-02 6.729998131049796939e-05 1.733873068587854505e-04 4.643010906875133514e-03 7.360692252404987812e-04 6.527718901634216309e-02 4.586601426126435399e-05 8.905259892344474792e-05 5.265063140541315079e-03
1.300000000000000000e+04 8.003623224794864655e-04 7.111813873052597046e-02 7.566280692117288709e-05 1.798862795112654567e-04 4.575116559863090515e-03 7.412658887915313244e-04 6.519423425197601318e-02 5.728893302148208022e-05 7.863996142987161875e-05 5.197949707508087158e-03
1.350000000000000000e+04 7.397675071842968464e-04 6.624797731637954712e-02 8.019711822271347046e-05 1.412647834513336420e-04 4.607303533703088760e-03 6.708455039188265800e-04 6.513891369104385376e-02 9.157216845778748393e-05 6.476431008195504546e-05 5.182881373912096024e-03
1.400000000000000000e+04 7.387213991023600101e-04 6.619685143232345581e-02 8.634935511508956552e-05 1.305694895563647151e-04 4.551288671791553497e-03 6.690892041660845280e-04 6.505369395017623901e-02 1.175229772343300283e-04 4.642899875761941075e-05 5.127740558236837387e-03
1.450000000000000000e+04 6.465769256465137005e-04 6.476384401321411133e-02 1.170272444142028689e-04 1.152638942585326731e-04 4.041810054332017899e-03 5.785660468973219395e-04 6.534349173307418823e-02 1.565679121995344758e-04 3.532144182827323675e-05 4.597346298396587372e-03
1.500000000000000000e+04 6.383724394254386425e-04 6.470870971679687500e-02 1.234554074471816421e-04 1.109982622438110411e-04 3.989610355347394943e-03 5.706648225896060467e-04 6.529356539249420166e-02 1.621255069039762020e-04 2.936436612799298018e-05 4.544027149677276611e-03
1.550000000000000000e+04 5.269662360660731792e-04 5.231143161654472351e-02 1.045909084496088326e-04 1.183365675387904048e-04 2.789953723549842834e-03 4.688118060585111380e-04 6.698958575725555420e-02 7.793020631652325392e-05 1.700867323961574584e-05 3.443585010245442390e-03
1.600000000000000000e+04 5.043903365731239319e-04 5.231233313679695129e-02 9.997190500143915415e-05 1.084924806491471827e-04 2.772832754999399185e-03 4.499505157582461834e-04 6.706911325454711914e-02 6.117374141467735171e-05 1.666490425122901797e-05 3.425508271902799606e-03
1.650000000000000000e+04 3.787855675909668207e-04 6.761313974857330322e-02 1.059012283803895116e-04 1.334990229224786162e-04 4.253152757883071899e-03 3.251588495913892984e-04 6.595021486282348633e-02 4.059145067003555596e-05 2.207893339800648391e-05 4.692350979894399643e-03
1.700000000000000000e+04 3.483611799310892820e-04 6.750109791755676270e-02 1.076396147254854441e-04 1.382099435431882739e-04 4.277289845049381256e-03 3.000506840180605650e-04 6.608741730451583862e-02 2.477957787050399929e-05 2.351080729567911476e-05 4.709690809249877930e-03
1.750000000000000000e+04 3.641366783995181322e-04 6.583607196807861328e-02 1.000601550913415849e-04 1.122300454881042242e-04 3.059203736484050751e-03 3.244210383854806423e-04 6.718347221612930298e-02 3.594292502384632826e-05 1.915221764647867531e-05 3.680835943669080734e-03
1.800000000000000000e+04 3.675610641948878765e-04 6.581974029541015625e-02 1.012303837342187762e-04 1.032217987813055515e-04 3.003532066941261292e-03 3.278830554336309433e-04 6.710648536682128906e-02 4.532568345894105732e-05 1.957958738785237074e-05 3.625221550464630127e-03
1.850000000000000000e+04 2.470035979058593512e-04 5.254909023642539978e-02 1.559123920742422342e-04 7.080489740474149585e-05 2.427301602438092232e-03 2.122516161762177944e-04 6.942741572856903076e-02 6.341568951029330492e-05 1.382277514494489878e-05 3.032180247828364372e-03
1.900000000000000000e+04 2.184733893955126405e-04 5.249692127108573914e-02 1.572511973790824413e-04 6.788858445361256599e-05 2.425808226689696312e-03 1.883077929960563779e-04 6.959099322557449341e-02 5.085242082714103162e-05 1.278112540603615344e-05 3.027606755495071411e-03
1.950000000000000000e+04 3.699254011735320091e-04 6.305467337369918823e-02 9.401288116350769997e-05 1.056071487255394459e-04 3.481649095192551613e-03 3.375660744495689869e-04 6.632559001445770264e-02 2.083997242152690887e-05 1.917630834213923663e-05 4.028408788144588470e-03
2.000000000000000000e+04 3.922437899746000767e-04 6.299559772014617920e-02 1.019760020426474512e-04 1.108880023821257055e-04 3.407313022762537003e-03 3.550884721335023642e-04 6.618446856737136841e-02 2.792870509438216686e-05 2.015397876675706357e-05 3.954181913286447525e-03
2.050000000000000000e+04 5.149134085513651371e-04 6.842193752527236938e-02 1.535118644824251533e-04 7.160720269894227386e-05 3.762715728953480721e-03 4.709786735475063324e-04 6.520878523588180542e-02 1.051142389769665897e-04 2.436685099382884800e-05 4.279748536646366119e-03
2.100000000000000000e+04 5.486443405970931053e-04 6.831469386816024780e-02 1.712409866740927100e-04 7.992706377990543842e-05 3.649958176538348198e-03 4.986452404409646988e-04 6.502572447061538696e-02 1.461942156311124563e-04 2.699334800126962364e-05 4.166803322732448578e-03
2.150000000000000000e+04 6.651851581409573555e-04 6.045215949416160583e-02 1.634963118704035878e-04 1.222514692926779389e-04 2.811230486258864403e-03 5.964713636785745621e-04 6.544711440801620483e-02 1.043570591718889773e-04 2.885728099499829113e-05 3.387080039829015732e-03
2.200000000000000000e+04 6.797848618589341640e-04 6.040272861719131470e-02 1.698197593213990331e-04 1.200712576974183321e-04 2.726802835240960121e-03 6.078127189539372921e-04 6.530510634183883667e-02 1.281435106648132205e-04 3.568419560906477273e-05 3.303693607449531555e-03
2.250000000000000000e+04 9.954667184501886368e-04 6.928948312997817993e-02 1.836445590015500784e-04 2.245347131974995136e-04 4.444158170372247696e-03 9.215520112775266171e-04 6.501602381467819214e-02 7.473921868950128555e-05 1.038609625538811088e-04 4.918646067380905151e-03
2.300000000000000000e+04 1.021403935737907887e-03 6.912104785442352295e-02 1.781049213605001569e-04 2.531609789002686739e-04 4.368340130895376205e-03 9.379899711348116398e-04 6.514392048120498657e-02 6.555900472449138761e-05 1.362824987154453993e-04 4.841264337301254272e-03
2.350000000000000000e+04 1.180542167276144028e-03 5.696518719196319580e-02 1.088647695723921061e-04 2.034531498793512583e-04 2.325084060430526733e-03 1.076742890290915966e-03 6.487678736448287964e-02 9.671723819337785244e-05 1.626022130949422717e-04 2.924885833635926247e-03
2.400000000000000000e+04 1.308335689827799797e-03 5.688391625881195068e-02 1.097540225600823760e-04 1.768926304066553712e-04 2.105806721374392509e-03 1.188769005239009857e-03 6.475768238306045532e-02 1.334838743787258863e-04 1.771384559106081724e-04 2.718311734497547150e-03
2.450000000000000000e+04 8.321690838783979416e-04 5.477020144462585449e-02 1.351601677015423775e-04 1.390380930388346314e-04 1.456979545764625072e-03 7.523630047217011452e-04 6.620956212282180786e-02 1.508991408627480268e-04 1.086384363588877022e-04 2.157018519937992096e-03
2.500000000000000000e+04 7.883911021053791046e-04 5.479056015610694885e-02 1.322017051279544830e-04 1.300499716307967901e-04 1.436401624232530594e-03 7.131616002880036831e-04 6.625347584486007690e-02 1.536638010293245316e-04 1.095090919989161193e-04 2.135767368599772453e-03
2.550000000000000000e+04 6.814404623582959175e-04 5.972406640648841858e-02 2.197147259721532464e-04 1.110780431190505624e-04 2.883225213736295700e-03 6.066404166631400585e-04 6.475643068552017212e-02 1.407325180480256677e-04 8.524885924998670816e-05 3.395767882466316223e-03
2.600000000000000000e+04 6.052191019989550114e-04 5.957631021738052368e-02 2.098564145853742957e-04 1.201874983962625265e-04 2.950999187305569649e-03 5.400828085839748383e-04 6.484920531511306763e-02 1.122202738770283759e-04 9.450317884329706430e-05 3.452011849731206894e-03
2.650000000000000000e+04 6.001064321026206017e-04 4.895936697721481323e-02 1.587551378179341555e-04 9.284404222853481770e-05 1.894802553579211235e-03 5.428349832072854042e-04 6.566686928272247314e-02 1.403377536917105317e-04 8.681904728291556239e-05 2.557704690843820572e-03
2.700000000000000000e+04 6.034967955201864243e-04 4.895414039492607117e-02 1.641840790398418903e-04 8.376467303605750203e-05 1.824522274546325207e-03 5.457199295051395893e-04 6.557456403970718384e-02 1.626280427444726229e-04 7.908199768280610442e-05 2.489089267328381538e-03
2.750000000000000000e+04 1.147289411164820194e-03 5.746958777308464050e-02 1.954257022589445114e-04 1.135445418185554445e-04 1.789149595424532890e-03 1.043833675794303417e-03 6.457787007093429565e-02 1.823171187425032258e-04 1.038106129271909595e-04 2.419234719127416611e-03
2.800000000000000000e+04 1.260558259673416615e-03 5.733223631978034973e-02 1.893184817163273692e-04 1.100518784369342029e-04 1.671229023486375809e-03 1.132905133999884129e-03 6.442901492118835449e-02 2.004890411626547575e-04 9.824338485486805439e-05 2.305853646248579025e-03
2.850000000000000000e+04 6.249485886655747890e-04 5.459521710872650146e-02 1.544962724437937140e-04 9.510419477010145783e-05 1.979416934773325920e-03 5.571888177655637264e-04 6.483564525842666626e-02 2.279453183291479945e-04 6.962879706406965852e-05 2.571150660514831543e-03
2.900000000000000000e+04 5.074486834928393364e-04 5.450663343071937561e-02 1.675913954386487603e-04 1.036206886055879295e-04 2.023879438638687134e-03 4.554312909021973610e-04 6.485307216644287109e-02 2.591001393739134073e-04 7.616369111929088831e-05 2.607203088700771332e-03
2.950000000000000000e+04 4.461846547201275826e-04 6.068374589085578918e-02 1.708964991848915815e-04 1.525605330243706703e-04 2.496840432286262512e-03 4.090456059202551842e-04 6.444796174764633179e-02 2.527494798414409161e-04 1.431293640052899718e-04 3.022197168320417404e-03
3.000000000000000000e+04 4.090896400157362223e-04 6.058228015899658203e-02 1.823688799049705267e-04 1.679993292782455683e-04 2.457632916048169136e-03 3.788431058637797832e-04 6.441408395767211914e-02 2.875383070204406977e-04 1.714029640424996614e-04 2.977348864078521729e-03
3.050000000000000000e+04 5.057384259998798370e-04 5.691208317875862122e-02 3.609805135056376457e-04 7.923628436401486397e-05 2.293539699167013168e-03 4.558642685879021883e-04 6.390961259603500366e-02 5.392087041400372982e-04 6.990310794208198786e-05 2.781077055260539055e-03
3.100000000000000000e+04 5.025159916840493679e-04 5.666076019406318665e-02 4.220192786306142807e-04 8.167968189809471369e-05 2.245694398880004883e-03 4.526331904344260693e-04 6.364301592111587524e-02 6.322110421024262905e-04 7.011422712821513414e-05 2.731455722823739052e-03
3.150000000000000000e+04 2.328677364857867360e-04 5.590559914708137512e-02 2.718904579523950815e-04 8.767245162744075060e-05 1.857423223555088043e-03 2.335800090804696083e-04 6.581233441829681396e-02 5.214924458414316177e-04 5.378202331485226750e-05 2.402947982773184776e-03
3.200000000000000000e+04 1.863342331489548087e-04 5.572479963302612305e-02 2.866179565899074078e-04 9.928295185090973973e-05 1.918018911965191364e-03 1.861415512394160032e-04 6.597620248794555664e-02 5.473257624544203281e-04 5.448711090139113367e-05 2.453824039548635483e-03
3.250000000000000000e+04 3.089349484071135521e-04 5.455352365970611572e-02 3.633896994870156050e-04 1.238789554918184876e-04 1.810901332646608353e-03 2.880908723454922438e-04 6.442918628454208374e-02 5.494275246746838093e-04 9.139454050455242395e-05 2.372441347688436508e-03
3.300000000000000000e+04 3.274233604315668344e-04 5.450420454144477844e-02 3.529612731654196978e-04 1.277235714951530099e-04 1.743446104228496552e-03 3.041207964997738600e-04 6.422373652458190918e-02 5.688627134077250957e-04 9.949701052391901612e-05 2.307790331542491913e-03
3.350000000000000000e+04 2.244778734166175127e-04 5.063304305076599121e-02 2.472870692145079374e-04 2.102448779623955488e-04 1.809060922823846340e-03 2.127833722624927759e-04 6.530561298131942749e-02 3.093565755989402533e-04 9.527913789497688413e-05 2.335176803171634674e-03
3.400000000000000000e+04 2.130179200321435928e-04 5.058957263827323914e-02 1.989935844903811812e-04 2.132000372512266040e-04 1.805050880648195744e-03 2.031252370215952396e-04 6.544107198715209961e-02 2.501976268831640482e-04 8.605943003203719854e-05 2.327359979972243309e-03
3.450000000000000000e+04 2.696210285648703575e-04 5.358648672699928284e-02 1.052715160767547786e-04 3.104797797277569771e-04 1.669756602495908737e-03 2.536228857934474945e-04 6.521167606115341187e-02 1.893017324618995190e-04 1.697998959571123123e-04 2.181841759011149406e-03
3.500000000000000000e+04 2.701004850678145885e-04 5.350217595696449280e-02 8.420812810072675347e-05 3.165035450365394354e-04 1.635411987081170082e-03 2.541188150644302368e-04 6.529249250888824463e-02 1.571105385664850473e-04 2.084939769702032208e-04 2.149039879441261292e-03
3.550000000000000000e+04 2.614776021800935268e-04 5.850274860858917236e-02 1.018212933558970690e-04 2.817070344462990761e-04 1.356742694042623043e-03 2.438940573483705521e-04 6.545041501522064209e-02 2.430197637295350432e-04 2.404022961854934692e-04 1.982493791729211807e-03
3.600000000000000000e+04 2.439300587866455317e-04 5.838546901941299438e-02 1.178258971776813269e-04 3.062770701944828033e-04 1.335977343842387199e-03 2.259887114632874727e-04 6.524659693241119385e-02 2.973499940708279610e-04 2.584118337836116552e-04 1.959722256287932396e-03
3.650000000000000000e+04 6.575488368980586529e-04 7.350493222475051880e-02 4.558376967906951904e-04 2.741652133408933878e-04 2.718032104894518852e-03 5.693183047696948051e-04 6.398291885852813721e-02 8.964706212282180786e-04 3.003666934091597795e-04 3.118652384728193283e-03
3.700000000000000000e+04 6.743857520632445812e-04 7.325694710016250610e-02 5.203546606935560703e-04 2.746804384514689445e-04 2.659949939697980881e-03 5.778294289484620094e-04 6.387055665254592896e-02 1.007463550195097923e-03 3.001503064297139645e-04 3.059349488466978073e-03
