# step, loss_train, loss_test, metrics_test
0.000000000000000000e+00 2.216398529708385468e-02 5.722318217158317566e-02 4.712476581335067749e-02 6.771403830498456955e-03 1.426346134394407272e-02 2.239376865327358246e-02 6.425124406814575195e-02 8.482461795210838318e-03 5.137080792337656021e-03 1.508238818496465683e-02
5.000000000000000000e+02 8.413575415033847094e-05 1.242880971403792500e-04 7.366361387539654970e-06 3.225400405426626094e-06 5.689800018444657326e-04 2.148896783182863146e-06 1.335161505267024040e-04 9.840185157372616231e-06 4.804893251275643706e-06 3.207943518646061420e-04
1.000000000000000000e+03 2.428020707156974822e-05 6.948884401936084032e-05 1.830959831750078592e-06 6.581441311936941929e-07 2.321493811905384064e-04 1.743906494766633841e-07 6.108379602665081620e-05 9.260896263185713906e-07 1.749287008578903624e-07 1.402153247909154743e-05
1.500000000000000000e+03 2.416304050711914897e-05 6.515905261039733887e-05 1.875629209280305076e-06 6.326509947029990144e-07 2.199783048126846552e-04 2.712231434998102486e-07 6.506665522465482354e-05 2.362811756029259413e-06 1.110922340785691631e-07 5.947331828792812303e-06
2.000000000000000000e+03 3.577794632292352617e-05 5.543155566556379199e-05 5.891487830922415014e-07 8.510723432664235588e-07 1.587894366821274161e-04 1.214970239971080446e-07 4.611313124769367278e-05 5.912532401453063358e-07 8.943442963982306537e-08 7.082140200509456918e-06
2.500000000000000000e+03 7.762208952044602484e-06 5.445126589620485902e-05 9.398509973834734410e-06 5.712577149097342044e-06 3.721023385878652334e-04 1.046749275701586157e-06 3.156325328745879233e-05 2.425733782729366794e-06 1.103890099329873919e-06 6.104398198658600450e-05
3.000000000000000000e+03 2.965092062368057668e-05 3.342691343277692795e-04 9.104855394070909824e-07 5.776530088041909039e-05 2.816490887198597193e-04 3.578654741431819275e-07 5.532912909984588623e-04 4.083400142462778604e-07 9.489885087532456964e-06 1.185658402391709387e-05
3.500000000000000000e+03 3.710583041538484395e-05 4.684049054048955441e-05 8.123261068249121308e-07 5.791047783532121684e-07 1.741312735248357058e-04 1.171964356672106078e-07 4.380997415864840150e-05 1.170262066807481460e-06 5.942087568655551877e-07 5.668181984219700098e-06
4.000000000000000000e+03 3.509015004965476692e-05 2.611741183500271291e-05 9.477263915869116317e-07 2.557991649609903106e-07 1.562269171699881554e-04 6.326033030745747965e-08 1.280953165405662730e-05 1.583184257469838485e-06 2.148519371303336811e-07 2.594520537968492135e-06
4.500000000000000000e+03 1.700863940641283989e-04 1.619656570255756378e-03 4.576399078359827399e-06 2.808810677379369736e-04 1.037339447066187859e-03 9.410285173316879082e-08 1.896617817692458630e-03 6.538112415910291020e-07 2.331795112695544958e-04 4.667242174036800861e-04
5.000000000000000000e+03 7.879727490944787860e-05 2.906408044509589672e-04 1.031446458910068031e-06 4.147674189880490303e-06 3.622952790465205908e-04 1.227557699934322955e-08 1.623717253096401691e-04 3.717374283951357938e-07 3.242329000840982189e-07 2.550845601945184171e-05
5.500000000000000000e+03 1.009033348964294419e-05 1.278439412999432534e-05 7.452998573853619746e-08 2.206019900086175767e-07 7.008091051829978824e-05 2.393396414390736027e-08 4.170744796283543110e-05 3.608160170642804587e-08 2.642223364546225639e-07 1.893446892609063070e-06
6.000000000000000000e+03 8.890036951925139874e-06 2.509984915377572179e-05 2.374010961148087517e-07 6.700619792354700621e-08 6.680812657577916980e-05 1.662383475320439175e-08 2.270918412250466645e-05 1.123339927744382294e-07 2.098782516668507014e-07 3.542222202668199316e-06
6.500000000000000000e+03 5.696202424587681890e-05 2.688629610929638147e-04 1.310328343606670387e-06 1.483363575971452519e-06 5.614092879113741219e-05 1.200981358806529897e-07 3.897373680956661701e-04 6.063560817892721388e-07 3.197420028300257400e-06 6.113685230957344174e-06
7.000000000000000000e+03 1.186212102766148746e-05 2.114621202053967863e-05 4.086506422140701034e-08 1.457115814673670684e-07 1.541647907288279384e-05 1.542045424685056787e-07 7.725094474153593183e-05 3.674021797905879794e-08 4.814472731595742516e-07 6.118734290794236585e-06
7.500000000000000000e+03 2.969107981698471121e-06 1.685865208855830133e-05 6.540136610055924393e-08 6.484068393319830648e-08 5.471050371852470562e-06 4.667930397772579454e-08 4.168172381469048560e-05 1.040736350432780455e-07 1.206474422588144080e-07 1.514530822532833554e-06
8.000000000000000000e+03 5.685093128704465926e-06 6.214992481545777991e-06 6.618881798203801736e-08 1.290753459670668235e-07 8.609583346697036177e-06 3.552880656343404553e-08 1.552787762193474919e-05 7.678566049662549631e-08 9.916320209413242992e-08 3.112556441919878125e-06
8.500000000000000000e+03 1.141574757639318705e-04 3.952682891394942999e-04 1.488896145929174963e-06 3.923106123693287373e-05 1.882441225461661816e-03 2.415025297797246395e-11 6.913891993463039398e-04 9.505658482567014289e-09 5.264183528197463602e-06 1.995606580749154091e-03
9.000000000000000000e+03 1.781511236913502216e-04 6.342314300127327442e-04 1.527288304714602418e-07 3.232315648347139359e-04 1.438283594325184822e-03 1.238299601746817302e-10 7.522460655309259892e-04 3.120186109484279768e-09 3.400971948508413334e-09 1.552485395222902298e-03
9.500000000000000000e+03 3.169075062032788992e-04 1.150477110059000552e-04 5.234746822679881006e-07 2.070802111120428890e-05 8.504919824190437794e-04 1.041183372157972187e-11 1.322176831308752298e-04 1.518939569677968393e-07 1.789254522321925833e-09 4.349119553808122873e-04
1.000000000000000000e+04 1.790891838027164340e-04 1.119788139476440847e-04 1.625582513042900246e-06 6.266720447456464171e-06 3.756798396352678537e-04 1.308755794710014797e-11 2.146884944522753358e-04 9.017283559842326213e-07 2.360006057244845579e-08 6.612810102524235845e-05
1.050000000000000000e+04 6.531371036544442177e-05 2.142477933375630528e-05 2.287422375957248732e-07 6.477404440374812111e-06 2.943265426438301802e-04 4.276727305629890452e-10 2.910067269112914801e-05 1.086409540107524663e-07 3.051036685519648017e-07 4.987386091670487076e-06
1.100000000000000000e+04 4.048747359775006771e-05 8.408286521444097161e-05 7.025897730272845365e-07 3.285433422206551768e-06 2.681209007278084755e-04 1.649100439538031537e-10 1.144517736975103617e-04 6.083755579311400652e-07 3.571609568098210730e-07 7.955062756082043052e-06
1.150000000000000000e+04 2.282614332216326147e-05 6.842518923804163933e-04 3.226746798645763192e-07 1.281841377931414172e-06 8.308298129122704268e-05 3.338745668823861479e-10 4.145207058172672987e-04 3.251200837439682800e-07 1.671676841397129465e-07 4.194935900159180164e-05
1.200000000000000000e+04 2.450142346788197756e-05 2.767782279988750815e-05 3.197241369434777880e-07 1.366150399917387404e-06 8.741203782847151160e-05 4.864525102177275073e-11 4.496347173699177802e-05 4.194882023966783891e-07 3.145169387153146090e-07 1.494662797085766215e-06
1.250000000000000000e+04 2.888481685658916831e-05 2.314971970918122679e-05 2.733090553874717443e-08 4.807359346159501001e-07 1.191072951769456267e-04 2.405109444936215368e-11 5.332420914783142507e-05 1.965288021210653824e-08 1.292516174089541892e-07 3.971224032284226269e-06
1.300000000000000000e+04 2.625865818117745221e-05 1.679491688264533877e-04 5.924063728457440448e-08 5.969910716885351576e-07 1.364614436170086265e-04 8.416316948922641927e-11 7.465185626642778516e-05 4.056549940401055210e-08 9.713177462344901869e-08 2.984897946589626372e-06
1.350000000000000000e+04 1.285731741518247873e-05 1.017106842482462525e-05 2.125335818448093050e-08 1.451784470418715500e-07 5.203358159633353353e-05 1.284250900068784063e-10 9.094713277590926737e-06 1.323438247879948904e-08 1.027610778692178428e-07 5.707937589249922894e-07
1.400000000000000000e+04 1.117806823458522558e-05 1.242349753738380969e-05 7.077642294461838901e-08 8.718308208699454553e-08 4.419841206981800497e-05 2.879385445353488393e-11 8.848518518789205700e-06 6.995013279720296850e-08 2.393850984105938551e-08 2.139418597835174296e-07
1.450000000000000000e+04 2.424832018732558936e-05 1.308946957578882575e-05 1.885217955077678198e-07 3.453666579389391700e-07 1.692494406597688794e-04 9.333107203746138225e-11 1.234246883541345596e-05 7.851888881305058021e-07 2.529573661647077643e-09 1.673706833571486641e-06
1.500000000000000000e+04 1.671797508606687188e-05 7.518942584283649921e-05 1.009093324455534457e-07 2.560719565281033283e-07 1.041112700477242470e-04 4.212378015844286949e-11 3.264432962168939412e-05 1.298004576710809488e-06 1.114611514196894859e-08 1.147844614024506882e-05
1.550000000000000000e+04 5.422871254268102348e-06 1.118617219617590308e-04 2.177670523906272138e-07 6.057866812625434250e-07 5.266011430649086833e-05 6.482075293190447951e-12 9.933677210938185453e-05 1.780922787020244868e-07 4.127782204932373133e-08 1.932798295456450433e-05
1.600000000000000000e+04 3.899505372828571126e-06 1.456513382436241955e-05 2.686585887090586766e-08 3.885738522058090894e-07 3.308013765490613878e-05 4.907761350092521013e-11 2.421168574073817581e-05 6.751426973039542645e-09 1.196658327984323478e-08 1.799929123080801219e-05
1.650000000000000000e+04 1.033360822475515306e-04 4.060799547005444765e-04 5.412321115727536380e-05 9.191420758725143969e-06 6.768259918317198753e-04 9.756697636476019397e-07 4.994365153834223747e-04 2.481510091456584632e-05 4.391265235881292028e-07 1.667692704359069467e-04
1.700000000000000000e+04 3.325555735500529408e-05 8.463569974992424250e-05 2.039836545009166002e-05 1.075631530511600431e-06 4.127614374738186598e-04 1.238059894603793509e-07 8.690018148627132177e-05 6.191476586536737159e-06 2.287980294113367563e-07 1.612452797417063266e-05
1.750000000000000000e+04 2.177710302930790931e-05 1.004947989713400602e-04 6.511938408948481083e-06 6.493322501910370192e-08 4.848395183216780424e-04 2.113883290633111756e-08 1.992707693716511130e-04 2.967589352920185775e-06 4.227704764048212382e-08 9.606467938283458352e-05
1.800000000000000000e+04 1.871563472377602011e-05 7.183299749158322811e-05 3.635307166405254975e-06 1.507710223336289346e-08 3.922464966308325529e-04 5.868387109586592487e-09 1.294593821512535214e-04 1.115707391363685019e-06 9.347150609073651140e-09 3.815110176219604909e-05
