# step, loss_train, loss_test, metrics_test
0.000000000000000000e+00 2.960229106247425079e-02 1.290684491395950317e-01 8.841685950756072998e-03 1.894794404506683350e-02 4.101021960377693176e-02 2.973937988281250000e-02 1.939986944198608398e-01 1.471877656877040863e-02 2.993974275887012482e-02 4.121490195393562317e-02
5.000000000000000000e+02 5.503096035681664944e-04 5.613891780376434326e-02 1.305762125412002206e-04 2.450508472975343466e-04 1.174472388811409473e-03 3.862477606162428856e-04 6.424970179796218872e-02 7.996614294825121760e-05 2.175526024075224996e-04 1.795037882402539253e-03
1.000000000000000000e+03 3.317332884762436152e-04 8.756930939853191376e-03 8.040292887017130852e-04 7.280645659193396568e-04 4.163315985351800919e-03 2.359462087042629719e-04 1.046669669449329376e-02 8.451938629150390625e-04 4.833166312891989946e-04 4.182072822004556656e-03
1.500000000000000000e+03 2.315218007424846292e-04 8.643592009320855141e-04 3.098526794929057360e-04 2.788731762848328799e-05 5.685180425643920898e-03 1.619054382899776101e-04 5.392089369706809521e-04 6.571360281668603420e-04 1.881558091554325074e-05 4.966425243765115738e-03
2.000000000000000000e+03 2.303704968653619289e-04 8.050151518546044827e-04 4.526240227278321981e-04 6.347695307340472937e-05 4.774866160005331039e-03 1.709556090645492077e-04 4.415996081661432981e-04 1.709470292553305626e-03 6.576866871910169721e-05 4.102213773876428604e-03
2.500000000000000000e+03 1.653344079386442900e-04 5.539887933991849422e-04 2.573227102402597666e-04 4.251261634635739028e-05 3.777024336159229279e-03 1.080209112842567265e-04 2.841866808012127876e-04 1.234980416484177113e-03 3.611627471400424838e-05 3.262418555095791817e-03
3.000000000000000000e+03 1.253781956620514393e-04 4.528734425548464060e-04 7.086338882800191641e-05 5.587174382526427507e-05 2.960603684186935425e-03 7.107030251063406467e-05 2.464528370182961226e-04 1.684188318904489279e-04 6.284959090407937765e-05 2.522769384086132050e-03
3.500000000000000000e+03 1.319014845648780465e-04 4.232592182233929634e-04 4.602303306455723941e-05 8.795945905148983002e-05 2.366052241995930672e-03 5.303673242451623082e-05 2.244618517579510808e-04 1.070950092980638146e-04 1.002083954517729580e-04 1.921834773384034634e-03
4.000000000000000000e+03 1.099037181120365858e-04 2.874613564927130938e-04 4.087043271283619106e-05 5.298977484926581383e-04 2.059038495644927025e-03 3.825144449365325272e-05 1.810112589737400413e-04 5.333134322427213192e-05 3.567274543456733227e-04 1.591828651726245880e-03
4.500000000000000000e+03 7.819529855623841286e-05 2.805669791996479034e-04 3.044491131731774658e-05 4.827389420825056732e-05 1.822216785512864590e-03 2.668992419785354286e-05 1.237895485246554017e-04 2.816750929923728108e-05 3.974106220994144678e-05 1.201366307213902473e-03
5.000000000000000000e+03 7.592208567075431347e-05 5.333956796675920486e-04 3.191359865013509989e-04 8.219246519729495049e-04 1.839634147472679615e-03 2.879472231143154204e-05 5.917370435781776905e-04 3.791526833083480597e-04 6.968335947021842003e-04 1.239275443367660046e-03
5.500000000000000000e+03 2.747749022091738880e-05 1.176786317955702543e-04 7.869486580602824688e-06 1.926025652210228145e-05 1.226713764481246471e-03 8.770475687924772501e-06 6.874308746773749590e-05 1.463108219468267635e-05 3.233921961509622633e-05 8.426277781836688519e-04
6.000000000000000000e+03 2.213446168752852827e-05 9.815976954996585846e-05 8.427442480751778930e-06 2.122476689692120999e-05 1.091894344426691532e-03 5.174319539946736768e-06 5.982601214782334864e-05 6.976853001106064767e-06 2.283937828906346112e-05 7.193302153609693050e-04
6.500000000000000000e+03 2.770618630165699869e-05 7.901365461293607950e-05 6.081279934733174741e-06 1.172918746306095272e-05 1.054755062796175480e-03 5.313424935593502596e-06 4.898369297734461725e-05 1.377230637444881722e-05 1.356206303171347827e-05 6.010666838847100735e-04
7.000000000000000000e+03 3.024790748895611614e-05 2.885792346205562353e-04 3.750294563360512257e-04 5.705668081645853817e-05 1.056728651747107506e-03 7.333838311751605943e-06 5.137768457643687725e-04 6.551211117766797543e-04 7.567579450551420450e-05 5.676943692378699780e-04
7.500000000000000000e+03 1.465751574869500473e-05 4.619086757884360850e-05 6.550341367983492091e-06 2.202225732617080212e-05 7.162152323871850967e-04 3.381516762601677328e-06 1.767715730238705873e-05 1.758912003424484283e-05 2.492677413101773709e-05 4.324173496570438147e-04
8.000000000000000000e+03 1.383146900479914621e-05 4.054999590152874589e-05 5.701667760149575770e-06 2.090569978463463485e-05 6.223029340617358685e-04 2.480144530636607669e-06 1.517997770861256868e-05 5.719270575355039909e-06 1.253091977559961379e-05 3.479444421827793121e-04
8.500000000000000000e+03 1.577148213982582092e-05 3.710913733812049031e-05 6.819562713644700125e-06 1.505752152297645807e-05 6.280019297264516354e-04 3.054952458114712499e-06 3.205682151019573212e-05 1.903090742416679859e-05 3.483352702460251749e-05 3.326907462906092405e-04
9.000000000000000000e+03 1.607099875400308520e-05 3.150685006403364241e-05 2.558977030275855213e-06 1.248629723704652861e-05 5.579439457505941391e-04 2.243516519229160622e-06 2.396867239440325648e-05 1.147476496043964289e-06 3.373149593244306743e-05 2.621708554215729237e-04
9.500000000000000000e+03 1.950673868122976273e-05 3.898773502442054451e-05 1.512384415036649443e-06 1.293246714340057224e-05 4.707768093794584274e-04 2.069226866296958178e-06 4.080592407262884080e-05 2.243399831058923155e-05 3.442993329372256994e-05 2.035606739809736609e-04
1.000000000000000000e+04 2.025545109063386917e-05 2.826046147674787790e-05 9.403639751326409169e-07 7.580025794595712796e-06 4.205605364404618740e-04 1.663197281231987290e-06 1.750853334669955075e-05 6.280725210672244430e-05 2.954817136924248189e-05 1.598375965841114521e-04
1.050000000000000000e+04 2.147301893273834139e-05 1.481560466345399618e-04 4.558740783977555111e-06 1.951741614902857691e-05 6.769164465367794037e-04 6.319910426100250334e-06 1.239867269759997725e-04 1.720591171761043370e-05 1.302202599617885426e-05 2.197459252784028649e-04
1.100000000000000000e+04 2.231560392829123884e-05 7.742182060610502958e-05 9.413704901817254722e-06 5.842378868692321703e-06 5.281895864754915237e-04 2.348861698919790797e-06 6.660696089966222644e-05 3.945345270039979368e-06 4.881623681285418570e-06 1.252613437827676535e-04
1.150000000000000000e+04 2.521153510315343738e-05 2.184238655900117010e-05 3.217861603843630292e-07 6.000080247758887708e-06 2.386674896115437150e-04 1.458854740121751092e-06 1.707573392195627093e-05 1.937597153300885111e-05 6.786763151467312127e-06 9.074536501429975033e-05
1.200000000000000000e+04 2.676841722859535366e-05 1.465774676034925506e-05 1.566998975022215745e-07 3.517793857099604793e-06 2.202434698119759560e-04 1.221470938617130741e-06 1.062498176906956360e-05 2.619479892018716782e-05 1.167000573332188651e-05 7.492877193726599216e-05
1.250000000000000000e+04 3.148540054098702967e-05 2.006962131417822093e-05 1.196267021441599354e-06 4.283747784938896075e-06 3.599938645493239164e-04 1.459965233152615838e-06 9.744580893311649561e-06 6.278958153416169807e-07 3.065940290980506688e-06 7.338575233006849885e-05
1.300000000000000000e+04 3.308610030217096210e-05 1.956106098077725619e-05 6.681135801045456901e-06 3.357848299856414087e-06 3.640532377175986767e-04 1.435678996131173335e-06 1.329770839220145717e-05 1.093830633180914447e-05 2.703648533497471362e-06 9.006066102301701903e-05
1.350000000000000000e+04 3.319479219499044120e-05 1.044270720740314573e-05 7.617441042384598404e-07 1.368740981888549868e-06 1.753503747750073671e-04 6.624013053624366876e-07 1.432068074791459367e-05 2.550771459937095642e-04 1.169961137748032343e-06 4.609666575561277568e-05
1.400000000000000000e+04 2.924167529272381216e-05 8.378714483114890754e-06 5.835433398715395015e-07 2.010266825891449116e-06 1.613329659448936582e-04 6.333731334962067194e-07 1.043628435581922531e-05 4.910557763651013374e-04 1.549103899378678761e-06 3.530503818183206022e-05
1.450000000000000000e+04 4.318086939747445285e-05 1.903427619254216552e-05 1.372456949866318610e-06 1.007988657875102945e-06 3.773713251575827599e-04 9.121051789406919852e-07 1.476542729506036267e-05 4.869371769018471241e-04 5.434648073787684552e-07 3.669864236144348979e-05
1.500000000000000000e+04 4.256055399309843779e-05 2.039060382230672985e-05 1.073889507097192109e-06 8.503387789460248314e-07 3.431178338360041380e-04 1.048585886564978864e-06 1.686774703557603061e-05 4.960269434377551079e-04 2.588550103155284887e-07 3.419851418584585190e-05
1.550000000000000000e+04 3.690133598865941167e-05 1.576532304170541465e-05 2.117021949743502773e-06 5.050113941251765937e-06 1.947118580574169755e-04 1.325967446064169053e-06 1.065842479874845594e-05 1.116554085456300527e-05 4.484781129576731473e-06 2.577621853561140597e-05
1.600000000000000000e+04 3.615852256189100444e-05 1.114616861741524190e-05 9.303126944359974004e-07 3.568156671462929808e-06 1.819053431972861290e-04 1.067097514351189602e-06 7.310162345675053075e-06 1.319852890446782112e-05 6.013830443407641724e-06 2.472418054821901023e-05
1.650000000000000000e+04 4.060104402014985681e-05 1.349007925455225632e-05 1.926933236973127350e-06 6.669849312856968027e-07 2.828151627909392118e-04 1.016349528981663752e-06 1.080969650502083823e-05 2.093160674121463671e-06 2.783760010061087087e-06 2.744011362665332854e-05
1.700000000000000000e+04 3.950635800720192492e-05 1.163955403171712533e-05 1.206385945806687232e-06 7.149467364797601476e-07 2.689622633624821901e-04 1.111155484068149235e-06 1.347690522379707545e-05 1.980894381858888664e-07 1.707468300082837231e-06 2.511319507902953774e-05
1.750000000000000000e+04 3.310225292807444930e-05 8.612142664787825197e-06 2.109217831502974150e-07 3.754872750505455770e-07 2.154221438104286790e-04 8.341091870534000918e-07 6.992335784161696211e-06 4.022965003969147801e-05 3.013113428096403368e-06 2.164225043088663369e-05
1.800000000000000000e+04 3.079032467212527990e-05 3.929942977265454829e-05 2.162829105145647191e-06 2.560194616307853721e-06 2.687623491510748863e-04 9.071457611753430683e-07 5.426344068837352097e-05 3.488492438918910921e-05 3.836195901385508478e-06 6.194127490743994713e-05
1.850000000000000000e+04 4.754551991936750710e-05 1.837596209952607751e-05 3.186875687788415235e-07 1.045320118464587722e-06 3.229371795896440744e-04 1.379032596560136881e-06 1.601344229129608721e-05 9.646440958022139966e-06 1.222380205945228226e-06 2.143672099919058383e-05
1.900000000000000000e+04 4.536919732345268130e-05 1.830939436331391335e-05 4.958742010785499588e-06 1.380975049869448412e-06 3.068465448450297117e-04 1.097616745937557425e-06 1.904988494061399251e-05 2.466903652020846494e-06 4.948286118633404840e-07 2.158954703190829605e-05
1.950000000000000000e+04 2.867208240786567330e-05 7.466429906344274059e-06 8.921019798435736448e-07 6.916738470863492694e-07 7.957702473504468799e-05 5.064865149506658781e-07 1.010621508612530306e-05 1.209503921018040273e-06 2.688392214622581378e-06 1.302453438256634399e-05
2.000000000000000000e+04 2.558371852501295507e-05 6.729425876983441412e-06 8.503843105245323386e-07 5.001091381018341053e-07 7.869410183047875762e-05 3.826783938620792469e-07 7.860109690227545798e-06 1.111289634536660742e-06 7.425454441545298323e-06 1.355954373138956726e-05
2.050000000000000000e+04 3.016463961102999747e-05 1.254352810065029189e-05 9.965158653812977718e-08 1.042989424604456872e-06 1.571364991832524538e-04 5.037659320805687457e-07 2.504764961486216635e-05 1.086627662516548298e-06 3.379703628070274135e-07 2.512966966605745256e-05
2.100000000000000000e+04 2.895207580877467990e-05 6.794822638767072931e-06 5.595581598072385532e-08 2.445763811920187436e-06 1.415668957633897662e-04 5.708793651137966663e-07 1.252778019988909364e-05 5.037679784436477348e-07 7.668918442504946142e-06 2.871361721190623939e-05
2.150000000000000000e+04 2.129812492057681084e-05 2.013998710026498884e-05 3.959115701945847832e-07 1.943983761520939879e-06 2.320957573829218745e-04 7.440336844410921913e-07 3.110076431767083704e-05 3.234297594190138625e-07 3.887013372150249779e-05 1.327166410192148760e-05
2.200000000000000000e+04 2.345359825994819403e-05 1.276801594940479845e-05 2.130064160610345425e-07 4.290248227789561497e-07 2.190717204939574003e-04 4.135230824431346264e-07 1.520816113043110818e-05 8.405039864101127023e-08 3.047619611606933177e-05 1.258952761418186128e-05
2.250000000000000000e+04 1.815887662814930081e-05 9.609097105567343533e-06 2.154418012878522859e-07 1.258538532056263648e-06 1.168122616945765913e-04 4.707729885922162794e-07 1.065163269231561571e-05 4.670910058734989434e-08 7.125310048650135286e-07 9.969024176825769246e-06
2.300000000000000000e+04 1.852097193477675319e-05 7.996675776666961610e-06 1.130225300016718393e-07 8.302711762553371955e-07 1.082932576537132263e-04 3.262718450969259720e-07 1.362213060929207131e-05 9.878868922896799631e-08 3.330507752252742648e-06 1.029280156217282638e-05
2.350000000000000000e+04 2.503418181731831282e-05 6.112140908953733742e-06 4.088683738245890709e-07 4.250434813002357259e-07 8.495375368511304259e-05 2.982781950322532794e-07 1.201792292704340070e-05 1.419566274307726417e-06 1.209719539474463090e-05 9.258289537683594972e-06
2.400000000000000000e+04 2.522383510950021446e-05 3.816291064140386879e-05 8.818745413918804843e-07 5.911147127335425466e-07 8.092628559097647667e-05 3.452852865848399233e-07 6.175449379952624440e-05 1.178876914309512358e-06 2.655581010913010687e-05 9.711285201774444431e-06
2.450000000000000000e+04 2.216393295384477824e-05 7.775525773467961699e-06 1.624291599000571296e-07 2.562661052252224181e-07 8.996735414257273078e-05 2.965781220609642332e-07 1.501543647464131936e-05 1.373311988572822884e-07 1.111095207306789234e-05 1.001921282295370474e-05
2.500000000000000000e+04 2.007160583161748946e-05 7.705886673647910357e-06 1.193382672681764234e-07 2.200175401867454639e-07 8.797996270004659891e-05 2.764182340797560755e-07 1.354996584268519655e-05 8.774344451012439094e-08 1.027632242767140269e-05 9.529597264190670103e-06
2.550000000000000000e+04 2.062949897663202137e-05 1.456571317248744890e-05 1.347903094028879423e-06 7.630636673638946377e-07 8.268380042864009738e-05 2.592878729501535418e-07 1.404048816766589880e-05 1.744873259212909034e-07 3.302805680505116470e-06 9.483115718467161059e-06
2.600000000000000000e+04 2.194837725255638361e-05 3.704119008034467697e-04 2.796345506794750690e-05 1.081802292901556939e-05 3.241745580453425646e-04 4.727065743281855248e-07 4.550646699499338865e-04 3.316300833944296755e-08 3.940292117476928979e-06 2.420007658656686544e-04
2.650000000000000000e+04 2.268419848405756056e-05 9.037800737132783979e-06 1.734505730155433412e-07 1.547577994642779231e-07 1.189458344015292823e-04 2.806163195145927602e-07 1.223682102136081085e-05 3.985767449421473430e-08 1.247165783979653497e-07 8.658161277708131820e-06
2.700000000000000000e+04 2.112481524818576872e-05 1.048708872986026108e-05 1.799165829652338289e-07 2.137847872063503019e-07 1.093643222702667117e-04 2.971368928683659760e-07 1.677545151324011385e-05 2.785980335318072321e-08 7.029896664789703209e-07 9.022149242809973657e-06
2.750000000000000000e+04 2.556391882535535842e-05 7.057228231133194640e-06 3.189784081314428477e-07 4.889522529083478730e-07 6.717858195770531893e-05 5.035981871515105013e-07 1.411479388480074704e-05 2.781586871947183681e-08 3.900786396116018295e-06 8.446929314231965691e-06
2.800000000000000000e+04 2.121102443197742105e-05 5.146922831045230851e-06 9.085233898531441810e-08 6.383621098393632565e-08 6.106424552854150534e-05 3.135577912871667650e-07 1.140983567893272266e-05 6.201980085052127833e-08 1.354009896203933749e-06 8.976995559351053089e-06
2.850000000000000000e+04 2.654064519447274506e-05 1.205338685394963250e-05 2.279837474361556815e-07 6.767240847693756223e-07 1.745230838423594832e-04 3.061158508899097797e-07 1.120748675020877272e-05 4.584014590136575862e-08 1.820991180068176618e-08 8.858954060997348279e-06
2.900000000000000000e+04 2.424419653834775090e-05 1.223222625412745401e-05 1.874864636874917778e-07 5.518139118976250757e-07 1.697828702162951231e-04 3.225523244054784300e-07 1.513365532446186990e-05 4.875584025398893573e-08 6.988923928474832792e-08 8.533302207069937140e-06
2.950000000000000000e+04 1.320126557402545586e-05 5.108001914777560160e-06 3.018529071141529130e-08 6.159466181543393759e-08 5.104877709527499974e-05 2.300523220810646308e-07 9.334714377473574132e-06 4.942937792407064990e-08 3.339590648465673439e-08 6.199287781782913953e-06
3.000000000000000000e+04 1.158218583441339433e-05 8.213411092583555728e-06 5.009467685113122570e-08 4.862421221218937717e-08 4.734599133371375501e-05 1.925265991076230421e-07 9.014312126964796335e-06 9.789357768852369190e-09 6.509488770234383992e-08 6.198401479196036234e-06
3.050000000000000000e+04 1.996275204874109477e-05 7.200996151368599385e-06 2.713625590899937379e-08 1.508990266074761166e-07 8.499969408148899674e-05 2.373225242990883999e-07 9.559400496073067188e-06 3.405815363066722057e-08 6.020479048629567842e-08 6.646414476563222706e-06
3.100000000000000000e+04 2.020339343289379030e-05 8.223945769714191556e-06 5.762790777907866868e-08 1.161323410769909970e-07 8.003048424143344164e-05 2.704294956856756471e-07 1.351435275864787400e-05 2.621478323305836966e-08 3.931234715537357260e-08 6.379496426234254614e-06
3.150000000000000000e+04 1.461367446609074250e-05 8.614474063506349921e-05 5.782699119549761235e-08 4.698333384567376925e-07 1.017405083985067904e-04 3.765703695535194129e-07 9.294811752624809742e-05 8.320743205558756017e-08 5.845232635692809708e-07 2.825485171342734247e-05
3.200000000000000000e+04 1.239955327037023380e-05 1.132785655499901623e-05 2.894139861098210531e-08 2.328737309653661214e-07 6.661648512817919254e-05 2.489371127012418583e-07 1.171484836959280074e-05 9.028176606307170005e-08 5.981237904961744789e-07 8.097203135548625141e-06
3.250000000000000000e+04 1.792672264855355024e-05 5.152881385583896190e-06 2.359629007742114482e-07 1.533319675672828453e-07 5.283288555801846087e-05 4.025141038255242165e-07 1.430290558346314356e-05 1.895266592555344687e-07 1.091867929403633752e-07 5.790770956082269549e-06
3.300000000000000000e+04 1.494700518378522247e-05 4.742924829770345241e-06 2.101798486364714336e-07 5.280051595946133602e-08 5.151840014150366187e-05 2.887944106078066397e-07 1.438698654965264723e-05 2.074131941753876163e-07 6.952728881515213288e-08 5.121417871123412624e-06
3.350000000000000000e+04 1.737183083605486900e-05 5.505177341547096148e-06 1.057027887441108760e-08 4.713430001856977469e-08 6.744302663719281554e-05 2.689614859718858497e-07 1.304840952798258513e-05 4.318926727364669205e-08 2.370467200307757594e-08 4.574063950713025406e-06
3.400000000000000000e+04 1.589375096955336630e-05 5.015498118154937401e-06 1.984891362383223168e-08 6.121509699141824967e-08 6.470794323831796646e-05 2.206502216495209723e-07 1.439712741557741538e-05 5.222591425990685821e-08 1.877807953576393629e-08 4.387609351397259161e-06
3.450000000000000000e+04 1.704743044683709741e-05 1.061155853676609695e-05 1.725925812934292480e-06 5.611441338260192424e-07 1.110088560380972922e-04 1.945676331160939299e-07 1.226298445544671267e-05 3.887521984324848745e-07 1.650823122645306285e-07 6.345949805108830333e-05
3.500000000000000000e+04 1.666750904405489564e-05 5.931053237873129547e-06 1.698237497294030618e-07 1.117328807254125422e-07 5.260629041003994644e-05 1.985910103030619211e-07 3.075774657190777361e-05 5.175741648599796463e-07 1.698091125490464037e-07 7.285419997060671449e-06
3.550000000000000000e+04 2.618782855279278010e-05 9.826218956732191145e-06 6.344060352603264619e-07 1.309472139610079466e-07 7.038502371869981289e-05 2.829520724390022224e-07 1.139888900070218369e-05 6.897255389048950747e-07 4.471013710372062633e-07 5.484329449245706201e-06
3.600000000000000000e+04 2.078853867715224624e-05 8.982531653600744903e-06 2.145130082453761133e-07 7.275512814430840081e-08 6.452832894865423441e-05 2.169763604342733743e-07 2.134572969225700945e-05 5.300491778825744404e-08 4.986686974461917998e-08 7.061492851789807901e-06
3.650000000000000000e+04 3.172675860696472228e-05 7.615680260641966015e-06 1.000200100520487467e-07 3.469856224569412007e-08 6.796617526561021805e-05 1.981826045494017308e-07 1.207695004268316552e-05 2.523676911891925556e-08 4.802134512260636257e-08 1.954354775079991668e-05
3.700000000000000000e+04 2.906767440435942262e-05 8.010766578081529588e-06 1.167709697824648174e-07 3.100822709711792413e-08 5.775847967015579343e-05 2.955941056370647857e-07 1.441699168935883790e-05 1.359775581022404367e-08 3.767468470528001490e-08 2.872045843105297536e-05
3.750000000000000000e+04 2.160455369448754936e-05 5.486760983330896124e-06 1.788182544260052964e-07 1.023544200506876223e-07 9.241015504812821746e-05 3.302987749975727638e-07 7.943331183923874050e-06 4.608368797676121176e-08 1.975231640471974970e-07 3.445744368946179748e-06
3.800000000000000000e+04 1.841107041400391608e-05 1.859638905443716794e-05 1.583058377718771226e-07 1.326171854998392519e-06 2.039030514424666762e-04 3.988872379068197915e-07 4.439847543835639954e-05 3.311749452450385434e-08 1.584436631674179807e-06 1.126880597439594567e-04
3.850000000000000000e+04 1.143207464338047430e-05 1.588369923410937190e-05 3.679831479530548677e-07 2.141594279692071723e-07 6.533673149533569813e-05 2.460353698552353308e-07 1.542645259178243577e-05 1.031647514082578709e-07 5.712333859264617786e-07 1.168983726529404521e-05
3.900000000000000000e+04 1.067507400875911117e-05 1.429182430001674220e-05 7.501924415009852964e-07 4.629693535207479727e-07 1.023179065668955445e-04 2.326059842516770004e-07 1.684470589680131525e-05 1.988113069728569826e-07 5.130830231792060658e-07 4.705829633167013526e-05
3.950000000000000000e+04 1.473614702263148502e-05 5.418771706899860874e-06 2.046371747610464809e-07 9.088098806842026534e-08 4.037459439132362604e-05 1.969538061530329287e-07 1.432531462342012674e-05 6.355629977861099178e-08 2.779140970687876688e-07 5.792704087070887908e-06
4.000000000000000000e+04 1.372873703076038510e-05 8.169470675056800246e-06 2.178405082986500929e-07 2.362573923164745793e-07 5.202725878916680813e-05 1.823104298637190368e-07 1.869668994913809001e-05 1.031015415264846524e-07 1.856648594866783242e-07 2.012763434322550893e-05
4.050000000000000000e+04 2.801318987621925771e-05 1.802637052605859935e-05 3.546326752257300541e-07 1.303353656112449244e-06 1.302867894992232323e-04 5.204897206567693502e-07 1.924508796946611255e-05 3.671923650472308509e-06 1.119345824918127619e-06 9.133435924013610929e-06
4.100000000000000000e+04 2.139402567991055548e-05 1.458920360164484009e-05 1.729962093577341875e-07 6.363044349200208671e-07 1.190159964608028531e-04 5.237570803728885949e-07 7.572232789243571460e-06 1.777507776523634675e-07 2.514966581657063216e-07 8.154584975272882730e-06
4.150000000000000000e+04 1.474107375543098897e-05 9.097675501834601164e-06 2.357901252025840222e-08 4.932113739641863503e-08 9.259048238163813949e-05 3.511321438054437749e-07 5.705291641788790002e-06 2.350253680560854264e-08 6.075949698924887343e-08 9.046380910149309784e-06
4.200000000000000000e+04 1.140529548138147220e-05 7.841531441954430193e-06 4.523723262650491961e-08 2.981144930913615099e-08 9.280169615522027016e-05 2.076117766591778491e-07 6.445761755458079278e-06 2.623735007034611044e-08 3.597758535534012481e-08 8.807394806353840977e-06
4.250000000000000000e+04 1.478684134781360626e-05 4.266471023584017530e-06 1.687816819639920141e-07 4.941437126149139658e-08 6.022617526468820870e-05 1.500638120432995493e-07 1.447729937353869900e-05 1.404773826152450056e-07 7.528296350756136235e-07 3.078723011640249752e-06
4.300000000000000000e+04 1.330121449427679181e-05 4.325786449044244364e-06 1.879301123608456692e-07 5.137678371625042928e-08 6.051352102076634765e-05 1.448148765348378220e-07 9.433913874090649188e-06 2.031584642736561364e-07 6.914843311278673355e-07 3.855642717098817229e-06
4.350000000000000000e+04 1.936169428518041968e-05 8.346458344021812081e-06 8.481664082182760467e-08 2.641696710270480253e-07 8.701431215740740299e-05 1.711783852442749776e-07 3.551590680217486806e-06 2.291302081403046031e-07 2.747627263488539029e-07 7.195465514087118208e-06
4.400000000000000000e+04 1.480924311181297526e-05 7.175558039307361469e-06 6.591508139308643877e-08 1.201001396111678332e-07 8.471390174236148596e-05 1.412835644032384153e-07 3.331817879370646551e-06 1.602252126531311660e-07 1.442651722527443781e-07 9.390617378812748939e-06
4.450000000000000000e+04 1.329262067883973941e-05 1.555068956804461777e-05 2.433375811961013824e-07 2.629653579333535163e-07 4.836504012928344309e-05 1.980238124588140636e-07 2.673114067874848843e-05 2.630217181831540074e-07 1.383823189371469198e-07 3.967918473790632561e-06
4.500000000000000000e+04 1.119203261623624712e-05 1.051722028932999820e-05 2.185266566812060773e-06 2.189542556152446195e-07 4.175317735644057393e-05 1.734963035460168612e-07 1.886818427010439336e-05 3.714549450251070084e-07 1.135992064860147366e-07 6.464462330768583342e-06
4.550000000000000000e+04 1.821372461563441902e-05 6.866537296446040273e-05 1.798189032342634164e-06 6.433465387090109289e-07 1.662373833823949099e-04 2.555134130943770288e-07 7.707708573434501886e-05 8.487304512527771294e-07 2.408206114523636643e-07 7.701774302404373884e-05
4.600000000000000000e+04 1.497677476436365396e-05 2.634393058542627841e-05 4.753490259190584766e-07 2.399971208433271386e-07 9.162883361568674445e-05 1.368632496223654016e-07 2.518801375117618591e-05 1.261022816834156401e-06 2.937609622222225880e-07 1.401110512233572081e-05
4.650000000000000000e+04 1.276228067581541836e-05 2.181718446081504226e-05 1.966426168564794352e-07 2.655535240592143964e-07 3.649288919405080378e-05 7.378387323342394666e-08 1.866086313384585083e-05 1.464571397491454263e-07 8.517747573932865635e-07 1.533811155240982771e-05
4.700000000000000000e+04 1.202913426823215559e-05 7.097907200659392402e-06 3.678631230741302716e-07 2.755330115178367123e-07 4.222976349410600960e-05 5.438769790089281742e-08 6.677570127067156136e-06 9.298519643152758363e-08 3.062583857627032558e-07 1.894444721983745694e-05
4.750000000000000000e+04 1.355421227344777435e-05 3.172437118337256834e-06 2.771191418560192687e-07 5.229085786595533136e-08 1.069248355634044856e-05 8.781025684356791317e-08 7.213813205453334376e-06 1.784659247050512931e-07 8.135919671303781797e-08 9.521121683064848185e-06
4.800000000000000000e+04 2.576802398834843189e-05 2.974675226141698658e-05 3.725050419234321453e-06 3.629151024142629467e-07 6.369836046360433102e-05 1.661778924244572408e-06 8.011524914763867855e-05 7.799484933457279112e-07 1.712675270937324967e-06 1.050283754011616111e-05
4.850000000000000000e+04 1.689791497483383864e-05 4.233952040522126481e-06 7.992841943860184983e-08 1.980258161893289071e-07 2.244911229354329407e-05 5.825022526551038027e-07 8.542335308447945863e-06 5.996655261242267443e-08 3.476279459846409736e-07 1.658535211390699260e-06
4.900000000000000000e+04 1.390656689181923866e-05 3.714169679369661026e-06 1.138208602924350998e-07 1.590743750057299621e-07 1.008719027595361695e-05 3.918714241990528535e-07 3.743860588656389154e-06 2.122364008982913219e-07 1.052115123911789851e-07 2.324590923308278434e-06
4.950000000000000000e+04 9.440649591851979494e-06 1.781941136869136244e-05 2.945930361875070957e-07 7.171507832026691176e-08 1.993164005398284644e-05 1.157440792098896054e-07 1.496015011070994660e-05 2.032901278425924829e-07 2.197222954691824270e-07 2.737697104748804122e-05
5.000000000000000000e+04 8.588145647081546485e-06 4.920666469843126833e-06 1.266312636971633765e-07 3.979713625312797376e-08 1.340467588306637481e-05 7.818717762120286352e-08 5.914354460401227698e-06 3.498835212667472661e-07 4.355063367711409228e-07 2.174069049942772835e-05
5.050000000000000000e+04 2.995363502122927457e-05 1.066272307070903480e-05 7.245669308986180113e-08 8.208196078385299188e-08 9.208593837684020400e-05 3.261372398810635787e-07 1.668461845838464797e-05 5.145097929926123470e-07 4.529401564923318801e-07 6.815683718741638586e-06
5.100000000000000000e+04 2.653073897818103433e-05 1.084131235984386876e-05 6.214569481244325289e-08 4.830970468105988402e-08 8.445981802651658654e-05 4.040444423480948899e-07 2.155740912712644786e-05 5.229479143054049928e-07 6.982610756267604302e-08 9.197061444865539670e-06
5.150000000000000000e+04 1.396805055264849216e-05 2.987933403346687555e-04 1.814244933484587818e-05 1.889516738629026804e-06 5.200366140343248844e-04 6.886415917506383266e-07 5.349265411496162415e-04 5.181723850000707898e-07 7.574203095828124788e-07 5.039691459387540817e-04
5.200000000000000000e+04 1.081371556210797280e-05 6.082534582674270496e-06 3.023824035608413396e-07 3.504770234030729625e-07 2.355891956540290266e-05 1.767699728816296556e-07 1.463119406253099442e-05 4.622245626251242356e-07 1.079720632901626232e-07 1.974784754565916955e-05
5.250000000000000000e+04 1.294151479669380933e-05 3.894372639479115605e-06 1.838612604387890315e-07 7.795657808173928061e-08 1.183943186333635822e-05 1.763129660048434744e-07 5.842003247380489483e-06 5.170792860553774517e-07 3.319887653674413741e-08 6.448206931963795796e-06
5.300000000000000000e+04 1.067204084392869845e-05 5.058856004325207323e-06 1.485597067585331388e-07 1.799269178093254595e-08 1.085723670257721096e-05 1.326023664205422392e-07 1.059951046045171097e-05 3.853450039059680421e-07 3.795370773218564864e-08 5.297564257489284500e-06
5.350000000000000000e+04 6.507886155304731801e-06 5.859789325768360868e-06 1.770884097140879021e-07 1.242766813902562717e-07 3.027932507393416017e-05 9.593583172318176366e-08 2.123468584613874555e-05 1.052064462214730156e-07 1.945598882002741448e-07 1.549857734062243253e-05
5.400000000000000000e+04 5.042765678808791563e-06 6.817919711465947330e-06 4.552294967652414925e-07 8.135780404927572818e-08 2.454983950883615762e-05 4.779536411092522030e-08 1.981815512408502400e-05 1.904533633023675065e-07 1.439546082337983535e-07 4.318453284213319421e-05
5.450000000000000000e+04 1.713964229566045105e-05 7.535605163866421208e-06 8.143411491801089142e-07 3.577557805556352832e-08 7.132878818083554506e-05 3.060525273212988395e-07 1.025924393616151065e-05 3.262010181970254052e-07 3.561927996997837909e-08 3.443160949245793745e-06
5.500000000000000000e+04 1.509594585513696074e-05 7.243784239108208567e-06 3.943083868307439843e-07 8.983239752069493989e-08 5.726406743633560836e-05 2.364156728162924992e-07 8.254569365817587823e-06 1.659962549638294149e-07 1.523001458281214582e-07 5.554722520173527300e-06
5.550000000000000000e+04 1.974876067833974957e-05 3.917351477866759524e-06 4.201868364361871500e-07 3.309568228360149078e-07 2.314760422450490296e-05 1.605601624987684772e-07 5.436083483800757676e-06 8.948754270932113286e-08 4.721122195405769162e-07 3.171689741066074930e-06
5.600000000000000000e+04 1.762619103828910738e-05 3.970932539232308045e-06 3.577752352157403948e-07 1.589534832646677387e-07 2.027432310569565743e-05 1.394735562598725664e-07 3.432343191889231093e-06 2.370722711475536926e-07 3.432939763570175273e-07 2.968785565826692618e-06
5.650000000000000000e+04 7.617777555424254388e-06 2.140276819773134775e-06 8.224120051636418793e-08 1.093874999469335307e-07 6.911016043886775151e-06 9.403022005471939337e-08 2.606221187306800857e-06 2.732979851316486020e-07 4.851954216178455681e-08 3.568492729755234905e-06
5.700000000000000000e+04 6.739455784554593265e-06 2.128020469172042795e-06 8.013647345705976477e-08 1.063274766011090833e-07 8.265092219517100602e-06 8.661842088031335152e-08 4.565642939269309863e-06 2.672097423328523291e-07 1.038725514490579371e-07 4.340232862887205556e-06
5.750000000000000000e+04 1.155131576524581760e-05 4.623241693479940295e-06 1.516993393124721479e-07 5.764840338429166877e-08 3.961274342145770788e-05 9.265409772751809214e-08 1.195431650558020920e-05 4.700694091752666282e-07 2.664481826286646537e-07 1.219275986841239501e-06
5.800000000000000000e+04 1.135472939495230094e-05 3.455384103290271014e-06 1.290818403276716708e-07 5.621492249474613345e-08 3.117510641459375620e-05 9.814593227019940969e-08 7.971782906679436564e-06 4.223673784053971758e-07 8.269944942185247783e-07 5.461045020638266578e-07
5.850000000000000000e+04 4.990119123249314725e-06 8.487164450343698263e-06 2.383319497312186286e-07 1.750529889932295191e-07 4.474607703741639853e-05 9.213811580366382259e-08 7.960245056892745197e-06 1.696283646879237494e-07 3.093161069500638405e-07 8.381191037187818438e-06
5.900000000000000000e+04 3.932577328669140115e-06 2.530337951611727476e-06 1.018348569914451218e-07 1.013983705888676923e-07 3.143141657346859574e-05 4.736655156989399984e-08 3.260678568040020764e-06 1.141555543426875374e-07 1.523294059779800591e-07 1.276905436498054769e-06
5.950000000000000000e+04 7.103682946763001382e-06 2.854598278645426035e-05 8.110561111607239582e-08 2.495367823485139525e-07 6.237554771360009909e-05 3.851170333746267715e-07 1.899563903862144798e-05 2.619673900028374192e-08 9.546625960865640081e-07 2.455122194078285247e-05
6.000000000000000000e+04 5.753060122515307739e-06 9.423974006494972855e-06 3.461853026465178118e-08 1.172772243762665312e-07 4.706748950411565602e-05 1.888297447294462472e-07 2.654046147654298693e-05 2.021718081834933400e-08 8.816905960884469096e-07 9.099009730562102050e-06
6.050000000000000000e+04 2.214720007032155991e-05 6.724310424033319578e-06 2.013470776773829130e-07 1.288879758476468851e-07 3.935498534701764584e-05 2.261191838215381722e-07 2.851365024980623275e-06 6.040759217285085469e-07 1.222384639731899370e-06 2.508959596525528468e-06
6.100000000000000000e+04 1.380860157951246947e-05 4.490535502554848790e-06 8.074320589912531432e-08 6.856259915366536006e-08 2.851764838851522654e-05 2.802665335366327781e-07 2.930381697296979837e-06 3.758696607292222325e-07 2.276082113894517533e-06 9.278094239562051371e-07
6.150000000000000000e+04 7.427935543091734871e-06 2.655029902598471381e-06 1.646670355626156379e-08 1.195912204821070191e-07 1.161179989139782265e-05 1.798474045244802255e-07 5.597260496870148927e-06 1.144043011436224333e-07 1.651999696150596719e-06 2.565528575360076502e-06
6.200000000000000000e+04 5.413385679275961593e-06 2.209147169196512550e-06 1.019244688649223463e-08 7.972879956241740729e-08 1.059589612850686535e-05 1.118444643566363084e-07 3.990206096204929054e-06 1.005540539722460380e-07 7.600398248541750945e-07 2.683740603970363736e-06
6.250000000000000000e+04 1.172743486677063629e-05 3.926539193344069645e-06 1.903889881305076415e-07 1.082153673337415967e-07 1.097082622436573729e-05 2.201152398129124776e-07 2.535981184337288141e-05 8.974285492513445206e-08 3.025997443728556391e-07 4.278325377526925877e-06
6.300000000000000000e+04 7.480578915419755504e-06 3.643099489636369981e-06 1.013100643376674270e-07 4.692858368571251049e-08 6.209464118001051247e-06 1.560681397450025543e-07 3.239732177462428808e-05 5.963875082670710981e-08 1.071846682521027105e-07 8.126254215312656015e-06
6.350000000000000000e+04 5.633557975670555606e-06 2.568870058894390240e-06 1.021834918901731726e-07 4.629625038887752453e-08 3.333344466227572411e-06 6.767793081507988973e-08 2.904753273469395936e-06 4.558637201057536004e-08 1.103267699420484860e-08 1.830924702517222613e-06
6.400000000000000000e+04 4.985739451512927189e-06 6.079580998630262911e-06 9.621464158726666938e-08 1.075763123026263202e-07 2.704261896724347025e-05 1.320200055943132611e-07 8.867657015798613429e-06 6.183992695696360897e-08 3.668605330631180550e-08 2.562087320256978273e-05
6.450000000000000000e+04 8.437744327238760889e-06 1.092027650884119794e-05 1.648854919267250807e-07 9.469167139286582824e-08 2.524853334762156010e-05 2.154032898715740885e-07 8.821313713269773871e-06 2.499007791811891366e-07 1.233114232945808908e-07 1.326466190221253783e-05
6.500000000000000000e+04 5.031716227676952258e-06 4.459793217392871156e-06 1.776692641897170688e-07 4.519012364312402497e-08 2.788949313980992883e-05 9.029611192090669647e-08 2.644158712428179570e-06 2.323746457477682270e-07 1.619225642457422509e-08 1.637107197893783450e-05
6.550000000000000000e+04 8.831419108901172876e-06 8.226451609516516328e-05 1.114341117158801353e-07 2.992028100834431825e-07 1.097987915272824466e-04 5.391344188865332399e-07 6.396099342964589596e-05 1.022036286713046138e-07 4.687924715085500793e-08 6.515361019410192966e-05
6.600000000000000000e+04 5.714009603252634406e-06 3.196368925273418427e-05 3.249156748097448144e-07 1.602279837698006304e-07 1.073026069207116961e-04 1.960778632792425924e-07 5.926581070525571704e-05 1.915582146239103167e-07 5.154807070084643783e-08 1.149772142525762320e-04
6.650000000000000000e+04 4.053183147334493697e-06 3.669597845146199688e-06 1.206426958333395305e-07 4.275490184113550640e-08 8.681813596922438592e-06 5.213190945596579695e-08 2.460358473399537615e-06 8.615637625553063117e-08 1.054279223922094388e-07 2.845460812750388868e-06
6.700000000000000000e+04 1.699410859146155417e-05 9.554298230796121061e-06 3.660212541944929399e-07 1.177560420728696045e-06 9.083303302759304643e-05 7.620236033289984334e-07 9.639061318011954427e-06 1.448002340254106457e-08 1.044549691187057761e-07 3.113023467449238524e-06
6.750000000000000000e+04 2.458107883285265416e-05 1.022020478558260947e-05 6.224630766382688307e-08 9.691783731113901013e-08 1.214660296682268381e-04 1.846062502863787813e-07 6.841160484327701852e-06 6.625170811958014383e-08 2.106213159436265414e-08 5.437631443783175200e-06
6.800000000000000000e+04 1.820790021156426519e-05 8.657905709696933627e-06 2.786524433417980617e-08 1.030009073588189494e-07 1.032893778756260872e-04 1.140934600130094623e-07 4.312708824727451429e-06 9.654698374106374104e-09 1.233542690215472248e-07 6.235523414943600073e-06
6.850000000000000000e+04 1.364265062875347212e-05 1.112373502110131085e-05 7.828267456488902098e-08 2.720842395831368776e-08 5.262251943349838257e-05 9.164639180880840286e-08 5.030174634157447144e-06 3.516591462471296836e-09 2.067806370575908659e-08 3.295631177024915814e-05
6.900000000000000000e+04 7.792896212777122855e-06 4.629208433470921591e-06 4.721661284179390350e-08 2.375788632491548924e-08 7.032363100734073669e-06 1.519535146599082509e-07 5.779969342256663367e-06 3.910158419273557229e-09 1.158864471051401779e-08 6.346291047520935535e-04
6.950000000000000000e+04 1.126398092310409993e-05 1.654749576118774712e-05 9.918161225641597412e-08 2.766577438251260901e-07 1.658645778661593795e-04 1.238862523678108118e-07 6.187050530570559204e-06 2.052506609118154302e-08 4.728677005516601639e-09 3.906256551999831572e-06
7.000000000000000000e+04 9.855117241386324167e-06 1.365765092486981302e-05 3.138191928542255482e-08 7.054212858292885358e-08 1.383799099130555987e-04 1.651397099067253293e-07 4.045290097565157339e-06 1.917599590228746820e-08 1.349610467826778404e-08 3.523431814755895175e-06
7.050000000000000000e+04 2.309316914761438966e-05 8.180732947948854417e-06 3.778686519240181951e-08 1.270489633498073090e-06 7.078463386278599501e-05 3.090022744345333194e-07 7.247372195706702769e-06 2.594772219310925720e-08 4.289336743568128441e-07 3.000295464516966604e-06
7.100000000000000000e+04 1.802002952899783850e-05 7.557724984508240595e-06 4.201758230237828684e-08 8.296108831018500496e-07 6.533890700666233897e-05 3.339401644097961253e-07 8.517178684996906668e-06 3.561205375035569887e-08 3.107317638750828337e-07 3.319809820823138580e-06
7.150000000000000000e+04 7.929616003821138293e-06 7.864466169849038124e-06 2.021890708192586317e-07 1.036912280483193172e-07 8.110631461022421718e-05 1.878852486925097764e-07 3.746407401195028797e-06 7.416890923650498735e-08 1.799473636765469564e-08 5.080250048195011914e-06
7.200000000000000000e+04 5.751823664468247443e-06 7.036650004010880366e-06 1.454861404681651038e-07 1.735667964908316208e-08 6.995700823608785868e-05 1.672148499665127019e-07 5.487489033839665353e-06 1.017934394553776656e-07 1.034183760850737599e-08 6.687743280053837225e-06
7.250000000000000000e+04 9.746873729454819113e-06 3.149623125864309259e-06 4.491122496119714924e-08 3.505720087559893727e-07 1.974807128135580570e-05 2.179175453420612030e-07 8.472364243061747402e-06 1.800878521862614434e-07 2.546889845689292997e-07 2.002135715883923694e-06
7.300000000000000000e+04 6.711849437124328688e-06 2.926945853687357157e-06 4.263602448872916284e-08 2.072625022719876142e-07 1.540860466775484383e-05 1.856777203101955820e-07 4.434774382389150560e-06 3.312510443720384501e-07 2.958670108910155250e-07 5.194271125219529495e-06
7.350000000000000000e+04 6.092529929446754977e-06 2.461201347614405677e-06 3.191011330727633322e-07 3.170179851963439432e-08 3.452626333455555141e-05 1.191671685774053913e-07 3.498692876746645197e-06 5.220393717308979831e-08 3.042731577806989662e-08 2.579899501142790541e-06
