# step, loss_train, loss_test, metrics_test
0.000000000000000000e+00 2.163056284189224243e-01 7.266990840435028076e-02 1.904961280524730682e-02 3.744073677808046341e-03 2.848816569894552231e-03 2.177114635705947876e-01 1.336059570312500000e-01 3.851542249321937561e-02 9.295721247326582670e-05 3.773921635001897812e-03
5.000000000000000000e+02 2.027223110198974609e-01 6.978089362382888794e-02 1.669980585575103760e-02 3.253778442740440369e-03 3.071470418944954872e-03 2.040112763643264771e-01 1.227370724081993103e-01 3.499216586351394653e-02 3.438414205447770655e-05 4.006744362413883209e-03
1.000000000000000000e+03 1.895450502634048462e-01 6.768331676721572876e-02 1.481534261256456375e-02 2.851200988516211510e-03 3.178701037541031837e-03 1.907198727130889893e-01 1.141594722867012024e-01 3.208717331290245056e-02 8.902495210350025445e-06 4.117378499358892441e-03
1.500000000000000000e+03 1.764335632324218750e-01 8.468259125947952271e-02 1.161311101168394089e-02 2.861168002709746361e-03 2.939326921477913857e-03 1.772923469543457031e-01 1.082957834005355835e-01 3.051388636231422424e-02 5.411804067989578471e-06 3.844958962872624397e-03
2.000000000000000000e+03 1.640221178531646729e-01 8.327963948249816895e-02 1.059012394398450851e-02 2.577952574938535690e-03 2.745350124314427376e-03 1.648056656122207642e-01 1.027818992733955383e-01 2.872597053647041321e-02 3.370873855601530522e-06 3.647180041298270226e-03
2.500000000000000000e+03 1.523107588291168213e-01 9.491797536611557007e-02 1.132007781416177750e-02 1.625063596293330193e-03 2.521794522181153297e-03 1.530451327562332153e-01 9.785938262939453125e-02 2.667501755058765411e-02 9.386486453877296299e-06 3.483751323074102402e-03
3.000000000000000000e+03 1.410935819149017334e-01 9.371680766344070435e-02 1.024421211332082748e-02 1.413954538293182850e-03 2.348470967262983322e-03 1.417826563119888306e-01 9.351167082786560059e-02 2.488951198756694794e-02 2.274707185279112309e-05 3.296520560979843140e-03
3.500000000000000000e+03 1.306609213352203369e-01 6.341295689344406128e-02 7.756053004413843155e-03 1.271303626708686352e-03 2.417752752080559731e-03 1.316932886838912964e-01 8.811935037374496460e-02 2.257561497390270233e-02 6.102827319409698248e-05 3.370098304003477097e-03
4.000000000000000000e+03 1.207310631871223450e-01 6.289756298065185547e-02 6.920053157955408096e-03 1.110746292397379875e-03 2.289459342136979103e-03 1.216885820031166077e-01 8.410917967557907104e-02 2.099695615470409393e-02 9.053516987478360534e-05 3.237624419853091240e-03
4.500000000000000000e+03 1.106747239828109741e-01 6.552761048078536987e-02 5.662047769874334335e-03 1.015076297335326672e-03 2.373400609940290451e-03 1.110779792070388794e-01 7.893641293048858643e-02 1.978867314755916595e-02 9.142598719336092472e-05 3.268325002864003181e-03
5.000000000000000000e+03 1.009189933538436890e-01 6.409226357936859131e-02 5.203443579375743866e-03 9.342919802293181419e-04 2.233474282547831535e-03 1.012504547834396362e-01 7.533632963895797729e-02 1.878567785024642944e-02 9.283570398110896349e-05 3.128607990220189095e-03
5.500000000000000000e+03 9.180898964405059814e-02 6.535848975181579590e-02 4.993070382624864578e-03 1.170307397842407227e-03 1.952624996192753315e-03 9.234334528446197510e-02 7.304912060499191284e-02 1.759985648095607758e-02 1.190754992421716452e-04 2.893949626013636589e-03
6.000000000000000000e+03 8.342020213603973389e-02 6.456716358661651611e-02 4.480996634811162949e-03 1.016782131046056747e-03 1.781963394023478031e-03 8.389311283826828003e-02 7.098897546529769897e-02 1.650935225188732147e-02 1.438907347619533539e-04 2.706329571083188057e-03
6.500000000000000000e+03 7.521725445985794067e-02 6.766355782747268677e-02 4.763204604387283325e-03 9.307094733230769634e-04 1.626379787921905518e-03 7.585573196411132812e-02 6.931751966476440430e-02 1.548384036868810654e-02 1.701476576272398233e-04 2.537146210670471191e-03
7.000000000000000000e+03 6.770815700292587280e-02 6.697055697441101074e-02 4.300432745367288589e-03 8.038054802455008030e-04 1.526317792013287544e-03 6.829579919576644897e-02 6.782528758049011230e-02 1.451228465884923935e-02 1.970298035303130746e-04 2.421651501208543777e-03
7.500000000000000000e+03 6.099901720881462097e-02 7.890673726797103882e-02 4.460575990378856659e-03 6.466765771619975567e-04 1.454151235520839691e-03 6.145409867167472839e-02 6.718945503234863281e-02 1.421047933399677277e-02 1.873187429737299681e-04 2.318767132237553596e-03
8.000000000000000000e+03 5.463915690779685974e-02 7.853037118911743164e-02 4.128125961869955063e-03 5.654598353430628777e-04 1.500678947195410728e-03 5.503625795245170593e-02 6.624504178762435913e-02 1.347191911190748215e-02 2.085986052406951785e-04 2.342269290238618851e-03
8.500000000000000000e+03 4.869231954216957092e-02 6.098389253020286560e-02 3.407768439501523972e-03 4.222531861159950495e-04 1.505833701230585575e-03 4.875424876809120178e-02 6.498886644840240479e-02 1.227269414812326431e-02 2.612228563521057367e-04 2.340729348361492157e-03
9.000000000000000000e+03 4.285201057791709900e-02 6.068360060453414917e-02 3.110330551862716675e-03 3.733227495104074478e-04 1.530129928141832352e-03 4.287539795041084290e-02 6.417957693338394165e-02 1.152662094682455063e-02 2.779978094622492790e-04 2.358384896069765091e-03
9.500000000000000000e+03 3.747092932462692261e-02 5.666219443082809448e-02 2.173527609556913376e-03 2.566063194535672665e-04 1.555326161906123161e-03 3.743374720215797424e-02 6.359928101301193237e-02 1.104849018156528473e-02 2.660402678884565830e-04 2.383718965575098991e-03
1.000000000000000000e+04 3.255306184291839600e-02 5.652464926242828369e-02 2.019557636231184006e-03 2.326922985957935452e-04 1.629407866857945919e-03 3.248754143714904785e-02 6.331060081720352173e-02 1.054684538394212723e-02 2.633442054502665997e-04 2.448908984661102295e-03
1.050000000000000000e+04 2.799632027745246887e-02 5.840593948960304260e-02 2.612219192087650299e-03 4.023538785986602306e-04 1.861372613348066807e-03 2.810514159500598907e-02 6.325192749500274658e-02 9.980249218642711639e-03 2.776116598397493362e-04 2.608995186164975166e-03
1.100000000000000000e+04 2.401541918516159058e-02 5.835741013288497925e-02 2.403562888503074646e-03 3.613829612731933594e-04 2.045531291514635086e-03 2.409107238054275513e-02 6.331598013639450073e-02 9.394835680723190308e-03 2.943943836726248264e-04 2.772810403257608414e-03
1.150000000000000000e+04 2.085275948047637939e-02 6.978213042020797729e-02 1.999684609472751617e-03 2.886228321585804224e-04 2.370811998844146729e-03 2.077979780733585358e-02 6.340371072292327881e-02 9.023257531225681305e-03 3.129533142782747746e-04 3.101323731243610382e-03
1.200000000000000000e+04 1.782757043838500977e-02 6.982526183128356934e-02 1.854763599112629890e-03 2.576656988821923733e-04 2.658863551914691925e-03 1.773456111550331116e-02 6.358399987220764160e-02 8.552604354918003082e-03 3.377545217517763376e-04 3.368948586285114288e-03
1.250000000000000000e+04 1.503871474415063858e-02 7.404679805040359497e-02 1.910126302391290665e-03 2.301872445968911052e-04 2.879423089325428009e-03 1.498574391007423401e-02 6.388451904058456421e-02 7.818721234798431396e-03 4.011181008536368608e-04 3.608787432312965393e-03
1.300000000000000000e+04 1.258740667253732681e-02 7.406325638294219971e-02 1.770541188307106495e-03 2.216975699411705136e-04 3.180920844897627831e-03 1.251372136175632477e-02 6.419473141431808472e-02 7.404163479804992676e-03 4.151435568928718567e-04 3.895801957696676254e-03
1.350000000000000000e+04 1.019218470901250839e-02 6.911017745733261108e-02 1.452512922696769238e-03 1.940176734933629632e-04 3.587341401726007462e-03 1.026286464184522629e-02 6.448154151439666748e-02 7.420472335070371628e-03 3.620377392508089542e-04 4.244244191795587540e-03
1.400000000000000000e+04 8.369951508939266205e-03 6.906956434249877930e-02 1.393246697261929512e-03 1.830194814829155803e-04 3.887556958943605423e-03 8.409812115132808685e-03 6.485118716955184937e-02 7.157749030739068985e-03 3.630705177783966064e-04 4.528576508164405823e-03
1.450000000000000000e+04 6.800125818699598312e-03 6.689589470624923706e-02 1.397282001562416553e-03 1.895748573588207364e-04 4.062542691826820374e-03 6.688518449664115906e-03 6.549127399921417236e-02 6.854594685137271881e-03 3.488565853331238031e-04 4.684721585363149643e-03
1.500000000000000000e+04 5.482961423695087433e-03 6.694051623344421387e-02 1.346289878711104393e-03 1.817228039726614952e-04 4.313541110605001450e-03 5.355731118470430374e-03 6.600635498762130737e-02 6.628562696278095245e-03 3.360733971931040287e-04 4.922684282064437866e-03
1.550000000000000000e+04 4.237257875502109528e-03 5.308856070041656494e-02 1.386254909448325634e-03 2.413493202766403556e-04 3.971805796027183533e-03 4.140926524996757507e-03 6.765458732843399048e-02 5.536293610930442810e-03 4.458559560589492321e-04 4.625678062438964844e-03
1.600000000000000000e+04 3.383727511391043663e-03 5.332653596997261047e-02 1.344643882475793362e-03 2.205751661676913500e-04 4.053287673741579056e-03 3.267191117629408836e-03 6.858014315366744995e-02 5.367477424442768097e-03 4.022662760689854622e-04 4.703297745436429977e-03
1.650000000000000000e+04 2.890513977035880089e-03 7.026434689760208130e-02 1.546794665046036243e-03 2.151561348000541329e-04 4.801271948963403702e-03 2.754571149125695229e-03 6.808981299400329590e-02 5.373333580791950226e-03 3.764262946788221598e-04 5.301104858517646790e-03
1.700000000000000000e+04 2.512607723474502563e-03 6.982039660215377808e-02 1.454819808714091778e-03 2.325108798686414957e-04 5.171982105821371078e-03 2.365396823734045029e-03 6.801424175500869751e-02 5.068118683993816376e-03 4.046895774081349373e-04 5.647362209856510162e-03
1.750000000000000000e+04 2.190935891121625900e-03 6.685157865285873413e-02 1.374719431623816490e-03 2.012441400438547134e-04 4.906670656055212021e-03 1.957516185939311981e-03 6.901777535676956177e-02 4.412539303302764893e-03 4.902461660094559193e-04 5.524479784071445465e-03
1.800000000000000000e+04 1.949924742802977562e-03 6.685187667608261108e-02 1.326478668488562107e-03 1.979720836970955133e-04 4.989584907889366150e-03 1.720873056910932064e-03 6.927578151226043701e-02 4.250241909176111221e-03 4.825570795219391584e-04 5.603608209639787674e-03
1.850000000000000000e+04 1.530491979792714119e-03 5.305325239896774292e-02 1.255555194802582264e-03 2.119697746820747852e-04 4.711024463176727295e-03 1.358806854113936424e-03 7.137171924114227295e-02 4.338725935667753220e-03 3.226100525353103876e-04 5.239616613835096359e-03
1.900000000000000000e+04 1.424969872459769249e-03 5.321134254336357117e-02 1.232871669344604015e-03 1.844296202762052417e-04 4.532969091087579727e-03 1.253566122613847256e-03 7.204268127679824829e-02 4.278426989912986755e-03 2.754214510787278414e-04 5.071616265922784805e-03
1.950000000000000000e+04 1.722065615467727184e-03 6.483272463083267212e-02 8.274012361653149128e-04 1.671455538598820567e-04 5.214032251387834549e-03 1.538728363811969757e-03 6.861840933561325073e-02 4.723996855318546295e-03 2.798296336550265551e-04 5.767239723354578018e-03
2.000000000000000000e+04 1.695363665930926800e-03 6.435959786176681519e-02 7.933826418593525887e-04 1.877067697932943702e-04 5.479319021105766296e-03 1.519229146651923656e-03 6.794472783803939819e-02 4.523834213614463806e-03 3.284697013441473246e-04 6.019728723913431168e-03
2.050000000000000000e+04 1.731203286908566952e-03 7.060438394546508789e-02 1.165858353488147259e-03 2.084816223941743374e-04 5.834009498357772827e-03 1.611200277693569660e-03 6.697300821542739868e-02 4.246333148330450058e-03 3.961315669585019350e-04 6.339703220874071121e-03
2.100000000000000000e+04 1.628533820621669292e-03 7.032535970211029053e-02 1.104268245398998260e-03 2.172920794691890478e-04 6.037324666976928711e-03 1.512676943093538284e-03 6.669878959655761719e-02 4.023724701255559921e-03 4.131313762627542019e-04 6.534466519951820374e-03
2.150000000000000000e+04 1.543229329399764538e-03 6.158183142542839050e-02 7.323924801312386990e-04 1.862787758000195026e-04 5.758549552410840988e-03 1.444602035917341709e-03 6.698244810104370117e-02 3.812445793300867081e-03 4.213123174849897623e-04 6.261528935283422470e-03
2.200000000000000000e+04 1.499114674516022205e-03 6.161961331963539124e-02 7.129903533495962620e-04 1.788559893611818552e-04 5.619451403617858887e-03 1.408052979968488216e-03 6.697734445333480835e-02 3.725552232936024666e-03 4.136439238209277391e-04 6.128224544227123260e-03
2.250000000000000000e+04 2.360956044867634773e-03 7.283563911914825439e-02 9.168953984044492245e-04 2.812661987263709307e-04 6.588116288185119629e-03 2.231229795143008232e-03 6.473868340253829956e-02 3.825308755040168762e-03 5.382655654102563858e-04 7.067991420626640320e-03
2.300000000000000000e+04 2.201329683884978294e-03 7.215413451194763184e-02 8.486831211484968662e-04 3.196400939486920834e-04 7.013091351836919785e-03 2.077916171401739120e-03 6.455010175704956055e-02 3.544013714417815208e-03 6.055259727872908115e-04 7.475757505744695663e-03
2.350000000000000000e+04 1.713651232421398163e-03 5.802290141582489014e-02 7.779712323099374771e-04 4.091653099749237299e-04 6.129357963800430298e-03 1.645550597459077835e-03 6.556266546249389648e-02 2.615744946524500847e-03 8.084465516731142998e-04 6.676896940916776657e-03
2.400000000000000000e+04 1.721342327073216438e-03 5.812594294548034668e-02 7.582008838653564453e-04 3.766658774111419916e-04 5.792230367660522461e-03 1.661086920648813248e-03 6.570772081613540649e-02 2.579330001026391983e-03 7.611277396790683270e-04 6.350457202643156052e-03
2.450000000000000000e+04 1.056008739396929741e-03 5.561568588018417358e-02 6.252532475627958775e-04 3.033119719475507736e-04 5.058049224317073822e-03 9.519977611489593983e-04 6.783190369606018066e-02 2.450234489515423775e-03 5.910641630180180073e-04 5.738797597587108612e-03
2.500000000000000000e+04 1.037709065712988377e-03 5.574717745184898376e-02 6.155713927000761032e-04 2.666997897904366255e-04 4.686067346483469009e-03 9.387726895511150360e-04 6.827525794506072998e-02 2.462952630594372749e-03 5.274994182400405407e-04 5.372907500714063644e-03
2.550000000000000000e+04 1.141818240284919739e-03 6.200205162167549133e-02 6.547402008436620235e-04 1.483493979321792722e-04 5.417276173830032349e-03 1.071943319402635098e-03 6.663418561220169067e-02 3.192580537870526314e-03 3.543406201060861349e-04 5.932556465268135071e-03
2.600000000000000000e+04 1.065657474100589752e-03 6.170745193958282471e-02 6.285611307248473167e-04 1.550372981000691652e-04 5.623311735689640045e-03 9.984375210478901863e-04 6.637526303529739380e-02 3.063579555600881577e-03 3.871908411383628845e-04 6.127740256488323212e-03
2.650000000000000000e+04 9.227668051607906818e-04 4.986473545432090759e-02 4.547128337435424328e-04 1.767172943800687790e-04 5.052172578871250153e-03 8.474010392092168331e-04 6.726026535034179688e-02 2.783307805657386780e-03 4.162565455771982670e-04 5.675598978996276855e-03
2.700000000000000000e+04 9.234004537574946880e-04 4.996618628501892090e-02 4.477387992665171623e-04 1.724683097563683987e-04 4.804330412298440933e-03 8.543204166926443577e-04 6.738066673278808594e-02 2.782633993774652481e-03 4.043195804115384817e-04 5.434869788587093353e-03
2.750000000000000000e+04 1.448009395971894264e-03 5.973695963621139526e-02 5.177712300792336464e-04 2.250347461085766554e-04 4.748871549963951111e-03 1.399486442096531391e-03 6.617142260074615479e-02 2.710662083700299263e-03 4.932052688673138618e-04 5.355442874133586884e-03
2.800000000000000000e+04 1.430778764188289642e-03 5.969617143273353577e-02 5.044439458288252354e-04 2.255089930258691311e-04 4.655302967876195908e-03 1.387215568684041500e-03 6.611975282430648804e-02 2.650935901328921318e-03 4.936452023684978485e-04 5.266029387712478638e-03
2.850000000000000000e+04 8.416330092586576939e-04 5.576587095856666565e-02 6.732475012540817261e-04 2.398830984020605683e-04 4.762233234941959381e-03 7.893331348896026611e-04 6.704416871070861816e-02 2.424980513751506805e-03 4.319222061894834042e-04 5.329845007508993149e-03
2.900000000000000000e+04 7.786655332893133163e-04 5.570765212178230286e-02 6.345459842123091221e-04 2.358929195906966925e-04 4.805470816791057587e-03 7.292981608770787716e-04 6.697671860456466675e-02 2.277386607602238655e-03 4.234747029840946198e-04 5.370781291276216507e-03
2.950000000000000000e+04 7.678174879401922226e-04 6.238923221826553345e-02 4.629574832506477833e-04 1.938038330990821123e-04 5.351680330932140350e-03 7.126370328478515148e-04 6.612882018089294434e-02 2.233173931017518044e-03 4.792630788870155811e-04 5.894129630178213120e-03
3.000000000000000000e+04 6.879313732497394085e-04 6.218643486499786377e-02 4.416420124471187592e-04 2.045581204583868384e-04 5.515760742127895355e-03 6.358610698953270912e-04 6.597939133644104004e-02 2.121402183547616005e-03 5.106694297865033150e-04 6.051257252693176270e-03
3.050000000000000000e+04 7.161374669522047043e-04 5.922465398907661438e-02 5.217056605033576488e-04 1.716088008834049106e-04 5.456923507153987885e-03 6.863349117338657379e-04 6.567504256963729858e-02 2.865774556994438171e-03 2.687779779080301523e-04 5.968193989247083664e-03
3.100000000000000000e+04 7.044159574434161186e-04 5.925410613417625427e-02 5.167553899809718132e-04 1.712389639578759670e-04 5.330465268343687057e-03 6.774108042009174824e-04 6.567078828811645508e-02 2.824656665325164795e-03 2.670710382517427206e-04 5.847821012139320374e-03
3.150000000000000000e+04 3.627624828368425369e-04 5.734829232096672058e-02 3.690146259032189846e-04 1.354689738946035504e-04 4.637042991816997528e-03 3.189278941135853529e-04 6.802459061145782471e-02 2.289196709170937538e-03 2.937730751000344753e-04 5.164077505469322205e-03
3.200000000000000000e+04 3.555892035365104675e-04 5.748341977596282959e-02 3.638025955297052860e-04 1.336867426289245486e-04 4.442721605300903320e-03 3.141043707728385925e-04 6.820235401391983032e-02 2.264123875647783279e-03 2.895963843911886215e-04 4.977287724614143372e-03
3.250000000000000000e+04 5.727482493966817856e-04 5.637841671705245972e-02 3.709468583110719919e-04 1.711377408355474472e-04 4.465018399059772491e-03 5.362179363146424294e-04 6.687864661216735840e-02 2.091239439323544502e-03 4.132679023314267397e-04 5.014114547520875931e-03
3.300000000000000000e+04 5.548043409362435341e-04 5.636047944426536560e-02 3.644106909632682800e-04 1.732270466163754463e-04 4.420812241733074188e-03 5.202039028517901897e-04 6.681566685438156128e-02 2.058960264548659325e-03 4.211517225485295057e-04 4.971978720277547836e-03
3.350000000000000000e+04 3.978931054007261992e-04 5.211149901151657104e-02 4.345078777987509966e-04 2.890893083531409502e-04 4.257069434970617294e-03 3.585560189094394445e-04 6.760721653699874878e-02 1.555547118186950684e-03 4.846563388127833605e-04 4.835573956370353699e-03
3.400000000000000000e+04 3.805869200732558966e-04 5.212637409567832947e-02 4.026101378258317709e-04 2.690045803319662809e-04 4.222439602017402649e-03 3.431046789046376944e-04 6.761138141155242920e-02 1.433144556358456612e-03 4.480469215195626020e-04 4.802584182471036911e-03
3.450000000000000000e+04 4.660549457184970379e-04 5.498791113495826721e-02 3.146478848066180944e-04 2.990844950545579195e-04 4.203848075121641159e-03 4.343097680248320103e-04 6.723110377788543701e-02 1.245400286279618740e-03 5.384420510381460190e-04 4.728713072836399078e-03
3.500000000000000000e+04 4.477311158552765846e-04 5.497666820883750916e-02 3.019522118847817183e-04 2.995911345351487398e-04 4.157166928052902222e-03 4.170655156485736370e-04 6.720340251922607422e-02 1.191715593449771404e-03 5.358387716114521027e-04 4.683962091803550720e-03
3.550000000000000000e+04 4.123273538425564766e-04 6.000864505767822266e-02 3.054325643461197615e-04 2.427398430882021785e-04 3.655900713056325912e-03 3.761028056032955647e-04 6.773986667394638062e-02 1.320730894804000854e-03 4.231939383316785097e-04 4.349688533693552017e-03
3.600000000000000000e+04 4.065171233378350735e-04 6.003025546669960022e-02 2.949280315078794956e-04 2.427267900202423334e-04 3.571668174117803574e-03 3.724217822309583426e-04 6.772555410861968994e-02 1.284157973714172840e-03 4.218578978907316923e-04 4.267293494194746017e-03
3.650000000000000000e+04 1.368607161566615105e-03 7.960548996925354004e-02 4.998235381208360195e-04 2.247150114271789789e-04 4.973720759153366089e-03 1.349669881165027618e-03 6.466399133205413818e-02 1.968415919691324234e-03 3.687849093694239855e-04 5.481537431478500366e-03
3.700000000000000000e+04 1.423901878297328949e-03 7.863623648881912231e-02 4.845041548833250999e-04 2.396921045146882534e-04 5.389624275267124176e-03 1.407250296324491501e-03 6.446366012096405029e-02 1.914114807732403278e-03 4.195011570118367672e-04 5.873384419828653336e-03
