# step, loss_train, loss_test, metrics_test
0.000000000000000000e+00 2.083209529519081116e-02 7.826194912195205688e-02 4.475423600524663925e-03 9.717612410895526409e-04 1.458652317523956299e-02 2.117133513092994690e-02 7.380212843418121338e-02 2.007625997066497803e-03 6.467575440183281898e-05 1.550149917602539062e-02
5.000000000000000000e+02 6.567082018591463566e-04 5.782078206539154053e-02 5.977322507533244789e-05 7.119923975551500916e-05 4.076447337865829468e-03 6.458912394009530544e-04 6.596887111663818359e-02 4.466778773348778486e-05 5.345595855033025146e-05 4.766966216266155243e-03
1.000000000000000000e+03 9.280727826990187168e-04 5.742949992418289185e-02 8.531528874300420284e-05 1.208315443363972008e-04 3.580373013392090797e-03 8.766268147155642509e-04 6.544807553291320801e-02 6.004957322147674859e-05 2.843864240276161581e-05 4.272813443094491959e-03
1.500000000000000000e+03 4.795898275915533304e-04 6.788700819015502930e-02 1.303297176491469145e-04 1.744797191349789500e-04 4.586227703839540482e-03 4.154367488808929920e-04 6.518818438053131104e-02 6.195370951900258660e-05 1.005671001621522009e-04 5.114964209496974945e-03
2.000000000000000000e+03 4.887717659585177898e-04 6.636410206556320190e-02 1.759235601639375091e-04 2.152925444534048438e-04 2.715670038014650345e-03 3.896842827089130878e-04 6.492503732442855835e-02 8.145626634359359741e-05 8.853192412061616778e-05 3.208609530702233315e-03
2.500000000000000000e+03 2.028291200986132026e-04 7.424785196781158447e-02 1.118030282668769360e-03 1.162790926173329353e-03 1.508885761722922325e-03 9.255058830603957176e-05 6.143723055720329285e-02 3.302625555079430342e-04 3.441197040956467390e-04 1.870525884442031384e-03
3.000000000000000000e+03 1.058982801623642445e-03 2.711320063099265099e-03 5.083335418021306396e-05 7.429310353472828865e-04 4.671779461205005646e-03 7.621452677994966507e-04 1.118469284847378731e-03 1.521477042842889205e-05 2.623661654070019722e-03 4.378498066216707230e-03
3.500000000000000000e+03 6.979813915677368641e-04 9.939273586496710777e-04 5.943157157162204385e-05 1.752490206854417920e-04 3.226026427000761032e-03 4.642003623303025961e-04 4.726850602310150862e-04 5.689817771781235933e-05 2.441750839352607727e-04 3.017147537320852280e-03
4.000000000000000000e+03 4.510359722189605236e-04 7.172660552896559238e-04 4.648661342798732221e-05 7.549607107648625970e-05 2.544447779655456543e-03 2.642304170876741409e-04 3.952717524953186512e-04 4.531058220891281962e-05 3.891291999025270343e-05 2.284618327394127846e-03
4.500000000000000000e+03 3.150509728584438562e-04 5.676356959156692028e-04 3.934492633561603725e-05 9.308250446338206530e-05 2.486355369910597801e-03 1.775501878000795841e-04 4.097267810720950365e-04 2.829216464306227863e-05 1.128379662986844778e-04 1.956034684553742409e-03
5.000000000000000000e+03 2.142347657354548573e-04 4.282475565560162067e-04 7.422550697810947895e-05 7.385619392152875662e-05 1.969829667359590530e-03 1.061021248460747302e-04 3.651403530966490507e-04 5.913176573812961578e-05 1.378503366140648723e-04 1.423925743438303471e-03
5.500000000000000000e+03 9.680334915174171329e-05 2.869747986551374197e-04 7.217562233563512564e-05 1.944029281730763614e-05 1.140179578214883804e-03 2.754541674221400172e-05 2.487933088559657335e-04 6.877401028759777546e-05 8.277811866719275713e-05 7.898701005615293980e-04
6.000000000000000000e+03 5.281083940644748509e-05 2.414658811176195741e-04 4.714745591627433896e-05 2.158751340175513178e-05 8.333008736371994019e-04 1.008370963972993195e-05 2.083739818772301078e-04 4.358554724603891373e-05 3.286523133283481002e-05 5.016832728870213032e-04
6.500000000000000000e+03 4.529166835709474981e-05 2.356677287025377154e-04 3.286547871539369226e-05 9.074954505194909871e-06 7.992696482688188553e-04 7.577466931252274662e-06 2.145823236787691712e-04 3.341633782838471234e-05 6.555938398378202692e-06 3.257845237385481596e-04
7.000000000000000000e+03 3.422079316806048155e-05 1.920345384860411286e-04 2.150844920834060758e-05 7.200470918178325519e-06 6.279730587266385555e-04 4.827546945307403803e-06 1.791259273886680603e-04 2.387487802479881793e-05 5.112456165079493076e-06 1.878160692285746336e-04
7.500000000000000000e+03 1.660694579186383635e-05 1.354598934995010495e-04 2.050559851340949535e-05 8.034861821215599775e-06 3.774044453166425228e-04 3.471660193099523894e-06 1.532038877485319972e-04 8.922303095459938049e-06 8.128524314088281244e-06 1.199526304844766855e-04
8.000000000000000000e+03 1.401068675477290526e-05 1.052523221005685627e-04 1.488159250584430993e-05 8.546301614842377603e-06 3.049020597245544195e-04 2.602432914500241168e-06 1.174016215372830629e-04 6.641722393396776170e-06 8.832540515868458897e-06 6.983691855566576123e-05
8.500000000000000000e+03 1.452527249057311565e-05 8.465179416816681623e-05 6.375560587912332267e-06 4.551453002932248637e-06 3.557086165528744459e-04 1.304920601796766277e-06 1.598757517058402300e-04 1.362847979180514812e-05 1.273584894079249352e-05 3.955918145948089659e-05
9.000000000000000000e+03 1.471102495997911319e-05 6.146854138933122158e-05 5.181368123885476962e-06 4.627589532901765779e-06 3.160448104608803988e-04 1.059642158907081466e-06 1.514501200290396810e-04 1.226298445544671267e-05 2.514590232749469578e-05 2.016314829234033823e-05
9.500000000000000000e+03 1.274200803891289979e-05 4.901155625702813268e-05 7.541407285316381603e-06 4.068967427883762866e-06 2.008974552154541016e-04 7.399502237603883259e-07 6.179917545523494482e-05 8.065991096373181790e-06 9.664488061389420182e-06 1.492845240136375651e-05
1.000000000000000000e+04 1.427784536645049229e-05 3.947306686313822865e-05 5.547539331018924713e-06 3.601646767492638901e-06 1.846018276410177350e-04 8.061824132710171398e-07 4.798238296643830836e-05 5.237026925897225738e-06 1.265195987798506394e-05 1.186149529530666769e-05
1.050000000000000000e+04 3.015797847183421254e-05 3.960520552936941385e-05 4.125057785131502897e-06 5.425551535154227167e-06 3.070823149755597115e-04 8.382538680962170474e-07 5.931545456405729055e-05 2.006884187721880153e-06 2.708604188228491694e-05 8.732059541216585785e-06
1.100000000000000000e+04 3.368690522620454431e-05 3.375481537659652531e-05 3.239626039430731907e-06 4.349855771579314023e-06 2.833543403539806604e-04 8.147038670358597301e-07 6.967765511944890022e-05 1.652236392146733124e-06 1.505291584180667996e-05 7.754959369776770473e-06
1.150000000000000000e+04 2.011539800150785595e-05 2.836343628587201238e-05 1.474524083278083708e-06 2.352273668293491937e-06 1.109190998249687254e-04 8.295849056594306603e-07 4.143326805206015706e-05 1.176427190330286976e-06 6.972672963456716388e-06 6.283265975071117282e-06
1.200000000000000000e+04 2.032332304224837571e-05 2.407918691460508853e-05 1.508033733443880919e-06 1.650796775720664300e-06 1.040674469550140202e-04 7.192992939053510781e-07 3.807347820838913321e-05 1.219558953380328603e-06 3.983493570558493957e-06 5.559023520618211478e-06
1.250000000000000000e+04 2.490553197276312858e-05 3.315900175948627293e-05 2.407056399533757940e-06 1.838953266997123137e-06 1.776062708813697100e-04 7.777230166539084166e-07 7.006653322605416179e-05 7.921982501102320384e-07 1.654322113608941436e-05 7.053353328956291080e-06
1.300000000000000000e+04 2.795474392769392580e-05 3.021137308678589761e-05 2.131439259756007232e-06 1.474001464885077439e-06 1.693806552793830633e-04 8.192608333956741262e-07 6.965954526094719768e-05 5.534024580811092164e-07 1.631324812478851527e-05 7.604988695675274357e-06
1.350000000000000000e+04 2.252962622151244432e-05 2.275098813697695732e-05 1.173582859337329865e-06 1.794769104890292510e-06 6.803814176237210631e-05 6.750672127964207903e-07 3.792777715716511011e-05 1.804074031497293618e-06 7.975149492267519236e-05 4.505673132371157408e-06
1.400000000000000000e+04 2.159101677534636110e-05 2.168882201658561826e-05 9.359501973449368961e-07 1.432843191651045345e-06 6.774704525014385581e-05 5.628584744954423513e-07 3.739193198271095753e-05 2.342633024454698898e-06 9.830916678765788674e-05 3.775290224439231679e-06
1.450000000000000000e+04 3.518577068462036550e-05 2.650811984494794160e-05 1.079024059436051175e-06 1.563054865982849151e-06 2.393557515460997820e-04 5.681524726242059842e-07 4.258579429006204009e-05 1.334925400442443788e-06 2.012995309996767901e-06 5.984115887258667499e-06
1.500000000000000000e+04 3.883196040987968445e-05 2.381722697464283556e-05 7.282487217707966920e-07 1.134648414335970301e-06 2.307716204086318612e-04 4.963647484146349598e-07 3.779454709729179740e-05 1.667616629674739670e-06 1.690708086243830621e-05 5.975943167868535966e-06
1.550000000000000000e+04 2.426460741844493896e-05 1.631824488868005574e-05 2.052353920589666814e-06 3.222654186174622737e-06 1.201693667098879814e-04 3.693239420954341767e-07 5.674177737091667950e-05 5.770613142885849811e-07 3.242507955292239785e-05 4.118697688682004809e-06
1.600000000000000000e+04 2.347396184632088989e-05 1.590109968674369156e-05 1.246543433808255941e-06 2.477916723364614882e-06 1.189428949146531522e-04 3.940765225252107484e-07 6.321376713458448648e-05 4.500645331972918939e-07 4.443528814590536058e-05 3.688636297738412395e-06
1.650000000000000000e+04 3.512637704261578619e-05 2.096371463267132640e-05 2.788699248412740417e-06 1.597424443389172666e-06 1.779894082574173808e-04 3.679949713841779158e-07 4.111600719625130296e-05 9.545329930915613659e-07 1.172007341665448621e-05 5.414994120656047016e-06
1.700000000000000000e+04 3.921431198250502348e-05 2.061421764665283263e-05 2.399613322268123738e-06 9.301209615841798950e-07 1.694636739557608962e-04 3.582275098779064137e-07 4.355489363661035895e-05 1.286377141695993487e-06 1.175690158561337739e-05 5.519233127415645868e-06
1.750000000000000000e+04 4.082791565451771021e-05 1.716806036711204797e-05 4.968067628396966029e-07 7.324049988710612524e-07 1.567690487718209624e-04 2.655077082636125851e-07 3.834852759609930217e-05 3.838551492663100362e-06 1.941950904438272119e-04 3.332511596454423852e-06
1.800000000000000000e+04 3.919406663044355810e-05 1.600725590833462775e-05 3.595897055674868170e-07 5.132499723004002590e-07 1.564561971463263035e-04 2.519643942378024803e-07 3.590593041735701263e-05 4.127228294237283990e-06 2.793136227410286665e-04 3.064309794353903271e-06
1.850000000000000000e+04 3.558448952389881015e-05 2.643308107508346438e-05 2.673396693353424780e-06 1.056769815477309749e-05 2.886331931222230196e-04 2.489313146725180559e-07 8.663792687002569437e-05 4.908134087600046769e-06 1.570426684338599443e-05 4.375939170131459832e-06
1.900000000000000000e+04 3.845367245958186686e-05 2.753461740212514997e-05 2.078384341075434349e-06 5.508170943357981741e-06 2.782000810839235783e-04 2.266148868557138485e-07 1.086806369130499661e-04 4.861310117121320218e-06 1.420391072315396741e-05 4.858349257119698450e-06
1.950000000000000000e+04 3.624167948146350682e-05 1.744684959703590721e-05 6.667735874543723185e-07 4.213519787299446762e-06 7.108127465471625328e-05 2.950632733700331300e-07 5.682962364517152309e-05 2.378938233960070647e-06 4.282551799406064674e-06 2.658969833646551706e-06
2.000000000000000000e+04 3.178186670993454754e-05 1.601204712642356753e-05 5.294679681355773937e-07 2.721735427257954143e-06 7.319486030610278249e-05 3.198669844550749986e-07 5.344182500266470015e-05 2.232093038401217200e-06 2.001464508794015273e-06 2.478039505149354227e-06
2.050000000000000000e+04 3.361983181093819439e-05 1.559453812660649419e-05 4.074278194821090437e-07 5.296321887726662681e-07 1.250898349098861217e-04 1.988086779647346702e-07 5.283329301164485514e-05 1.023909476316475775e-06 1.104512284655356780e-05 3.771053115997347049e-06
2.100000000000000000e+04 3.554541035555303097e-05 1.449441333534196019e-05 2.408171724255225854e-07 4.462642095859337132e-07 1.204753352794796228e-04 1.719195665828010533e-07 4.730982982437126338e-05 5.280284085529274307e-07 2.515367850719485432e-05 4.010345037386287004e-06
2.150000000000000000e+04 2.961742211482487619e-05 1.637845161894802004e-05 6.610572427234728821e-07 4.978961669621639885e-07 2.174153341911733150e-04 2.116818080821758485e-07 4.420133336680009961e-05 1.515457370260264724e-06 1.277595001738518476e-04 4.291168806958012283e-06
2.200000000000000000e+04 2.839344779204111546e-05 1.638056164665613323e-05 4.498068051361769903e-07 3.863260360503772972e-07 2.147617487935349345e-04 2.214495395946869394e-07 4.409370740177109838e-05 1.200961037284287158e-06 2.067861933028325438e-04 4.693368737207492813e-06
2.250000000000000000e+04 3.240893420297652483e-05 1.808300658012740314e-05 4.398742134981148411e-07 5.212907012719369959e-07 1.248013140866532922e-04 2.377745857984336908e-07 3.929638842237181962e-05 4.138211409099312732e-07 6.523513002321124077e-05 2.831754954968346283e-06
2.300000000000000000e+04 3.003608435392379761e-05 1.597075424797367305e-05 3.651522320069489069e-07 4.584268538110336522e-07 1.258108823094516993e-04 2.617803716020716820e-07 3.423370799282565713e-05 4.399366844154428691e-07 4.929526312480447814e-06 2.844880555130657740e-06
2.350000000000000000e+04 2.951745409518480301e-05 1.208795765705872327e-05 1.819393133928315365e-07 7.293746193681727163e-07 1.004794830805622041e-04 3.265705004196206573e-07 2.689941175049170852e-05 1.040184656631026883e-06 4.328390932641923428e-04 6.696070158795919269e-06
2.400000000000000000e+04 3.345066579640842974e-05 1.268705000256886706e-05 1.744571136441663839e-07 5.444958901534846518e-07 9.347726154373958707e-05 2.908204805862624198e-07 2.883823981392197311e-05 1.861479631770635024e-06 4.941211664117872715e-04 7.495221325370948762e-06
