# step, loss_train, loss_test, metrics_test
0.000000000000000000e+00 1.021968480199575424e-02 7.394434511661529541e-02 3.768433525692671537e-04 2.535313069529365748e-05 1.337266061455011368e-02 1.029886212199926376e-02 7.333138585090637207e-02 3.338707902003079653e-04 4.544388502836227417e-05 1.415434479713439941e-02
5.000000000000000000e+02 1.539006945677101612e-03 6.230054050683975220e-02 6.422799779102206230e-04 2.259216307720635086e-05 2.125407801941037178e-03 1.562717487104237080e-03 6.884046643972396851e-02 5.149660282768309116e-04 3.232606832170858979e-05 2.894430654123425484e-03
1.000000000000000000e+03 6.220578216016292572e-04 5.871826410293579102e-02 2.024601126322522759e-04 1.405854854965582490e-04 4.093601368367671967e-03 6.349846371449530125e-04 6.644982099533081055e-02 1.104527909774333239e-04 1.459897757740691304e-04 4.785437136888504028e-03
1.500000000000000000e+03 2.131850487785413861e-04 6.905197352170944214e-02 1.523077662568539381e-04 1.105143601307645440e-04 6.049522664397954941e-03 2.112477377522736788e-04 6.548032909631729126e-02 5.492052150657400489e-05 7.257504330482333899e-05 6.597161758691072464e-03
2.000000000000000000e+03 2.137555129593238235e-04 6.894176453351974487e-02 9.345189027953892946e-05 7.940223440527915955e-05 6.148924585431814194e-03 2.098864642903208733e-04 6.544913351535797119e-02 2.480564035067800432e-05 2.495228363841306418e-05 6.692391820251941681e-03
2.500000000000000000e+03 3.431324730627238750e-04 8.195857703685760498e-02 5.755588426836766303e-05 9.206930553773418069e-05 6.392413284629583359e-03 3.257392090745270252e-04 6.516277790069580078e-02 1.622583840799052268e-05 2.173149368900340050e-05 6.806848570704460144e-03
3.000000000000000000e+03 3.764143621083348989e-04 8.193926513195037842e-02 5.481783227878622711e-05 9.501844033366069198e-05 6.260649301111698151e-03 3.518385346978902817e-04 6.508823484182357788e-02 2.146643964806571603e-05 1.106037234421819448e-05 6.678771227598190308e-03
3.500000000000000000e+03 1.358481822535395622e-03 6.615049391984939575e-02 2.690243309189099818e-05 9.715252235764637589e-05 4.090955946594476700e-03 1.318965572863817215e-03 6.507172435522079468e-02 2.636353201523888856e-05 1.847202111093793064e-05 4.688645713031291962e-03
4.000000000000000000e+03 1.551179564557969570e-03 6.573057174682617188e-02 2.692711495910771191e-05 9.510719974059611559e-05 3.797973040491342545e-03 1.467825844883918762e-03 6.486287713050842285e-02 5.234427590039558709e-05 2.287531424371991307e-05 4.405342042446136475e-03
4.500000000000000000e+03 5.020216340199112892e-04 5.431862920522689819e-02 2.149138344975654036e-05 7.023159560048952699e-05 3.078417154029011726e-03 4.237384709995239973e-04 6.714805215597152710e-02 3.553576607373543084e-05 1.334582339040935040e-05 3.736633574590086937e-03
5.000000000000000000e+03 4.010959819424897432e-04 5.425476655364036560e-02 1.960989720828365535e-05 6.765400030417367816e-05 3.113410435616970062e-03 3.422146837692707777e-04 6.735013425350189209e-02 3.066756107727997005e-05 1.909963248181156814e-05 3.767314134165644646e-03
5.500000000000000000e+03 4.275956016499549150e-04 5.895938351750373840e-02 4.079232894582673907e-05 4.545956471702083945e-05 3.264530329033732414e-03 3.778080572374165058e-04 6.673774868249893188e-02 5.471637268783524632e-05 1.022731157718226314e-05 3.846706822514533997e-03
6.000000000000000000e+03 4.076508630532771349e-04 5.891802161931991577e-02 4.009298208984546363e-05 4.606807851814664900e-05 3.165894420817494392e-03 3.599645569920539856e-04 6.671825051307678223e-02 5.270599649520590901e-05 1.158870418294100091e-05 3.743700450286269188e-03
6.500000000000000000e+03 2.818607899826020002e-04 6.053327396512031555e-02 6.221668445505201817e-05 4.356713543529622257e-05 3.509121946990489960e-03 2.428967418381944299e-04 6.643916666507720947e-02 5.188394061406143010e-05 1.151851301983697340e-05 4.121618345379829407e-03
7.000000000000000000e+03 2.196411223849281669e-04 6.037909165024757385e-02 6.388175825122743845e-05 4.535474363365210593e-05 3.330238861963152885e-03 1.915686880238354206e-04 6.654707342386245728e-02 3.815565287368372083e-05 1.245217026735190302e-05 3.935112617909908295e-03
7.500000000000000000e+03 3.713980258908122778e-04 7.381695508956909180e-02 5.695128129445947707e-05 8.143462036969140172e-05 3.903950331732630730e-03 3.317107912153005600e-04 6.501942873001098633e-02 4.546352647594176233e-05 1.973855250980705023e-05 4.454736597836017609e-03
8.000000000000000000e+03 3.188177361153066158e-04 7.364617288112640381e-02 5.686208533006720245e-05 8.617483399575576186e-05 3.637536894530057907e-03 2.838422951754182577e-04 6.494398415088653564e-02 6.299748929450288415e-05 1.478475587646244094e-05 4.178937058895826340e-03
8.500000000000000000e+03 1.167198206530883908e-04 5.685842782258987427e-02 3.932038816856220365e-05 6.617635517613962293e-05 2.558329608291387558e-03 1.051746367011219263e-04 6.664117425680160522e-02 7.205202564364299178e-05 5.384197720559313893e-06 3.187077818438410759e-03
9.000000000000000000e+03 8.689905371284112334e-05 5.675436556339263916e-02 4.252011422067880630e-05 6.585360097233206034e-05 2.549264812842011452e-03 7.747772906441241503e-05 6.657646596431732178e-02 9.406040044268593192e-05 5.586816314462339506e-06 3.171155229210853577e-03
9.500000000000000000e+03 2.184812765335664153e-04 5.415447428822517395e-02 3.011194530699867755e-05 8.582840382587164640e-05 2.438596682623028755e-03 1.979021471925079823e-04 6.573030352592468262e-02 1.224807929247617722e-04 1.217002682096790522e-05 3.088738769292831421e-03
1.000000000000000000e+04 2.168530627386644483e-04 5.406674742698669434e-02 3.897382703144103289e-05 9.212156146531924605e-05 2.432852052152156830e-03 1.962915557669475675e-04 6.560471653938293457e-02 1.869120023911818862e-04 1.782064282451756299e-05 3.081464907154440880e-03
1.050000000000000000e+04 2.270012046210467815e-04 5.581526085734367371e-02 1.129995143855921924e-04 1.083816168829798698e-04 2.525888849049806595e-03 1.981316599994897842e-04 6.541330367326736450e-02 1.621029659872874618e-04 2.242130722152069211e-05 3.046404570341110229e-03
1.100000000000000000e+04 2.194961271015927196e-04 5.567520484328269958e-02 1.334168046014383435e-04 1.400220789946615696e-04 2.502937568351626396e-03 1.881827774923294783e-04 6.524978578090667725e-02 1.514518517069518566e-04 3.543443745002150536e-05 3.022637916728854179e-03
1.150000000000000000e+04 5.736740422435104847e-04 6.662964075803756714e-02 1.186922600027173758e-04 1.554864575155079365e-04 2.793532563373446465e-03 5.070031620562076569e-04 6.395738571882247925e-02 2.875550708267837763e-04 7.161140820244327188e-05 3.336982801556587219e-03
1.200000000000000000e+04 5.449568270705640316e-04 6.638182699680328369e-02 1.443124347133561969e-04 2.120121207553893328e-04 2.766015706583857536e-03 4.756649432238191366e-04 6.372427940368652344e-02 3.432649536989629269e-04 1.345809578197076917e-04 3.309170249849557877e-03
1.250000000000000000e+04 2.927546738646924496e-04 6.968760490417480469e-02 1.171538970083929598e-04 3.070173843298107386e-04 2.880085725337266922e-03 2.473482163622975349e-04 6.385153532028198242e-02 1.853108551586046815e-04 1.022124197334051132e-04 3.452439326792955399e-03
1.300000000000000000e+04 2.796243643388152122e-04 6.948912143707275391e-02 1.220169724547304213e-04 3.148470714222639799e-04 2.790650120005011559e-03 2.305559028172865510e-04 6.369807571172714233e-02 1.794943236745893955e-04 1.156454745796509087e-04 3.360840259119868279e-03
1.350000000000000000e+04 2.467652084305882454e-04 6.448582559823989868e-02 1.036933317664079368e-04 2.721975906752049923e-04 2.692856127396225929e-03 1.944532705238088965e-04 6.328939646482467651e-02 3.232394228689372540e-04 2.279510808875784278e-04 3.272667760029435158e-03
1.400000000000000000e+04 2.586283371783792973e-04 6.414941698312759399e-02 1.304806355619803071e-04 2.837144129443913698e-04 2.549580298364162445e-03 1.982105313800275326e-04 6.290247291326522827e-02 3.647971898317337036e-04 3.021241282112896442e-04 3.128109965473413467e-03
1.450000000000000000e+04 1.952749153133481741e-04 6.243194267153739929e-02 3.133771533612161875e-04 2.510457416065037251e-04 2.353440970182418823e-03 1.397260057274252176e-04 6.256612390279769897e-02 3.403111768420785666e-04 1.802889601094648242e-04 2.839370397850871086e-03
1.500000000000000000e+04 2.156070113414898515e-04 6.194398179650306702e-02 3.546633815858513117e-04 2.509410551283508539e-04 2.244633156806230545e-03 1.558889634907245636e-04 6.194344162940979004e-02 3.776828816626220942e-04 2.264744398416951299e-04 2.723865676671266556e-03
1.550000000000000000e+04 1.771377137629315257e-04 5.017879232764244080e-02 2.023287961492314935e-04 2.154180983779951930e-04 1.525576808489859104e-03 1.269587082788348198e-04 6.323705613613128662e-02 1.739613944664597511e-04 2.277636958751827478e-04 2.136256778612732887e-03
1.600000000000000000e+04 1.854386500781401992e-04 4.982593655586242676e-02 1.888350525405257940e-04 1.830953551689162850e-04 1.461121486499905586e-03 1.327814388787373900e-04 6.277924031019210815e-02 1.564451958984136581e-04 2.105116000166162848e-04 2.068387577310204506e-03
1.650000000000000000e+04 9.722520917421206832e-05 6.349053978919982910e-02 3.042050520889461040e-04 1.827606320148333907e-04 2.467807149514555931e-03 8.461211109533905983e-05 6.153923273086547852e-02 1.866039674496278167e-04 1.689692580839619040e-04 2.825256902724504471e-03
1.700000000000000000e+04 7.582706894027069211e-05 6.245858594775199890e-02 2.701394259929656982e-04 1.887122780317440629e-04 2.536694752052426338e-03 6.704476982122287154e-05 6.071503087878227234e-02 1.542292593512684107e-04 1.626586890779435635e-04 2.879835898056626320e-03
1.750000000000000000e+04 8.929165051085874438e-05 5.988568812608718872e-02 2.068024186883121729e-04 1.982724061235785484e-04 1.909700455144047737e-03 7.194618956418707967e-05 5.968959257006645203e-02 2.018379891524091363e-04 5.564512684941291809e-04 2.405802253633737564e-03
1.800000000000000000e+04 1.060108988895080984e-04 5.863358080387115479e-02 1.848304527811706066e-04 2.453037886880338192e-04 1.908630831167101860e-03 8.628532668808475137e-05 5.822850018739700317e-02 1.896083413157612085e-04 7.979391375556588173e-04 2.394220558926463127e-03
1.850000000000000000e+04 7.134638872230425477e-05 4.547391459345817566e-02 1.581968390382826328e-04 1.701218861853703856e-04 1.841542893089354038e-03 6.175216549308970571e-05 6.023637950420379639e-02 8.367605914827436209e-05 1.651571801630780101e-04 2.287767827510833740e-03
1.900000000000000000e+04 4.546633499558083713e-05 4.439022764563560486e-02 1.065227406797930598e-04 1.534202310722321272e-04 1.952324877493083477e-03 3.810492853517644107e-05 5.907508358359336853e-02 5.078753383713774383e-05 1.670868659857660532e-04 2.379610901698470116e-03
1.950000000000000000e+04 8.374502795049920678e-05 5.274057388305664062e-02 6.479440344264730811e-05 2.176613925257697701e-04 2.305547241121530533e-03 6.579100590897724032e-05 5.444256588816642761e-02 4.647792957257479429e-05 4.504227254074066877e-04 2.719191601499915123e-03
2.000000000000000000e+04 9.948883234756067395e-05 5.114399641752243042e-02 6.259234214667230844e-05 2.327571128262206912e-04 2.396890660747885704e-03 7.997217471711337566e-05 5.266685411334037781e-02 4.686268948717042804e-05 5.422346293926239014e-04 2.795469481498003006e-03
2.050000000000000000e+04 2.056086523225530982e-04 5.324137955904006958e-02 9.829021291807293892e-05 2.250349789392203093e-04 2.923798048868775368e-03 1.603327546035870910e-04 4.956187680363655090e-02 1.558086660224944353e-04 4.337771970313042402e-04 3.182653570547699928e-03
2.100000000000000000e+04 2.132454683305695653e-04 5.139216780662536621e-02 8.072395576164126396e-05 2.489116159267723560e-04 3.065974451601505280e-03 1.598354720044881105e-04 4.779664054512977600e-02 1.353773695882409811e-04 4.518977366387844086e-04 3.294168738648295403e-03
2.150000000000000000e+04 3.087280783802270889e-04 4.437774419784545898e-02 4.261999492882750928e-05 4.167312581557780504e-04 2.452287124469876289e-03 2.174995897803455591e-04 4.662293940782546997e-02 5.873026748304255307e-05 1.364544266834855080e-03 2.869233721867203712e-03
2.200000000000000000e+04 3.442980814725160599e-04 4.281120747327804565e-02 5.376085027819499373e-05 4.600019892677664757e-04 2.607474802061915398e-03 2.435520727885887027e-04 4.484103247523307800e-02 6.578455941053107381e-05 1.491227187216281891e-03 3.007081104442477226e-03
2.250000000000000000e+04 3.877088311128318310e-04 4.744938015937805176e-02 6.060696978238411248e-05 7.383252959698438644e-04 3.608532017096877098e-03 2.751535503193736076e-04 4.484365135431289673e-02 2.750584098976105452e-05 1.207340974360704422e-03 3.912921994924545288e-03
2.300000000000000000e+04 3.709739248733967543e-04 4.532099515199661255e-02 7.521372754126787186e-05 7.040320779196918011e-04 3.966231830418109894e-03 2.656831056810915470e-04 4.295985773205757141e-02 2.092451904900372028e-05 1.215526368468999863e-03 4.251778125762939453e-03
2.350000000000000000e+04 8.512624190188944340e-04 3.524876385927200317e-02 7.839241879992187023e-05 5.906816804781556129e-04 3.238262142986059189e-03 5.407879361882805824e-04 4.102143645286560059e-02 7.383689808193594217e-05 1.590478583239018917e-03 3.558790078386664391e-03
2.400000000000000000e+04 9.775671642273664474e-04 3.356469795107841492e-02 1.080599613487720490e-04 5.997972912155091763e-04 3.455771133303642273e-03 6.030971999280154705e-04 3.951701521873474121e-02 7.366733916569501162e-05 1.679669599980115891e-03 3.762673353776335716e-03
2.450000000000000000e+04 4.822478222195059061e-04 3.193581104278564453e-02 1.686031173449009657e-04 4.338064172770828009e-04 3.830631962046027184e-03 3.148403193335980177e-04 3.688124567270278931e-02 4.685367093770764768e-05 1.106994226574897766e-03 4.119108896702528000e-03
2.500000000000000000e+04 4.631671472452580929e-04 3.045774437487125397e-02 1.893967128125950694e-04 3.755525103770196438e-04 4.053981509059667587e-03 3.087134100496768951e-04 3.521458432078361511e-02 3.473414108157157898e-05 1.023095217533409595e-03 4.314349032938480377e-03
2.550000000000000000e+04 3.178489569108933210e-04 3.064075484871864319e-02 2.237538137705996633e-04 2.878126688301563263e-04 5.090917926281690598e-03 2.331721625523641706e-04 3.318390622735023499e-02 1.445443194825202227e-04 8.557917899452149868e-04 5.219936370849609375e-03
2.600000000000000000e+04 3.757253580261021852e-04 2.868695557117462158e-02 2.457781811244785786e-04 2.622385509312152863e-04 5.279807373881340027e-03 2.932379720732569695e-04 3.117083944380283356e-02 2.288608375238254666e-04 7.931814179755747318e-04 5.373435094952583313e-03
2.650000000000000000e+04 5.051936605013906956e-04 2.254700288176536560e-02 1.637139066588133574e-04 2.099355479003861547e-04 4.716200754046440125e-03 4.054795717820525169e-04 2.990226820111274719e-02 1.839940523495897651e-04 7.885448867455124855e-04 4.816631320863962173e-03
2.700000000000000000e+04 6.126335938461124897e-04 2.140896767377853394e-02 1.428371906513348222e-04 1.796494907466694713e-04 4.764500074088573456e-03 5.050728796049952507e-04 2.818469144403934479e-02 2.512045030016452074e-04 6.640111096203327179e-04 4.837640561163425446e-03
2.750000000000000000e+04 1.126387040130794048e-03 2.224077098071575165e-02 2.350011636735871434e-04 1.877422473626211286e-04 4.968997556716203690e-03 8.899174281395971775e-04 2.540296316146850586e-02 2.722531207837164402e-04 8.752476423978805542e-04 5.195237696170806885e-03
2.800000000000000000e+04 1.236061565577983856e-03 2.053292468190193176e-02 2.193643013015389442e-04 1.866569218691438437e-04 5.316487513482570648e-03 9.891327936202287674e-04 2.337956428527832031e-02 3.164730151183903217e-04 8.258926682174205780e-04 5.530458409339189529e-03
2.850000000000000000e+04 8.657887810841202736e-04 1.918326504528522491e-02 1.520274818176403642e-04 1.531505404273048043e-04 5.754915066063404083e-03 7.379284361377358437e-04 2.208710834383964539e-02 2.089212357532233000e-04 4.695597453974187374e-04 5.877675954252481461e-03
2.900000000000000000e+04 8.138770353980362415e-04 1.780326664447784424e-02 1.259445416508242488e-04 1.436214079149067402e-04 6.200206000357866287e-03 7.057540933601558208e-04 2.060192823410034180e-02 1.844460784923285246e-04 4.032995202578604221e-04 6.305279675871133804e-03
2.950000000000000000e+04 7.678141701035201550e-04 1.833693683147430420e-02 8.362928929273039103e-05 1.314734108746051788e-04 7.247707340866327286e-03 6.989537505432963371e-04 1.847021840512752533e-02 4.912520525977015495e-04 5.912471096962690353e-04 7.189438678324222565e-03
3.000000000000000000e+04 7.027431856840848923e-04 1.665702462196350098e-02 7.599068339914083481e-05 1.210259943036362529e-04 7.832960225641727448e-03 6.524309283122420311e-04 1.685208268463611603e-02 4.734553804155439138e-04 5.074275541119277477e-04 7.745453622192144394e-03
3.050000000000000000e+04 5.943155847489833832e-04 1.349207852035760880e-02 9.177969332085922360e-05 1.557441137265414000e-04 8.302279748022556305e-03 5.398443900048732758e-04 1.607767678797245026e-02 1.111002129619009793e-04 1.689259661361575127e-04 8.192160166800022125e-03
3.100000000000000000e+04 5.170879303477704525e-04 1.239715702831745148e-02 6.623139779549092054e-05 1.310930529143661261e-04 8.704202249646186829e-03 4.728618077933788300e-04 1.488658972084522247e-02 6.504256452899426222e-05 1.310134102823212743e-04 8.575790561735630035e-03
3.150000000000000000e+04 4.126741259824484587e-04 1.235958188772201538e-02 2.747091639321297407e-05 8.445661660516634583e-05 9.149946272373199463e-03 3.926336939912289381e-04 1.399338431656360626e-02 4.504343087319284678e-05 1.729996583890169859e-04 8.732306770980358124e-03
3.200000000000000000e+04 3.723343543242663145e-04 1.138511672616004944e-02 2.008944284170866013e-05 7.240325794555246830e-05 9.389284998178482056e-03 3.567515232134610415e-04 1.282178983092308044e-02 2.884106834244448692e-05 1.476273901062086225e-04 8.918214589357376099e-03
3.250000000000000000e+04 4.134907212574034929e-04 9.901653043925762177e-03 3.679306610138155520e-05 8.542528667021542788e-05 8.687593974173069000e-03 3.876732953358441591e-04 1.139123272150754929e-02 1.805036663427017629e-05 1.010841442621313035e-04 8.838476613163948059e-03
3.300000000000000000e+04 4.263523442205041647e-04 9.141576476395130157e-03 2.865466194634791464e-05 7.648115570191293955e-05 8.458415977656841278e-03 3.991408739238977432e-04 1.035166345536708832e-02 1.055879147315863520e-05 9.530072566121816635e-05 8.612908422946929932e-03
3.350000000000000000e+04 4.228808975312858820e-04 7.715801708400249481e-03 1.566879836900625378e-05 3.556836600182577968e-05 8.069611154496669769e-03 3.900991578120738268e-04 1.008213497698307037e-02 8.061039807216729969e-06 1.114391343435272574e-04 7.954438216984272003e-03
3.400000000000000000e+04 4.515510518103837967e-04 7.218833081424236298e-03 1.526765117887407541e-05 3.386734169907867908e-05 7.768184877932071686e-03 4.128722357563674450e-04 9.241688065230846405e-03 6.634652436332544312e-06 1.334479602519422770e-04 7.650511804968118668e-03
3.450000000000000000e+04 4.951483570039272308e-04 7.497234269976615906e-03 1.749307193676941097e-05 3.881274824379943311e-05 7.928360253572463989e-03 4.757149436045438051e-04 7.826937362551689148e-03 1.505134605395141989e-05 2.075285738101229072e-04 7.822204381227493286e-03
3.500000000000000000e+04 5.403945106081664562e-04 6.764041259884834290e-03 2.166483318433165550e-05 3.139919499517418444e-05 7.787270937114953995e-03 5.169894429855048656e-04 6.891313940286636353e-03 3.043133256142027676e-05 2.382363891229033470e-04 7.660964503884315491e-03
3.550000000000000000e+04 6.973985582590103149e-04 5.927207879722118378e-03 1.828918175306171179e-05 4.362036270322278142e-05 7.902817800641059875e-03 6.399909034371376038e-04 5.663325078785419464e-03 1.178063903353177011e-04 1.040062852553091943e-04 7.687691599130630493e-03
3.600000000000000000e+04 7.164242560975253582e-04 5.332014989107847214e-03 2.216146640421357006e-05 3.712202305905520916e-05 7.708212360739707947e-03 6.493970868177711964e-04 4.983520135283470154e-03 1.509904541308060288e-04 8.996017277240753174e-05 7.481527049094438553e-03
3.650000000000000000e+04 8.373513701371848583e-04 5.275404080748558044e-03 5.602231249213218689e-05 3.124844079138711095e-05 8.649333380162715912e-03 7.497283513657748699e-04 3.854411887004971504e-03 4.454064037417992949e-05 2.015394275076687336e-04 8.222459815442562103e-03
3.700000000000000000e+04 8.332359720952808857e-04 4.556687083095312119e-03 3.885196201736107469e-05 2.941039747383911163e-05 8.398173376917839050e-03 7.400998729281127453e-04 3.245003521442413330e-03 2.818504071910865605e-05 1.826485822675749660e-04 7.971497252583503723e-03
3.750000000000000000e+04 6.408314220607280731e-04 3.926583100110292435e-03 1.634272666706237942e-05 2.145160397049039602e-05 7.950351573526859283e-03 5.718467291444540024e-04 2.949024550616741180e-03 5.067684469395317137e-05 1.448076218366622925e-04 7.399801164865493774e-03
3.800000000000000000e+04 6.094201235100626945e-04 3.532892558723688126e-03 1.387911925121443346e-05 2.186312849516980350e-05 7.736596744507551193e-03 5.429756129160523415e-04 2.591873519122600555e-03 4.054714372614398599e-05 1.289856445509940386e-04 7.178680039942264557e-03
3.850000000000000000e+04 5.035530193708837032e-04 3.244447987526655197e-03 1.592784792592283338e-05 2.838031832652632147e-05 7.609870750457048416e-03 4.412298148963600397e-04 2.145219594240188599e-03 1.295800484513165429e-05 8.326691022375598550e-05 7.550680544227361679e-03
3.900000000000000000e+04 4.596884245984256268e-04 2.803971758112311363e-03 1.356480152026051655e-05 2.989318090840242803e-05 7.437470834702253342e-03 3.998176252935081720e-04 1.808613305911421776e-03 7.326891136472113431e-06 7.785796333337202668e-05 7.379255723208189011e-03
3.950000000000000000e+04 6.012314115650951862e-04 2.332387492060661316e-03 1.599802453711163253e-05 3.226532135158777237e-05 6.537129636853933334e-03 5.233678966760635376e-04 1.695549930445849895e-03 1.296498339797835797e-05 3.755504076252691448e-05 6.409800145775079727e-03
4.000000000000000000e+04 5.880007520318031311e-04 2.149910433217883110e-03 1.421861179551342502e-05 3.016175105585716665e-05 6.290955469012260437e-03 5.071166669949889183e-04 1.508804038166999817e-03 1.168510607385542244e-05 3.793633732129819691e-05 6.173560861498117447e-03
4.050000000000000000e+04 4.902093205600976944e-04 2.012471435591578484e-03 9.799165127333253622e-06 2.391202906437683851e-05 6.074074190109968185e-03 4.331759701017290354e-04 1.512884278781712055e-03 7.835497854102868587e-06 4.674463707488030195e-05 5.838607437908649445e-03
4.100000000000000000e+04 4.753943067044019699e-04 1.908922917209565639e-03 9.346285878564231098e-06 2.602479253255296499e-05 5.844568368047475815e-03 4.148689622525125742e-04 1.409856718964874744e-03 7.976938832143787295e-06 3.946642755181528628e-05 5.585290957242250443e-03
4.150000000000000000e+04 5.482821725308895111e-04 1.836864161305129528e-03 1.285049893340328708e-05 3.515541902743279934e-05 5.141891539096832275e-03 4.516721819527447224e-04 1.534061157144606113e-03 2.518611108826007694e-05 5.171080556465312839e-05 4.912499338388442993e-03
4.200000000000000000e+04 5.334339803084731102e-04 1.731059979647397995e-03 1.133204568759538233e-05 3.548733002389781177e-05 4.932892974466085434e-03 4.329184303060173988e-04 1.428841031156480312e-03 4.337183781899511814e-05 5.353144661057740450e-05 4.694292787462472916e-03
4.250000000000000000e+04 4.579913511406630278e-04 1.478588557802140713e-03 1.132133820647140965e-05 2.015255813603289425e-05 5.653006955981254578e-03 3.729097079485654831e-04 1.029019593261182308e-03 1.729553696350194514e-05 5.130829595145769417e-05 5.351915955543518066e-03
4.300000000000000000e+04 4.262286820448935032e-04 1.343636540696024895e-03 1.016611622617347166e-05 1.478358808526536450e-05 5.482630338519811630e-03 3.449913056101650000e-04 9.097171714529395103e-04 2.106692227243911475e-05 4.500248542171902955e-05 5.176684353500604630e-03
4.350000000000000000e+04 3.904834738932549953e-04 1.370199490338563919e-03 8.687407898833043873e-06 1.428755058441311121e-05 5.585932638496160507e-03 3.064511402044445276e-04 7.198452949523925781e-04 2.419658812868874520e-05 3.345962977618910372e-05 4.961963742971420288e-03
4.400000000000000000e+04 3.649207064881920815e-04 1.226792111992835999e-03 5.671531653206329793e-06 8.957497811934445053e-06 5.454008001834154129e-03 2.854212943930178881e-04 6.073261029087007046e-04 2.234683233837131411e-05 2.304895861016120762e-05 4.816278815269470215e-03
4.450000000000000000e+04 4.057108308188617229e-04 1.114728976972401142e-03 4.689660272561013699e-06 6.223833679541712627e-06 4.686387255787849426e-03 3.231312439311295748e-04 5.556611577048897743e-04 5.407760454545496032e-06 1.603005512151867151e-05 4.381767008453607559e-03
4.500000000000000000e+04 3.884632315021008253e-04 1.041042734868824482e-03 5.552682068810099736e-06 6.848827979410998523e-06 4.534762818366289139e-03 3.088661760557442904e-04 4.945833934471011162e-04 6.918347480677766725e-06 1.643969881115481257e-05 4.227768629789352417e-03
4.550000000000000000e+04 3.180499770678579807e-04 1.051222672685980797e-03 7.840241778467316180e-06 1.213745599670801312e-05 5.154342856258153915e-03 2.554455422796308994e-04 4.051128053106367588e-04 1.280876585951773450e-05 1.596932088432367891e-05 4.291535820811986923e-03
4.600000000000000000e+04 3.107458469457924366e-04 9.694678592495620251e-04 1.152111781266285107e-05 1.303950193687342107e-05 5.031758919358253479e-03 2.492473577149212360e-04 3.469636430963873863e-04 1.337216235697269440e-05 1.330437953583896160e-05 4.162391647696495056e-03
4.650000000000000000e+04 2.295393205713480711e-04 7.011009147390723228e-04 1.525416519143618643e-05 1.092265029001282528e-05 4.206251818686723709e-03 1.946401898749172688e-04 2.258410095237195492e-04 1.108888045564526692e-05 2.238169690826907754e-05 4.344315733760595322e-03
4.700000000000000000e+04 2.182786265620961785e-04 6.331456243060529232e-04 1.992331090150400996e-05 1.106497347791446373e-05 4.094068426638841629e-03 1.848130341386422515e-04 1.812532136682420969e-04 1.369327947031706572e-05 2.157087692467030138e-05 4.228078294545412064e-03
4.750000000000000000e+04 2.901313418988138437e-04 6.786766462028026581e-04 2.317167491128202528e-05 9.756984582054428756e-06 4.112132824957370758e-03 2.285000082338228822e-04 2.898900711443275213e-04 2.463825694576371461e-05 2.117692019965033978e-05 3.728907788172364235e-03
4.800000000000000000e+04 2.839203807525336742e-04 6.690941518172621727e-04 2.281086017319466919e-05 1.036534285958623514e-05 4.004199989140033722e-03 2.207018842454999685e-04 2.863659465219825506e-04 2.192059946537483484e-05 2.416256393189541996e-05 3.613112261518836021e-03
4.850000000000000000e+04 2.734994923230260611e-04 7.576157222501933575e-04 2.565112481534015387e-05 9.109809070650953799e-06 4.156382754445075989e-03 1.968259603017941117e-04 2.805383701343089342e-04 1.775725650077220052e-05 1.382870141242165118e-05 3.513415344059467316e-03
4.900000000000000000e+04 2.555894316174089909e-04 7.163214613683521748e-04 2.403577673248946667e-05 8.791422260401304811e-06 4.046919755637645721e-03 1.791586109902709723e-04 2.731728600338101387e-04 1.542093013995327055e-05 1.231703663506777957e-05 3.406084841117262840e-03
4.950000000000000000e+04 3.370373451616615057e-04 5.898045492358505726e-04 2.583973218861501664e-05 1.290228465222753584e-05 3.620143281295895576e-03 2.385386760579422116e-04 2.018228988163173199e-04 1.116372732212767005e-05 3.125342482235282660e-05 3.159710206091403961e-03
5.000000000000000000e+04 3.277104988228529692e-04 5.499256076291203499e-04 2.705326369323302060e-05 1.019149385683704168e-05 3.506912151351571083e-03 2.254442078992724419e-04 1.821777404984459281e-04 1.500437338108895347e-05 2.437238254060503095e-05 3.046651137992739677e-03
5.050000000000000000e+04 2.491492195986211300e-04 5.008154548704624176e-04 2.153072273358702660e-05 7.327811090362956747e-06 3.692858386784791946e-03 1.773684052750468254e-04 1.530129811726510525e-04 2.034070894296746701e-05 1.033278476825216785e-05 3.197365906089544296e-03
5.100000000000000000e+04 2.341688523301854730e-04 4.632647323887795210e-04 2.537004002078901976e-05 5.579726803262019530e-06 3.609795123338699341e-03 1.633327046874910593e-04 1.334667031187564135e-04 2.323213084309827536e-05 8.467760380881372839e-06 3.110844176262617111e-03
5.150000000000000000e+04 2.349942806176841259e-04 3.948045487049967051e-04 3.879985888488590717e-05 1.988216581594315358e-06 3.353242296725511551e-03 1.514432806288823485e-04 1.223803847096860409e-04 4.738821007777005434e-05 4.209500730212312192e-06 3.008858300745487213e-03
5.200000000000000000e+04 2.235824649687856436e-04 3.686612762976437807e-04 4.014194928458891809e-05 1.335826709691900760e-06 3.214385593309998512e-03 1.403516944264993072e-04 1.128805524786002934e-04 5.443044938147068024e-05 3.625655381256365217e-06 2.869663294404745102e-03
5.250000000000000000e+04 1.996529754251241684e-04 4.240466805640608072e-04 3.388060940778814256e-05 1.068004053195181768e-06 3.384978510439395905e-03 1.236267562489956617e-04 7.939123315736651421e-05 3.825747262453660369e-05 3.810937187154195271e-06 2.669634297490119934e-03
5.300000000000000000e+04 1.856026501627638936e-04 3.899634757544845343e-04 3.367200770298950374e-05 1.086479755940672476e-06 3.227268811315298080e-03 1.102965834434144199e-04 6.866254989290609956e-05 3.958645538659766316e-05 4.735786205856129527e-06 2.524438314139842987e-03
5.350000000000000000e+04 1.533953036414459348e-04 3.373991930857300758e-04 3.083199044340290129e-05 1.784126311576983426e-06 2.846468938514590263e-03 9.670128929428756237e-05 5.906695514568127692e-05 3.788406320381909609e-05 5.855080416949931532e-06 2.455621259286999702e-03
5.400000000000000000e+04 1.432756835129112005e-04 3.170043055433779955e-04 2.569514981587417424e-05 2.000632321141893044e-06 2.757564187049865723e-03 8.741026977077126503e-05 5.785217581433244050e-05 3.571596971596591175e-05 6.361603027471574023e-06 2.374366857111454010e-03
5.450000000000000000e+04 1.112201789510436356e-04 2.658505982253700495e-04 1.748726936057209969e-05 2.805380745485308580e-06 2.864663256332278252e-03 6.108278466854244471e-05 4.254793748259544373e-05 3.708384610945358872e-05 6.333724286378128454e-06 2.410950139164924622e-03
5.500000000000000000e+04 1.041159703163430095e-04 2.510401536710560322e-04 1.515225812909193337e-05 2.882509306800784543e-06 2.791153267025947571e-03 5.555323878070339561e-05 3.979342363891191781e-05 3.805599772022105753e-05 5.826972483191639185e-06 2.339037833735346794e-03
5.550000000000000000e+04 1.580494717927649617e-04 2.732923894654959440e-04 1.612583037058357149e-05 3.405129973543807864e-06 2.319863531738519669e-03 7.690570055274292827e-05 6.269686127780005336e-05 2.253242018923629075e-05 6.759030839020852000e-06 2.050565555691719055e-03
5.600000000000000000e+04 1.554729969939216971e-04 2.666516520548611879e-04 8.188453648472204804e-06 3.861558525386499241e-06 2.258925931528210640e-03 7.476884638890624046e-05 6.259198562474921346e-05 1.616498775547370315e-05 7.920864845800679177e-06 1.986655872315168381e-03
5.650000000000000000e+04 9.283316467190161347e-05 2.079821861116215587e-04 3.503015705064171925e-06 4.554351562546798959e-06 2.319596940651535988e-03 5.012226392864249647e-05 4.604849527822807431e-05 8.900385182641912252e-06 5.593066816800273955e-06 2.169263781979680061e-03
5.700000000000000000e+04 8.553166844649240375e-05 1.929372810991480947e-04 2.966314241348300129e-06 5.302193130773957819e-06 2.269650343805551529e-03 4.542776150628924370e-05 4.064572203787975013e-05 1.004326622933149338e-05 5.858642907696776092e-06 2.120994031429290771e-03
5.750000000000000000e+04 6.706634303554892540e-05 1.753155665937811136e-04 3.100824642388033681e-06 5.059674094809452072e-06 2.291600452736020088e-03 3.581151031539775431e-05 3.327699596411548555e-05 4.067523605044698343e-06 1.869140760391019285e-05 2.122680423781275749e-03
5.800000000000000000e+04 6.178701005410403013e-05 1.661265123402699828e-04 2.690061364774010144e-06 6.378478701662970707e-06 2.241890644654631615e-03 3.205453322152607143e-05 3.270327579230070114e-05 3.033426992260501720e-06 2.155561560357455164e-05 2.071338240057229996e-03
5.850000000000000000e+04 7.067945989547297359e-05 1.811232214095070958e-04 2.090571342705516145e-06 8.644000445201527327e-06 2.244018483906984329e-03 3.615751847974024713e-05 4.462069045985117555e-05 5.215581495576770976e-06 1.028532005875604227e-05 1.970632234588265419e-03
5.900000000000000000e+04 6.729009328410029411e-05 1.738395658321678638e-04 2.159914629373815842e-06 9.379373295814730227e-06 2.201951341703534126e-03 3.375215601408854127e-05 4.439150507096201181e-05 5.066229277872480452e-06 1.102394253393867984e-05 1.928056939505040646e-03
5.950000000000000000e+04 4.048554546898230910e-05 1.352075778413563967e-04 1.789203224689117633e-06 7.868355169193819165e-06 1.989215146750211716e-03 2.394728471699636430e-05 2.357603443670086563e-05 4.740381427836837247e-06 1.355690164928091690e-05 1.953907078132033348e-03
6.000000000000000000e+04 3.794902295339852571e-05 1.306135527556762099e-04 1.908959575303015299e-06 7.346849542955169454e-06 1.956205815076828003e-03 2.204143493145238608e-05 2.280129228893201798e-05 4.229813839629059657e-06 1.286264523514546454e-05 1.916393171995878220e-03
6.050000000000000000e+04 5.496305675478652120e-05 1.645617303438484669e-04 2.939976184279657900e-06 8.166271072695963085e-06 2.072584116831421852e-03 2.633684744068887085e-05 3.273174661444500089e-05 6.148933152871904895e-06 1.844096004788298160e-05 1.798900077119469643e-03
6.100000000000000000e+04 5.327473263605497777e-05 1.605664292583242059e-04 3.219606696802657098e-06 7.357861704804236069e-06 2.041552215814590454e-03 2.524876072129700333e-05 3.156961247441358864e-05 6.961036888242233545e-06 1.562404213473200798e-05 1.764743239618837833e-03
6.150000000000000000e+04 7.411411934299394488e-05 2.075788361253216863e-04 4.949444246449274942e-06 5.580166543950326741e-06 2.087842905893921852e-03 3.162979191984049976e-05 3.498192018014378846e-05 1.288764360651839525e-05 1.101733505493029952e-05 1.650360296480357647e-03
6.200000000000000000e+04 7.066730177029967308e-05 2.014112687902525067e-04 5.220741968514630571e-06 4.845939656661357731e-06 2.055705059319734573e-03 2.937817771453410387e-05 3.401512367418035865e-05 1.070255893864668906e-05 1.042957319441484287e-05 1.620459253899753094e-03
6.250000000000000000e+04 7.685786113142967224e-05 1.672755024628713727e-04 4.295945927879074588e-06 4.811656253878027201e-06 2.023259643465280533e-03 3.078322333749383688e-05 9.287910506827756763e-05 7.667691534152254462e-06 8.937404345488175750e-06 1.608952414244413376e-03
6.300000000000000000e+04 7.699340494582429528e-05 1.630104670766741037e-04 4.878636445937445387e-06 4.694028575613629073e-06 1.985889393836259842e-03 3.006371480296365917e-05 9.984102507587522268e-05 8.879609595169313252e-06 8.971739589469507337e-06 1.575609785504639149e-03
6.350000000000000000e+04 5.155540566192939878e-05 1.202041530632413924e-04 3.842251317109912634e-06 6.635655154241248965e-06 1.707706949673593044e-03 1.967351454368326813e-05 3.338530950713902712e-05 4.737065864901524037e-06 1.256094947166275233e-05 1.610679901205003262e-03
6.400000000000000000e+04 4.869200347457081079e-05 1.166234214906580746e-04 4.378731318865902722e-06 7.468083822459448129e-06 1.682469155639410019e-03 1.779840386006981134e-05 3.396141255507245660e-05 6.022279649187112227e-06 1.379562036163406447e-05 1.584108220413327217e-03
6.450000000000000000e+04 4.972151145921088755e-05 1.711297518340870738e-04 5.073148258816218004e-06 6.343663244479103014e-06 2.195947337895631790e-03 1.873029941634740680e-05 2.278951251355465502e-05 8.008086297195404768e-06 1.650824378884863108e-05 1.535260002128779888e-03
6.500000000000000000e+04 4.898045881418511271e-05 1.664465671638026834e-04 5.902412340219598264e-06 7.142029517126502469e-06 2.161408541724085808e-03 1.825766594265587628e-05 2.208534897363279015e-05 8.947366950451396406e-06 1.832388261391315609e-05 1.502560684457421303e-03
6.550000000000000000e+04 4.122859536437317729e-05 1.152681870735250413e-04 9.138222594629041851e-06 1.124736627389211208e-05 1.868394552730023861e-03 1.607700505701359361e-05 3.422437293920665979e-05 1.411577704857336357e-05 1.376503132632933557e-05 1.526600099168717861e-03
6.600000000000000000e+04 4.000497938250191510e-05 1.122317844419740140e-04 8.916000297176651657e-06 1.154624987975694239e-05 1.838879892602562904e-03 1.508702280261786655e-05 3.239940997445955873e-05 1.496579625381855294e-05 1.453483218938345090e-05 1.498304540291428566e-03
6.650000000000000000e+04 3.783300417126156390e-05 1.263092854060232639e-04 7.889946573413908482e-06 1.125398739532101899e-05 1.815200084820389748e-03 1.372333190374774858e-05 1.868435538199264556e-05 1.194832111650612205e-05 2.482929266989231110e-05 1.452102209441363811e-03
6.700000000000000000e+04 3.683835893752984703e-05 1.241578283952549100e-04 8.176411029126029462e-06 1.217257067764876410e-05 1.788645749911665916e-03 1.321295621892204508e-05 1.858733230619691312e-05 1.223008712258888409e-05 2.618591497594024986e-05 1.425973605364561081e-03
6.750000000000000000e+04 4.463723962544463575e-05 1.517304190201684833e-04 1.030805560731096193e-05 1.208859885082347319e-05 2.248732140287756920e-03 1.431583132216474041e-05 3.887807179125957191e-05 1.352581148239551112e-05 2.446034886816050857e-05 1.396456384100019932e-03
6.800000000000000000e+04 4.443849320523440838e-05 1.487762638134881854e-04 1.135814000008394942e-05 1.289421561523340642e-05 2.220440888777375221e-03 1.421863544237567112e-05 3.737588122021406889e-05 1.461832835047971457e-05 2.675940231711138040e-05 1.370807294733822346e-03
6.850000000000000000e+04 6.699136429233476520e-05 1.539055665489286184e-04 1.255419283552328125e-05 1.601189615030307323e-05 1.772979972884058952e-03 1.905788485601078719e-05 5.030577813158743083e-05 2.117374788213055581e-05 2.576316910563036799e-05 1.252628513611853123e-03
6.900000000000000000e+04 6.772959022782742977e-05 1.548181608086451888e-04 1.406944284099154174e-05 1.573090594320092350e-05 1.747598405927419662e-03 1.924386378959752619e-05 5.066226731287315488e-05 2.378781391598749906e-05 2.699105425563175231e-05 1.228122389875352383e-03
6.950000000000000000e+04 4.310185977374203503e-05 1.278837007703259587e-04 1.119110493164043874e-05 1.096016603696625680e-05 1.954451901838183403e-03 1.434514069842407480e-05 2.978836528200190514e-05 2.581146873126272112e-05 2.374415817030239850e-05 1.319990493357181549e-03
7.000000000000000000e+04 4.169122985331341624e-05 1.231242058565840125e-04 1.143646022683242336e-05 1.114632959797745571e-05 1.935489359311759472e-03 1.343789244856452569e-05 2.804205905704293400e-05 3.050620398425962776e-05 2.226556898676790297e-05 1.302324584685266018e-03
7.050000000000000000e+04 5.339374183677136898e-05 1.489116984885185957e-04 1.557813993713352829e-05 2.412628236925229430e-05 1.958651002496480942e-03 1.527099993836600333e-05 2.161248994525521994e-05 2.675305222510360181e-05 3.380204725544899702e-05 1.241143094375729561e-03
7.100000000000000000e+04 5.414222323452122509e-05 1.467176334699615836e-04 1.673492079135030508e-05 2.485796358087100089e-05 1.935874577611684799e-03 1.556449024064932019e-05 2.140026481356471777e-05 2.722765748330857605e-05 3.649626887636259198e-05 1.222227001562714577e-03
7.150000000000000000e+04 3.575483060558326542e-05 8.363054803339764476e-05 1.015211000776616856e-05 1.616003828530665487e-05 1.309863291680812836e-03 1.303776934946654364e-05 2.513919025659561157e-05 2.526119715184904635e-05 3.171849311911500990e-05 1.242269179783761501e-03
7.200000000000000000e+04 3.447747803875245154e-05 8.216182322939857841e-05 1.079827598005067557e-05 1.618304850126150995e-05 1.293005771003663540e-03 1.242983580596046522e-05 2.471577681717462838e-05 2.667304943315684795e-05 2.951294845843221992e-05 1.224146806634962559e-03
7.250000000000000000e+04 6.753760681021958590e-05 1.498275523772463202e-04 1.231504484167089686e-05 1.326449091720860451e-05 1.693344442173838615e-03 1.652876562729943544e-05 7.324326725210994482e-05 2.460871291987132281e-05 2.905323890445288271e-05 1.105127041228115559e-03
7.300000000000000000e+04 6.805895827710628510e-05 1.485932589275762439e-04 1.282425091631012037e-05 1.413073914591223001e-05 1.668212586082518101e-03 1.657067696214653552e-05 7.269812340382486582e-05 3.082031980738975108e-05 3.282904799561947584e-05 1.084376126527786255e-03
7.350000000000000000e+04 4.195615110802464187e-05 1.251229259651154280e-04 2.958383447548840195e-05 2.025301910180132836e-05 1.805545995011925697e-03 1.198801692225970328e-05 2.558194682933390141e-05 3.528225715854205191e-05 3.202294101356528699e-05 1.156575395725667477e-03
7.400000000000000000e+04 4.078214988112449646e-05 1.214158764923922718e-04 3.180005296599119902e-05 2.110488458129111677e-05 1.787512679584324360e-03 1.153500761574832723e-05 2.414832488284446299e-05 3.867734631057828665e-05 3.385724266991019249e-05 1.140135340392589569e-03
7.450000000000000000e+04 5.089323894935660064e-05 1.183633066830225289e-04 3.047838799830060452e-05 1.583899029355961829e-05 1.411571283824741840e-03 1.363136107102036476e-05 3.788105095736682415e-05 5.044783756602555513e-05 2.033064811257645488e-05 1.056764624081552029e-03
7.500000000000000000e+04 5.145863906363956630e-05 1.193428979604505002e-04 2.900366416724864393e-05 1.644914846110623330e-05 1.390208257362246513e-03 1.358758527203463018e-05 3.940769965993240476e-05 5.596405753749422729e-05 2.158353163395076990e-05 1.037721987813711166e-03
7.550000000000000000e+04 3.093493069172836840e-05 8.113322837743908167e-05 4.031277785543352365e-05 3.280198507127352059e-05 1.264204271137714386e-03 1.032840191328432411e-05 1.317060468863928691e-05 6.502244650619104505e-05 4.809974416275508702e-05 1.115592662245035172e-03
7.600000000000000000e+04 2.942435639852192253e-05 7.886495586717501283e-05 3.989483229815959930e-05 2.814305480569601059e-05 1.256936695426702499e-03 9.763520210981369019e-06 1.249982051376719028e-05 6.701331585645675659e-05 4.489110142458230257e-05 1.108112628571689129e-03
7.650000000000000000e+04 5.008574225939810276e-05 1.280608557863160968e-04 3.589236439438536763e-05 2.192704596382100135e-05 1.554689253680408001e-03 1.190134480566484854e-05 4.058572812937200069e-05 4.980092126061208546e-05 3.714818012667819858e-05 1.023908960632979870e-03
7.700000000000000000e+04 5.021329343435354531e-05 1.285416365135461092e-04 3.667935015982948244e-05 2.183414471801370382e-05 1.538163051009178162e-03 1.169257120636757463e-05 4.023665314889512956e-05 4.971904854755848646e-05 3.773130811168812215e-05 1.009087660349905491e-03
7.750000000000000000e+04 4.332975368015468121e-05 1.174030912807211280e-04 4.213518332107923925e-05 2.699215474422089756e-05 1.437156810425221920e-03 1.136463833972811699e-05 2.404111000942066312e-05 6.062344618840143085e-05 3.280694363638758659e-05 1.007848652079701424e-03
7.800000000000000000e+04 4.274775710655376315e-05 1.138952648034319282e-04 4.265023744665086269e-05 2.701109951885882765e-05 1.420854008756577969e-03 1.124100708693731576e-05 2.256855987070593983e-05 6.179068441269919276e-05 3.390539131942205131e-05 9.932803222909569740e-04
7.850000000000000000e+04 4.035636811750009656e-05 9.296902862843126059e-05 3.943365663872100413e-05 2.478737405908759683e-05 1.566412043757736683e-03 1.040742972691077739e-05 2.206277349614538252e-05 5.952385618002153933e-05 2.577846316853538156e-05 1.016524038277566433e-03
7.900000000000000000e+04 4.050190545967780054e-05 9.209199924953281879e-05 4.026885653729550540e-05 2.382274578849319369e-05 1.552158850245177746e-03 1.043944394041318446e-05 2.108227272401563823e-05 6.181607750477269292e-05 2.369229150644969195e-05 1.002523000352084637e-03
7.950000000000000000e+04 3.129965261905454099e-05 9.771052282303571701e-05 4.508124038693495095e-05 2.470493200235068798e-05 1.390488818287849426e-03 9.552032679494004697e-06 1.364415584248490632e-05 6.131010013632476330e-05 3.525997453834861517e-05 1.003079465590417385e-03
8.000000000000000000e+04 3.010653745150193572e-05 9.540425526211038232e-05 4.520377842709422112e-05 2.513064282538834959e-05 1.375616411678493023e-03 9.184251211991067976e-06 1.440268442820524797e-05 6.210727588040754199e-05 3.719723099493421614e-05 9.901332668960094452e-04
8.050000000000000000e+04 3.696993007906712592e-05 9.706377022666856647e-05 4.026275200885720551e-05 2.221046088379807770e-05 1.356627559289336205e-03 9.602777936379425228e-06 2.300147752976045012e-05 8.105202869046479464e-05 3.144976290059275925e-05 9.507633512839674950e-04
8.100000000000000000e+04 3.691599340527318418e-05 9.608182153897359967e-05 4.100419027963653207e-05 2.107461477862671018e-05 1.342450384981930256e-03 9.632458386477082968e-06 2.194474291172809899e-05 8.371946751140058041e-05 3.137430394417606294e-05 9.373180218972265720e-04
8.150000000000000000e+04 3.118647873634472489e-05 8.409549627685919404e-05 4.897310645901598036e-05 1.697052903182338923e-05 1.185592729598283768e-03 9.721171409182716161e-06 1.629047437745612115e-05 7.297964475583285093e-05 4.936879486194811761e-05 9.447846096009016037e-04
8.200000000000000000e+04 3.099380410276353359e-05 8.209404768422245979e-05 4.617954255081713200e-05 1.592758417245931923e-05 1.174562261439859867e-03 9.794100151339080185e-06 1.647998033149633557e-05 7.030410779407247901e-05 5.071686609880998731e-05 9.348774910904467106e-04
8.250000000000000000e+04 2.139993557648267597e-05 5.752549259341321886e-05 4.627971793524920940e-05 1.972641257452778518e-05 1.015929970890283585e-03 7.750577424303628504e-06 6.090994702390162274e-06 5.393235187511891127e-05 3.643909803940914571e-05 9.696008637547492981e-04
8.300000000000000000e+04 2.041195511992555112e-05 5.659038652083836496e-05 4.424645157996565104e-05 1.797064396669156849e-05 1.005559344775974751e-03 7.267415185197023675e-06 5.788472208223538473e-06 5.058483293396420777e-05 3.660327638499438763e-05 9.591724374331533909e-04
8.350000000000000000e+04 3.161986751365475357e-05 8.261505718110129237e-05 3.560990444384515285e-05 2.068140202027279884e-05 1.279973890632390976e-03 9.340398719359654933e-06 2.126814797520637512e-05 7.941053627291694283e-05 2.883446904888842255e-05 9.048345964401960373e-04
8.400000000000000000e+04 3.225785621907562017e-05 8.081649139057844877e-05 3.499170270515605807e-05 1.982049434445798397e-05 1.261900062672793865e-03 9.534378477837890387e-06 2.024358400376513600e-05 8.292009442811831832e-05 2.547105941630434245e-05 8.891802863217890263e-04
8.450000000000000000e+04 2.458184280840214342e-05 7.935606845421716571e-05 3.368300531292334199e-05 1.609904757060576230e-05 1.335560926236212254e-03 7.024775641184533015e-06 9.401570423506200314e-06 1.061067741829901934e-04 3.339420436532236636e-05 8.968517067842185497e-04
8.500000000000000000e+04 2.381392732786480337e-05 7.908143015811219811e-05 3.355061926413327456e-05 1.343343319604173303e-05 1.322533469647169113e-03 6.642850166826974601e-06 9.649350431573111564e-06 1.073975145118311048e-04 3.144875881844200194e-05 8.850728045217692852e-04
8.550000000000000000e+04 1.820974466681946069e-05 4.827658267458900809e-05 2.142996345355641097e-05 6.307016974460566416e-06 1.014585723169147968e-03 7.319214546441799030e-06 1.001188684313092381e-05 4.234255902701988816e-05 2.507845965737942606e-05 8.959754486568272114e-04
8.600000000000000000e+04 1.809331115509849042e-05 4.709508721134625375e-05 2.087959364871494472e-05 5.949334081378765404e-06 1.002765377052128315e-03 7.315627954085357487e-06 9.801481610338669270e-06 4.054766759509220719e-05 2.806822158163413405e-05 8.833378087729215622e-04
8.650000000000000000e+04 2.606174166430719197e-05 8.730562694836407900e-05 1.926196819113101810e-05 8.796534530119970441e-06 1.418776228092610836e-03 7.416233529511373490e-06 1.028526548907393590e-05 1.596147012605797499e-05 1.206934666697634384e-05 8.431680034846067429e-04
8.700000000000000000e+04 2.557257175794802606e-05 8.568173507228493690e-05 1.928931669681333005e-05 7.447139978467021137e-06 1.404363545589148998e-03 7.269472916959784925e-06 9.919302101479843259e-06 1.578075898578390479e-05 1.200805672851856798e-05 8.300591143779456615e-04
8.750000000000000000e+04 3.081112663494423032e-05 7.243936852319166064e-05 3.999295950052328408e-05 2.138893432857003063e-05 1.114569487981498241e-03 8.154719580488745123e-06 9.857983059191610664e-06 1.014826193568296731e-04 3.143751746392808855e-05 8.154975948855280876e-04
8.800000000000000000e+04 3.018449751834850758e-05 7.198315142886713147e-05 3.504443520796485245e-05 1.895773857540916651e-05 1.110167591832578182e-03 7.898182047938462347e-06 9.092410437006037682e-06 9.154774306807667017e-05 2.776182373054325581e-05 8.113716612569987774e-04
8.850000000000000000e+04 3.187932452419772744e-05 7.007509702816605568e-05 3.691123492899350822e-05 7.018380529189016670e-06 1.012064400129020214e-03 8.531597813998814672e-06 1.107830394175834954e-05 7.044305675663053989e-05 6.820547241659369320e-06 7.920427015051245689e-04
8.900000000000000000e+04 3.165313682984560728e-05 6.903190660523250699e-05 3.584448495530523360e-05 5.787165264337090775e-06 1.004321267828345299e-03 8.385803084820508957e-06 9.161420166492462158e-06 6.866092007840052247e-05 6.349668183247558773e-06 7.847596425563097000e-04
8.950000000000000000e+04 3.412775913602672517e-05 9.385887096868827939e-05 2.806880002026446164e-05 9.995899745263159275e-06 1.297186943702399731e-03 7.325676506297895685e-06 1.033056105370633304e-05 2.060389379039406776e-04 2.021559339482337236e-05 7.759385043755173683e-04
9.000000000000000000e+04 3.414291859371587634e-05 9.431434591533616185e-05 2.561646761023439467e-05 8.837081622914411128e-06 1.285807229578495026e-03 6.739292985002975911e-06 1.169751612906111404e-05 2.441210963297635317e-04 1.865691410785075277e-05 7.662505959160625935e-04
9.050000000000000000e+04 2.604529254313092679e-05 6.320646207313984632e-05 3.130479308310896158e-05 7.591224402858642861e-06 1.031635096296668053e-03 7.092579380696406588e-06 1.333593536401167512e-05 8.004673145478591323e-05 5.874653652426786721e-06 7.881661877036094666e-04
9.100000000000000000e+04 2.598918763396795839e-05 6.109447713242843747e-05 2.822157875925768167e-05 5.788700491393683478e-06 1.027457648888230324e-03 7.105376425897702575e-06 1.105271803680807352e-05 9.014410898089408875e-05 4.352957148512359709e-06 7.843087078072130680e-04
9.150000000000000000e+04 2.543319715186953545e-05 1.065841352101415396e-04 2.763313750620000064e-05 1.484690710640279576e-05 1.479063881561160088e-03 5.854414212080882862e-06 7.334247584367403761e-06 9.303601837018504739e-05 1.438609979231841862e-05 7.658797549083828926e-04
9.200000000000000000e+04 2.497571585990954190e-05 1.056533656083047390e-04 2.684110586415044963e-05 1.345665896224090829e-05 1.466849935241043568e-03 5.735660579375689849e-06 7.310566616069991142e-06 9.984091593651100993e-05 1.282121775147970766e-05 7.567607099190354347e-04
9.250000000000000000e+04 2.694523573154583573e-05 7.252784416778013110e-05 3.178391852998174727e-05 5.250894446362508461e-06 1.339785754680633545e-03 6.351447609631577507e-06 1.077813521987991408e-05 6.504353223135694861e-05 1.056708879332290962e-05 7.653887732885777950e-04
9.300000000000000000e+04 2.668060187716037035e-05 7.252431532833725214e-05 2.619744554976932704e-05 4.604873538482934237e-06 1.330612925812602043e-03 6.119552836025832221e-06 1.053328651323681697e-05 5.960296402918174863e-05 1.021203752316068858e-05 7.572812610305845737e-04
9.350000000000000000e+04 1.670848723733797669e-05 5.567999687627889216e-05 2.362584382353816181e-05 8.090242772595956922e-06 1.063808915205299854e-03 5.712608526664553210e-06 4.232638275425415486e-06 2.244107417936902493e-05 8.097179488686379045e-06 7.712155929766595364e-04
9.400000000000000000e+04 1.602635711606126279e-05 5.439716551336459816e-05 2.233470877399668097e-05 7.220945462904637679e-06 1.053177868016064167e-03 5.460155080072581768e-06 4.013007128378376365e-06 2.017768383666407317e-05 7.725802788627333939e-06 7.619509124197065830e-04
9.450000000000000000e+04 2.458256858517415822e-05 6.654198659816756845e-05 2.090781708830036223e-05 9.381912605022080243e-06 1.022038049995899200e-03 5.046309524914249778e-06 7.793785698595456779e-06 3.311678301542997360e-05 6.191146439959993586e-06 7.130436133593320847e-04
9.500000000000000000e+04 2.476592817401979119e-05 6.665465480182319880e-05 1.986028473766054958e-05 7.890062079241033643e-06 1.011056127026677132e-03 4.943056410411372781e-06 7.994384759513195604e-06 3.044128970941528678e-05 5.021202014177106321e-06 7.027558749541640282e-04
9.550000000000000000e+04 1.703621092019602656e-05 5.083403084427118301e-05 1.977739702851977199e-05 3.797935960392351262e-06 1.064659794792532921e-03 4.784182237926870584e-06 5.297141342452960089e-06 3.039417788386344910e-05 7.126079253794159740e-06 7.342202006839215755e-04
9.600000000000000000e+04 1.668299410084728152e-05 4.971614544047042727e-05 1.652037462918087840e-05 3.636577275756280869e-06 1.056587905623018742e-03 4.509338850766653195e-06 5.292037258186610416e-06 2.441462129354476929e-05 7.596395334985572845e-06 7.256476092152297497e-04
