# step, loss_train, loss_test, metrics_test
0.000000000000000000e+00 5.560887977480888367e-03 6.280065327882766724e-02 1.499846018850803375e-02 1.899466733448207378e-03 8.957889862358570099e-03 5.493855569511651993e-03 6.918517500162124634e-02 3.118934575468301773e-03 3.581077326089143753e-04 9.660628624260425568e-03
5.000000000000000000e+02 4.413531278260052204e-04 7.691765786148607731e-04 3.851638393825851381e-05 2.292478311574086547e-04 3.543138969689607620e-03 1.021916628815233707e-03 6.008014315739274025e-04 1.542696372780483216e-05 1.765920751495286822e-04 3.617398208007216454e-03
1.000000000000000000e+03 1.424177662556758150e-05 1.709220930933952332e-02 8.848706784192472696e-05 1.706947659840807319e-05 3.804013249464333057e-04 2.828967637924506562e-07 1.960115134716033936e-02 7.290143548743799329e-05 1.206027445732615888e-05 4.737224953714758158e-04
1.500000000000000000e+03 5.081513882032595575e-05 7.812569674570113420e-05 1.510968013462843373e-05 2.904713028328842483e-06 1.259286538697779179e-03 1.541446010833169566e-07 7.882140198489651084e-05 1.287134637095732614e-05 9.169658454766249633e-08 7.570875459350645542e-04
2.000000000000000000e+03 4.679630001191981137e-05 3.008708517882041633e-05 1.535568458166380879e-06 3.316399102004652377e-07 4.017246828880161047e-04 3.044428353859984782e-07 3.580180054996162653e-05 5.197724703975836746e-07 2.830592791269737063e-07 4.622912456397898495e-05
2.500000000000000000e+03 2.309368028363678604e-05 2.739920819294638932e-05 8.824093242765229661e-07 7.160257950999948662e-07 2.328936825506389141e-04 2.801914078531808627e-08 2.537845466576982290e-05 1.990860312162112677e-07 6.445481659511642647e-08 2.447411588946124539e-06
3.000000000000000000e+03 2.647659857757389545e-05 3.122140478808432817e-04 4.573482499381498201e-07 2.602057804779178696e-07 2.192835818277671933e-04 3.666734826879292086e-08 5.227264482527971268e-04 3.533892112272951636e-08 2.815300659264607930e-09 1.556636448185599875e-06
3.500000000000000000e+03 4.696789255831390619e-05 1.582066579430829734e-05 1.935752607096219435e-06 1.691051920715835877e-07 2.950452035292983055e-04 1.108149234596567112e-07 1.531541602162178606e-05 1.042594362843374256e-06 1.253459060990280705e-07 3.501462288113543764e-06
4.000000000000000000e+03 4.730120053864084184e-05 1.537817843200173229e-05 1.219690602738410234e-06 2.192743266959951143e-07 3.188947157468646765e-04 1.844104104975485825e-07 1.539300865260884166e-05 1.499476525168574881e-06 6.582346401273753145e-08 3.389831363165285438e-06
4.500000000000000000e+03 3.144203583360649645e-05 5.249816604191437364e-05 1.687341523393115494e-06 6.530113296321360394e-06 1.009869156405329704e-03 3.771077388137200614e-07 6.513341941172257066e-05 8.114358820421330165e-07 3.628169338298903313e-07 3.211074799764901400e-04
5.000000000000000000e+03 2.949952613562345505e-05 2.999159551109187305e-05 1.454929247302061412e-06 3.100923606780270347e-07 3.351914929226040840e-04 2.683096766986636794e-08 2.227864024462178349e-05 1.337869207418407314e-06 1.205621487088137656e-07 5.593569767370354384e-06
5.500000000000000000e+03 2.226096694357693195e-05 1.401215831720037386e-05 5.940260621173365507e-07 3.460489779172348790e-07 1.189707545563578606e-04 7.508408828016399639e-08 2.658772791619412601e-05 4.955358008373877965e-07 1.864469538759294664e-07 1.798993253032676876e-06
6.000000000000000000e+03 7.497113074350636452e-06 1.234940100403036922e-05 3.090843279096588958e-07 4.789042407082888531e-08 6.799551192671060562e-05 1.239943827613387839e-07 1.531428642920218408e-05 2.800297806970775127e-07 3.174732299271454394e-08 2.346943574593751691e-06
6.500000000000000000e+03 2.882293145475833818e-12 6.757286936044692993e-02 2.348872138457913650e-11 4.864507668206341506e-12 8.049531839787960052e-03 5.557169308056941759e-13 7.726597785949707031e-02 1.783395132959331164e-11 1.833916699056636901e-12 8.749824948608875275e-03
7.000000000000000000e+03 2.680780510772029501e-12 6.757288426160812378e-02 2.181784267141217981e-11 4.556697900948147861e-12 8.049489930272102356e-03 5.178718239830237824e-13 7.726600021123886108e-02 1.657176999791953875e-11 1.720714716546556389e-12 8.749782107770442963e-03
7.500000000000000000e+03 1.380023591061874111e-12 8.339439332485198975e-02 3.509081220043341887e-11 4.349689879112883517e-12 1.033753715455532074e-02 4.538194093520880879e-13 7.478310167789459229e-02 1.447134512916337101e-11 1.522377601585744866e-12 1.098868995904922485e-02
8.000000000000000000e+03 1.197366099499330705e-12 8.339443802833557129e-02 3.036996348848575167e-11 3.811534855097109542e-12 1.033744867891073227e-02 3.944103615753646874e-13 7.478319853544235229e-02 1.253532607575769120e-11 1.338338511194803182e-12 1.098860148340463638e-02
8.500000000000000000e+03 1.117391444128978950e-12 6.398134678602218628e-02 1.229118196111045336e-11 1.966843788531180692e-12 7.412625476717948914e-03 2.766800731666269053e-13 7.807461172342300415e-02 8.807473847460833838e-12 9.492352650436464145e-13 8.127799257636070251e-03
9.000000000000000000e+03 2.218130057884612483e-13 6.398077309131622314e-02 2.452928702170731334e-12 3.823163573918320068e-13 7.412982173264026642e-03 5.347456554167032139e-14 7.807399332523345947e-02 1.771276810121069634e-12 1.853113745352991115e-13 8.128136396408081055e-03
9.500000000000000000e+03 1.292664773507902487e-14 6.208289042115211487e-02 1.511101627941352499e-13 3.227078299678984297e-14 7.674478460103273392e-03 4.420438370406802944e-15 7.773460447788238525e-02 9.465503738887576235e-14 1.545412289891828772e-14 8.383433334529399872e-03
1.000000000000000000e+04 1.655888594916544304e-14 6.198526546359062195e-02 1.952866714909420875e-13 4.022858638547642529e-14 7.771502714604139328e-03 5.535028696908002657e-15 7.761134207248687744e-02 1.233689257522374572e-13 1.930648464720536445e-14 8.478187024593353271e-03
1.050000000000000000e+04 7.906372903382016815e-14 6.389179080724716187e-02 7.986210976383689708e-13 1.598687003091792125e-13 7.679924368858337402e-03 1.933775540955209871e-14 7.772763818502426147e-02 5.065589332546582835e-13 6.706428760851895765e-14 8.388746529817581177e-03
1.100000000000000000e+04 1.097967406555287739e-13 6.389029324054718018e-02 1.118392379574617568e-12 2.138437403499324208e-13 7.681402843445539474e-03 2.609643458360150214e-14 7.772574573755264282e-02 7.159508446166751305e-13 8.961264347760733440e-14 8.390189148485660553e-03
1.150000000000000000e+04 9.460764420141098974e-14 7.757806777954101562e-02 1.131581807423120978e-12 2.666205472547089617e-13 9.760733693838119507e-03 2.912245301140391207e-14 7.535424083471298218e-02 8.142257484564097147e-13 9.854448393365952685e-14 1.042368076741695404e-02
1.200000000000000000e+04 7.399618163215007649e-14 7.753772288560867310e-02 8.905376978375623143e-13 2.037756627933789977e-13 9.801007807254791260e-03 2.254448662258531910e-14 7.531326264142990112e-02 6.415392848034551232e-13 7.499412196928720298e-14 1.046311948448419571e-02
1.250000000000000000e+04 2.397404445645713589e-14 8.077575266361236572e-02 2.489640709302937127e-13 5.887002989040865386e-14 1.019679754972457886e-02 7.475042042596677372e-15 7.491925358772277832e-02 2.116042123424463628e-13 2.439881284478032791e-14 1.085077691823244095e-02
1.300000000000000000e+04 2.784819866841117125e-14 8.919130265712738037e-02 2.915527248879140609e-13 6.654826158452448182e-14 4.290943965315818787e-03 8.569528889127743521e-15 8.317014575004577637e-02 2.479660628305208059e-13 2.747570407139483112e-14 5.090727470815181732e-03
1.350000000000000000e+04 2.041800193817392556e-14 7.565852254629135132e-02 2.218758759619382515e-13 5.896286470142772518e-14 1.002790872007608414e-02 6.075066834407717026e-15 7.508549094200134277e-02 1.792304504680611310e-13 1.911307314402931751e-14 1.068533957004547119e-02
1.400000000000000000e+04 1.251223008937128039e-14 7.565864175558090210e-02 1.371192384896219307e-13 3.519096296376693356e-14 1.002780161798000336e-02 3.677088608643533374e-15 7.508561760187149048e-02 1.108778189705048045e-13 1.133742588471566698e-14 1.068523433059453964e-02
1.450000000000000000e+04 8.016499383799516321e-15 7.320491969585418701e-02 9.461718518052886218e-14 1.705213525720825074e-14 9.026470594108104706e-03 2.199103995353056916e-15 7.613199949264526367e-02 6.793360768668141314e-14 6.622000667131028653e-15 9.704995900392532349e-03
1.500000000000000000e+04 4.597370000561070216e-15 7.320527732372283936e-02 5.458608283263888250e-14 9.443230668726345506e-15 9.026122279465198517e-03 1.241214869973021172e-15 7.613239437341690063e-02 3.927537616421790390e-14 3.646418816172876040e-15 9.704653173685073853e-03
1.550000000000000000e+04 4.003173423446863138e-15 5.861778929829597473e-02 7.507700244911014176e-14 1.069653449880169846e-14 6.516214460134506226e-03 1.555849599274485712e-15 7.932241261005401611e-02 5.052135128975031308e-14 4.479639620672774131e-15 7.253451738506555557e-03
1.600000000000000000e+04 7.418778831987376133e-16 5.860131606459617615e-02 1.402870112692791368e-14 1.926127934584334969e-15 6.532708182930946350e-03 2.839637192209455274e-16 7.929816097021102905e-02 9.467028059379455074e-15 8.030184683370067238e-16 7.269527297466993332e-03
