# step, loss_train, loss_test, metrics_test
0.000000000000000000e+00 1.472369395196437836e-02 1.668701022863388062e-01 2.070134691894054413e-02 9.223413653671741486e-03 3.759244224056601524e-03 1.478786207735538483e-02 1.989610046148300171e-01 1.166467927396297455e-02 6.087113637477159500e-03 5.295273382216691971e-03
5.000000000000000000e+02 7.707957411184906960e-04 5.812296271324157715e-02 1.029820123221725225e-04 2.213951083831489086e-04 4.007854964584112167e-03 8.074963698163628578e-04 6.626993417739868164e-02 3.973364437115378678e-05 3.111621772404760122e-04 4.678651690483093262e-03
1.000000000000000000e+03 7.792021497152745724e-04 5.756194889545440674e-02 5.863893966306932271e-05 1.543139223940670490e-04 3.266024868935346603e-03 7.610790198668837547e-04 6.554415822029113770e-02 4.766223719343543053e-05 2.130673237843438983e-04 3.932448104023933411e-03
1.500000000000000000e+03 4.413896822370588779e-04 6.764742732048034668e-02 1.168481321656145155e-04 1.426632952643558383e-04 3.708378877490758896e-03 4.174666537437587976e-04 6.474083662033081055e-02 2.961535938084125519e-04 7.061730138957500458e-05 4.201623611152172089e-03
2.000000000000000000e+03 4.905901732854545116e-04 6.647901237010955811e-02 2.973419323097914457e-04 1.171620388049632311e-04 2.594493562355637550e-03 4.890450509265065193e-04 6.408277899026870728e-02 3.666591073852032423e-04 3.003096935572102666e-05 3.045865334570407867e-03
2.500000000000000000e+03 3.016800328623503447e-04 7.898326218128204346e-02 3.289835876785218716e-04 2.687212254386395216e-04 1.837492920458316803e-03 3.180052735842764378e-04 6.379275023937225342e-02 2.935793891083449125e-04 9.490535740042105317e-05 2.193052554503083229e-03
3.000000000000000000e+03 1.633990032132714987e-04 7.794272899627685547e-02 4.934389144182205200e-04 4.354120756033807993e-04 1.293988432735204697e-03 1.692541845841333270e-04 6.319736689329147339e-02 2.253787242807447910e-04 9.816799865802749991e-05 1.648008706979453564e-03
3.500000000000000000e+03 1.182692940346896648e-03 5.332835763692855835e-02 7.320807781070470810e-04 1.871320535428822041e-03 1.865429076133295894e-04 1.054316016961820424e-04 6.282922625541687012e-02 2.688871230930089951e-03 3.551173489540815353e-03 7.964810356497764587e-04
4.000000000000000000e+03 5.090662743896245956e-04 9.900576435029506683e-03 2.409755688859149814e-05 1.426888629794120789e-04 3.844132879748940468e-04 6.296324136201292276e-05 1.432721968740224838e-02 1.573400368215516210e-04 8.145819447236135602e-05 2.489929320290684700e-04
4.500000000000000000e+03 1.134194244514219463e-04 1.715989084914326668e-03 6.596437742700800300e-05 7.619942334713414311e-05 4.288295749574899673e-04 1.155237350758397952e-05 3.778219223022460938e-03 2.219173802586738020e-05 1.744423752825241536e-05 6.818048859713599086e-05
5.000000000000000000e+03 9.329249587608501315e-05 3.301014367025345564e-04 1.490073282184312120e-05 1.599888310011010617e-05 3.405429306440055370e-04 1.004051046038512141e-05 1.881880220025777817e-03 1.594109380675945431e-05 1.636821980355307460e-05 1.909202546812593937e-05
5.500000000000000000e+03 5.196846905164420605e-05 2.748705737758427858e-04 9.011690053739584982e-06 4.087662546226056293e-06 1.644434669287875295e-04 6.870438483019825071e-06 9.899291908368468285e-04 9.952135769708547741e-06 1.559059637656901032e-05 1.657793654885608703e-05
6.000000000000000000e+03 4.771014573634602129e-05 1.884962839540094137e-04 4.703457307186909020e-06 3.598465582399512641e-06 1.601343683432787657e-04 4.227107183396583423e-06 7.122523966245353222e-04 6.354662218654993922e-06 1.411226185155101120e-05 1.464810884499456733e-05
6.500000000000000000e+03 4.679541962104849517e-05 1.492290757596492767e-04 3.351207851665094495e-06 3.198241756763309240e-06 1.899066119221970439e-04 2.241584752482594922e-06 5.089041078463196754e-04 7.127265689632622525e-06 1.291569333261577412e-05 1.742439417284913361e-05
7.000000000000000000e+03 4.812641054741106927e-05 1.189754548249766231e-04 1.932659188241814263e-06 2.450888814564677887e-06 1.850185362854972482e-04 1.530106146674370393e-06 3.887707716785371304e-04 5.952084848104277626e-06 1.062327646650373936e-05 1.844615326263010502e-05
7.500000000000000000e+03 3.583953366614878178e-05 1.163064662250690162e-04 1.476177089898556005e-06 2.250161060146638192e-06 1.030580169754102826e-04 1.395669869452831335e-06 3.711207828018814325e-04 3.540350689945626073e-06 7.882531463110353798e-06 1.448001148673938587e-05
8.000000000000000000e+03 3.465087138465605676e-05 1.091895246645435691e-04 1.351788114334340207e-06 1.621090518710843753e-06 1.020943964249454439e-04 1.262476871488615870e-06 3.673406608868390322e-04 2.708118699956685305e-06 6.036614649929106236e-06 1.355810945824487135e-05
8.500000000000000000e+03 5.236862853053025901e-05 9.542331827105954289e-05 8.674360856275598053e-07 8.600968612881843001e-07 2.200212766183540225e-04 1.113095549953868613e-06 8.050279575400054455e-04 4.086469743924681097e-06 8.045973117987159640e-06 1.220124340761685744e-05
9.000000000000000000e+03 5.205154593568295240e-05 8.754171722102910280e-05 7.825174748177232686e-07 8.544910201635502744e-07 2.156113187083974481e-04 9.919548347170348279e-07 8.595729595981538296e-04 2.546821633586660028e-06 6.540327831316972151e-06 1.141014035965781659e-05
9.500000000000000000e+03 4.314562829677015543e-05 1.195524164359085262e-04 1.051398498930211645e-06 1.902493863781273831e-06 1.359449088340625167e-04 8.042414947340148501e-07 3.227677661925554276e-04 5.195736321184085682e-07 3.291727580290171318e-06 1.196172343043144792e-05
1.000000000000000000e+04 4.770707892021164298e-05 1.026444297167472541e-04 8.349172162525064778e-07 1.517010787210892886e-06 1.348710356978699565e-04 7.611896535308915190e-07 2.522587310522794724e-04 3.326314583773637423e-07 2.675002633623080328e-06 1.248064108949620277e-05
1.050000000000000000e+04 7.539671059930697083e-05 1.025143064907751977e-04 9.199795840686419979e-07 1.477825435358681716e-06 2.357829798711463809e-04 7.994925681487075053e-07 2.859644009731709957e-04 4.166997484844614519e-07 2.225694288426893763e-06 1.342963787465123460e-05
1.100000000000000000e+04 7.348822691710665822e-05 9.696554479887709022e-05 9.140054544332087971e-07 1.490225940870004706e-06 2.309762348886579275e-04 7.035331464066985063e-07 2.724962250795215368e-04 3.403710877591947792e-07 2.074249323413823731e-06 1.276897546631516889e-05
1.150000000000000000e+04 6.695793126709759235e-05 7.311718945857137442e-05 5.294384095577697735e-07 8.127609589791973121e-07 8.372311276616528630e-05 7.021643000371113885e-07 2.042802370851859450e-04 6.525351636810228229e-07 1.593411070643924177e-06 1.117983538279077038e-05
1.200000000000000000e+04 6.507220678031444550e-05 6.938705337233841419e-05 4.282102565866807709e-07 7.060576194817258511e-07 8.514570072293281555e-05 6.992172529862727970e-07 1.947348791873082519e-04 6.585053711205546279e-07 1.243925339622364845e-06 1.090047317120479420e-05
1.250000000000000000e+04 3.873692548950202763e-05 5.902098564547486603e-05 7.118916869330860209e-07 7.866728424232860561e-07 1.585451973369345069e-04 7.400311687888461165e-07 2.148563071386888623e-04 1.373906570734106936e-07 3.286346270670037484e-07 1.320588762609986588e-05
1.300000000000000000e+04 3.850578650599345565e-05 5.733734724344685674e-05 6.609330966966808774e-07 7.582187322441313881e-07 1.513040333520621061e-04 6.066797482162655797e-07 2.186014462495222688e-04 1.351369718349815230e-07 2.502244740298920078e-07 1.320266164839267731e-05
1.350000000000000000e+04 5.318886178429238498e-05 8.234843699028715491e-05 3.581306771138770273e-07 5.654815140587743372e-07 6.482809840235859156e-05 5.332721570994181093e-07 1.611185871297493577e-04 5.860960641257406678e-07 9.930872693075798452e-07 6.563085662492085248e-06
1.400000000000000000e+04 5.181231608730740845e-05 7.966317207319661975e-05 3.075074914704600815e-07 6.180104037412093021e-07 6.621233478654175997e-05 5.150008632881508674e-07 1.676113024586811662e-04 2.869026332064095186e-07 1.028629640131839551e-06 6.788010068703442812e-06
1.450000000000000000e+04 7.153450860641896725e-05 5.905104262637905777e-05 9.844790156421368010e-07 8.569965075366781093e-07 2.352704032091423869e-04 3.098622300967690535e-07 1.753247925080358982e-04 5.046845785727782641e-07 2.079067940030654427e-07 1.068808251147856936e-05
1.500000000000000000e+04 6.882753950776532292e-05 5.737671017413958907e-05 7.690719598940631840e-07 6.744151050952496007e-07 2.343660016776993871e-04 2.269833316859148908e-07 1.761779421940445900e-04 5.322418132891471032e-07 1.493491197379626101e-07 1.030752082442631945e-05
1.550000000000000000e+04 4.406074367580004036e-05 4.919555067317560315e-05 3.789022002820274793e-07 3.175181859660369810e-07 1.287650375161319971e-04 1.895587047329172492e-07 2.229664532933384180e-04 3.011328999491524883e-07 2.114754416027153638e-08 5.374950887926388532e-06
1.600000000000000000e+04 4.413400893099606037e-05 4.848893513553775847e-05 3.887275283886992838e-07 3.765192104765446857e-07 1.246003812411800027e-04 1.532406201931735268e-07 2.367708802921697497e-04 5.194307846068113577e-07 1.032159513414399044e-08 4.674713636632077396e-06
1.650000000000000000e+04 5.266854714136570692e-05 6.727044092258438468e-05 9.621205663279397413e-07 9.017944080369488802e-07 1.796628494048491120e-04 1.551784833964120480e-07 1.267747429665178061e-04 1.047707769430417102e-06 1.207162370064907009e-07 5.456246981339063495e-06
1.700000000000000000e+04 5.651101673720404506e-05 6.505629426101222634e-05 6.682768685095652472e-07 6.211737400008132681e-07 1.748782087815925479e-04 1.431944838259369135e-07 1.228100736625492573e-04 6.492938950941606890e-07 1.340709729902300751e-07 5.273157512419857085e-06
1.750000000000000000e+04 6.675861368421465158e-05 5.104316369397565722e-05 2.751777685716660926e-07 3.455555486198136350e-07 1.606671867193654180e-04 1.535542821784474654e-07 3.184590023010969162e-04 8.404871323364204727e-07 1.601257082484153216e-07 5.757821782026439905e-06
1.800000000000000000e+04 6.053355900803580880e-05 4.996268398826941848e-05 3.361043070526648080e-07 3.011583658008021303e-07 1.633628708077594638e-04 1.356135896912746830e-07 3.405603929422795773e-04 1.829559437283023726e-06 1.498226964713467169e-07 5.646195859299041331e-06
1.850000000000000000e+04 6.297220534179359674e-05 6.578240572707727551e-05 8.039959311645361595e-07 7.315678089980792720e-07 2.786209224723279476e-04 1.420228983306515147e-07 1.691148790996521711e-04 2.773653022813959979e-07 3.846156104714282264e-08 1.066555796569446102e-05
1.900000000000000000e+04 6.489922816399484873e-05 6.618592306040227413e-05 7.157699997151212301e-07 6.511465358016721439e-07 2.693880815058946609e-04 1.646098866103784530e-07 1.564508856972679496e-04 2.264519451955493423e-07 9.129588818268530304e-08 1.148344290413660929e-05
1.950000000000000000e+04 7.256997923832386732e-05 5.240385144134052098e-05 1.148145997831306886e-06 9.453457892050209921e-07 7.511539297411218286e-05 1.983045478937128792e-07 1.543725811643525958e-04 2.942678349882044131e-07 4.997633027414849494e-07 5.592781235463917255e-06
2.000000000000000000e+04 6.327396113192662597e-05 4.842235284741036594e-05 7.567288093923707493e-07 8.669288718010648154e-07 8.015475032152608037e-05 1.843491332920166315e-07 1.637475797906517982e-04 3.354183490955620073e-07 4.596576275162078673e-07 5.352883363229921088e-06
2.050000000000000000e+04 4.172323679085820913e-05 5.237392906565219164e-05 1.926269561636217986e-07 3.058746358419739408e-07 1.445821108063682914e-04 1.719077005191138596e-07 1.918791240314021707e-04 3.877486562942067394e-07 4.344721560300968122e-07 5.278838671074481681e-06
2.100000000000000000e+04 4.407254891702905297e-05 5.115735257277265191e-05 1.421040849436394637e-07 2.684460582713654730e-07 1.395611179759725928e-04 1.486032061848163721e-07 1.939311478054150939e-04 2.365620161981496494e-07 4.824247525903047062e-07 4.874162186752073467e-06
2.150000000000000000e+04 4.060527135152369738e-05 4.178869130555540323e-05 5.101454121358983684e-07 3.019590337771660415e-07 2.285388472955673933e-04 1.191264686895010527e-07 1.548198779346421361e-04 5.579130970545520540e-07 1.301736915593210142e-06 4.728847670776303858e-06
2.200000000000000000e+04 4.175977301201783121e-05 4.093914321856573224e-05 3.556062324605591130e-07 2.088049626536303549e-07 2.258780732518061996e-04 1.118399595156915893e-07 1.561548851896077394e-04 4.210974111629184335e-07 1.652149876463226974e-06 4.798906502401223406e-06
2.250000000000000000e+04 6.221910734893754125e-05 5.216533099883235991e-05 3.152467229483590927e-07 6.918346002748876344e-07 1.214073126902803779e-04 1.254343686696302029e-07 1.537968782940879464e-04 1.896455614769365638e-07 2.080241074509103782e-06 8.441923455393407494e-06
2.300000000000000000e+04 5.510276969289407134e-05 4.981900565326213837e-05 2.615376217818266014e-07 5.030423722018895205e-07 1.241956633748486638e-04 1.541624925494033960e-07 1.362803450319916010e-04 1.025175393465360685e-07 1.355668132418941241e-06 9.442749615118373185e-06
2.350000000000000000e+04 5.345206227502785623e-05 4.064603854203596711e-05 4.100263879536214517e-07 1.554047912577516399e-07 1.314216351602226496e-04 1.261044957345802686e-07 1.005443991743959486e-04 3.043420520043582655e-07 4.423288544330716832e-07 4.957929377269465476e-06
2.400000000000000000e+04 5.596601113211363554e-05 3.805502274190075696e-05 4.336910706115304492e-07 1.604527710696856957e-07 1.257875264855101705e-04 1.136747087571166048e-07 9.272932948078960180e-05 4.850681420975888614e-07 2.800703100547252689e-07 4.615237230609636754e-06
2.450000000000000000e+04 4.475738387554883957e-05 3.293352347100153565e-05 7.647350344086589757e-07 7.003225164226023480e-07 1.119058215408585966e-04 1.393920285863714525e-07 9.040361328516155481e-05 1.624159011726078461e-07 9.418420745532785077e-07 8.069853720371611416e-06
2.500000000000000000e+04 4.423854261403903365e-05 3.408540578675456345e-05 5.744288387177221011e-07 6.728434414071671199e-07 1.061642178683541715e-04 1.803383185006168787e-07 9.630501881474629045e-05 1.125354671671630058e-07 8.137964186971657909e-07 9.345693797513376921e-06
2.550000000000000000e+04 5.663742558681406081e-05 3.948314042645506561e-05 2.906329541474406142e-07 1.124840082411537878e-06 1.086892298189923167e-04 2.084273234004285769e-07 1.997283106902614236e-04 1.577931527663167799e-07 3.479381689430738334e-07 7.206095233414089307e-06
2.600000000000000000e+04 5.290798071655444801e-05 3.592255961848422885e-05 2.182664644578835578e-07 1.132534293901699129e-06 1.118023137678392231e-04 1.203644188763064449e-07 2.287724055349826813e-04 1.060781826822676521e-07 2.925424666955223074e-07 6.868269338156096637e-06
2.650000000000000000e+04 5.516948294825851917e-05 3.509068119456060231e-05 5.291463480716629419e-07 5.689485078619327396e-07 1.820055622374638915e-04 1.205340964816059568e-07 9.258946374757215381e-05 5.983032451695180498e-07 1.455763140256749466e-06 8.945695299189537764e-06
2.700000000000000000e+04 5.554755989578552544e-05 3.545238359947688878e-05 4.675944182963576168e-07 5.000583200853725430e-07 1.772303803591057658e-04 1.361448198622383643e-07 8.860739762894809246e-05 4.812081328964268323e-07 1.291279772885900456e-06 9.439908353670034558e-06
2.750000000000000000e+04 4.691665162681601942e-05 3.715939601534046233e-05 4.544973535303142853e-07 7.459957487299107015e-07 1.035028108162805438e-04 1.411304566545368289e-07 1.141231768997386098e-04 3.415606215639854781e-07 1.141393113357480615e-06 4.049112249049358070e-06
2.800000000000000000e+04 4.440105840330943465e-05 3.530519461492076516e-05 3.731746005541936029e-07 6.806330929975956678e-07 1.057994377333670855e-04 1.236437299212411745e-07 1.119235748774372041e-04 3.640266470483766170e-07 1.070389316737418994e-06 3.917442427336936817e-06
2.850000000000000000e+04 4.391316906549036503e-05 4.063975939061492682e-05 3.170812874486728106e-07 3.230874483506340766e-07 2.109712804667651653e-04 1.282126333990163403e-07 1.372394472127780318e-04 9.661186339826599578e-08 5.677263743564253673e-07 5.588979092863155529e-06
2.900000000000000000e+04 4.504997923504561186e-05 3.885764454025775194e-05 2.609320119972835528e-07 3.082107866703154286e-07 2.094420487992465496e-04 1.214081777334286016e-07 1.311734231421723962e-04 8.871560197576400242e-08 6.368182994265225716e-07 5.680229151039384305e-06
2.950000000000000000e+04 4.414495560922659934e-05 4.686179454438388348e-05 1.423857582949494827e-07 5.178976039132976439e-07 1.004721198114566505e-04 1.531068107851751847e-07 1.290368381887674332e-04 1.317080631224598619e-07 6.243482175705139525e-07 5.795126071461709216e-06
3.000000000000000000e+04 4.123936014366336167e-05 1.737502898322418332e-04 1.732102248297451297e-07 4.526289956174878171e-07 1.079033536370843649e-04 1.528657094240770675e-07 4.009309923276305199e-04 4.773257273882336449e-07 6.960424343560589477e-07 5.345079898688709363e-06
3.050000000000000000e+04 4.018385880044661462e-05 4.264197923475876451e-05 1.798997573132510297e-07 8.199987178159062751e-07 1.511178270447999239e-04 1.268566620638011955e-07 8.678220910951495171e-05 1.220623857989266980e-06 1.017748218146152794e-06 4.790069851878797635e-06
3.100000000000000000e+04 3.879352516378276050e-05 4.148855805397033691e-05 1.524124400020809844e-07 7.248962106132239569e-07 1.511473674327135086e-04 1.525192487861204427e-07 8.008299482753500342e-05 1.150179627984471153e-06 1.240876144947833382e-06 4.827743850910337642e-06
3.150000000000000000e+04 3.092238330282270908e-05 1.780464663170278072e-05 8.302968268480981351e-08 4.366442283298965776e-07 1.084802715922705829e-04 2.206047753361417563e-07 1.067240809788927436e-04 1.299712039326550439e-06 1.291933699576475192e-06 5.320557647792156786e-06
3.200000000000000000e+04 3.056243440369144082e-05 1.765487832017242908e-05 9.064133621450309874e-08 4.173150216502108378e-07 1.082133239833638072e-04 2.208668661296542268e-07 1.073067614925093949e-04 1.622738295736780856e-06 1.685904976511665154e-06 5.341772066458361223e-06
3.250000000000000000e+04 3.833096343441866338e-05 3.174216544721275568e-05 3.093916518537298543e-07 1.351859850728942547e-06 8.423494728049263358e-05 2.721655221193941543e-07 8.101355342660099268e-05 2.017198994508362375e-06 1.625459049137134571e-06 4.059944785694824532e-06
3.300000000000000000e+04 3.574799120542593300e-05 2.976936411869246513e-05 2.389831763593974756e-07 1.210461050504818559e-06 8.468238956993445754e-05 2.903862821312941378e-07 7.136737986002117395e-05 1.598914764144865330e-06 1.183841732199653052e-06 4.315975729696219787e-06
3.350000000000000000e+04 3.868537896778434515e-05 3.953252598876133561e-05 2.089811772520988598e-07 2.461324868363590213e-07 1.353664702037349343e-04 1.628120713803582476e-07 6.789278268115594983e-05 2.994082706209155731e-07 6.213810479493986350e-07 4.526642896962584928e-06
3.400000000000000000e+04 3.929451122530736029e-05 3.911655949195846915e-05 1.733567103201494319e-07 1.935144240405861638e-07 1.327054487774148583e-04 1.368896676012809621e-07 6.881904846522957087e-05 2.531365907998406328e-07 6.462409487539844122e-07 4.344890840002335608e-06
3.450000000000000000e+04 4.361167520983144641e-05 9.248399874195456505e-05 1.551976680502775707e-07 6.075733836041763425e-07 1.124687623814679682e-04 1.922661851949669654e-07 1.764815533533692360e-04 3.391144787201483268e-07 2.104315171891357750e-06 6.311022843874525279e-06
3.500000000000000000e+04 4.375070056994445622e-05 2.761603172984905541e-05 1.345934208529797615e-07 5.792557544737064745e-07 1.142400651588104665e-04 1.917045153732033214e-07 7.537448254879564047e-05 4.047462311973504256e-07 2.511480261091492139e-06 4.285133854864398018e-06
3.550000000000000000e+04 4.772680404130369425e-05 3.239373108954168856e-05 1.634525119698082563e-07 6.381524144671857357e-07 1.482133520767092705e-04 2.125698586041835370e-07 1.064223906723782420e-04 2.369665025980793871e-06 2.402838845227961428e-06 4.305078164179576561e-06
3.600000000000000000e+04 4.508263009483925998e-05 3.207911504432559013e-05 1.648508742846388486e-07 5.683247650267730933e-07 1.485402171965688467e-04 2.189411247854877729e-07 1.066870827344246209e-04 2.821699581545544788e-06 1.953427045009448193e-06 4.619744686351623386e-06
3.650000000000000000e+04 4.025700400234200060e-05 4.043105218443088233e-05 3.431413801990856882e-07 1.087281248146609869e-06 1.669528428465127945e-04 2.906759561938088154e-07 1.106645941035822034e-04 9.774635145731735975e-07 1.018142825159884524e-06 8.617389539722353220e-06
3.700000000000000000e+04 4.424168582772836089e-05 3.882749660988338292e-05 2.943989727555162972e-07 7.930361789476592094e-07 1.605688303243368864e-04 2.829821426075795898e-07 9.588299144525080919e-05 5.055844098933448549e-07 5.127423037265543826e-07 9.312992006016429514e-06
3.750000000000000000e+04 4.583699774229899049e-05 4.483153679757378995e-05 5.471994768413424026e-08 2.888016865654208232e-07 1.778655569069087505e-04 2.124507858525248594e-07 6.887240306241437793e-05 2.931591609467432136e-07 9.798895916901528835e-07 4.454548161447746679e-06
3.800000000000000000e+04 4.705437822849489748e-05 4.274760431144386530e-05 3.530533021489645762e-08 3.175081246808986180e-07 1.738555001793429255e-04 1.638966011796583189e-07 6.320857210084795952e-05 1.895526651196632884e-07 7.874605216784402728e-07 4.658536454371642321e-06
3.850000000000000000e+04 4.120303856325335801e-05 2.328665323148015887e-05 1.613029070313132252e-07 1.529145237100237864e-07 1.426914677722379565e-04 1.610839177601519623e-07 7.308782369364053011e-05 4.527573480572755216e-07 6.917118753335671499e-07 5.413525741460034624e-06
3.900000000000000000e+04 3.969720273744314909e-05 2.394204784650355577e-05 9.033846026795799844e-08 1.355788441514960141e-07 1.409839751431718469e-04 1.686178876525445958e-07 7.419048779411241412e-05 2.922997737186960876e-07 6.270061021496076137e-07 5.675600732502061874e-06
3.950000000000000000e+04 4.510187136474996805e-05 2.613023389130830765e-05 1.090631869260505482e-07 5.710935511160641909e-07 1.215410447912290692e-04 1.887689080604104674e-07 1.363685587421059608e-04 3.795367717884801095e-07 4.665985500196256908e-07 4.940829512634081766e-06
4.000000000000000000e+04 4.130906381760723889e-05 2.596561535028740764e-05 1.078841549428943836e-07 6.193434387569141109e-07 1.233979419339448214e-04 1.862219249915142427e-07 1.436182647012174129e-04 6.253394531086087227e-07 5.184389806345279794e-07 4.980335233994992450e-06
4.050000000000000000e+04 3.603149889386259019e-05 3.156923776259645820e-05 1.060883150216795912e-07 3.790798359659675043e-07 2.105629246216267347e-04 1.764504418133583385e-07 8.994398376671597362e-05 3.826936563200433739e-07 5.080239589005941525e-07 7.663409633096307516e-06
4.100000000000000000e+04 3.823501174338161945e-05 3.249730798415839672e-05 1.018762958437946509e-07 3.612851742218481377e-07 2.048174792435020208e-04 1.539918770276926807e-07 8.600162982475012541e-05 5.418603450380032882e-07 7.267611294992093462e-07 8.143402737914584577e-06
4.150000000000000000e+04 2.571305412857327610e-05 1.809555215004365891e-05 1.154668964886695903e-07 4.090959180302888853e-07 1.268016931135207415e-04 1.391052819599281065e-07 3.328411548864096403e-05 1.837987184671874274e-07 6.662696137027523946e-07 7.798270416969899088e-06
4.200000000000000000e+04 2.424082049401476979e-05 1.624504875508137047e-05 1.042932211703373468e-07 3.881383463522070087e-07 1.271154906135052443e-04 1.631484707331765094e-07 2.673813651199452579e-05 2.236904066421629977e-07 8.090308938335510902e-07 8.308059477712959051e-06
4.250000000000000000e+04 3.489088703645393252e-05 2.932744246209040284e-05 9.365329134425337543e-08 3.809615805039356928e-07 1.431538257747888565e-04 1.947894503473435179e-07 1.237364485859870911e-04 5.976104944238613825e-07 2.483592652424704283e-06 2.934302301582647488e-06
4.300000000000000000e+04 3.495437704259529710e-05 2.858864354493562132e-05 1.098026487511560845e-07 3.433638653405068908e-07 1.414677099091932178e-04 2.039954694055268192e-07 1.352601830149069428e-04 6.491259227914270014e-07 2.821084081006119959e-06 2.811507783917477354e-06
