# step, loss_train, loss_test, metrics_test
0.000000000000000000e+00 2.198806777596473694e-02 8.098601549863815308e-02 7.812258601188659668e-02 5.238154903054237366e-02 2.108045667409896851e-02 2.193441987037658691e-02 1.130492389202117920e-01 3.104264289140701294e-02 3.269813582301139832e-02 2.171056903898715973e-02
5.000000000000000000e+02 8.523072028765454888e-05 1.954140607267618179e-04 1.012252596410689875e-05 1.276942475669784471e-05 9.458443964831531048e-04 1.093047194444807246e-05 2.507879107724875212e-04 8.198894647648558021e-06 2.725367448874749243e-05 7.386467768810689449e-04
1.000000000000000000e+03 3.505513450363650918e-05 2.550612844061106443e-04 2.470778781571425498e-06 3.590627784433308989e-06 3.899883304256945848e-04 4.555728594368702034e-07 1.166226502391509712e-04 2.491837676643626764e-06 4.234437710692873225e-06 1.493298186687752604e-04
1.500000000000000000e+03 2.267738818773068488e-05 6.809340993640944362e-05 9.347342597720853519e-07 7.003698101470945403e-07 3.805239393841475248e-04 1.021973048409563489e-07 1.161973268608562648e-04 1.047101250151172280e-06 5.066073640591639560e-07 7.200476102298125625e-05
2.000000000000000000e+03 3.033729444723576307e-05 5.047751983511261642e-05 1.030472685670247301e-05 4.050586994708282873e-06 4.331055679358541965e-04 7.061768769744958263e-08 6.102829138399101794e-05 7.057157631606969517e-07 2.310377340108971111e-06 8.706465450813993812e-05
2.500000000000000000e+03 1.914940730785019696e-05 2.872102661058306694e-03 4.568293661577627063e-05 3.454037869232706726e-05 3.999947803094983101e-04 6.700572185991404695e-08 3.140337532386183739e-03 1.713629171717911959e-05 9.877686352410819381e-06 1.859548065112903714e-04
3.000000000000000000e+03 2.504191616026218981e-05 2.669916466402355582e-05 9.533642355563642923e-07 1.028076894726837054e-06 2.209528029197826982e-04 2.416456013065726438e-08 3.998572719865478575e-05 1.120234429663469200e-07 6.214444283614284359e-07 4.355852524895453826e-06
3.500000000000000000e+03 8.684262138558551669e-05 7.675985340029001236e-03 2.098734403261914849e-04 9.724657138576731086e-05 5.995991174131631851e-03 2.891754320444306359e-07 9.272824041545391083e-03 1.479104830650612712e-04 1.098175343940965831e-04 5.535413511097431183e-03
4.000000000000000000e+03 5.833532850374467671e-05 1.751456147758290172e-04 2.345235770917497575e-06 2.270307959406636655e-05 4.335749545134603977e-04 9.041160353717714315e-08 1.844899234129115939e-04 1.228563405675231479e-06 2.568374657130334526e-05 5.942588541074655950e-05
4.500000000000000000e+03 3.497014404274523258e-05 2.849248994607478380e-05 1.049001298270013649e-06 2.467281092322082259e-06 3.036996640730649233e-04 2.979528801461128751e-08 2.955034324259031564e-05 9.924791584126069210e-07 5.046562705501855817e-07 4.074562184541719034e-06
5.000000000000000000e+03 3.324990757391788065e-05 2.601495725684799254e-05 6.474253382293682080e-07 2.087277152895694599e-06 2.560174907557666302e-04 1.133352078852567502e-08 2.796794615278486162e-05 7.065867180244822521e-07 9.373019906888657715e-07 3.530247340677306056e-06
5.500000000000000000e+03 2.317673897778149694e-05 1.607100239198189229e-05 4.095219026112317806e-07 4.314614727718435461e-07 1.308003411395475268e-04 1.472167543425939584e-08 2.050578405032865703e-05 6.206060731983598089e-08 1.059954044535516005e-07 1.292631509386410471e-06
6.000000000000000000e+03 4.449886182555928826e-05 9.590062109054997563e-05 1.299576183555473108e-06 8.070442163443658501e-06 3.215610340703278780e-04 3.710634999265494116e-08 1.390130491927266121e-04 2.666338104972965084e-06 8.253476153186056763e-06 1.470913412049412727e-05
6.500000000000000000e+03 1.151960459537804127e-04 3.254738985560834408e-04 4.614263161784037948e-06 4.234037078276742250e-06 2.351904986426234245e-04 1.002715848130719678e-07 5.705660441890358925e-04 6.234170086827361956e-07 4.169413841736968607e-06 9.539118764223530889e-06
7.000000000000000000e+03 6.757899973308667541e-05 4.534865001915022731e-05 1.842380186189984670e-07 5.468641575134824961e-07 8.672424155520275235e-05 3.059185971210354182e-08 7.915707828942686319e-05 5.943853409462462878e-08 1.850511694101442117e-06 2.973058872157707810e-05
7.500000000000000000e+03 9.539912753098178655e-06 4.141764293308369815e-05 4.457855595774162794e-07 7.190499786702275742e-07 2.303110159118659794e-05 2.773182750104297156e-08 9.581181075191125274e-05 9.236351843355805613e-07 2.075944252055705874e-07 5.791281182609964162e-06
8.000000000000000000e+03 5.853363745700335130e-06 9.315585884905885905e-06 5.248450563044571027e-08 1.317191333782830043e-07 1.192884064948884770e-05 9.128372724376276892e-09 1.747704118315596133e-05 8.163728892895960598e-08 1.048522122459871753e-07 4.088115474587539211e-06
8.500000000000000000e+03 2.028252492891624570e-05 1.651339334785006940e-05 5.275122134662524331e-07 6.024662866366270464e-07 1.212642237078398466e-04 2.425398371030951239e-08 2.667383341758977622e-05 4.520187601997349702e-08 4.308336087888164911e-07 1.131507247009722050e-06
9.000000000000000000e+03 2.644908454385586083e-05 2.009587115026079118e-05 3.014012861513037933e-07 1.289489205191785004e-06 2.574845857452601194e-04 5.084329068871795698e-10 2.671844958967994899e-05 1.581494579738773609e-08 3.065205646635149606e-06 3.070624643441988155e-06
9.500000000000000000e+03 8.313790203828830272e-06 7.441136403940618038e-06 1.069010053811325633e-07 4.970667077941470779e-07 5.081825293018482625e-05 1.459952780891171642e-08 9.275610864278860390e-06 1.343636171213802299e-07 1.065055030835537764e-07 1.016906571749132127e-05
1.000000000000000000e+04 6.362551175698172301e-06 5.990171302983071655e-06 2.990929104385031678e-08 2.683282502857764484e-07 3.656873377622105181e-05 3.406015469664680495e-09 6.293268597801215947e-06 1.367022584020105569e-08 2.301781705682515167e-06 6.297253275988623500e-05
1.050000000000000000e+04 1.154983874585013837e-05 3.672650200314819813e-05 2.474664597684750333e-07 1.870773189693863969e-07 4.650488699553534389e-05 2.053073977492658742e-08 5.071826308267191052e-05 1.957443203082220862e-07 3.634732195223477902e-07 1.806655745895113796e-05
1.100000000000000000e+04 1.055543543770909309e-05 1.202225976157933474e-04 3.325510249396756990e-07 2.088231383368110983e-07 3.163206565659493208e-05 4.114646401376376161e-08 1.963483955478295684e-04 2.483407115505542606e-07 1.608834487853982864e-08 1.371528778690844774e-04
1.150000000000000000e+04 2.579770807642489672e-06 2.621971589178428985e-06 8.386244587654800853e-08 7.336458196505191154e-08 1.802675569706480019e-06 2.376114949242946750e-08 6.399350695573957637e-06 3.322108454995031934e-07 6.828571486039436422e-07 2.123811282217502594e-04
1.200000000000000000e+04 2.715353730309288949e-06 1.904246164485812187e-04 9.496006470044449088e-08 2.249228856499030371e-07 7.082048978190869093e-05 2.038977520157914114e-08 1.703090238152071834e-04 2.676917461030825507e-07 7.918590654298895970e-07 3.507341316435486078e-04
1.250000000000000000e+04 4.112071474082767963e-05 2.857381477952003479e-04 5.264407263894099742e-06 5.608906576526351273e-06 2.004439156735315919e-04 1.352437379864568356e-07 5.639087175950407982e-04 3.368156030774116516e-04 4.862047717324458063e-06 2.164262696169316769e-05
1.300000000000000000e+04 3.420118446229025722e-05 4.383278428576886654e-05 3.056316245420021005e-06 1.930685584738967009e-06 2.010046882787719369e-04 3.301747497630458383e-08 3.744018613360822201e-05 9.152724669547751546e-05 4.561304649541852996e-06 9.881137884804047644e-06
1.350000000000000000e+04 1.559526026539970189e-05 7.576349162263795733e-06 3.680427198560209945e-07 1.491245029683341272e-07 8.705830259714275599e-05 8.886353874970609468e-09 2.882563785533420742e-05 7.731238292763009667e-05 1.944813675436307676e-06 2.842868980224011466e-06
1.400000000000000000e+04 2.598791616037487984e-05 9.210441203322261572e-05 7.187153187260264531e-06 3.253161139582516626e-06 1.978280051844194531e-04 1.448938036219260539e-08 1.286103215534240007e-04 2.823870272550266236e-05 7.231036761368159205e-06 6.546278018504381180e-05
1.450000000000000000e+04 5.646454519592225552e-05 2.050812872766982764e-05 1.101344309972773772e-06 4.847734658142144326e-07 3.423921298235654831e-04 1.812593275474227994e-08 5.276131196296773851e-05 1.692311780061572790e-04 5.025649443268775940e-07 3.426264129302580841e-06
1.500000000000000000e+04 5.364143726183101535e-05 2.050472357950638980e-05 3.430423021200112998e-07 3.516907156608795049e-07 2.638872829265892506e-04 2.457035463976353640e-08 6.009027856634929776e-05 3.574221773305907845e-05 2.317070538992993534e-06 3.951256985601503402e-06
1.550000000000000000e+04 9.902001693262718618e-06 3.053119507967494428e-05 4.257732939549896400e-07 2.416315112441225210e-07 7.101646042428910732e-05 6.650444639433317207e-09 2.000207314267754555e-05 3.102984692304744385e-06 2.103950613729921315e-08 9.546090950607322156e-06
1.600000000000000000e+04 7.638256647624075413e-06 5.110539132147096097e-05 4.989380499864637386e-07 1.188974678711929300e-07 5.019130912842229009e-05 1.936534266278044925e-09 3.398862099857069552e-05 1.470888719268259592e-06 1.511985203705989989e-07 2.274370126542635262e-05
1.650000000000000000e+04 3.960967660532332957e-05 2.103903352690394968e-05 1.266045160264184233e-06 3.698301611620991025e-07 3.534031566232442856e-04 7.567593218738011274e-10 3.264562110416591167e-05 1.516081283625680953e-06 1.303560281940008281e-07 5.040310497861355543e-06
1.700000000000000000e+04 3.422611916903406382e-05 2.163276076316833496e-05 3.248299208280513994e-06 1.296464688493870199e-06 2.550208882894366980e-04 8.315141464265707327e-09 1.939360299729742110e-05 9.509545634500682354e-06 1.341455117653822526e-06 3.127621539533720352e-06
1.750000000000000000e+04 6.618709903705166653e-06 6.782380660297349095e-05 1.507622897634064429e-07 5.989949158902163617e-08 6.888397183502092957e-05 1.214079858868899464e-08 8.814944885671138763e-05 5.010970482999255182e-08 2.001239636229001917e-07 6.239162303245393559e-06
1.800000000000000000e+04 5.388057616073638201e-06 2.635536293382756412e-05 8.536445506024392671e-08 2.203087490215693833e-08 6.297098298091441393e-05 4.268830844367244026e-10 5.168859206605702639e-05 2.634335238838048099e-08 7.945704538769859937e-08 2.729873585849418305e-06
1.850000000000000000e+04 3.389168705325573683e-05 2.595512523839715868e-05 7.199782317002245691e-07 1.433959027963283006e-06 4.454941372387111187e-04 2.808151577937678667e-08 9.761556430021300912e-05 4.290043762011919171e-06 4.034332334867940517e-07 5.623549441224895418e-06
1.900000000000000000e+04 2.553249578340910375e-05 5.288743705023080111e-05 6.764792033209232613e-07 7.498877607758913655e-07 2.151684893760830164e-04 5.151002291370332387e-09 1.546372368466109037e-04 3.574484071577899158e-05 1.203476585942553356e-06 1.344240990874823183e-05
1.950000000000000000e+04 1.111609981307992712e-05 1.010603591566905379e-05 1.533197604430824867e-07 5.652371370956643659e-08 3.441188528086058795e-05 6.633840698988535678e-10 3.232156450394541025e-05 1.584647719710119418e-07 1.733276917548209894e-07 4.955885742674581707e-06
2.000000000000000000e+04 7.062847089400747791e-06 7.455110790033359081e-06 9.267942147062058211e-08 3.055597730394765676e-08 2.566093462519347668e-05 5.483846710063744467e-10 2.968823719129431993e-05 9.736837114360241685e-08 7.710512051062323735e-08 5.264051651465706527e-06
2.050000000000000000e+04 1.282540506508667022e-05 2.300960659340489656e-05 1.114252867751019949e-07 8.303359066985649406e-08 4.306739356252364814e-05 2.225806206013203337e-09 5.332662112778052688e-05 6.105721439553235541e-08 1.308904643337882590e-06 1.134999183705076575e-05
2.100000000000000000e+04 3.038747991013224237e-06 7.507102509407559410e-06 5.502704070181607676e-08 2.392359377267894160e-08 1.058318503055488691e-05 1.135094240822809297e-09 6.059852967155165970e-05 2.145283559684685315e-07 4.970585223418311216e-07 2.798561581585090607e-05
2.150000000000000000e+04 5.586908810073509812e-05 4.631650153896771371e-05 1.451167918276041746e-06 1.310274058141658315e-07 4.138851654715836048e-04 3.765257361010299064e-06 4.909420749754644930e-05 1.537620164526742883e-06 6.189642220988389454e-08 7.473675941582769156e-05
