# step, loss_train, loss_test, metrics_test
0.000000000000000000e+00 2.785348566249012947e-03 8.778120577335357666e-02 3.527110675349831581e-03 5.053770146332681179e-04 7.767446222715079784e-04 2.750947838649153709e-03 9.788639098405838013e-02 2.772812498733401299e-03 1.741836895234882832e-04 1.968677854165434837e-03
5.000000000000000000e+02 3.351621795445680618e-03 6.431560218334197998e-02 2.530210476834326982e-04 3.766027293750084937e-05 4.875077400356531143e-03 3.301991615444421768e-03 7.398939132690429688e-02 5.461090477183461189e-04 4.730030559585429728e-05 5.680909380316734314e-03
1.000000000000000000e+03 2.379360143095254898e-03 6.079899147152900696e-02 1.947005075635388494e-04 7.199394167400896549e-05 3.474630648270249367e-03 2.314259996637701988e-03 7.130441069602966309e-02 4.994992632418870926e-04 3.211957300663925707e-05 4.227590281516313553e-03
1.500000000000000000e+03 1.563635771162807941e-03 6.934674084186553955e-02 1.870106643764302135e-04 7.576598727609962225e-05 5.115117412060499191e-03 1.426893752068281174e-03 6.887134909629821777e-02 5.216684076003730297e-04 2.915641744039021432e-05 5.685771815478801727e-03
2.000000000000000000e+03 1.203018822707235813e-03 6.859021633863449097e-02 1.386688381899148226e-04 4.512130180955864489e-05 5.416259635239839554e-03 1.086269272491335869e-03 6.788402795791625977e-02 2.930133487097918987e-04 3.769440445466898382e-05 5.960160400718450546e-03
2.500000000000000000e+03 1.037057721987366676e-03 8.172985166311264038e-02 8.977261313702911139e-05 7.204945723060518503e-05 5.669795442372560501e-03 9.566778317093849182e-04 6.650901585817337036e-02 7.906078826636075974e-05 1.070528523996472359e-04 6.090248003602027893e-03
3.000000000000000000e+03 7.946506375446915627e-04 8.141751587390899658e-02 6.935692363185808063e-05 1.132621910073794425e-04 5.526508670300245285e-03 7.236098172143101692e-04 6.597372889518737793e-02 6.896689228597097099e-06 1.448774855816736817e-04 5.947835277765989304e-03
3.500000000000000000e+03 1.653313520364463329e-03 6.641405820846557617e-02 4.683956649387255311e-05 1.850763655966147780e-04 3.267563879489898682e-03 1.528287772089242935e-03 6.542541831731796265e-02 8.843720024742651731e-06 3.391406207811087370e-04 3.886164631694555283e-03
4.000000000000000000e+03 1.660685404203832150e-03 6.566309183835983276e-02 4.037377948407083750e-05 1.865533413365483284e-04 2.939251484349370003e-03 1.476072473451495171e-03 6.500055640935897827e-02 3.672934326459653676e-05 3.916408750228583813e-04 3.570975270122289658e-03
4.500000000000000000e+03 2.990244829561561346e-04 5.357024446129798889e-02 2.281873639731202275e-05 1.185934743261896074e-04 2.692223992198705673e-03 2.382970269536599517e-04 6.780671328306198120e-02 2.056341509160120040e-05 1.569213345646858215e-04 3.324714256450533867e-03
5.000000000000000000e+03 2.410524321021512151e-04 5.340792983770370483e-02 2.737840804911684245e-05 1.365972711937502027e-04 2.619628095999360085e-03 1.944697432918474078e-04 6.802903860807418823e-02 4.045187961310148239e-05 1.570750318933278322e-04 3.237731056287884712e-03
5.500000000000000000e+03 2.737948088906705379e-04 5.847872048616409302e-02 6.000907160341739655e-05 1.068539204425178468e-04 2.537979744374752045e-03 2.346071705687791109e-04 6.699843704700469971e-02 9.898900316329672933e-05 1.699261629255488515e-04 3.095973283052444458e-03
6.000000000000000000e+03 2.644839405547827482e-04 5.833496898412704468e-02 6.390763883246108890e-05 1.007310129352845252e-04 2.319696359336376190e-03 2.326596149941906333e-04 6.681583076715469360e-02 1.028121114359237254e-04 1.609401660971343517e-04 2.868777140974998474e-03
6.500000000000000000e+03 2.095702948281541467e-04 5.924371629953384399e-02 1.118747968575917184e-04 6.708795990562066436e-05 2.484532305970788002e-03 1.740509760566055775e-04 6.683382391929626465e-02 5.707456875825300813e-05 1.107520947698503733e-04 3.047131700441241264e-03
7.000000000000000000e+03 2.512488863430917263e-04 5.879802256822586060e-02 1.712615485303103924e-04 6.479753938037902117e-05 2.259798813611268997e-03 2.117905678460374475e-04 6.672000885009765625e-02 8.582770533394068480e-05 1.585087302373722196e-04 2.798128174617886543e-03
7.500000000000000000e+03 3.844820603262633085e-04 7.213679701089859009e-02 1.878261973615735769e-04 2.068537141894921660e-04 2.367987297475337982e-03 3.572769637685269117e-04 6.423533707857131958e-02 2.822926617227494717e-04 3.051292151212692261e-04 2.874982543289661407e-03
8.000000000000000000e+03 3.235632902942597866e-04 7.136294245719909668e-02 2.901140833273530006e-04 3.645470424089580774e-04 2.177115762606263161e-03 3.038171271327883005e-04 6.348365545272827148e-02 3.820327110588550568e-04 3.831605426967144012e-04 2.677513984963297844e-03
8.500000000000000000e+03 1.802819606382399797e-04 5.442781373858451843e-02 2.009680902119725943e-04 5.059144459664821625e-04 1.561105018481612206e-03 1.647342724027112126e-04 6.516849994659423828e-02 1.403628411935642362e-04 3.400055575184524059e-04 2.129578730091452599e-03
9.000000000000000000e+03 1.533140748506411910e-04 5.112063139677047729e-02 1.656497624935582280e-04 1.577168121002614498e-03 1.544604543596506119e-03 1.324842305621132255e-04 6.186910346150398254e-02 6.558404129464179277e-05 1.103415386751294136e-03 2.067846478894352913e-03
9.500000000000000000e+03 2.625496999826282263e-04 3.974436596035957336e-02 2.248218079330399632e-04 3.322867443785071373e-03 1.677651423960924149e-03 2.084262087009847164e-04 4.743196442723274231e-02 2.996590337716042995e-04 4.357554949820041656e-03 2.126062754541635513e-03
1.000000000000000000e+04 4.172653134446591139e-04 3.089004941284656525e-02 2.708093670662492514e-04 3.385090734809637070e-03 2.073294483125209808e-03 3.320311079733073711e-04 3.456348180770874023e-02 3.803684667218476534e-04 5.629063118249177933e-03 2.405966864898800850e-03
1.050000000000000000e+04 3.762654669117182493e-04 2.052911370992660522e-02 5.644845659844577312e-04 3.808710258454084396e-03 2.769243437796831131e-03 2.844014670699834824e-04 2.406923100352287292e-02 3.357819223310798407e-04 3.951468504965305328e-03 2.639651065692305565e-03
1.100000000000000000e+04 3.799504193011671305e-04 1.022853143513202667e-02 6.571077392436563969e-04 3.017063951119780540e-03 3.499923506751656532e-03 3.155310987494885921e-04 1.244734693318605423e-02 4.322745953686535358e-04 2.706982893869280815e-03 3.052346175536513329e-03
1.150000000000000000e+04 8.135322132147848606e-04 4.284811206161975861e-03 4.666225577238947153e-04 1.674239756539463997e-03 3.688726108521223068e-03 7.082908996380865574e-04 3.752775723114609718e-03 4.119461518712341785e-04 3.542847698554396629e-03 3.553932998329401016e-03
1.200000000000000000e+04 6.852210499346256256e-04 2.019820734858512878e-03 2.647982910275459290e-04 1.038489863276481628e-03 3.629465354606509209e-03 5.861796671524643898e-04 1.636178931221365929e-03 2.867435396183282137e-04 1.953015802428126335e-03 3.476924728602170944e-03
1.250000000000000000e+04 4.598468076437711716e-04 1.226575812324881554e-03 1.478404738008975983e-04 7.793224067427217960e-04 3.379001980647444725e-03 4.115512128919363022e-04 6.897777202539145947e-04 2.673259295988827944e-04 7.093387539498507977e-04 3.579404670745134354e-03
1.300000000000000000e+04 3.959606983698904514e-04 8.468062733300030231e-04 9.726113785291090608e-05 3.797150275204330683e-04 3.001815872266888618e-03 3.273282491136342287e-04 4.487003316171467304e-04 1.800867321435362101e-04 3.547545638866722584e-04 3.152564400807023048e-03
1.350000000000000000e+04 3.129790420643985271e-04 6.837034597992897034e-04 9.318446245742961764e-05 1.676149549894034863e-04 2.871948294341564178e-03 2.173285029130056500e-04 4.332459939178079367e-04 1.132610850618220866e-04 2.616415731608867645e-04 2.612114185467362404e-03
1.400000000000000000e+04 2.757979964371770620e-04 5.627431673929095268e-04 7.960896618897095323e-05 1.192179333884268999e-04 2.483675256371498108e-03 1.667432079557329416e-04 3.904015175066888332e-04 9.322439291281625628e-05 1.634322979953140020e-04 2.226154087111353874e-03
1.450000000000000000e+04 2.761958166956901550e-04 5.516606615856289864e-04 6.119685713201761246e-05 1.457968901377171278e-04 2.510206773877143860e-03 1.392872945871204138e-04 3.816598618868738413e-04 8.075830555753782392e-05 1.451798889320343733e-04 1.880005467683076859e-03
1.500000000000000000e+04 2.443875418975949287e-04 4.918784252367913723e-04 4.541880480246618390e-05 1.110392622649669647e-04 2.281334251165390015e-03 1.074759566108696163e-04 3.732739714905619621e-04 6.371411291183903813e-05 1.365741336485370994e-04 1.661667367443442345e-03
1.550000000000000000e+04 2.246039803139865398e-04 4.192880878690630198e-04 4.095429540029726923e-05 6.984697392908856273e-05 1.816189731471240520e-03 9.893766400637105107e-05 2.740508061833679676e-04 2.424156264169141650e-05 1.042160802171565592e-04 1.427654991857707500e-03
1.600000000000000000e+04 2.019032544922083616e-04 3.769897739402949810e-04 3.336199370096437633e-05 4.524504402070306242e-05 1.629369100555777550e-03 7.257464312715455890e-05 2.678819582797586918e-04 1.875095586001407355e-05 6.997025047894567251e-05 1.243363600224256516e-03
1.650000000000000000e+04 1.760619343258440495e-04 3.597738395910710096e-04 2.711271190491970628e-05 2.807710552588105202e-05 1.657732529565691948e-03 5.156117549631744623e-05 3.982554480899125338e-04 1.541674282634630799e-05 3.369275873410515487e-05 1.127471216022968292e-03
1.700000000000000000e+04 1.438164472347125411e-04 3.247784625273197889e-04 3.008873136423062533e-05 1.661437818256672472e-05 1.518420758657157421e-03 3.881707743857987225e-05 3.761128173209726810e-04 1.906592478917445987e-05 3.581420969567261636e-05 9.826336754485964775e-04
1.750000000000000000e+04 1.029362319968640804e-04 2.866607683245092630e-04 3.444643880357034504e-05 1.211541894008405507e-05 1.214765710756182671e-03 2.216050052084028721e-05 3.455422702245414257e-04 4.657472527469508350e-05 4.371834074845537543e-05 8.507320890203118324e-04
1.800000000000000000e+04 7.759755681036040187e-05 2.564265159890055656e-04 4.121100937481969595e-05 1.081522623280761763e-05 1.079909969121217728e-03 1.524268554931040853e-05 3.060185699723660946e-04 5.867932486580684781e-05 4.037031612824648619e-05 7.170810131356120110e-04
1.850000000000000000e+04 7.871150592109188437e-05 2.086942840833216906e-04 4.365258428151719272e-05 1.079718094842974097e-05 1.170465839095413685e-03 1.406864430464338511e-05 2.118737611453980207e-04 7.584167906315997243e-05 2.678106466191820800e-05 5.824824911542236805e-04
1.900000000000000000e+04 6.903264875290915370e-05 1.968461438082158566e-04 3.785507578868418932e-05 1.097295989893609658e-05 1.064486219547688961e-03 1.061337388819083571e-05 2.123934245901182294e-04 7.567051943624392152e-05 2.096563730447087437e-05 4.813577688764780760e-04
1.950000000000000000e+04 5.015506758354604244e-05 1.710364304017275572e-04 5.067433085059747100e-05 1.059256010194076225e-05 7.034095469862222672e-04 5.651172614307142794e-06 2.221316244686022401e-04 5.966424578218720853e-05 2.227209552074782550e-05 4.151479224674403667e-04
2.000000000000000000e+04 3.439171632635407150e-05 1.487798290327191353e-04 3.808576730079948902e-05 7.837722478143405169e-06 6.288970471359789371e-04 4.218141384626505896e-06 1.774754491634666920e-04 6.832909275544807315e-05 1.983831498364452273e-05 3.418231208343058825e-04
2.050000000000000000e+04 2.795746513584163040e-05 1.633135107113048434e-04 2.665630927367601544e-05 6.220633167686173692e-06 7.793612894602119923e-04 4.835042091144714504e-06 1.831033878261223435e-04 5.256126314634457231e-05 1.903814518300350755e-05 2.703817444853484631e-04
2.100000000000000000e+04 2.080286685668397695e-05 1.383009512210264802e-04 1.786702159733977169e-05 8.547884135623462498e-06 6.987206870689988136e-04 3.856690454995259643e-06 1.564999402035027742e-04 4.232986248098313808e-05 1.531277484900783747e-05 2.102886210195720196e-04
2.150000000000000000e+04 1.406336014042608440e-05 1.298877905355766416e-04 9.290283742302563041e-06 7.074244422256015241e-06 5.781612708233296871e-04 3.328523916934500448e-06 1.125252165365964174e-04 1.751070340105798095e-05 1.916138353408314288e-05 1.707568590063601732e-04
2.200000000000000000e+04 1.220230387843912467e-05 1.098995562642812729e-04 1.014716144709382206e-05 6.374539225362241268e-06 5.342788062989711761e-04 2.962337930512148887e-06 9.657487680669873953e-05 1.808594061003532261e-05 1.666864955041091889e-05 1.350175880361348391e-04
2.250000000000000000e+04 1.262034038518322632e-05 7.839032332412898540e-05 1.375887768517713994e-05 5.007097570342011750e-06 3.779089893214404583e-04 2.647465407790150493e-06 1.132849720306694508e-04 1.651110505918040872e-05 1.621951196284499019e-05 1.110935845645144582e-04
2.300000000000000000e+04 1.090311707230284810e-05 6.662967643933370709e-05 1.057309054885990918e-05 3.910410669050179422e-06 3.461296146269887686e-04 2.371020400460110977e-06 9.802540444070473313e-05 1.967370008060242981e-05 1.414679991285083815e-05 8.801924559520557523e-05
2.350000000000000000e+04 8.624464499007444829e-06 6.163106445455923676e-05 9.143461284111253917e-06 4.060884748469106853e-06 4.259666602592915297e-04 2.170948164348374121e-06 6.620799831580370665e-05 1.506931857875315472e-05 7.145924882934195921e-06 6.470032531069591641e-05
2.400000000000000000e+04 8.214418812713120133e-06 5.114573650644160807e-05 8.810077815724071115e-06 3.173055802108137868e-06 3.802230930887162685e-04 2.117595613526646048e-06 5.925791265326552093e-05 1.402921679982682690e-05 1.043951579049462453e-05 4.719760909210890532e-05
2.450000000000000000e+04 1.025971869239583611e-05 5.125369352754205465e-05 1.755859739205334336e-05 4.796363100467715412e-06 3.075595886912196875e-04 1.703179918877140153e-06 7.308562635444104671e-05 1.359636371489614248e-05 1.047641853801906109e-05 3.937532164854928851e-05
2.500000000000000000e+04 9.335202776128426194e-06 4.395113865029998124e-05 1.341204006166663021e-05 3.734417987288907170e-06 2.792044833768159151e-04 1.693732428975636140e-06 6.879288412164896727e-05 1.137856543209636584e-05 9.670526196714490652e-06 3.249232031521387398e-05
2.550000000000000000e+04 8.887451258487999439e-06 3.215023025404661894e-05 1.875822272268123925e-05 3.929198101104702801e-06 2.526014868635684252e-04 1.373576765217876527e-06 5.490289186127483845e-05 2.201977986260317266e-05 5.074809905636357144e-06 2.627537287480663508e-05
2.600000000000000000e+04 9.032283742271829396e-06 2.625624802021775395e-05 1.590178908372763544e-05 3.107465317953028716e-06 2.395653573330491781e-04 1.277546971323317848e-06 4.207231904729269445e-05 2.012715049204416573e-05 3.508450390654616058e-06 2.251891601190436631e-05
2.650000000000000000e+04 6.748950454493751749e-06 3.715000275406055152e-05 9.426041287952102721e-06 2.183008291467558593e-06 3.229399153497070074e-04 1.122371486417250708e-06 2.604216024337802082e-05 2.938423131126910448e-05 3.975274466938572004e-06 2.423359001113567501e-05
2.700000000000000000e+04 8.284930117952171713e-06 3.427009141887538135e-05 8.471590263070538640e-06 2.559474978625075892e-06 2.973578812088817358e-04 1.011332869893522002e-06 2.285026675963308662e-05 2.756867797870654613e-05 5.605509159067878500e-06 2.422835677862167358e-05
2.750000000000000000e+04 7.232203643070533872e-06 1.890184830699581653e-05 6.254599611565936357e-06 3.860130163957364857e-06 1.838272291934117675e-04 1.295478341489797458e-06 2.089073132083285600e-05 1.090018122340552509e-05 4.802125658898148686e-06 1.764225999068003148e-05
2.800000000000000000e+04 7.591804660478373989e-06 1.655271989875473082e-05 4.970820555172394961e-06 3.875953098031459376e-06 1.750448573147878051e-04 1.048553713189903647e-06 2.707113708311226219e-05 1.036863068293314427e-05 6.940678304090397432e-06 1.536070158181246370e-05
2.850000000000000000e+04 1.371963480778504163e-05 1.857987263065297157e-05 6.437881438614567742e-06 2.609418061183532700e-06 2.728250110521912575e-04 7.728554010100197047e-07 2.431752363918349147e-05 9.877436241367831826e-06 1.518237695563584566e-05 1.374783278151880950e-05
2.900000000000000000e+04 1.423405319656012580e-05 1.743587927194312215e-05 5.519728802028112113e-06 2.187181053159292787e-06 2.657938748598098755e-04 7.459851758540025912e-07 2.257521373394411057e-05 8.775997230259235948e-06 1.431240161764435470e-05 1.257927851838758215e-05
2.950000000000000000e+04 1.426087237632600591e-05 1.798825542209669948e-05 4.695893494499614462e-06 2.763047859843936749e-06 1.603949349373579025e-04 6.246654606911761221e-07 3.338407623232342303e-05 1.958924076461698860e-05 5.289633463689824566e-06 1.372727547277463600e-05
3.000000000000000000e+04 1.661669375607743859e-05 1.746893030940555036e-05 3.276394181739306077e-06 2.417484211036935449e-06 1.507768902229145169e-04 5.160036380402743816e-07 4.180293035460636020e-05 1.759088627295568585e-05 5.548396984522696584e-06 1.359250654786592349e-05
3.050000000000000000e+04 1.698054074950050563e-05 1.526937012386042625e-05 3.469401008260319941e-06 1.433001671102829278e-06 1.797426957637071609e-04 5.788070893686381169e-07 2.437032162561081350e-05 1.077192791854031384e-05 9.752136975293979049e-06 1.092130787583300844e-05
3.100000000000000000e+04 1.642133247514721006e-05 1.493997115176171064e-05 2.822890337483840995e-06 1.105106434806657489e-06 1.765275956131517887e-04 5.316342139849439263e-07 2.191308885812759399e-05 9.130902071774471551e-06 1.522843103884952143e-05 9.964704986487049609e-06
3.150000000000000000e+04 1.365480329695856199e-05 9.468923053645994514e-06 9.106067295761022251e-07 7.448673500221048016e-07 1.246519095730036497e-04 4.835262643609894440e-07 1.876363785413559526e-05 5.310841061145765707e-06 1.028741371555952355e-05 9.759457498148549348e-06
3.200000000000000000e+04 1.394738137605600059e-05 9.170688826998230070e-06 6.546257509398856200e-07 6.134112027211813256e-07 1.219840632984414697e-04 4.552440202587604290e-07 1.825149047363083810e-05 5.144696842762641609e-06 1.206530487252166495e-05 9.283492545364424586e-06
3.250000000000000000e+04 2.019059138547163457e-05 1.109197728510480374e-05 1.521294507256243378e-06 1.330150780631811358e-06 9.041793964570388198e-05 4.828566488868091255e-07 3.665345138870179653e-05 5.790355771750910208e-06 8.863759148880490102e-07 8.601367881055921316e-06
3.300000000000000000e+04 1.974305087060201913e-05 1.086757492885226384e-05 1.264842126147414092e-06 9.851024742602021433e-07 8.887019066605716944e-05 3.976840616815024987e-07 3.843068770947866142e-05 4.748918854602379724e-06 8.946527714215335436e-07 8.295517545775510371e-06
3.350000000000000000e+04 1.837304444052278996e-05 1.524425169918686152e-05 1.743959501254721545e-06 4.086274429937475361e-07 1.449054834665730596e-04 4.271245757081487682e-07 2.748684892139863223e-05 3.575874643502174877e-06 2.626030891406117007e-06 9.370100087835453451e-06
3.400000000000000000e+04 1.998843981709796935e-05 1.462499585613841191e-05 1.439331072106142528e-06 4.416854437749861972e-07 1.382135378662496805e-04 4.113095997126947623e-07 2.589986434031743556e-05 3.487489721010206267e-06 4.002493369625881314e-06 9.415366548637393862e-06
3.450000000000000000e+04 2.552051955717615783e-05 1.497695120633579791e-05 1.345042733191803563e-06 5.932045041845412925e-07 1.213516661664471030e-04 4.221240317292540567e-07 5.074044020147994161e-05 1.273267912438313942e-06 3.680690042529022321e-06 9.665932338975835592e-06
3.500000000000000000e+04 2.664045496203470975e-05 1.428892210242338479e-05 7.413427169922215398e-07 6.277940656218561344e-07 1.172235351987183094e-04 4.181055146545986645e-07 5.627668724628165364e-05 1.029983991429617163e-06 3.686857780849095434e-06 9.243268323189113289e-06
3.550000000000000000e+04 3.030069092346820980e-05 1.388514465361367911e-05 1.010028881864855066e-06 5.103453304400318302e-07 1.378090528305619955e-04 3.528381000705849146e-07 4.069411806995049119e-05 4.815854481421411037e-06 3.795481097768060863e-05 1.055704706232063472e-05
3.600000000000000000e+04 3.004722930199932307e-05 1.382283153361640871e-05 1.026817358251719270e-06 3.229033609386533499e-07 1.352393301203846931e-04 3.902338505668012658e-07 3.656331682577729225e-05 5.658708687406033278e-06 4.664818334276787937e-05 1.064317257259972394e-05
3.650000000000000000e+04 2.821354428306221962e-05 1.558378971822094172e-05 5.742604116676375270e-07 3.733960909357847413e-07 1.738923601806163788e-04 4.430043247793946648e-07 1.777926445356570184e-05 2.146824272131198086e-06 3.501330638755462132e-07 1.183880067401332781e-05
3.700000000000000000e+04 2.957967808470129967e-05 1.720732871035579592e-05 6.070644076316966675e-07 4.254297323313949164e-07 1.675901003181934357e-04 4.197617329282365972e-07 1.679798515397123992e-05 2.300300820934353396e-06 3.417906384584057378e-07 1.240492019860539585e-05
3.750000000000000000e+04 3.047651625820435584e-05 2.150272121070884168e-05 2.876360554182610940e-07 2.755365812845411710e-06 1.840394106693565845e-04 4.120415439956559567e-07 3.330362233100458980e-05 1.066241452463145833e-06 1.162095941253937781e-05 8.486449587508104742e-06
3.800000000000000000e+04 3.275236667832359672e-05 1.769011032592970878e-05 2.701957271256105741e-07 2.167248339901561849e-06 1.813466369640082121e-04 4.201736771847208729e-07 6.075003329897299409e-05 1.237093783856835216e-06 2.790772668959107250e-06 7.655517947569023818e-06
3.850000000000000000e+04 3.395532621652819216e-05 1.382914524583611637e-05 9.077656955014390405e-07 4.762956393733475124e-07 1.495092874392867088e-04 4.193074119029915892e-07 3.195566387148573995e-05 1.023548634293547366e-06 8.677048981553525664e-07 6.398220193659653887e-06
3.900000000000000000e+04 3.234614632674492896e-05 1.350497495877789333e-05 7.177958991633204278e-07 3.202613356734218542e-07 1.488060661358758807e-04 4.477158199733821675e-07 3.188784467056393623e-05 1.435001877325703390e-06 9.576259571986156516e-07 5.836946456838632002e-06
3.950000000000000000e+04 3.284941340098157525e-05 1.510863603471079841e-05 4.764146694924420444e-07 1.137333583756117150e-06 1.242895959876477718e-04 4.633356525118870195e-07 4.838648601435124874e-05 2.129600488842697814e-06 1.772409859768231399e-06 6.475057944044237956e-06
4.000000000000000000e+04 3.230156289646402001e-05 1.448458988306811079e-05 4.384712894989206688e-07 1.120625597650359850e-06 1.232951472047716379e-04 5.260718012323195580e-07 4.684865052695386112e-05 3.552727548594702967e-06 1.440766027371864766e-06 6.552759714395506307e-06
4.050000000000000000e+04 2.784245225484482944e-05 1.739562685543205589e-05 8.359640446542471182e-07 6.333891064969066065e-07 2.191177190979942679e-04 6.026041887707833666e-07 2.282209607074037194e-05 3.806563029229437234e-07 2.812660568451974541e-06 6.615770871576387435e-06
4.100000000000000000e+04 2.902856431319378316e-05 1.723153582133818418e-05 6.761479198758024722e-07 4.420332402332860511e-07 2.151997905457392335e-04 6.388969495674245991e-07 2.386933010711800307e-05 3.239666739318636246e-07 1.761885641826665960e-06 6.716739790135761723e-06
4.150000000000000000e+04 2.006503200391307473e-05 1.358795270789414644e-05 6.473154599007102661e-07 9.109660936701402534e-07 1.276416733162477612e-04 7.582785315207729582e-07 2.679695899132639170e-05 3.599622857564099832e-07 4.182389830020838417e-07 5.127410531713394448e-06
4.200000000000000000e+04 1.836814954003784806e-05 1.317528585786931217e-05 6.312936875474406406e-07 4.963782771483238321e-07 1.282729790546000004e-04 7.752620945211674552e-07 2.578881139925215393e-05 4.040399801397143165e-07 8.145474339471547864e-07 4.661482307710684836e-06
4.250000000000000000e+04 2.912796117016114295e-05 1.225707910634810105e-05 4.075785398072184762e-07 8.935608519777815673e-08 1.344947959296405315e-04 7.834378266124986112e-07 2.476002919138409197e-05 3.722581823240034282e-06 2.049494582934130449e-07 4.523748430074192584e-06
4.300000000000000000e+04 2.951440183096565306e-05 1.174949647975154221e-05 4.374423667741211830e-07 8.769121251361866598e-08 1.322543976129963994e-04 7.883110697548545431e-07 2.692740417842287570e-05 6.451967692555626854e-06 1.299680860711305286e-07 4.556908152153482661e-06
