# step, loss_train, loss_test, metrics_test
0.000000000000000000e+00 2.216399274766445160e-02 5.722318217158317566e-02 4.712477698922157288e-02 6.771403830498456955e-03 1.426345948129892349e-02 2.239377237856388092e-02 6.425123661756515503e-02 8.482461795210838318e-03 5.137078464031219482e-03 1.508238818496465683e-02
5.000000000000000000e+02 5.653132393490523100e-05 1.443089218810200691e-03 3.609618488553678617e-06 1.875152702268678695e-05 3.504503110889345407e-04 3.210211161785991862e-06 2.331927185878157616e-03 3.340895545989042148e-06 3.001145887537859380e-05 1.949503784999251366e-04
1.000000000000000000e+03 3.138008833047933877e-05 5.830229201819747686e-05 1.023469280880817678e-06 1.611119387234793976e-06 2.508679172024130821e-04 3.571703643956425367e-08 6.842501898063346744e-05 1.015047246255562641e-06 5.518398893400444649e-07 1.374239855067571625e-05
1.500000000000000000e+03 1.897701622510794550e-05 1.259369018953293562e-04 9.194671292789280415e-06 4.725257895188406110e-06 2.594688558019697666e-04 1.156596329821013569e-08 1.233483781106770039e-04 7.132282462407601997e-06 7.423635111081239302e-07 1.050113132805563509e-05
2.000000000000000000e+03 4.396992153488099575e-05 5.488645183504559100e-05 4.757988278925040504e-07 1.046713009600352962e-06 1.440884516341611743e-04 6.743768921069204225e-08 6.106184446252882481e-05 2.828323033554624999e-07 5.942656002844159957e-07 5.455569407786242664e-06
2.500000000000000000e+03 4.751383312395773828e-05 2.242861955892294645e-04 5.213584017838002183e-07 4.532473667495651171e-07 1.652915234444662929e-04 1.156081985698165226e-08 2.447290753480046988e-04 4.421933965659263777e-07 5.773489419880206697e-07 8.396086741413455456e-06
3.000000000000000000e+03 4.461191565496847034e-05 7.423788774758577347e-04 8.373546734219416976e-06 2.358391157031292096e-06 1.974027109099552035e-04 2.582740954437667824e-08 1.162655069492757320e-03 4.245779564371332526e-06 1.675757971497660037e-06 2.346639848838094622e-05
3.500000000000000000e+03 3.529411333147436380e-05 3.886445483658462763e-05 5.024272468290291727e-06 2.060744191112462431e-05 2.929100883193314075e-04 1.886611311618935360e-09 4.389204332255758345e-05 1.516326165074133314e-06 7.778368171784677543e-07 6.768400453438516706e-06
4.000000000000000000e+03 3.853525777230970562e-05 1.046661200234666467e-04 5.369303153202054091e-07 5.447977855510544032e-07 1.077735432772897184e-04 5.274169012636775733e-08 1.791324757505208254e-04 2.169495019188616425e-07 3.744611092315608403e-07 1.148358205682598054e-05
4.500000000000000000e+03 5.456988219521008432e-05 1.286611804971471429e-04 3.723165491464897059e-06 9.893816240946762264e-06 6.415102980099618435e-04 1.143052852370374239e-08 6.383706204360350966e-05 1.842961410147836432e-06 4.108407665626145899e-06 4.295421240385621786e-05
5.000000000000000000e+03 4.124928454984910786e-05 1.970583107322454453e-04 7.410892521875211969e-06 2.187028030675719492e-06 4.172100161667913198e-04 1.230260693318996346e-08 3.663285751827061176e-04 3.150444740640523378e-07 1.773874487298598979e-07 9.656101610744372010e-06
5.500000000000000000e+03 7.947037374833598733e-06 1.163303022622130811e-05 7.240430477395420894e-07 4.408581943948775006e-08 7.571381866000592709e-05 6.610082259328464716e-09 3.430938522797077894e-05 3.152432981323727290e-08 1.145455925666283292e-07 1.749041189214040060e-06
6.000000000000000000e+03 1.289418560190824792e-05 4.253532461007125676e-05 5.197440486881532706e-07 3.514949753480323125e-07 8.668532973388209939e-05 4.659183261424004741e-09 7.179543172242119908e-05 1.653784131860902562e-08 9.385625787672324805e-08 8.539522241335362196e-06
6.500000000000000000e+03 8.658255865157116205e-06 1.222190167027292773e-05 8.417568864160784869e-08 4.684325460857508006e-08 1.718546445772517473e-05 6.568820154484455998e-09 1.870237792900297791e-05 9.135519007941184100e-09 1.110143799110119289e-07 8.815272849460598081e-06
7.000000000000000000e+03 4.548447122942889109e-06 6.969505193410441279e-05 4.573446332756248012e-08 1.303705232658103341e-08 1.489061469328589737e-05 1.919663539240445971e-09 6.753023626515641809e-05 4.968622846490688971e-09 3.146604399262287188e-08 2.291559758305083960e-05
7.500000000000000000e+03 4.011801138403825462e-06 4.547640855889767408e-06 2.973921766624698648e-07 1.627910137358412612e-06 1.540358789497986436e-05 3.681708049541043692e-09 1.016775968309957534e-05 5.405333070029882947e-08 1.531641657948057400e-07 9.879759090836159885e-07
8.000000000000000000e+03 1.588529016771644820e-06 1.758268922458228189e-06 7.188215533915354172e-08 6.224892956652183784e-08 6.114848019933560863e-06 3.452142349757991724e-09 3.128674279651022516e-06 4.267966247084586939e-08 1.640730218355201941e-08 7.288051051546062808e-07
8.500000000000000000e+03 3.988904692664441143e-11 5.824022740125656128e-02 7.798773293821170682e-10 8.845316701311389807e-10 1.725417934358119965e-02 3.350763763676489759e-11 6.986060738563537598e-02 8.989281541360583105e-12 2.600212822834180315e-10 1.778332330286502838e-02
9.000000000000000000e+03 7.205794663213416218e-13 6.398702412843704224e-02 1.134696295257420218e-10 9.097562113369317416e-12 7.406451273709535599e-03 6.646843991008066777e-13 7.808227092027664185e-02 1.057143088345480209e-11 7.680957107326913391e-14 8.121750317513942719e-03
9.500000000000000000e+03 7.458457679590524414e-13 6.198553368449211121e-02 4.635412539921723862e-11 9.828040291315343069e-12 7.771132048219442368e-03 6.772489470271980672e-13 7.761155813932418823e-02 1.065639677194640811e-11 7.960640610246705329e-14 8.477826602756977081e-03
1.000000000000000000e+04 7.842590509302138635e-13 6.198554486036300659e-02 4.454062466074937277e-11 1.010019411856744043e-11 7.771096657961606979e-03 7.166167615910157274e-13 7.761158794164657593e-02 1.084294026093557406e-11 9.005469303212040866e-14 8.477793075144290924e-03
1.050000000000000000e+04 8.365396049481166330e-13 6.389197707176208496e-02 7.498576759523700730e-10 1.715314175421145393e-11 7.679719012230634689e-03 7.786831075773381627e-13 7.772766798734664917e-02 1.112350316023746899e-11 1.092475312687926636e-13 8.388550020754337311e-03
1.100000000000000000e+04 9.136642180676557423e-13 6.389199942350387573e-02 6.953366771256241918e-10 1.796508775075977837e-11 7.679659407585859299e-03 8.561726089380272686e-13 7.772770524024963379e-02 1.148214683055481800e-11 1.370078367163990452e-13 8.388491347432136536e-03
1.150000000000000000e+04 9.259124500102244859e-13 7.753764092922210693e-02 1.467348291483983047e-11 4.215141256869170405e-12 9.801013395190238953e-03 8.689779039568190644e-13 7.531306147575378418e-02 1.167045453331905236e-11 1.389014635732807590e-13 1.046312786638736725e-02
1.200000000000000000e+04 1.088842449363525144e-12 7.753766328096389771e-02 1.584723498260220964e-11 4.629222786350917218e-12 9.800973348319530487e-03 1.034266747766687811e-12 7.531309872865676880e-02 1.245682810374626470e-11 2.094683882727585433e-13 1.046308781951665878e-02
1.250000000000000000e+04 1.285036421889984570e-12 8.078589290380477905e-02 1.695492184150548809e-11 5.806673284564078941e-12 1.018647290766239166e-02 1.237153066623031261e-12 7.492903620004653931e-02 1.345972899108316412e-11 3.118951765693905864e-13 1.084066275507211685e-02
1.300000000000000000e+04 1.605458604600484840e-12 8.078589290380477905e-02 1.958000601931519924e-11 6.660944365521892507e-12 1.018643379211425781e-02 1.562979780322937273e-12 7.492902874946594238e-02 1.505339602969613111e-11 5.061554474161678030e-13 1.084062457084655762e-02
1.350000000000000000e+04 2.143821361752507038e-12 7.565857470035552979e-02 2.613069309542748186e-11 3.838364522057435835e-12 1.002757437527179718e-02 2.062303236169404919e-12 7.508537918329238892e-02 1.752995318349270804e-11 8.513480719007926467e-13 1.068501360714435577e-02
1.400000000000000000e+04 2.887458284625554761e-12 7.565857470035552979e-02 3.694573466606065892e-11 4.712150374758250493e-12 1.002751756459474564e-02 2.811865107074651426e-12 7.508537173271179199e-02 2.130472881445300004e-11 1.438658328752062676e-12 1.068495679646730423e-02
1.450000000000000000e+04 4.251343201089330393e-12 7.320492714643478394e-02 5.496967464546642645e-11 6.273959650415772415e-12 9.026029147207736969e-03 4.114009480304936517e-12 7.613177597522735596e-02 2.784866434679678093e-11 2.593281492324628346e-12 9.704560972750186920e-03
1.500000000000000000e+04 6.201270833644523250e-12 7.320488989353179932e-02 1.046669001469879845e-10 8.463764411548169164e-12 9.025929495692253113e-03 6.069934051916581197e-12 7.613167911767959595e-02 3.786952348927563605e-11 4.484214648908801948e-12 9.704465046525001526e-03
1.550000000000000000e+04 9.531535283269221281e-12 5.861480906605720520e-02 5.898191379749562202e-10 3.944411811063197604e-11 6.518455687910318375e-03 9.779283285937800940e-12 7.931774109601974487e-02 5.685600254490275063e-11 8.435925569205693364e-12 7.255627308040857315e-03
1.600000000000000000e+04 1.502357613314408979e-11 5.861465260386466980e-02 1.431710083821258195e-09 5.734721031380729528e-11 6.518414709717035294e-03 1.547882308439163523e-11 7.931746542453765869e-02 8.655042654792666212e-11 1.483662845358502125e-11 7.255585864186286926e-03
1.650000000000000000e+04 2.447547893524859575e-11 7.567339390516281128e-02 4.090181082716526362e-09 1.112281933224323893e-10 8.998319506645202637e-03 2.532868012550260062e-11 7.616101950407028198e-02 1.385259684738571195e-10 2.634183843275295089e-11 9.677436202764511108e-03
1.700000000000000000e+04 4.660713481818845594e-11 7.567303627729415894e-02 1.009800509876868091e-08 1.970430207887119423e-10 8.998107165098190308e-03 4.846203993658093623e-11 7.616042345762252808e-02 2.626662498617093888e-10 5.503366512504825891e-11 9.677221998572349548e-03
1.750000000000000000e+04 9.052737726111814709e-11 7.246723771095275879e-02 5.536131553185441589e-09 4.491152172381163155e-10 7.028887514024972916e-03 9.451528448778390157e-11 7.858742028474807739e-02 5.198889097002279414e-10 1.157257761841279375e-10 7.753312122076749802e-03
1.800000000000000000e+04 2.064611259733339921e-10 7.246648520231246948e-02 1.490770884515768557e-08 9.608223106027935501e-10 7.028379477560520172e-03 2.165625595518250179e-10 7.858575135469436646e-02 1.261354465320607687e-09 2.865010173547233308e-10 7.752813864499330521e-03
