# step, loss_train, loss_test, metrics_test
0.000000000000000000e+00 4.760514944791793823e-02 2.129938602447509766e-01 2.747789770364761353e-02 1.020578667521476746e-02 2.077468857169151306e-02 4.795150458812713623e-02 3.088381886482238770e-01 2.709092944860458374e-02 8.190796710550785065e-03 2.182077057659626007e-02
5.000000000000000000e+02 1.740930747473612428e-05 5.205940688028931618e-04 1.411769517289940268e-05 3.157535684294998646e-05 6.832176004536449909e-04 2.724214482441311702e-06 4.140622040722519159e-04 1.884587072709109634e-05 7.481345528503879905e-05 4.498361086007207632e-04
1.000000000000000000e+03 2.430815220577642322e-05 1.052275983965955675e-04 1.753641845425590873e-04 5.980143032502382994e-05 6.956348079256713390e-04 2.647155042723170482e-06 1.829566463129594922e-04 1.784838823368772864e-04 1.372041515423916280e-05 3.978705208282917738e-04
1.500000000000000000e+03 9.993972525990102440e-06 9.455133113078773022e-05 7.285789706656942144e-06 1.889730697257618885e-06 2.714653383009135723e-04 8.697820703673642129e-07 1.597389782546088099e-04 9.536538527754601091e-06 1.349226977254147641e-06 2.819891051331069320e-05
2.000000000000000000e+03 2.412526009720750153e-05 9.174626029562205076e-05 1.533970475975365844e-06 1.335574233962688595e-05 2.051239571301266551e-04 4.308848531309195096e-07 7.012276182649657130e-05 1.255276629308355041e-06 2.294086880283430219e-05 4.933231321047060192e-05
2.500000000000000000e+03 3.848715277854353189e-05 2.976383257191628218e-05 1.786626739885832649e-06 1.745210170156497043e-06 1.891825086204335093e-04 1.133018940890906379e-07 1.265864830202190205e-05 1.201465693156933412e-06 1.931188080561696552e-06 8.529053957317955792e-06
3.000000000000000000e+03 3.433650272199884057e-05 5.583692473010160029e-05 2.630404196679592133e-06 2.223769797637942247e-06 2.404303959337994456e-04 1.554123798541695578e-07 4.146524588577449322e-05 1.032194631989113986e-06 8.017009918148687575e-07 2.840977231244323775e-06
3.500000000000000000e+03 2.677060183486901224e-05 2.875789323297794908e-05 2.279804220961523242e-06 2.232003680546768010e-06 2.129150379914790392e-04 1.906936972773110028e-07 2.121668512700125575e-05 1.436101911167497747e-06 1.664382466515235137e-06 8.024438102438580245e-06
4.000000000000000000e+03 2.494216278137173504e-05 4.363958214526064694e-05 1.567683170833333861e-06 4.764572167914593592e-06 1.978186628548428416e-04 2.120433890695494483e-07 5.980626156087964773e-05 1.495411083851649892e-06 2.380384330535889603e-06 2.310297531948890537e-05
4.500000000000000000e+03 6.292902980931103230e-04 1.365274074487388134e-03 1.532724272692576051e-04 6.550042307935655117e-04 1.020726864226162434e-03 1.160381884801608976e-06 1.098171691410243511e-03 1.717413251753896475e-04 3.660341317299753428e-04 1.538776996312662959e-04
5.000000000000000000e+03 2.147100713045801967e-05 1.455410092603415251e-04 4.357896614237688482e-06 3.643458740043570288e-06 1.780597667675465345e-04 2.480177556662965799e-07 2.204033080488443375e-04 1.831042823141615372e-06 1.296910340897738934e-06 1.555513881612569094e-05
5.500000000000000000e+03 2.410589149803854525e-05 3.424038004595786333e-05 5.396736355578468647e-07 1.809930978424745263e-07 9.440695430384948850e-05 1.111666207975758880e-07 4.088707646587863564e-05 8.453907867078669369e-07 3.724312591657508165e-07 1.253968434866692405e-06
6.000000000000000000e+03 8.832174898998346180e-06 1.087930468202102929e-05 1.060554595255780441e-07 1.737744952379216556e-07 7.263304723892360926e-05 9.460306671371654375e-08 2.571403638285119087e-05 1.025190726977598388e-06 2.893703481277043466e-07 4.835368144995300099e-06
6.500000000000000000e+03 1.163930937764234841e-05 6.914894038345664740e-05 1.862774752225959674e-07 1.433048453236551723e-07 3.880836084135808051e-05 5.226460331186899566e-08 7.489603012800216675e-05 2.230177926776377717e-07 9.981489768051687861e-08 7.274779818544629961e-06
7.000000000000000000e+03 7.686473509238567203e-06 5.739645985158858821e-06 1.414984183156775543e-07 2.422753020425716386e-08 2.034726639976724982e-05 6.523314510786804021e-08 1.912362677103374153e-05 9.525179933689287282e-08 6.546338227053638548e-08 2.054201559076318517e-06
7.500000000000000000e+03 1.010614323604386300e-05 1.189859722217079252e-05 7.110863720072302385e-08 2.726472914105215750e-08 4.179757524980232120e-05 1.087471304117570980e-07 1.826504922064486891e-05 8.067650014709215611e-08 4.624934746289000032e-08 1.671714358053577598e-06
8.000000000000000000e+03 3.061821416849852540e-06 9.726156349643133581e-06 7.865737927659210982e-08 1.983221409318502992e-07 1.138065817940514535e-05 4.784238427646414493e-08 5.737462743127252907e-06 1.090780372692279343e-07 4.494030036994445254e-08 1.238506001755013131e-06
8.500000000000000000e+03 2.270163531647995114e-05 8.963456821220461279e-06 1.384284473715524655e-07 5.624513121915697411e-08 1.125494381994940341e-04 4.261265473815001315e-08 2.282527857460081577e-04 1.837203456034330884e-07 1.088630057211048552e-07 7.073321057760040276e-07
9.000000000000000000e+03 1.358988720312481746e-05 9.304794730269350111e-06 1.075179127951741975e-07 4.906596373643878906e-08 9.000697173178195953e-05 1.832833262938038388e-08 3.201488871127367020e-04 7.889083519785344834e-08 5.049174589544236369e-08 6.963313694541284349e-07
9.500000000000000000e+03 1.678144144534599036e-05 2.123083977494388819e-04 2.126393155776895583e-06 9.440265671400993597e-07 5.643828772008419037e-04 6.064640345471161709e-09 9.333016350865364075e-05 3.294662747066468000e-07 9.309366646448324900e-07 5.156868137419223785e-04
1.000000000000000000e+04 1.473713746236171573e-05 1.131435328716179356e-05 2.460368193624162814e-07 3.694931365316733718e-07 1.047896075760945678e-04 3.047699692615424283e-08 1.495187734690262005e-05 1.455924376614348148e-07 4.649350557883735746e-07 3.647169705800479278e-06
1.050000000000000000e+04 1.087202781491214409e-05 1.467080164729850367e-05 5.222159416007343680e-07 1.770312962889875052e-07 1.250333734788000584e-04 4.788878271710927947e-08 2.609885814308654517e-05 8.746773261236739927e-08 1.676851866250217427e-07 3.366879582245019265e-06
1.100000000000000000e+04 8.052310477069113404e-06 2.434907582937739789e-05 1.304597816442765179e-07 2.831884842180443229e-07 8.561027061659842730e-05 5.489228271926549496e-08 3.188808477716520429e-05 5.246226209010274033e-08 1.263592821487691253e-07 4.445188551471801475e-06
1.150000000000000000e+04 2.759854396572336555e-06 3.015739366674097255e-06 2.495886164410876518e-08 1.520773373897554848e-08 1.630303813726641238e-05 4.136460063364211237e-08 8.149085260811261833e-06 7.342447982949806828e-09 5.365876987184492464e-08 1.243827682628761977e-06
1.200000000000000000e+04 2.256380184917361476e-06 3.802500032179523259e-06 1.884651545935867034e-08 9.591062166691699531e-09 1.054994481819448993e-05 1.452637565790837471e-08 7.048650331853423268e-06 2.394197196053937660e-08 6.300924582092193305e-08 9.368199584969261196e-07
1.250000000000000000e+04 7.221355190267786384e-06 9.861311809800099581e-06 1.730330723148654215e-08 2.446741653727713128e-08 4.232515129842795432e-05 1.370770519315556157e-08 7.970604201545938849e-06 2.004067667371600692e-08 3.633843093098221289e-08 1.771082679624669254e-05
1.300000000000000000e+04 4.307532435632310808e-06 1.230686211783904582e-05 2.919395925005119352e-08 1.934288818006280053e-08 2.378138560743536800e-05 2.047861080711754767e-08 2.030564974120352417e-05 4.803866815450419381e-08 3.312624841100841877e-08 4.489040293265134096e-05
1.350000000000000000e+04 1.245842122443718836e-05 9.152855454885866493e-06 1.244605130068521248e-07 4.287450749984600407e-08 6.911445962032303214e-05 5.264364943968757871e-09 1.834195791161619127e-05 2.147705835398028285e-08 1.323442830880594556e-07 6.391588271981163416e-07
1.400000000000000000e+04 8.956639248935971409e-06 7.723915587121155113e-06 5.036839922922808910e-08 4.407657527849551116e-08 4.691616413765586913e-05 2.513752050958828477e-08 1.670845813350751996e-05 8.226127334864941076e-08 1.635806512467752327e-07 1.055153461493318900e-06
1.450000000000000000e+04 1.485778921050950885e-05 5.209594019106589258e-05 1.660872754882802838e-07 7.043361449632357107e-08 1.242071593878790736e-04 7.780801070111920126e-08 9.773733472684398293e-05 3.394752070562390145e-07 6.859154666472022654e-08 4.355408236733637750e-06
1.500000000000000000e+04 9.264966138289310038e-06 9.778024832485243678e-05 1.666031579361515469e-07 6.701276333842542954e-07 1.208060493809171021e-04 4.796570607368266792e-08 6.697008211631327868e-05 4.299218687719985610e-07 1.944770389172845171e-08 1.811558468034490943e-05
1.550000000000000000e+04 2.354298885620664805e-06 5.832879651279654354e-06 2.145640820572225493e-07 1.390966630765433365e-08 3.123741771560162306e-05 1.265625471091880172e-08 1.430243355571292341e-05 4.184396473760898516e-08 3.644841539696130894e-09 1.496586537541588768e-05
1.600000000000000000e+04 7.309056854865048081e-06 4.909042036160826683e-04 2.272872023922900553e-07 4.832536433241330087e-06 1.954844628926366568e-04 1.364240009849027047e-08 4.388289235066622496e-04 1.337804036438683397e-07 8.688539310242049396e-08 1.850886037573218346e-04
1.650000000000000000e+04 4.165874997852370143e-06 5.635462002828717232e-06 3.336399245768006949e-08 1.528347937096441456e-08 7.887389074312523007e-06 1.216645628687729186e-08 1.503255771240219474e-05 2.015389410914281143e-09 8.249134708648853120e-09 1.472921576350927353e-05
1.700000000000000000e+04 2.228562379968934692e-06 6.815876986365765333e-05 6.473309355214951211e-08 5.256650297269516159e-07 1.721247826935723424e-05 1.016095740880018639e-08 9.556994336890056729e-05 1.189252873956547774e-08 6.985877831766629242e-08 2.077406134048942477e-05
1.750000000000000000e+04 1.085043459170265123e-05 2.444463643769267946e-05 1.341191335768598947e-07 8.683317673785495572e-07 4.082319355802610517e-05 1.336439670041045247e-08 2.531099016778171062e-05 4.548515448732359800e-07 4.943505587107210886e-07 3.857270257867639884e-06
1.800000000000000000e+04 1.373133386550762225e-06 1.337251615041168407e-05 6.401900343178112962e-09 1.847473107829955552e-08 9.155413863481953740e-06 1.047581221769178228e-08 7.026537332421867177e-06 6.524865092671916500e-09 1.893108958483935567e-08 4.542035640042740852e-06
1.850000000000000000e+04 3.582041608751751482e-05 7.738488784525543451e-05 5.265638378659787122e-07 2.051789351753541268e-06 1.780004240572452545e-04 3.625227895653893029e-09 1.031362335197627544e-04 5.928466251248210028e-08 5.308939421411196236e-07 6.112159462645649910e-05
1.900000000000000000e+04 7.287185894711001310e-07 7.680267117393668741e-06 3.061722253505649860e-08 4.048834867376172042e-08 5.145363047631690279e-06 6.777210792563437280e-09 5.361283547244966030e-05 4.338324899322287820e-08 8.571296561399321945e-09 1.173004347947426140e-04
1.950000000000000000e+04 4.024980171379866078e-06 1.517957571195438504e-05 6.200058066951896762e-08 1.928373052351162187e-07 2.089686677209101617e-05 7.286424796859591879e-09 1.629360667720902711e-05 4.611607806737083592e-08 1.263291551367728971e-07 4.571599674818571657e-06
2.000000000000000000e+04 5.480192157847341150e-07 7.013253707555122674e-06 5.590768292762504643e-09 1.887127254462939163e-08 8.187853381969034672e-06 1.525590986872771282e-09 1.491112925577908754e-05 4.637215500480351693e-09 4.626775762517354451e-08 2.900225808843970299e-06
2.050000000000000000e+04 1.307235925196437165e-05 5.922374384681461379e-06 2.232549789482618507e-08 4.012454724033887032e-08 6.791843770770356059e-05 4.429966171670685071e-09 2.025058711296878755e-05 3.234299228438430873e-08 7.842004379199352115e-08 7.947021458676317707e-07
2.100000000000000000e+04 4.025439011456910521e-06 5.619666262646205723e-05 1.490490042499459378e-08 1.554064255060438882e-08 2.991773362737149000e-05 7.764283660449677882e-10 6.964873318793252110e-05 1.836917462583187444e-08 2.631597517677164433e-08 2.758574510153266601e-06
2.150000000000000000e+04 2.618795406306162477e-06 1.532694295747205615e-05 5.888602316872493248e-08 2.367716867013314186e-08 8.814618922770023346e-05 2.894769757233461860e-09 2.516582571843173355e-05 1.577597004143171944e-07 4.336369556767749600e-07 7.034499958535889164e-06
2.200000000000000000e+04 2.140040851372759789e-05 1.635909211472608149e-05 1.742412791827518959e-07 2.883031982037209673e-07 2.390971058048307896e-04 5.456307405893312534e-09 3.839065539068542421e-05 5.976344397140564979e-08 1.786759071364940610e-06 5.285087354423012584e-06
2.250000000000000000e+04 9.128548299486283213e-06 5.099805093777831644e-06 5.370853273234388325e-08 1.448175765972337103e-07 8.365509711438789964e-05 3.886196253688467550e-09 6.205513727763900533e-06 3.075084009651618544e-08 2.621247858769493178e-07 1.155362315330421552e-05
2.300000000000000000e+04 3.308573695903760381e-06 4.675990112446015701e-06 2.370797247408518160e-08 1.509592095771949971e-07 7.162866677390411496e-05 1.130364468693301205e-09 6.174274403747403994e-06 1.105713636206928641e-07 1.518876402428759320e-08 2.250424222438596189e-05
2.350000000000000000e+04 1.451723278478311840e-06 1.627188225938880350e-06 2.414845567955126171e-08 8.100188075843561819e-09 4.255555268173338845e-06 3.046443097787232546e-09 3.830029527307488024e-06 6.555758886861440260e-07 2.153086597900255583e-07 3.746451511688064784e-06
2.400000000000000000e+04 5.556502173931221478e-07 8.034544407564681023e-07 7.623897957387271163e-09 1.049196995950296696e-08 1.743060693115694448e-06 1.825501527719097794e-09 3.769458317037788220e-06 6.322044896478473675e-07 3.242373054490599316e-07 4.611022632161621004e-06
2.450000000000000000e+04 2.877411361623671837e-06 7.190012638602638617e-06 3.316352703564007243e-08 1.710038333158081514e-07 2.873752964660525322e-05 5.554355864134663534e-10 1.645555130380671471e-05 1.616688116712339252e-08 4.848193313478077471e-08 1.529447945358697325e-05
2.500000000000000000e+04 9.495774065726436675e-06 8.331698336405679584e-05 8.007738472315395484e-08 5.669435765298658225e-08 1.938641435117460787e-05 7.477314878379104357e-10 1.027575490297749639e-04 2.577762359123880742e-08 1.124432742471981328e-07 7.441110938088968396e-05
2.550000000000000000e+04 4.138842690736055374e-03 3.898889124393463135e-01 4.990055458620190620e-04 8.780671123531647027e-06 1.108448132872581482e-01 1.120471111448750889e-07 3.431033790111541748e-01 1.113939069909974933e-04 8.531230378139298409e-06 1.137148961424827576e-01
2.600000000000000000e+04 4.138844087719917297e-03 3.898888826370239258e-01 4.990054876543581486e-04 8.780671123531647027e-06 1.108447685837745667e-01 1.120471111448750889e-07 3.431033492088317871e-01 1.113938924390822649e-04 8.531230378139298409e-06 1.137148514389991760e-01
2.650000000000000000e+04 4.059407274326076731e-06 3.721304535865783691e-01 1.944002032279968262e+00 8.910741598811000586e-06 1.102620661258697510e-01 1.120478003713287762e-07 3.431034684181213379e-01 1.113951875595375896e-04 8.531280400347895920e-06 1.137147694826126099e-01
2.700000000000000000e+04 4.063392680109245703e-06 3.721255660057067871e-01 1.942755579948425293e+00 8.910832548281177878e-06 1.102620512247085571e-01 1.120487169714579068e-07 3.431036472320556641e-01 1.113968610297888517e-04 8.531345883966423571e-06 1.137146577239036560e-01
2.750000000000000000e+04 2.126409262418746948e-01 3.726521432399749756e-01 6.323520541191101074e-01 9.374832188768777996e-06 1.107008829712867737e-01 1.120488306582956284e-07 3.431035280227661133e-01 1.113970356527715921e-04 8.531356797902844846e-06 1.137145832180976868e-01
2.800000000000000000e+04 2.126332372426986694e-01 3.726520538330078125e-01 6.323361992835998535e-01 9.374854926136322320e-06 1.107007935643196106e-01 1.120490367156889988e-07 3.431033194065093994e-01 1.113971666200086474e-04 8.531378625775687397e-06 1.137144789099693298e-01
2.850000000000000000e+04 2.321793556213378906e+00 3.381145894527435303e-01 2.755260276794433594e+01 8.998286830319557339e-06 1.103719547390937805e-01 1.120209489613444021e-07 3.430894613265991211e-01 1.113091784645803273e-04 8.529686056135687977e-06 1.137094125151634216e-01
2.900000000000000000e+04 2.301311731338500977e+00 3.381008505821228027e-01 2.694645500183105469e+01 8.996692486107349396e-06 1.103630661964416504e-01 1.119848533903677890e-07 3.430702388286590576e-01 1.111921446863561869e-04 8.527605132258031517e-06 1.137027293443679810e-01
2.950000000000000000e+04 7.847390952520072460e-04 3.755016028881072998e-01 3.151819109916687012e-04 7.820223800081294030e-06 1.108972281217575073e-01 1.119839652119480888e-07 3.430695533752441406e-01 1.111898091039620340e-04 8.527541467628907412e-06 1.137024164199829102e-01
3.000000000000000000e+04 7.847358356229960918e-04 3.755011260509490967e-01 3.151803393848240376e-04 7.820211976650170982e-06 1.108969524502754211e-01 1.119838728413924400e-07 3.430691361427307129e-01 1.111898818635381758e-04 8.527529644197784364e-06 1.137021332979202271e-01
3.050000000000000000e+04 8.355540921911597252e-04 4.471331536769866943e-01 1.487500593066215515e-02 9.507530194241553545e-06 1.105217859148979187e-01 1.119835175700245600e-07 3.430682122707366943e-01 1.111898163799196482e-04 8.527492354915011674e-06 1.137015521526336670e-01
3.100000000000000000e+04 8.355533936992287636e-04 4.471315443515777588e-01 1.487445272505283356e-02 9.507465620117727667e-06 1.105210259556770325e-01 1.119828780815623759e-07 3.430669903755187988e-01 1.111897945520468056e-04 8.527429599780589342e-06 1.137007847428321838e-01
3.150000000000000000e+04 3.427819013595581055e-01 3.435410261154174805e-01 1.136399441747926176e-04 8.456790055788587779e-06 1.103248223662376404e-01 1.119793324733109330e-07 3.430629074573516846e-01 1.111855744966305792e-04 8.527097634214442223e-06 1.136988326907157898e-01
3.200000000000000000e+04 3.420962691307067871e-01 3.435352742671966553e-01 1.136349383159540594e-04 8.456369869236368686e-06 1.103218570351600647e-01 1.119746571021096315e-07 3.430573642253875732e-01 1.111799065256491303e-04 8.526639248884748667e-06 1.136961132287979126e-01
3.250000000000000000e+04 2.377789765596389771e-01 3.351759612560272217e-01 1.241558670997619629e+00 9.272425813833251595e-06 1.101490855216979980e-01 1.119802490734400635e-07 3.430557847023010254e-01 1.111947931349277496e-04 8.526995770807843655e-06 1.136941537261009216e-01
3.300000000000000000e+04 2.380399852991104126e-01 3.351750373840332031e-01 1.237977623939514160e+00 9.273218893213197589e-06 1.101470589637756348e-01 1.119887471645597543e-07 3.430532515048980713e-01 1.112136742449365556e-04 8.527553291060030460e-06 1.136913374066352844e-01
3.350000000000000000e+04 7.032921165227890015e-02 3.133397102355957031e-01 1.467819965910166502e-04 9.274924195779021829e-06 1.102277711033821106e-01 1.119854928788299731e-07 3.430477976799011230e-01 1.112117533921264112e-04 8.527229510946199298e-06 1.136878952383995056e-01
3.400000000000000000e+04 7.030812650918960571e-02 3.133308589458465576e-01 1.467815018258988857e-04 9.274448530049994588e-06 1.102231666445732117e-01 1.119806043448079436e-07 3.430404067039489746e-01 1.112087484216317534e-04 8.526753845217172056e-06 1.136832758784294128e-01
