# step, loss_train, loss_test, metrics_test
0.000000000000000000e+00 2.577389124780893326e-03 1.420591324567794800e-01 1.858955994248390198e-02 9.766967035830020905e-03 2.070693522691726685e-01 2.571936929598450661e-03 1.690815091133117676e-01 1.621540449559688568e-02 9.677452035248279572e-03 2.041570097208023071e-01
5.000000000000000000e+02 7.473791483789682388e-04 5.795095115900039673e-02 3.521892722346819937e-05 7.231908239191398025e-05 4.409168846905231476e-03 7.352164830081164837e-04 6.548315286636352539e-02 4.072082447237335145e-05 5.198404687689617276e-05 5.103024188429117203e-03
1.000000000000000000e+03 8.707360248081386089e-04 5.783430114388465881e-02 3.597283284761942923e-05 8.216497371904551983e-05 4.139459691941738129e-03 8.447295986115932465e-04 6.537827104330062866e-02 2.588016104709822685e-05 4.965751577401533723e-05 4.836631473153829575e-03
1.500000000000000000e+03 3.556653682608157396e-04 6.871069967746734619e-02 7.122816168703138828e-05 1.024117373162880540e-04 5.404161754995584488e-03 3.361689741723239422e-04 6.513387709856033325e-02 8.812526357360184193e-05 1.176127443613950163e-05 5.942152813076972961e-03
2.000000000000000000e+03 2.641069877427071333e-04 6.796637177467346191e-02 8.294093277072533965e-05 9.694822074379771948e-05 3.741509281098842621e-03 2.385364641668274999e-04 6.483687460422515869e-02 1.224431471200659871e-04 3.382055865586153232e-06 4.244234412908554077e-03
2.500000000000000000e+03 1.448473194614052773e-04 8.016655594110488892e-02 8.646072092233225703e-05 1.832415291573852301e-04 2.884841756895184517e-03 1.009432744467630982e-04 6.445141881704330444e-02 7.346773054450750351e-05 1.529029032099060714e-05 3.272291040048003197e-03
3.000000000000000000e+03 1.323782926192507148e-04 7.939719408750534058e-02 1.799604506231844425e-04 2.876824000850319862e-04 2.065890235826373100e-03 7.789547817083075643e-05 6.385109573602676392e-02 8.273091953014954925e-05 4.431030174600891769e-05 2.450605155900120735e-03
3.500000000000000000e+03 1.489015412516891956e-03 5.928400903940200806e-02 2.707442035898566246e-04 5.849053268320858479e-04 5.632428219541907310e-04 5.630554514937102795e-04 6.543487310409545898e-02 5.860429373569786549e-04 1.431263634003698826e-03 1.206249231472611427e-03
4.000000000000000000e+03 1.024994300678372383e-03 1.125988457351922989e-02 6.410401692846789956e-05 2.647428191266953945e-04 5.142177455127239227e-03 8.443956030532717705e-04 1.141221821308135986e-02 2.441025571897625923e-04 9.426712640561163425e-04 4.947700537741184235e-03
4.500000000000000000e+03 2.428634907118976116e-04 2.758918330073356628e-03 9.801291162148118019e-05 6.901589949848130345e-05 5.579383578151464462e-03 2.136945258826017380e-04 2.744064200669527054e-03 3.300900789326988161e-05 8.342162618646398187e-05 5.142299924045801163e-03
5.000000000000000000e+03 2.700484474189579487e-04 1.396470936015248299e-03 7.285927131306380033e-05 7.400144386338070035e-05 4.859396256506443024e-03 2.133604284608736634e-04 7.717524422332644463e-04 8.303807408083230257e-05 6.452722300309687853e-05 4.408474545925855637e-03
5.500000000000000000e+03 2.555401297286152840e-04 8.492969791404902935e-04 4.486906254896894097e-05 4.482886288315057755e-05 4.063862375915050507e-03 1.967917487490922213e-04 1.819961762521415949e-04 1.967586104001384228e-05 2.502714778529480100e-05 3.706261282786726952e-03
6.000000000000000000e+03 2.202516916440799832e-04 6.803055293858051300e-04 4.642828935175202787e-05 2.099762787111103535e-05 3.504470456391572952e-03 1.598893577465787530e-04 1.526144042145460844e-04 2.376779957558028400e-05 1.354289724986301735e-05 3.134437603875994682e-03
6.500000000000000000e+03 1.803415070753544569e-04 5.875496426597237587e-04 6.390309135895222425e-05 1.505459658801555634e-05 3.210159251466393471e-03 1.293021632591262460e-04 1.957481290446594357e-04 3.460623338469304144e-05 1.822079684643540531e-05 2.791205886751413345e-03
7.000000000000000000e+03 1.666050229687243700e-04 5.460038664750754833e-04 5.152371886651962996e-05 1.387128577334806323e-05 2.979176817461848259e-03 1.160892716143280268e-04 1.872693537734448910e-04 2.395633782725781202e-05 1.746908492350485176e-05 2.560300985351204872e-03
7.500000000000000000e+03 1.429598050890490413e-04 4.654873337130993605e-04 3.204643871868029237e-05 1.554227492306381464e-05 2.707705367356538773e-03 9.350324398837983608e-05 1.872675056802108884e-04 3.828985427389852703e-05 8.917623745219316334e-06 2.495482098311185837e-03
8.000000000000000000e+03 1.289678912144154310e-04 4.325212794356048107e-04 3.068531441385857761e-05 9.868038432614412159e-06 2.539859386160969734e-03 8.152882219292223454e-05 1.828312379075214267e-04 3.720914537552744150e-05 6.454008143919054419e-06 2.318770159035921097e-03
8.500000000000000000e+03 1.206635206472128630e-04 3.754508798010647297e-04 3.845648825517855585e-05 1.350382262899074703e-05 2.348461421206593513e-03 7.484004891011863947e-05 1.635451917536556721e-04 2.270172990392893553e-05 6.360160568874562159e-06 2.251343568786978722e-03
9.000000000000000000e+03 1.138702500611543655e-04 3.549917310010641813e-04 3.703016773215495050e-05 9.559242243994958699e-06 2.245790325105190277e-03 6.927169306436553597e-05 1.605796132935211062e-04 1.755166340444702655e-05 8.225196324929129332e-06 2.132227644324302673e-03
9.500000000000000000e+03 1.341616880381479859e-04 4.211264895275235176e-04 5.002354373573325574e-05 9.069084626389667392e-06 2.144596772268414497e-03 8.554889063816517591e-05 1.658032269915565848e-04 8.499799150740727782e-06 1.821729165385477245e-05 1.794841489754617214e-03
1.000000000000000000e+04 1.248159824172034860e-04 4.191734769847244024e-04 6.911433592904359102e-05 1.351909213553881273e-05 2.018218860030174255e-03 7.707720942562445998e-05 1.477872428949922323e-04 5.043503915658220649e-05 1.625407276151236147e-05 1.676088781096041203e-03
1.050000000000000000e+04 1.157650331151671708e-04 4.159969394095242023e-04 3.465328700258396566e-05 2.347907138755545020e-05 2.241873880848288536e-03 6.148547254269942641e-05 1.813983108149841428e-04 3.475659468676894903e-05 3.481774547253735363e-05 1.567307510413229465e-03
1.100000000000000000e+04 1.083056413335725665e-04 4.007563693448901176e-04 3.348030440974980593e-05 2.907575799326878041e-05 2.127734012901782990e-03 5.571122164838016033e-05 1.837480522226542234e-04 4.011615965282544494e-05 4.693731170846149325e-05 1.469045411795377731e-03
1.150000000000000000e+04 9.683651296654716134e-05 3.174635348841547966e-04 2.062429666693788022e-05 1.497341509093530476e-05 1.618387061171233654e-03 4.598073792294599116e-05 1.722718152450397611e-04 6.617251347051933408e-05 5.689606769010424614e-05 1.448840368539094925e-03
1.200000000000000000e+04 8.831938612274825573e-05 3.023078897967934608e-04 2.140687138307839632e-05 1.199789949168916792e-05 1.545354840345680714e-03 4.047580659971572459e-05 1.678089611232280731e-04 5.766538015450350940e-05 7.344100595219060779e-05 1.377858105115592480e-03
1.250000000000000000e+04 8.871484169503673911e-05 3.248703142162412405e-04 2.182639036618638784e-05 2.281500383105594665e-05 1.620402326807379723e-03 3.931959145120345056e-05 1.316269335802644491e-04 4.247903052601031959e-05 2.859394953702576458e-05 1.382254064083099365e-03
1.300000000000000000e+04 8.734363655094057322e-05 3.009682113770395517e-04 1.930960388563107699e-05 1.969794902834109962e-05 1.587652834132313728e-03 3.768942769966088235e-05 1.198264726554043591e-04 3.827298496617004275e-05 2.323746048205066472e-05 1.343789044767618179e-03
1.350000000000000000e+04 5.866450374014675617e-05 2.666118671186268330e-04 3.126585943391546607e-05 1.813651761040091515e-05 1.522617181763052940e-03 2.755364221229683608e-05 1.238916011061519384e-04 5.107687320560216904e-05 2.170957668568007648e-05 1.338925561867654324e-03
1.400000000000000000e+04 5.387808778323233128e-05 2.604420587886124849e-04 2.808285898936446756e-05 2.253967249998822808e-05 1.474325195886194706e-03 2.498989124433137476e-05 1.258663251064717770e-04 4.339435690781101584e-05 2.396068521193228662e-05 1.293230336159467697e-03
1.450000000000000000e+04 5.817678174935281277e-05 2.756272442638874054e-04 4.001198612968437374e-05 2.484664037183392793e-05 1.748935552313923836e-03 2.359345671720802784e-05 1.438414328731596470e-04 6.409623165382072330e-05 7.536153134424239397e-05 1.215878641232848167e-03
1.500000000000000000e+04 5.463322304422035813e-05 2.705271763261407614e-04 3.999273758381605148e-05 2.485049844835884869e-05 1.708999043330550194e-03 2.076868076983373612e-05 1.493433810537680984e-04 6.653836317127570510e-05 7.488274422939866781e-05 1.178214792162179947e-03
1.550000000000000000e+04 4.627365342457778752e-05 2.845279523171484470e-04 6.659319478785619140e-05 2.693756687222048640e-05 1.508380169980227947e-03 2.191158091591205448e-05 1.203863284899853170e-04 5.302057252265512943e-05 1.423710491508245468e-04 1.139207975938916206e-03
1.600000000000000000e+04 4.549476943793706596e-05 2.756152243819087744e-04 6.598635809496045113e-05 2.457844493619631976e-05 1.488800509832799435e-03 2.069049696729052812e-05 1.171116382465697825e-04 5.268102540867403150e-05 1.448065595468506217e-04 1.119641936384141445e-03
1.650000000000000000e+04 5.007318759453482926e-05 2.528481418266892433e-04 4.433847425389103591e-05 2.295214835612569004e-05 1.647216500714421272e-03 1.685785173322074115e-05 1.106882846215739846e-04 4.559216176858171821e-05 1.209403417306020856e-04 1.106830430217087269e-03
1.700000000000000000e+04 4.813093619304709136e-05 2.453770721331238747e-04 4.735464244731701910e-05 2.075084557873196900e-05 1.625093049369752407e-03 1.552208777866326272e-05 1.095961197279393673e-04 4.870206976193003356e-05 1.067650009645149112e-04 1.084886607713997364e-03
1.750000000000000000e+04 4.484632154344581068e-05 2.164586767321452498e-04 3.146984818158671260e-05 1.911263098008930683e-05 1.423361012712121010e-03 1.607400008651893586e-05 1.156243306468240917e-04 1.017710455926135182e-04 6.439563003368675709e-05 1.083569135516881943e-03
1.800000000000000000e+04 4.297774648875929415e-05 2.102111175190657377e-04 3.480858867987990379e-05 1.537458410894032568e-05 1.405658782459795475e-03 1.532186252006795257e-05 1.135323982452973723e-04 1.197745878016576171e-04 5.435402636067010462e-05 1.066059921868145466e-03
1.850000000000000000e+04 4.072807132615707815e-05 2.338476770091801882e-04 8.391608571400865912e-05 1.508620061940746382e-05 1.699645305052399635e-03 1.319296370638767257e-05 1.124920381698757410e-04 9.772413613973185420e-05 2.499633774277754128e-05 1.052986364811658859e-03
1.900000000000000000e+04 4.022683424409478903e-05 2.291137789143249393e-04 7.484488742193207145e-05 1.293231980525888503e-05 1.696390216238796711e-03 1.269258154934505001e-05 1.143978224718011916e-04 9.505225898465141654e-05 2.219203997810836881e-05 1.050925813615322113e-03
1.950000000000000000e+04 4.235757296555675566e-05 1.787428773241117597e-04 6.174064037622883916e-05 1.123580204875906929e-05 1.303247408941388130e-03 1.384747702104505152e-05 1.011350468616001308e-04 1.108868818846531212e-04 1.876325586636085063e-05 1.050322200171649456e-03
2.000000000000000000e+04 4.423104110173881054e-05 1.774082047631964087e-04 6.033176759956404567e-05 9.814962140808347613e-06 1.290669664740562439e-03 1.445999259885866195e-05 1.009660554700531065e-04 1.184706052299588919e-04 1.573603003635071218e-05 1.037964830175042152e-03
2.050000000000000000e+04 4.340961459092795849e-05 2.288759860675781965e-04 5.663599222316406667e-05 8.812061423668637872e-06 1.632607076317071915e-03 1.410841196047840640e-05 1.129521988332271576e-04 6.170420238049700856e-05 9.726604730531107634e-06 1.025579520501196384e-03
2.100000000000000000e+04 4.240601265337318182e-05 2.247725060442462564e-04 5.363576929084956646e-05 8.315613740705884993e-06 1.613566186279058456e-03 1.329375390923814848e-05 1.105499468394555151e-04 5.890346801606938243e-05 9.370128282171208411e-06 1.010270789265632629e-03
2.150000000000000000e+04 4.355854252935387194e-05 2.202777977799996734e-04 6.428267079172655940e-05 7.620381893502781168e-06 1.399032538756728172e-03 1.408507705491501838e-05 1.136586070060729980e-04 6.085885979700833559e-05 3.314626883366145194e-05 9.847838664427399635e-04
2.200000000000000000e+04 4.397076918394304812e-05 2.171400265069678426e-04 5.787831833004020154e-05 7.069413186400197446e-06 1.391260884702205658e-03 1.430995689588598907e-05 1.125900671468116343e-04 5.682718983734957874e-05 3.161573840770870447e-05 9.778002277016639709e-04
2.250000000000000000e+04 4.046315370942465961e-05 1.804715720936655998e-04 6.458174175349995494e-05 8.013658771233167499e-06 1.201061881147325039e-03 1.215750580740859732e-05 1.142475957749411464e-04 6.419306009775027633e-05 3.122604539385065436e-05 9.880603756755590439e-04
2.300000000000000000e+04 4.030088894069194794e-05 1.752788084559142590e-04 6.022384695825167000e-05 7.424225259455852211e-06 1.188547466881573200e-03 1.188269743579439819e-05 1.042951480485498905e-04 6.599978951271623373e-05 2.663466511876322329e-05 9.757774532772600651e-04
2.350000000000000000e+04 5.383838652051053941e-05 2.455714857205748558e-04 6.941192259546369314e-05 9.655554094933904707e-06 1.387650147080421448e-03 1.449727005820022896e-05 8.504967991029843688e-05 1.470015413360670209e-04 2.539825982239563018e-05 9.126007789745926857e-04
2.400000000000000000e+04 5.412967584561556578e-05 2.415469352854415774e-04 6.740143726347014308e-05 9.196404789690859616e-06 1.375757157802581787e-03 1.425862319592852145e-05 8.083529974101111293e-05 1.517043856438249350e-04 2.553286503825802356e-05 9.023913880810141563e-04
2.450000000000000000e+04 5.740564665757119656e-05 2.226241194875910878e-04 8.846742275636643171e-05 1.226723907166160643e-05 1.328683341853320599e-03 1.526358391856774688e-05 9.063097968464717269e-05 2.232442639069631696e-04 1.984904884011484683e-05 8.872142643667757511e-04
2.500000000000000000e+04 5.706430602003820240e-05 2.108558255713433027e-04 3.357404784765094519e-05 6.078635578887769952e-06 1.293126028031110764e-03 1.507916840637335554e-05 8.001804235391318798e-05 1.116543062380515039e-04 9.507350114290602505e-06 8.602205780334770679e-04
2.550000000000000000e+04 4.396179792820475996e-05 1.982646936085075140e-04 2.694555150810629129e-04 3.644281969172880054e-05 1.262694830074906349e-03 1.213264204125152901e-05 1.248630869667977095e-04 2.848478907253593206e-04 2.599358049337752163e-05 9.340550168417394161e-04
2.600000000000000000e+04 4.442425051820464432e-05 1.668180630076676607e-04 5.909266837988980114e-05 7.982764145708642900e-06 1.239727484062314034e-03 1.236545813299017027e-05 1.033336011460050941e-04 5.183459870750084519e-05 1.945047551998868585e-05 9.062723256647586823e-04
2.650000000000000000e+04 5.309414336807094514e-05 1.858413888840004802e-04 6.546083750436082482e-05 1.045294084178749472e-05 1.370850251987576485e-03 1.494616844865959138e-05 9.926835627993568778e-05 9.324765414930880070e-05 1.828545464377384633e-05 8.536112145520746708e-04
2.700000000000000000e+04 5.531081478693522513e-05 1.873231522040441632e-04 5.869417873327620327e-05 1.074076317308936268e-05 1.352691906504333019e-03 1.516065003670519218e-05 9.576265438226982951e-05 8.961737330537289381e-05 1.879988667496945709e-05 8.409732836298644543e-04
2.750000000000000000e+04 4.236157110426574945e-05 1.802611659513786435e-04 5.076337765785865486e-05 1.324526510870782658e-05 1.121457898989319801e-03 1.369279198115691543e-05 8.350180723937228322e-05 1.150840907939709723e-04 1.324444565398152918e-05 8.228909573517739773e-04
2.800000000000000000e+04 4.120823723496869206e-05 1.748137001413851976e-04 5.202007741900160909e-05 1.517517011961899698e-05 1.106586190871894360e-03 1.340294875262770802e-05 7.743307651253417134e-05 1.118244181270711124e-04 1.072731265594484285e-05 8.084532455541193485e-04
2.850000000000000000e+04 4.265445022610947490e-05 1.527507993159815669e-04 5.756329483119770885e-05 1.243739643541630358e-05 1.247473759576678276e-03 1.287621489609591663e-05 7.617492519784718752e-05 4.928261478198692203e-05 2.572365337982773781e-05 8.442545658908784389e-04
2.900000000000000000e+04 4.185838770354166627e-05 1.491592993261292577e-04 5.042609700467437506e-05 1.246561441803351045e-05 1.239039120264351368e-03 1.317643000220414251e-05 7.639991235919296741e-05 4.314253601478412747e-05 2.535404564696364105e-05 8.359862258657813072e-04
2.950000000000000000e+04 3.788861067732796073e-05 1.449687697459012270e-04 2.658399171195924282e-05 1.159873681899625808e-05 1.222136896103620529e-03 1.336912919214228168e-05 7.648600148968398571e-05 8.994252129923552275e-05 3.651864972198382020e-05 8.200788288377225399e-04
3.000000000000000000e+04 3.680336885736323893e-05 1.455938618164509535e-04 4.060072387801483274e-05 1.451695334253599867e-05 1.200143364258110523e-03 1.327512200077762827e-05 7.518039637943729758e-05 8.368615090148523450e-05 3.960952017223462462e-05 7.999014924280345440e-04
3.050000000000000000e+04 3.929423837689682841e-05 1.283583987969905138e-04 2.939763726317323744e-05 1.733847966534085572e-05 1.106146490201354027e-03 1.246227657247800380e-05 8.572562364861369133e-05 8.265935321105644107e-05 1.278166655538370833e-05 7.811505347490310669e-04
3.100000000000000000e+04 3.698940417962148786e-05 1.244027807842940092e-04 2.903807035181671381e-05 1.568404331919737160e-05 1.084365765564143658e-03 1.174918179458472878e-05 8.630261436337605119e-05 8.201116725103929639e-05 1.176661044155480340e-05 7.599922828376293182e-04
3.150000000000000000e+04 3.331414336571469903e-05 1.377216249238699675e-04 3.454790567047894001e-05 1.131417411670554429e-05 1.097555039450526237e-03 1.164785044238669798e-05 7.351212843786925077e-05 6.265053525567054749e-05 2.427071922284085304e-05 7.557787466794252396e-04
3.200000000000000000e+04 3.230648144381120801e-05 1.331277599092572927e-04 2.665580359462182969e-05 1.163796241598902270e-05 1.081296359188854694e-03 1.140462791227037087e-05 7.212736818473786116e-05 6.747653969796374440e-05 2.698204480111598969e-05 7.426712545566260815e-04
3.250000000000000000e+04 3.368239777046255767e-05 1.278086856473237276e-04 4.117498610867187381e-05 1.047697151079773903e-05 9.850607020780444145e-04 1.173200234916293994e-05 7.697354158153757453e-05 5.199797669774852693e-05 3.326006208226317540e-06 7.206352311186492443e-04
3.300000000000000000e+04 3.314249624963849783e-05 1.223216531798243523e-04 4.037011240143328905e-05 7.489817107853014022e-06 9.668627171777188778e-04 1.128070471168030053e-05 7.044377707643434405e-05 3.447493872954510152e-05 1.674727286626875866e-06 7.046555983833968639e-04
3.350000000000000000e+04 4.145215280004777014e-05 1.352339022560045123e-04 2.543673144828062505e-05 4.079204700246918947e-06 1.176570658572018147e-03 1.211134713230421767e-05 6.993419083300977945e-05 2.820201370923314244e-05 6.647761892963899300e-06 6.627174443565309048e-04
3.400000000000000000e+04 4.165390782873146236e-05 1.349327067146077752e-04 2.476167901477310807e-05 3.797115596171352081e-06 1.156535814516246319e-03 1.225069536303635687e-05 6.908460636623203754e-05 2.778773523459676653e-05 1.188685928354971111e-05 6.475867703557014465e-04
3.450000000000000000e+04 4.274123421055264771e-05 1.102266105590388179e-04 1.834203067119233310e-05 6.958224730624351650e-06 1.033971784636378288e-03 1.258541306015104055e-05 5.444081034511327744e-05 5.228731606621295214e-05 1.131276258092839271e-05 6.567475502379238605e-04
3.500000000000000000e+04 4.154146881774067879e-05 1.040468559949658811e-04 1.739466824801638722e-05 5.701579993910854682e-06 1.016470603644847870e-03 1.261584111489355564e-05 5.121625144965946674e-05 4.745644400827586651e-05 1.324207096331520006e-05 6.418578559532761574e-04
3.550000000000000000e+04 3.500274033285677433e-05 1.051751532941125333e-04 2.881287946365773678e-05 5.417543889052467421e-06 1.076412154361605644e-03 1.180095568997785449e-05 6.133044371381402016e-05 2.390427289356011897e-05 7.360385097854305059e-06 6.213031592778861523e-04
3.600000000000000000e+04 3.427324190852232277e-05 1.043053489411249757e-04 2.390307236055377871e-05 5.316781425790395588e-06 1.049245358444750309e-03 1.158047052740585059e-05 5.915068686590529978e-05 1.694540878816042095e-05 8.210859050450380892e-06 6.009180797263979912e-04
3.650000000000000000e+04 3.423800080781802535e-05 1.071514270734041929e-04 1.092860020435182378e-05 6.046086582500720397e-06 1.123994356021285057e-03 1.139179494202835485e-05 4.828776582144200802e-05 1.947302189364563674e-05 1.115142185881268233e-05 6.013887468725442886e-04
3.700000000000000000e+04 3.437953637330792844e-05 1.027821854222565889e-04 1.147880175267346203e-05 6.222360752872191370e-06 1.103049376979470253e-03 1.110330231313128024e-05 4.528161662165075541e-05 1.632458042877260596e-05 1.161534055427182466e-05 5.849481094628572464e-04
3.750000000000000000e+04 3.662861854536458850e-05 1.114455735660158098e-04 5.657755536958575249e-05 1.170644736703252420e-05 1.223918399773538113e-03 1.069889094651443884e-05 4.742195233120582998e-05 7.161679241107776761e-05 1.468605478294193745e-05 5.706284428015351295e-04
3.800000000000000000e+04 3.581463170121423900e-05 1.108493815991096199e-04 1.126428378483979031e-05 7.902198376541491598e-06 1.189950155094265938e-03 1.064221578417345881e-05 4.197025191388092935e-05 1.378510842187097296e-05 9.450016477785538882e-06 5.509895272552967072e-04
3.850000000000000000e+04 2.873008088499773294e-05 7.370049570454284549e-05 2.929329639300704002e-05 3.972282229369739071e-06 9.569036192260682583e-04 1.050932769430801272e-05 3.758282764465548098e-05 4.022701614303514361e-05 1.472892836318351328e-05 5.762458895333111286e-04
3.900000000000000000e+04 2.759879498626105487e-05 7.031280256342142820e-05 2.360130929446313530e-05 3.754180852411082014e-06 9.518801234662532806e-04 1.058787893271073699e-05 3.464328619884327054e-05 3.394888699403963983e-05 1.537595744594000280e-05 5.704282084479928017e-04
3.950000000000000000e+04 2.896373916883021593e-05 6.959167512832209468e-05 3.594804366002790630e-05 5.381918981584021822e-06 8.322066860273480415e-04 1.019021601678105071e-05 4.444258956937119365e-05 2.893382770707830787e-05 1.043807333189761266e-05 5.523504805751144886e-04
4.000000000000000000e+04 2.914477408921811730e-05 6.802590360166504979e-05 3.406344694667495787e-05 5.039917141402838752e-06 8.203356410376727581e-04 1.027653888741042465e-05 4.264706876710988581e-05 3.631867002695798874e-05 9.562048944644629955e-06 5.406173295341432095e-04
4.050000000000000000e+04 3.750885662157088518e-05 7.778870349284261465e-05 2.445016980345826596e-05 5.555307325266767293e-06 1.015677698887884617e-03 1.090186833607731387e-05 2.831795791280455887e-05 2.283076719322707504e-05 8.757661817071493715e-06 5.122209549881517887e-04
4.100000000000000000e+04 3.848220148938708007e-05 7.538549107266589999e-05 2.332618714717682451e-05 5.924975994275882840e-06 9.929748484864830971e-04 1.084880750568117946e-05 2.687473352125380188e-05 2.601602864160668105e-05 1.110968241846421733e-05 4.947292036376893520e-04
4.150000000000000000e+04 3.091060352744534612e-05 6.724800186930224299e-05 1.992881152546033263e-05 6.690870577585883439e-06 6.830511265434324741e-04 1.001788496068911627e-05 2.821681482600979507e-05 3.250918234698474407e-05 9.198606676363851875e-06 4.738995339721441269e-04
4.200000000000000000e+04 3.024667603312991560e-05 6.457797280745580792e-05 1.958370194188319147e-05 6.053849574527703226e-06 6.675895419903099537e-04 9.891634363157209009e-06 2.828091237461194396e-05 4.409022585605271161e-05 1.161049203801667318e-05 4.581469984259456396e-04
4.250000000000000000e+04 2.816486994561273605e-05 6.812321225879713893e-05 3.965202995459549129e-05 3.072525259995018132e-06 8.752307039685547352e-04 9.616131137590855360e-06 4.234968582750298083e-05 1.421003162249689922e-05 2.223086630692705512e-05 4.603886918630450964e-04
4.300000000000000000e+04 2.803530514938756824e-05 6.734339694958180189e-05 3.725188798853196204e-05 2.850734290404943749e-06 8.588138152845203876e-04 9.464421964366920292e-06 4.385851207189261913e-05 1.452286232961341739e-05 2.422761099296621978e-05 4.457985050976276398e-04
4.350000000000000000e+04 2.560731627454515547e-05 7.574358460260555148e-05 6.352834316203370690e-05 8.373542186745908111e-06 8.804799872450530529e-04 8.900205102690961212e-06 3.962948903790675104e-05 3.344397555338218808e-05 1.829285974963568151e-05 4.459573247004300356e-04
4.400000000000000000e+04 2.435251917631831020e-05 6.999399920459836721e-05 5.924977449467405677e-05 4.631962383427890018e-06 8.588409400545060635e-04 8.381022780667990446e-06 3.319604365970008075e-05 5.086099190521053970e-05 1.261639590666163713e-05 4.304191388655453920e-04
4.450000000000000000e+04 3.079149246332235634e-05 7.509894203394651413e-05 4.515578257269226015e-05 6.601384029636392370e-06 9.137397864833474159e-04 9.985815268009901047e-06 2.290558768436312675e-05 4.249402627465315163e-05 1.156041253125295043e-05 4.146176797803491354e-04
4.500000000000000000e+04 2.998140735144261271e-05 7.526276749558746815e-05 3.454471152508631349e-05 6.404152372851967812e-06 9.031998924911022186e-04 9.213787052431143820e-06 2.192285319324582815e-05 4.634596189134754241e-05 1.191090541396988556e-05 4.068783018738031387e-04
4.550000000000000000e+04 3.041332820430397987e-05 8.404890104429796338e-05 2.711146044021006674e-05 1.277443857361504342e-06 1.126827788539230824e-03 7.732766789558809251e-06 3.068794831051491201e-05 9.461615991313010454e-05 1.933926796482410282e-05 3.929631784558296204e-04
4.600000000000000000e+04 2.965332532767206430e-05 8.190821245079860091e-05 2.755900459305848926e-05 1.179758783109718934e-06 1.100893714465200901e-03 7.493106295441975817e-06 3.148503674310632050e-05 9.142510680248960853e-05 3.049594306503422558e-05 3.742701956070959568e-04
4.650000000000000000e+04 2.098468758049421012e-05 4.855104634771123528e-05 4.563535549095831811e-05 5.199894530960591510e-06 5.584880127571523190e-04 1.054037329595303163e-05 4.004471702501177788e-05 5.106298704049549997e-05 1.157815040642162785e-05 4.016403981950134039e-04
4.700000000000000000e+04 2.003546796913724393e-05 4.784763223142363131e-05 4.112888200324960053e-05 4.749754225485958159e-06 5.513487849384546280e-04 9.920386219164356589e-06 3.752401607926003635e-05 5.423359107226133347e-05 1.236174193763872609e-05 3.940933675039559603e-04
4.750000000000000000e+04 2.267048694193363190e-05 6.706762360408902168e-05 3.882301825797185302e-05 1.518845238024368882e-06 7.545941625721752644e-04 1.022295964503427967e-05 3.825118619715794921e-05 2.760351344477385283e-05 9.773277270141988993e-06 3.517535806167870760e-04
4.800000000000000000e+04 2.269962715217843652e-05 6.335708167171105742e-05 3.488869333523325622e-05 1.434727209925767966e-06 7.320785662159323692e-04 9.803676221054047346e-06 3.577520328690297902e-05 3.941737668355926871e-05 1.217714998347219080e-05 3.385929740034043789e-04
4.850000000000000000e+04 2.343175401620101184e-05 5.822514140163548291e-05 4.582304609357379377e-05 2.657667891980963759e-06 7.017020834609866142e-04 9.236059668182861060e-06 3.242351886001415551e-05 2.179221701226197183e-05 8.855434316501487046e-06 3.243646933697164059e-04
4.900000000000000000e+04 2.291707278345711529e-05 6.125016079749912024e-05 4.764062759932130575e-05 3.062923951802076772e-06 6.863785674795508385e-04 8.958332728070672601e-06 3.403261871426366270e-05 2.010842581512406468e-05 8.642678039905149490e-06 3.135072183795273304e-04
4.950000000000000000e+04 3.064824704779312015e-05 5.352978041628375649e-05 6.641804793616756797e-05 4.705460014520213008e-06 6.002159789204597473e-04 7.638972419954370707e-06 4.458546391106210649e-05 5.288758984534069896e-05 1.648830038902815431e-05 3.070425882469862700e-04
5.000000000000000000e+04 3.108400051132775843e-05 5.377624620450660586e-05 6.052615935914218426e-05 3.946779543184675276e-06 5.887824809178709984e-04 7.748508323857095093e-06 4.371229806565679610e-05 6.494135595858097076e-05 1.681897083471994847e-05 2.974838716909289360e-04
5.050000000000000000e+04 2.807384225889109075e-05 7.123493560357019305e-05 3.743715205928310752e-05 5.011941993871005252e-06 8.619659929536283016e-04 7.655765330127906054e-06 2.822230453602969646e-05 5.378752757678739727e-05 2.225585740234237164e-05 2.913054195232689381e-04
5.100000000000000000e+04 2.821054658852517605e-05 6.908197974553331733e-05 3.572815694496966898e-05 4.428837655723327771e-06 8.519668481312692165e-04 7.726360308879520744e-06 2.828432843671180308e-05 4.236729364492930472e-05 1.734820216370280832e-05 2.854613994713872671e-04
5.150000000000000000e+04 2.431310895190108567e-05 4.937428093398921192e-05 6.122613558545708656e-05 2.218199824710609391e-06 6.608170224353671074e-04 7.777160135447047651e-06 1.679454544500913471e-05 6.688039138680323958e-05 1.372706901747733355e-05 2.838982909452170134e-04
5.200000000000000000e+04 2.420694363536313176e-05 4.721476216218434274e-05 5.683948620571754873e-05 2.302220309502445161e-06 6.527631776407361031e-04 7.715600077062845230e-06 1.395957951899617910e-05 7.166559953475371003e-05 1.317350961471674964e-05 2.772747830022126436e-04
5.250000000000000000e+04 2.153044260921888053e-05 4.470157364266924560e-05 3.245997140766121447e-05 4.937603080179542303e-06 6.240691291168332100e-04 6.889388714625965804e-06 1.510057882114779204e-05 4.649814945878461003e-05 1.230000452778767794e-05 2.727658720687031746e-04
5.300000000000000000e+04 2.113431946781929582e-05 4.077039193361997604e-05 3.179989653290249407e-05 4.132402409595670179e-06 6.154660368338227272e-04 6.730508630425902084e-06 1.295802121603628621e-05 6.074065458960831165e-05 1.129471820604521781e-05 2.644009364303201437e-04
5.350000000000000000e+04 2.193378531956113875e-05 3.891062806360423565e-05 4.966466804035007954e-05 3.199399770892341621e-06 5.712333950214087963e-04 8.433902621618472040e-06 1.610335675650276244e-05 1.142044202424585819e-04 7.248693691508378834e-06 2.609165967442095280e-04
5.400000000000000000e+04 2.129440872522536665e-05 3.741755790542811155e-05 4.711815199698321521e-05 3.264187853346811607e-06 5.657541332766413689e-04 7.977359928190708160e-06 1.493761283200001344e-05 1.169418901554308832e-04 6.080806542740901932e-06 2.559400454629212618e-04
5.450000000000000000e+04 2.409719854767899960e-05 3.637723057181574404e-05 5.775050522061064839e-05 7.311249191843671724e-06 6.164973019622266293e-04 6.386625045706750825e-06 1.747377791616600007e-05 4.424550934345461428e-05 4.402993727126158774e-05 2.573831297922879457e-04
5.500000000000000000e+04 2.394883995293639600e-05 3.774215292651206255e-05 6.110526737757027149e-05 8.018969310796819627e-06 6.090279202908277512e-04 6.371152267092838883e-06 1.975070881599094719e-05 4.022959910798817873e-05 5.204011176829226315e-05 2.521018031984567642e-04
5.550000000000000000e+04 2.745973506534937769e-05 3.465691770543344319e-05 2.993792440975084901e-05 7.283579634531633928e-06 5.160226719453930855e-04 6.923085038579301909e-06 1.571472967043519020e-05 3.596604437916539609e-05 1.218444231199100614e-05 2.353481395402923226e-04
5.600000000000000000e+04 2.669868263183161616e-05 3.396324609639123082e-05 3.056815694435499609e-05 5.590655746345873922e-06 5.091410712338984013e-04 6.416748874471522868e-06 1.469709150114795193e-05 3.361011476954445243e-05 1.424979836883721873e-05 2.291648415848612785e-04
5.650000000000000000e+04 1.725058609736151993e-05 2.701660559978336096e-05 2.685331855900585651e-05 2.424710373816196807e-06 3.733834892045706511e-04 6.576279247383354232e-06 1.876170972536783665e-05 5.171382872504182160e-05 6.970770300540607423e-06 2.381360827712342143e-04
5.700000000000000000e+04 1.698664709692820907e-05 2.557558582338970155e-05 2.597672573756426573e-05 2.187204927395214327e-06 3.705949930008500814e-04 6.703081908199237660e-06 1.814730421756394207e-05 5.382432209444232285e-05 5.899111783946864307e-06 2.353801100980490446e-04
5.750000000000000000e+04 1.744085966493003070e-05 2.723713987506926060e-05 4.373701085569337010e-05 2.362223540330887772e-06 4.409939283505082130e-04 6.750678494427120313e-06 2.517626853659749031e-05 5.582837911788374186e-05 2.521993701520841569e-05 2.383437677053734660e-04
5.800000000000000000e+04 1.742598942655604333e-05 2.572507037257310003e-05 4.243983130436390638e-05 1.955125753738684580e-06 4.365035565569996834e-04 6.786883204767946154e-06 2.285808113811071962e-05 5.571084693656302989e-05 4.262943912181071937e-05 2.345699467696249485e-04
5.850000000000000000e+04 1.766415698511991650e-05 3.351120176375843585e-05 2.280720218550413847e-05 1.098771008400944993e-06 5.519945989362895489e-04 5.620425326924305409e-06 1.596787842572666705e-05 3.869030115311034024e-05 8.295320185425225645e-06 2.209136873716488481e-04
5.900000000000000000e+04 1.744988730933982879e-05 3.196241232217289507e-05 1.926725599332712591e-05 9.807823744267807342e-07 5.450028693303465843e-04 5.579940079769585282e-06 1.493844683864153922e-05 3.382272188900969923e-05 8.030184289964381605e-06 2.150799555238336325e-04
5.950000000000000000e+04 1.544966835353989154e-05 2.802562266879249364e-05 3.468160866759717464e-05 1.018124839902156964e-05 4.720758879557251930e-04 5.764266916230553761e-06 1.986482493521180004e-05 2.854865670087747276e-05 1.431204782420536503e-05 2.196183486375957727e-04
6.000000000000000000e+04 1.473858446843223646e-05 2.874919118767138571e-05 3.906421261490322649e-05 6.135127023298991844e-06 4.659286641981452703e-04 5.404855073720682412e-06 2.300237974850460887e-05 3.762374035432003438e-05 2.310034142283257097e-05 2.154145913664251566e-04
6.050000000000000000e+04 1.780608727131038904e-05 3.963566268794238567e-05 8.991826325654983521e-05 7.175897280831122771e-06 5.732562858611345291e-04 6.982294507906772196e-06 1.602457268745638430e-05 7.020989141892641783e-05 3.402566653676331043e-05 2.212159306509420276e-04
6.100000000000000000e+04 1.871613676485139877e-05 2.955487434519454837e-05 5.738712934544309974e-05 5.061120191385271028e-06 5.663109477609395981e-04 7.514199751312844455e-06 9.128110832534730434e-06 6.839956040494143963e-05 1.951723970705643296e-05 2.128079941030591726e-04
6.150000000000000000e+04 1.721143962640780956e-05 3.730558819370344281e-05 5.655478162225335836e-05 7.229048605950083584e-06 5.316467722877860069e-04 5.752885954279918224e-06 9.121345101448241621e-06 2.583077730378136039e-05 4.742891633213730529e-06 2.016292128246277571e-04
6.200000000000000000e+04 1.639911351958289742e-05 3.655934051494114101e-05 4.741565135191194713e-05 7.052009550534421578e-06 5.228603258728981018e-04 5.101585429656552151e-06 1.188537680718582124e-05 2.477005909895524383e-05 4.455233465705532581e-06 1.962576498044654727e-04
6.250000000000000000e+04 1.875551970442757010e-05 2.808497993100900203e-05 3.261653182562440634e-05 3.609301757023786195e-06 4.775769775733351707e-04 6.147924977994989604e-06 1.994095873669721186e-05 6.652121373917907476e-05 5.231252998783020303e-06 1.849680411396548152e-04
6.300000000000000000e+04 1.903572410810738802e-05 2.865992792067117989e-05 3.108367309323512018e-05 3.146324161207303405e-06 4.697852418757975101e-04 6.149395630927756429e-06 1.906620673253200948e-05 6.016905899741686881e-05 5.076690285932272673e-06 1.805980136850848794e-04
6.350000000000000000e+04 1.571095162944402546e-05 1.994094418478198349e-05 2.364633655815850943e-05 3.947914592572487891e-06 3.332475898787379265e-04 5.657902420352911577e-06 1.640718801354523748e-05 5.088359830551780760e-05 6.140244295238517225e-06 1.857844181358814240e-04
6.400000000000000000e+04 1.461371539335232228e-05 1.844200778577942401e-05 1.982165667868684977e-05 3.801401817327132449e-06 3.323389682918787003e-04 5.311333552526775748e-06 1.401994813932105899e-05 4.482479198486544192e-05 6.691122962365625426e-06 1.848781685112044215e-04
6.450000000000000000e+04 1.767629510140977800e-05 2.808124918374232948e-05 3.506539724185131490e-05 1.824054493226867635e-06 5.773940356448292732e-04 6.096172455727355555e-06 8.859701665642205626e-06 2.766781653917860240e-05 7.333725079661235213e-06 1.821358309825882316e-04
6.500000000000000000e+04 1.816008443711325526e-05 2.813187893480062485e-05 3.203526648576371372e-05 1.884959715425793547e-06 5.688558449037373066e-04 6.322716217255219817e-06 9.765459253685548902e-06 2.808527824527118355e-05 7.443044523824937642e-06 1.784236665116623044e-04
6.550000000000000000e+04 1.577407965669408441e-05 2.257172491226810962e-05 2.194877743022516370e-05 2.105412249875371344e-06 4.691805806942284107e-04 4.944684405927546322e-06 1.540554330858867615e-05 2.527754622860811651e-05 3.911304702342022210e-06 1.731005904730409384e-04
6.600000000000000000e+04 1.528666689409874380e-05 2.202702489739749581e-05 2.044031498371623456e-05 1.820652983042236883e-06 4.650627379305660725e-04 4.572513716993853450e-06 1.497126140748150647e-05 2.095113086397759616e-05 3.678077291624504142e-06 1.699076237855479121e-04
6.650000000000000000e+04 1.599748429725877941e-05 2.284108086314518005e-05 8.692951087141409516e-05 4.970524059899616987e-06 4.261707945261150599e-04 5.895180038351099938e-06 8.577178050472866744e-06 1.125293201766908169e-04 1.998635752897826023e-06 1.738467690302059054e-04
6.700000000000000000e+04 1.590440297150053084e-05 2.282383684359956533e-05 4.374068157630972564e-05 2.475562268955400214e-06 4.179848474450409412e-04 5.872173460375051945e-06 1.420823900843970478e-05 5.975300882710143924e-05 1.778352839210128877e-06 1.705049362499266863e-04
6.750000000000000000e+04 1.879258525150362402e-05 3.045049925276543945e-05 3.052449756069108844e-05 1.306467856920789927e-05 7.136718486435711384e-04 5.727411462430609390e-06 1.046917986968765035e-05 2.387260974501259625e-05 2.078964826068840921e-05 1.646642485866323113e-04
6.800000000000000000e+04 1.939071626111399382e-05 3.092935730819590390e-05 2.934325675596483052e-05 9.503057299298234284e-06 7.016991148702800274e-04 5.079007223685039207e-06 1.115068334911484271e-05 2.206931276305112988e-05 1.750449700921308249e-05 1.597080990904942155e-04
6.850000000000000000e+04 1.982366666197776794e-05 4.025511589134112000e-05 2.032726297329645604e-05 1.310910874963155948e-06 6.144312792457640171e-04 6.590836619579931721e-06 8.959993465396109968e-06 4.977115895599126816e-05 5.698601398762548342e-06 1.480735518271103501e-04
6.900000000000000000e+04 2.061817031062673777e-05 4.096602788195014000e-05 1.673226506682112813e-05 1.197719370793492999e-06 6.059127044863998890e-04 6.437907813960919157e-06 8.888321644917596132e-06 3.815130548900924623e-05 6.984487754380097613e-06 1.446281385142356157e-04
6.950000000000000000e+04 2.062347266473807395e-05 3.518790254020132124e-05 1.554708978801500052e-05 2.906322151829954237e-06 6.663030944764614105e-04 5.356301244319183752e-06 2.302286702615674585e-05 1.642511233512777835e-05 1.293329660256858915e-05 1.472035073675215244e-04
7.000000000000000000e+04 2.025728645094204694e-05 3.244615072617307305e-05 1.671038808126468211e-05 2.817250788211822510e-06 6.636878242716193199e-04 5.236852757661836222e-06 1.723444074741564691e-05 2.409777334833052009e-05 1.108885589928831905e-05 1.447412796551361680e-04
7.050000000000000000e+04 2.454408240737393498e-05 3.543250204529613256e-05 5.079481343273073435e-05 1.328136931988410652e-05 6.642985972575843334e-04 4.365859695099061355e-06 2.275439510412979871e-05 1.859065014286898077e-05 8.170680303010158241e-06 1.534448383608832955e-04
7.100000000000000000e+04 2.479259273968636990e-05 3.470544834272004664e-05 4.875251397606916726e-05 1.107124444388318807e-05 6.519264425151050091e-04 4.326177077018655837e-06 2.211601713497657329e-05 2.148845487681683153e-05 6.992956969043007120e-06 1.475249737268313766e-04
7.150000000000000000e+04 1.594744207977782935e-05 2.636213503137696534e-05 1.426046765118371695e-05 2.355176320634200238e-06 3.934222913812845945e-04 3.860411652567563578e-06 7.458480922650778666e-06 1.795649404812138528e-05 6.142236543382750824e-06 1.388084929203614593e-04
7.200000000000000000e+04 1.515367239335319027e-05 2.675615905900485814e-05 1.600384894118178636e-05 1.945845724549144506e-06 3.889786603394895792e-04 3.710329110617749393e-06 9.457699889026116580e-06 2.039151149801909924e-05 5.982087259326362982e-06 1.359762245556339622e-04
7.250000000000000000e+04 1.909087404783349484e-05 2.437383773212786764e-05 8.560466085327789187e-06 4.316480044508352876e-06 3.347846795804798603e-04 4.764808636537054554e-06 8.709103894943837076e-06 1.571961547597311437e-05 3.460414063738426194e-06 1.360981550533324480e-04
7.300000000000000000e+04 1.904694545373786241e-05 2.426715036563109607e-05 7.239917067636270076e-06 3.438478643147391267e-06 3.278357035014778376e-04 4.707660536951152608e-06 8.382906344195362180e-06 2.444912570354063064e-05 1.975902023332309909e-06 1.338008878519758582e-04
7.350000000000000000e+04 1.789601810742169619e-05 2.616108395159244537e-05 1.909548882395029068e-05 1.924781827256083488e-06 5.302011268213391304e-04 5.134782441018614918e-06 9.478842002863530070e-06 1.963922295544762164e-05 6.431678230001125485e-06 1.317961578024551272e-04
7.400000000000000000e+04 1.769382834027055651e-05 2.560678694862872362e-05 1.669169614615384489e-05 1.764798525982769206e-06 5.253176786936819553e-04 4.846689080295618623e-06 9.051743290910962969e-06 1.981693094421643764e-05 6.417732038244139403e-06 1.297328999498859048e-04
7.450000000000000000e+04 1.706226248643361032e-05 1.499472455179784447e-05 1.568328480061609298e-05 2.300452479175874032e-06 3.374351072125136852e-04 4.180383712082402781e-06 4.593153335008537397e-06 5.920448165852576494e-05 4.298643034417182207e-06 1.291174849029630423e-04
7.500000000000000000e+04 1.777225770638324320e-05 1.526094274595379829e-05 1.433309807907789946e-05 1.982527919608401135e-06 3.303684934508055449e-04 4.301489298086380586e-06 5.044350473326630890e-06 6.134946306701749563e-05 4.317653292673639953e-06 1.253906375495716929e-04
7.550000000000000000e+04 1.578799492563121021e-05 1.898989648907445371e-05 1.876785427157301456e-05 1.730455892356985714e-06 3.451165684964507818e-04 4.670770522352540866e-06 2.008498995564877987e-05 2.631543065945152193e-05 3.070441152885905467e-06 1.247501786565408111e-04
7.600000000000000000e+04 1.561326644150540233e-05 1.829599023039918393e-05 1.511587834102101624e-05 1.590534225215378683e-06 3.442348970565944910e-04 4.573763817461440340e-06 1.757155041559599340e-05 2.298931212862953544e-05 3.578188170649809763e-06 1.240243291249498725e-04
7.650000000000000000e+04 1.906864235934335738e-05 2.405292434559669346e-05 1.370355948893120512e-05 1.212320421473123133e-05 4.538650973699986935e-04 4.607971732184523717e-06 6.941303126950515434e-06 5.131119542056694627e-05 1.187541784020140767e-05 1.220466365339234471e-04
7.700000000000000000e+04 1.994696140172891319e-05 2.401795791229233146e-05 1.217651879414916039e-05 7.229521997942356393e-06 4.453979781828820705e-04 4.623229415301466361e-06 6.763480541849276051e-06 4.855133738601580262e-05 1.347550551145104691e-05 1.204049476655200124e-04
7.750000000000000000e+04 2.058148857031483203e-05 1.818434429878834635e-05 1.591612272022757679e-05 2.681052819752949290e-06 3.172530559822916985e-04 5.739180778618901968e-06 9.304262675868812948e-06 2.109583510900847614e-05 6.613474397454410791e-06 1.155252539319917560e-04
7.800000000000000000e+04 2.034149838436860591e-05 1.781804712663870305e-05 1.412725396221503615e-05 2.344284666833118536e-06 3.149318217765539885e-04 5.681417405867250636e-06 8.620084372523706406e-06 1.741586493153590709e-05 5.052329015597933903e-06 1.142612163675948977e-04
7.850000000000000000e+04 2.163283897971268743e-05 2.469962601026054472e-05 7.242349511216161773e-06 2.232314727734774351e-06 4.556318162940442562e-04 5.556116320803994313e-06 7.353719411185011268e-06 3.471892341622151434e-05 3.273931724834255874e-06 1.126821152865886688e-04
7.900000000000000000e+04 2.180249248340260237e-05 3.244503750465810299e-05 2.280816079291980714e-05 2.022939952439628541e-06 4.492883163038641214e-04 5.538953246286837384e-06 1.736303056532051414e-05 1.858325413195416331e-05 1.879797423498530407e-06 1.149785821326076984e-04
7.950000000000000000e+04 1.573170447954908013e-05 1.672098187555093318e-05 2.992995723616331816e-05 1.452213018637849018e-05 3.236396005377173424e-04 4.898413862974848598e-06 1.735393198032397777e-05 9.029467037180438638e-05 1.004353543976321816e-05 1.242533471668139100e-04
8.000000000000000000e+04 1.558807525725569576e-05 1.613627682672813535e-05 3.113922866759821773e-05 1.230522684636525810e-05 3.190887218806892633e-04 4.824095867661526427e-06 1.179984610644169152e-05 7.743768946966156363e-05 1.194138985738391057e-05 1.200553524540737271e-04
8.050000000000000000e+04 1.967870230146218091e-05 1.972411700990051031e-05 3.334486609674058855e-05 3.578967380235553719e-06 3.236874763388186693e-04 5.064733613835414872e-06 5.235635399003513157e-06 7.498669583583250642e-05 1.150895968748955056e-05 1.135962738771922886e-04
8.100000000000000000e+04 1.904330201796256006e-05 1.815806353988591582e-05 9.753342055773828179e-06 1.698586629572673701e-06 3.160471096634864807e-04 4.664941570808878168e-06 6.736962404829682782e-06 1.961597445188090205e-05 8.248292033385951072e-06 1.113874604925513268e-04
8.150000000000000000e+04 1.715076359687373042e-05 1.910016362671740353e-05 3.016429218405392021e-05 2.106273541357950307e-06 3.202221123501658440e-04 3.533589051585295238e-06 2.676743133633863181e-05 3.435627513681538403e-05 3.055399474760633893e-06 1.202336716232821345e-04
8.200000000000000000e+04 1.598890412424225360e-05 1.695211722108069807e-05 2.540557215979788452e-05 1.982123194466112182e-06 3.153803991153836250e-04 3.598391458581318147e-06 1.940325637406203896e-05 4.366790017229504883e-05 4.378874109534081072e-06 1.158638187916949391e-04
8.250000000000000000e+04 1.212675488204695284e-05 1.300501844525570050e-05 1.214213898492744192e-05 1.301738848269451410e-06 2.003522386075928807e-04 3.728070623765233904e-06 9.413797670276835561e-06 3.175437086611054838e-05 6.136349838925525546e-06 1.111339879571460187e-04
8.300000000000000000e+04 1.110626999434316531e-05 1.123582387663191184e-05 9.156444320979062468e-06 1.523031187389278784e-06 1.964107650564983487e-04 3.682656142700579949e-06 8.143836566887330264e-06 2.788099664030596614e-05 7.867178283049724996e-06 1.082581366063095629e-04
8.350000000000000000e+04 1.436086586181772873e-05 1.064069329004269093e-05 8.245267963502556086e-06 2.316894779141875915e-06 2.674776769708842039e-04 3.354758973728166893e-06 8.444603736279532313e-06 2.554399725340772420e-05 8.503255230607464910e-06 1.017634494928643107e-04
8.400000000000000000e+04 1.443416022084420547e-05 1.066385630110744387e-05 8.187887033273000270e-06 2.074260692097595893e-06 2.631384704727679491e-04 3.249429937568493187e-06 9.333453817816916853e-06 2.549672171880956739e-05 8.012308171601034701e-06 9.938742005033418536e-05
8.450000000000000000e+04 1.544340011605527252e-05 1.408149455528473482e-05 1.438682102161692455e-05 3.012312390637816861e-06 3.720437816809862852e-04 3.305749942228430882e-06 8.028596312215086073e-06 1.899949165817815810e-05 3.254872353863902390e-06 1.005709273158572614e-04
8.500000000000000000e+04 1.562491161166690290e-05 1.354008782072924078e-05 2.426361425023060292e-05 4.768699000123888254e-06 3.707545693032443523e-04 3.264490032961475663e-06 6.019935881340643391e-06 4.578939842758700252e-05 4.649045877158641815e-06 9.916575800161808729e-05
8.550000000000000000e+04 1.237254582520108670e-05 9.731762474984861910e-06 5.602576493402011693e-06 1.084397695194638800e-06 2.412085159448906779e-04 2.847271616701618768e-06 6.400211987056536600e-06 1.510518995928578079e-05 4.277253083273535594e-06 9.634150046622380614e-05
8.600000000000000000e+04 1.220827289216686040e-05 9.586899068381171674e-06 5.166888968233251944e-06 9.777321565707097761e-07 2.398709621047601104e-04 2.772016387098119594e-06 6.087759629735955968e-06 1.421259185008239001e-05 4.939916834700852633e-06 9.515460988041013479e-05
8.650000000000000000e+04 1.673173392191529274e-05 1.779324884410016239e-05 3.804047992161940783e-06 9.619241154723567888e-07 4.667103057727217674e-04 2.860388804037938826e-06 5.068618975201388821e-06 9.762606168806087226e-06 6.037241291778627783e-06 9.592177957529202104e-05
8.700000000000000000e+04 1.713941674097441137e-05 1.727951166685670614e-05 3.656012495412142016e-06 8.654059797663649078e-07 4.614354111254215240e-04 2.702237452467670664e-06 5.051236712461104617e-06 1.188869282486848533e-05 5.318368039297638461e-06 9.396921086590737104e-05
8.750000000000000000e+04 1.936701664817519486e-05 1.809867535484954715e-05 2.771789877442643046e-05 7.088815891620470211e-06 3.383347066119313240e-04 4.803841420653043315e-06 1.329970200458774343e-05 2.067951936624012887e-05 2.217937662862823345e-06 9.581035556038841605e-05
8.800000000000000000e+04 1.934405372594483197e-05 1.852162313298322260e-05 2.215452150267083198e-05 5.144969236425822601e-06 3.345457662362605333e-04 4.280337179807247594e-06 1.432666249456815422e-05 1.642388269829098135e-05 4.640331553673604503e-06 9.292791946791112423e-05
8.850000000000000000e+04 1.681246249063406140e-05 1.164995865110540763e-05 9.434329513169359416e-06 1.541096139590081293e-06 2.785129472613334656e-04 3.333238510094815865e-06 2.502941470083897002e-06 1.372560473100747913e-05 7.013413323875283822e-06 8.790343417786061764e-05
8.900000000000000000e+04 1.591699401615187526e-05 1.104867806134279817e-05 8.272466402559075505e-06 1.436358957107586320e-06 2.770376158878207207e-04 3.232772087358171120e-06 3.443631612753961235e-06 1.230773159477394074e-05 6.711014520988101140e-06 8.698670717421919107e-05
8.950000000000000000e+04 1.896751746244262904e-05 2.159391442546620965e-05 1.323394644714426249e-05 2.074143594654742628e-06 4.416591837070882320e-04 3.190271854691673070e-06 1.758102598614641465e-06 4.647136665880680084e-05 4.627807356882840395e-06 8.847291610436514020e-05
9.000000000000000000e+04 1.911282743094488978e-05 2.138616218871902674e-05 1.157734095613704994e-05 1.841669927671318874e-06 4.385431820992380381e-04 3.154182650177972391e-06 1.607037461326399352e-06 5.722988134948536754e-05 4.818668003281345591e-06 8.766385144554078579e-05
9.050000000000000000e+04 1.816568328649736941e-05 1.283599704038351774e-05 7.455805189238162711e-06 9.990606031351489946e-07 3.197496698703616858e-04 3.593335350160486996e-06 6.153487902338383719e-06 1.148841238318709657e-05 4.197519501758506522e-06 8.592618542024865746e-05
9.100000000000000000e+04 1.805306783353444189e-05 1.252346555702388287e-05 6.628783012274652719e-06 8.816488161755842157e-07 3.177521866746246815e-04 3.442430625000270084e-06 6.247358669497771189e-06 1.153222092398209497e-05 3.732946197487763129e-06 8.483208512188866735e-05
9.150000000000000000e+04 1.913695268740411848e-05 2.521471287764143199e-05 1.366618653264595196e-05 4.190622348687611520e-06 5.610572989098727703e-04 3.131203811790328473e-06 3.674758545457734726e-06 7.741600711597129703e-05 2.945334017567802221e-06 8.193394023692235351e-05
9.200000000000000000e+04 1.929476457007694989e-05 3.119399843853898346e-05 3.509368980303406715e-05 4.990575234842253849e-06 5.522316787391901016e-04 3.026090780622325838e-06 8.010023520910181105e-06 7.422497583320364356e-05 4.135428753215819597e-06 8.233359403675422072e-05
9.250000000000000000e+04 2.338112062716390938e-05 2.081965976685751230e-05 1.246719239134108648e-05 1.471472842240473256e-06 4.759265575557947159e-04 3.126814590359572321e-06 3.876107257383409888e-06 2.522256909287534654e-05 1.274929672945290804e-05 8.151238580467179418e-05
9.300000000000000000e+04 2.310535819560755044e-05 1.994878039113245904e-05 1.004846217256272212e-05 1.219337605107284617e-06 4.740193544421344995e-04 3.110922762061818503e-06 3.550321480361162685e-06 2.371178561588749290e-05 1.188922578876372427e-05 8.080367115326225758e-05
