# step, loss_train, loss_test, metrics_test
0.000000000000000000e+00 8.247607201337814331e-02 7.074774056673049927e-02 1.518120430409908295e-02 1.400462258607149124e-02 2.215738967061042786e-02 8.331911265850067139e-02 6.960736215114593506e-02 1.228337734937667847e-02 1.289380155503749847e-02 2.305428124964237213e-02
5.000000000000000000e+02 9.899921715259552002e-04 5.642595142126083374e-02 1.994640479097142816e-04 2.637353900354355574e-04 2.566050505265593529e-03 8.695391588844358921e-04 6.399982422590255737e-02 1.727542548906058073e-04 1.335102861048653722e-04 3.247005166485905647e-03
1.000000000000000000e+03 1.355795538984239101e-03 4.419671371579170227e-03 1.722282031551003456e-04 5.488595925271511078e-04 5.468499846756458282e-03 1.255185808986425400e-03 2.851764671504497528e-03 3.260808298364281654e-04 2.231861726613715291e-04 5.756753031164407730e-03
1.500000000000000000e+03 1.579051022417843342e-04 3.535870055202394724e-04 4.994888513465411961e-05 2.319697523489594460e-05 1.677183201536536217e-03 9.274472540710121393e-05 3.014786052517592907e-04 1.150835014414042234e-04 4.991708192392252386e-05 1.174078672192990780e-03
2.000000000000000000e+03 6.256368214963003993e-05 1.628455502213910222e-04 2.368138484598603100e-05 4.151185930822975934e-05 8.678000303916633129e-04 1.436782713426509872e-05 1.890795829240232706e-04 1.478287049394566566e-05 6.796437082812190056e-05 4.861107445321977139e-04
2.500000000000000000e+03 3.014972753589972854e-05 9.608774416847154498e-05 1.565855382068548352e-05 5.296674771670950577e-06 5.571256042458117008e-04 3.367370027262950316e-06 9.745123679749667645e-05 1.200830502057215199e-05 1.558952862978912890e-05 2.262802299810573459e-04
3.000000000000000000e+03 1.979952867259271443e-05 6.372018106048926711e-05 1.260711360373534262e-05 4.544494004221633077e-06 3.894249384757131338e-04 2.043577524091233499e-06 7.020996417850255966e-05 1.268700543732848018e-05 1.050247647071955726e-05 9.677172783995047212e-05
3.500000000000000000e+03 2.169407162000425160e-05 4.828301462111994624e-05 9.010493158712051809e-06 5.371939550968818367e-06 3.105093201156705618e-04 1.383440690005954821e-06 5.530655107577331364e-05 3.881127850036136806e-05 2.328964001208078116e-05 3.571687557268887758e-05
4.000000000000000000e+03 2.051219598797615618e-05 4.119369623367674649e-05 7.044847279757959768e-06 4.353636086307233199e-06 2.471942862030118704e-04 9.713273811939870939e-07 5.421298192231915891e-05 2.571820186858531088e-05 1.816044095903635025e-05 1.892673935799393803e-05
4.500000000000000000e+03 2.721572673181071877e-05 4.177008668193593621e-05 4.819150035473285243e-06 4.178286417300114408e-06 3.427666088100522757e-04 1.135291199716448318e-06 4.193247150396928191e-05 4.545136107481084764e-06 6.471790129580767825e-06 1.256336054211715236e-05
5.000000000000000000e+03 3.668096906039863825e-05 9.619574848329648376e-05 3.836291398329194635e-06 3.239662419218802825e-06 2.753943554125726223e-04 1.019785031530773267e-06 1.430481788702309132e-04 2.643148263814509846e-06 3.762776032090187073e-06 1.602701377123594284e-05
5.500000000000000000e+03 1.831257759477011859e-05 2.374924588366411626e-05 1.038173991219082382e-06 1.304961301684670616e-06 1.510220899945124984e-04 5.603250201602349989e-07 3.212875890312716365e-05 2.804466703310026787e-06 4.469864052225602791e-06 9.293176844948902726e-06
6.000000000000000000e+03 1.926338700286578387e-05 2.187390236940700561e-05 9.123331210503238253e-07 9.932570037562982179e-07 1.429422700311988592e-04 4.547746925709361676e-07 2.955493982881307602e-05 2.811450485751265660e-06 3.749308689293684438e-06 8.185667866200674325e-06
6.500000000000000000e+03 1.649901423661503941e-05 2.318517726962454617e-05 1.853907861004699953e-06 1.004446289698535111e-06 1.305744808632880449e-04 3.951368228172214003e-07 4.176573929726146162e-05 4.747173079522326589e-06 6.034325451764743775e-06 1.183162748930044472e-05
7.000000000000000000e+03 2.038335696852300316e-05 1.932074155774898827e-05 1.146264708040689584e-06 1.189570866699796170e-06 1.136832142947241664e-04 4.364998460459901253e-07 4.121257370570674539e-05 2.929346692326362245e-06 1.079434787243371829e-05 1.140716267400421202e-05
7.500000000000000000e+03 1.910419450723566115e-05 1.765365777828264982e-05 8.358104537364852149e-07 1.208006210617895704e-06 7.585414277855306864e-05 3.570525848317629425e-07 3.006872429978102446e-05 8.881686994755000342e-07 2.033527607636642642e-06 5.497984602698124945e-06
8.000000000000000000e+03 1.935176987899467349e-05 1.620982766326051205e-05 7.015744358795927837e-07 8.594742553214018699e-07 6.804939766880124807e-05 3.125735474895918742e-07 3.828615444945171475e-05 9.519869195173669141e-07 2.453422894177492708e-06 4.866069957643048838e-06
8.500000000000000000e+03 2.807631426549050957e-05 1.901871291920542717e-05 1.177549620479112491e-06 1.091480839932046365e-06 1.596240472281351686e-04 3.641699493073247140e-07 6.592490535695105791e-05 1.243298015651816968e-06 2.366450644331052899e-06 3.694944780363584869e-06
9.000000000000000000e+03 2.625285742396954447e-05 1.687642179604154080e-05 6.243959091989381704e-07 9.282630344387143850e-07 1.498136407462880015e-04 2.995741397171514109e-07 6.760432734154164791e-05 2.132192321369075216e-06 2.891783196901087649e-06 2.970966534121544100e-06
9.500000000000000000e+03 1.896709181892219931e-05 1.429934400221100077e-05 5.546352213059435599e-07 8.998709972729557194e-07 9.103887714445590973e-05 2.583879563644586597e-07 3.383026341907680035e-05 1.565828029015392531e-06 5.097652774566086009e-06 3.622800932134850882e-06
1.000000000000000000e+04 1.699909807939548045e-05 1.387234988214913756e-05 3.742420062735618558e-07 6.250635919968772214e-07 8.827713463688269258e-05 3.079088628510362469e-07 2.774620588752441108e-05 1.442723373656917829e-06 9.175886589218862355e-06 4.025560428999597207e-06
1.050000000000000000e+04 3.091170583502389491e-05 1.590814827068243176e-05 4.984006523045536596e-07 5.096865152154350653e-07 1.528017019154503942e-04 4.210998554299294483e-07 6.138132448541000485e-05 7.691596692893654108e-07 3.272036110502085648e-06 5.121269623487023637e-06
1.100000000000000000e+04 2.897366721299476922e-05 1.534164948679972440e-05 5.786617975900298916e-07 4.356417377948673675e-07 1.410585828125476837e-04 5.526328550331527367e-07 4.862190689891576767e-05 1.022555920826562215e-06 6.543496056110598147e-06 5.244793101155664772e-06
1.150000000000000000e+04 1.272155896003823727e-05 8.545868695364333689e-06 3.370027741311787395e-07 3.620171469265187625e-07 4.435611117514781654e-05 4.617151887487125350e-07 1.628048084967304021e-05 1.110919470193039160e-06 4.150268978264648467e-06 3.604257472034078091e-06
1.200000000000000000e+04 1.178377169708255678e-05 7.878108590375632048e-06 3.404544770546635846e-07 2.678434611880220473e-07 4.167996303294785321e-05 4.374104207727214089e-07 1.633451938687358052e-05 1.330396003140776884e-06 4.825000360142439604e-06 3.369860678503755480e-06
1.250000000000000000e+04 1.801383223209995776e-05 1.258657539437990636e-05 3.082789703512389679e-07 2.660964071310445433e-07 1.011858403217047453e-04 3.142118600862886524e-07 2.029104143730364740e-05 4.321675248775136424e-07 9.771250688572763465e-07 5.222575964580755681e-06
1.300000000000000000e+04 1.514662653789855540e-05 1.198959580506198108e-05 2.715768800953810569e-07 2.348548946429218631e-07 1.024130906444042921e-04 2.798317666474758880e-07 1.943424831551965326e-05 1.782650258519424824e-07 1.226584004143660422e-06 5.433455498859984800e-06
1.350000000000000000e+04 7.921140422695316374e-06 1.511843765911180526e-05 1.700447995744980290e-07 2.389052724538487382e-07 3.429467324167490005e-05 4.127111878915457055e-07 3.669343277579173446e-05 1.038110667650471441e-06 1.347672650808817707e-06 9.697263294583535753e-07
1.400000000000000000e+04 8.874334525899030268e-06 6.223619038792094216e-06 1.468120416348028812e-07 7.498352516677186941e-08 3.055200795643031597e-05 4.250182144005520968e-07 1.934351894306018949e-05 3.233084839848743286e-07 1.496236336606671102e-06 1.132696525019127876e-06
1.450000000000000000e+04 1.977680403797421604e-05 1.190806142403744161e-05 2.206423914685728960e-07 2.001784906724424218e-07 1.406307856086641550e-04 3.473699052847223356e-07 1.754290678945835680e-05 1.064378125192888547e-06 5.606148647530062590e-07 2.149836745957145467e-06
1.500000000000000000e+04 1.949571742443367839e-05 1.075573254638584331e-05 1.811788905570210773e-07 1.193118919218250085e-07 1.318680151598528028e-04 3.282190164100029506e-07 1.840597542468458414e-05 2.159839368687244132e-06 2.797990532599214930e-07 2.109389697579899803e-06
1.550000000000000000e+04 1.192598847410408780e-05 5.907085778744658455e-06 4.801275963473017327e-07 2.506378962152666645e-07 5.594746835413388908e-05 2.742844174008496339e-07 1.291966691496782005e-05 7.733604547865979839e-07 2.425610716727533145e-07 2.504805706848856062e-06
1.600000000000000000e+04 1.091883950721239671e-05 5.886273811483988538e-06 3.365755389950209064e-07 1.320507436730622430e-07 5.347148544387891889e-05 2.347830445614818018e-07 1.222238097398076206e-05 6.506523959615151398e-07 6.766745741515478585e-08 2.597862930997507647e-06
1.650000000000000000e+04 2.606295493023935705e-05 7.731082405371125787e-06 4.107677682441135403e-07 1.122702883549209218e-06 7.160066888900473714e-05 2.205955951239957358e-07 2.518246583349537104e-05 4.365335826150840148e-07 3.012627303178305738e-07 1.541455958431470208e-06
1.700000000000000000e+04 2.260355358885135502e-05 8.983294719655532390e-06 3.016781136011559283e-07 1.102093165172846057e-06 6.101387043599970639e-05 2.078892578083468834e-07 3.041153468075208366e-05 1.575629511307852226e-07 6.287186806730460376e-07 1.638515755075786728e-06
1.750000000000000000e+04 1.724249705148395151e-05 6.899964773765532300e-06 1.453647371363331331e-07 1.518340440043175477e-07 7.116038614185526967e-05 1.856225679830458830e-07 1.884401353891007602e-05 6.170895403556642123e-07 5.920272201365150977e-07 1.009600509860320017e-06
1.800000000000000000e+04 1.388144482916686684e-05 6.421093075914541259e-06 1.737616059926949674e-07 1.213900588936667191e-07 6.966723594814538956e-05 1.631579493732715491e-07 1.747299029375426471e-05 2.903079234783945139e-07 1.037336687659262680e-06 9.884907967716571875e-07
1.850000000000000000e+04 1.563969453854952008e-05 1.608534330443944782e-05 5.175994033379538450e-07 9.755349310580641031e-07 1.231217029271647334e-04 1.560290741053904640e-07 2.384301296842750162e-05 2.409183252893853933e-07 5.552006996367708780e-07 1.458068595638906118e-06
1.900000000000000000e+04 1.259359578398289159e-05 6.795625085942447186e-05 3.964386507959716255e-07 9.508234484201238956e-07 1.017406393657438457e-04 1.339010822221098351e-07 4.492168955039232969e-05 9.089503691939171404e-07 5.431118097476428375e-07 3.994361577497329563e-06
1.950000000000000000e+04 8.515595254721120000e-06 4.819134574063355103e-06 2.789846007544838358e-07 2.179092888354716706e-07 1.983757283596787602e-05 1.624037651026810636e-07 1.677036016189958900e-05 1.866060443944661529e-07 1.678714056652097497e-07 8.921791163629677612e-07
2.000000000000000000e+04 7.103784810169599950e-06 3.822649432549951598e-06 2.662482359028217616e-07 1.416454580294157495e-07 1.995737511606421322e-05 1.253250019317420083e-07 1.534457987872883677e-05 2.251939150710313697e-07 2.816966286900424166e-07 8.157917932294367347e-07
2.050000000000000000e+04 1.454162975278450176e-05 5.986479663988575339e-06 1.953196004933488439e-07 2.005744335065173800e-07 4.956560223945416510e-05 1.169879269014018064e-07 2.525956006138585508e-05 4.199267777948989533e-07 7.476662062799732666e-07 1.901061636999656912e-06
2.100000000000000000e+04 1.321766740147722885e-05 4.398585133458254859e-06 2.607898181850032415e-07 2.151772662273288006e-07 4.354427073849365115e-05 1.258864443798302091e-07 2.166217745980247855e-05 5.989471105749544222e-07 1.564989815960871056e-06 1.968430524357245304e-06
2.150000000000000000e+04 1.122368394135264680e-05 1.009703737508971244e-05 4.018692152385483496e-07 3.294343287052470259e-07 1.306486810790374875e-04 1.316843167842307594e-07 1.471200721425702795e-05 1.608997877156070899e-06 4.052272743138018996e-06 3.900342107954202220e-06
2.200000000000000000e+04 1.095385505323065445e-05 1.048608191922539845e-05 4.775055231220903806e-07 1.363025461387223913e-07 1.247345207957550883e-04 1.235710271885182010e-07 1.370575319015188143e-05 2.037168769675190561e-06 6.169687480905849952e-07 4.155438546149525791e-06
2.250000000000000000e+04 1.173214695882052183e-05 5.804728061775676906e-06 5.758348606832441874e-07 9.695083917904412374e-07 6.656707410002127290e-05 8.910041060516959988e-08 7.688068762945476919e-06 1.616015197214437649e-07 2.828545120792114176e-06 2.364274223509710282e-06
2.300000000000000000e+04 9.166657946479972452e-06 5.725906248699175194e-06 3.028994512987992493e-07 7.023314765319810249e-07 6.632395525230094790e-05 8.311308619113333407e-08 6.247955752769485116e-06 2.652988371210085461e-07 5.813636562379542738e-06 2.093629746013903059e-06
2.350000000000000000e+04 8.376502592000178993e-06 3.062693167521501891e-06 1.069899866479318007e-07 1.506834479414465022e-07 1.447253544029081240e-05 8.285886110570572782e-08 6.397119705070508644e-06 1.918355792440706864e-06 2.075346628771512769e-06 1.278087324863008689e-06
2.400000000000000000e+04 7.261790415213909000e-06 2.571454615463153459e-06 8.376168381118986872e-08 1.375483691390400054e-07 1.142754808824975044e-05 7.531966872420525760e-08 4.331956006353721023e-06 3.066935050810570829e-06 1.924189291457878426e-06 1.053770006365084555e-06
2.450000000000000000e+04 9.151340236712712795e-06 3.350345195940462872e-06 5.832470151290181093e-07 3.746476693322620122e-07 2.873127414204645902e-05 7.383204803090848145e-08 5.504395176103571430e-06 1.280204969589249231e-06 8.037779480218887329e-06 5.849592525919433683e-07
2.500000000000000000e+04 7.811365321686025709e-06 6.311021570581942797e-05 6.924141757735924330e-07 1.227921075042104349e-06 3.001571531058289111e-05 8.655705840965310927e-08 4.298784187994897366e-05 2.825033561748568900e-06 1.704240094113629311e-05 5.401037014962639660e-06
2.550000000000000000e+04 7.494856163248186931e-06 2.832479594871983863e-06 1.695305940074831597e-07 2.059411201571492711e-07 1.672475445957388729e-05 7.860568729256556253e-08 6.880989985802443698e-06 5.911000471314764582e-07 6.266584477998549119e-07 6.013110009916999843e-07
2.600000000000000000e+04 6.332732482405845076e-06 5.758917541243135929e-05 2.302273571785917738e-07 1.206821593768836465e-06 1.372793485643342137e-05 8.420877861681219656e-08 3.404352173674851656e-05 6.467525395237316843e-07 9.032119123730808496e-07 3.287679646746255457e-06
2.650000000000000000e+04 4.475641617318615317e-06 4.615961188392248005e-06 1.076428404189755383e-07 7.741285656948093674e-08 3.558856406016275287e-05 7.946660929292193032e-08 2.766671286735800095e-06 4.414223440107889473e-07 4.081323368154698983e-07 1.505841964899445884e-06
2.700000000000000000e+04 3.511080876705818810e-06 3.795310703935683705e-06 7.765695642092396156e-08 6.677457520254392875e-08 3.281361932749859989e-05 5.937038594083787757e-08 3.370688091308693402e-06 4.116208742743765470e-07 3.436770441567205125e-07 8.177271979548095260e-07
2.750000000000000000e+04 6.514117103506578133e-06 3.678524763017776422e-06 2.790783639738947386e-07 2.371157563629822107e-07 1.334241460426710546e-05 7.203957608226119191e-08 6.286637471930589527e-06 1.405289367539808154e-06 2.728662593654007651e-07 4.091762662028486375e-07
2.800000000000000000e+04 5.485584551934152842e-06 4.012189037894131616e-06 1.826482645128635340e-07 2.165171366641516215e-07 1.065441028913483024e-05 6.374380490115072462e-08 4.977116077498067170e-06 2.881514319597044960e-06 1.349825083707401063e-06 4.193317124645545846e-07
2.850000000000000000e+04 5.861268164153443649e-06 6.536814453284023330e-06 3.089020310653722845e-07 2.279617490330565488e-07 7.284976163646206260e-05 7.623683728752439492e-08 7.336132512136828154e-06 3.788167646234796848e-07 7.845158506825100631e-06 1.293489845011208672e-06
2.900000000000000000e+04 5.751453954871976748e-06 6.177398972795344889e-06 2.465949648922105553e-07 2.909355032443272648e-07 6.389938062056899071e-05 7.794153589202323928e-08 6.962095085327746347e-06 4.303370246816484723e-07 9.285673513659276068e-06 7.601572633575415239e-07
2.950000000000000000e+04 7.318175903492374346e-06 2.205077180406078696e-06 1.780941261131374631e-07 1.517383623195200926e-07 1.254911876458209008e-05 6.670026664323813748e-08 3.738520263141253963e-06 1.729976162323509925e-07 7.417980896207154728e-07 3.655047748907236382e-07
3.000000000000000000e+04 5.442772817332297564e-06 1.860791940089256968e-06 7.400505097621135064e-08 8.564286702039680677e-08 9.275463526137173176e-06 5.060200436446393724e-08 2.206180170105653815e-06 4.102718094145529903e-07 3.874156959682295565e-07 4.022707003059622366e-07
3.050000000000000000e+04 9.512857104709837586e-06 2.058038717223098502e-06 4.967537137190447538e-08 1.293107487754241447e-07 1.173986947833327577e-05 4.846762280408256629e-08 3.614768957049818709e-06 1.424685507345202495e-07 4.150748736719833687e-06 4.144969523167674197e-07
3.100000000000000000e+04 6.429851055145263672e-06 3.540560282999649644e-05 7.501687093736109091e-08 2.360826130143323098e-07 1.004440218821400777e-05 5.306489114786927530e-08 2.349394162592943758e-05 3.902476066741655814e-07 1.059238002198981121e-05 3.507114797685062513e-06
3.150000000000000000e+04 3.712663328769849613e-06 2.583637979114428163e-06 4.857389868107020447e-08 9.342690532321284991e-08 1.786746724974364042e-05 4.969629330275893153e-08 6.564254817931214347e-06 1.593097977092838846e-06 1.059196347341639921e-05 3.056032028325716965e-06
3.200000000000000000e+04 2.908501755882753059e-06 2.327670927115832455e-06 3.803448933581421443e-08 6.601732849276231718e-08 1.498205165262334049e-05 5.193601637643041613e-08 5.545646672544535249e-06 1.899251287795777898e-06 9.726978532853536308e-06 4.430838998814579099e-06
3.250000000000000000e+04 3.874561571137746796e-06 4.018744220957159996e-06 8.421939412528445246e-08 8.570097520532726776e-08 3.692723112180829048e-05 4.051234014923466020e-08 2.907150928876944818e-06 2.936920679985632887e-07 6.179041633913584519e-07 1.851293177423940506e-06
3.300000000000000000e+04 3.461367441559559666e-06 4.159001946391072124e-06 3.212398524965465185e-08 3.434135464885912370e-08 3.080034366576001048e-05 4.381984197721067176e-08 2.303548399140709080e-06 6.690947884635534137e-08 5.753884693149302620e-07 2.023554543484351598e-06
3.350000000000000000e+04 7.957793968671467155e-06 2.158093593607190996e-06 7.916293753851277870e-08 1.951935928445891477e-07 1.396723837387980893e-05 3.978509255375684006e-08 2.842677986336639151e-06 6.488703263585193781e-08 3.647424136943300255e-06 7.610404395563818980e-07
3.400000000000000000e+04 6.714589289913419634e-06 2.104460463669965975e-06 5.046651807560920133e-08 1.188126148576884589e-07 1.026865811581956223e-05 3.397575909502847935e-08 1.875410475804528687e-06 5.918794343529043545e-08 4.705502306023845449e-06 1.070230382538284175e-06
3.450000000000000000e+04 3.159260359097970650e-06 2.010382786465925165e-06 5.308696415795566281e-08 5.398576519155540154e-08 8.557001820008736104e-06 2.990585912243659550e-08 4.437406914803432301e-06 6.868671675874793436e-08 4.224988288115127943e-07 1.008907929644919932e-06
3.500000000000000000e+04 2.564185024311882444e-06 2.031203621299937367e-06 3.996222375235447544e-08 3.343116006249147176e-08 5.720461558667011559e-06 3.037754225942990161e-08 4.840552719542756677e-06 7.119933087551544304e-08 4.063262792897148756e-07 1.694850539024628233e-06
3.550000000000000000e+04 3.185357172696967609e-06 2.297548462593113072e-06 7.949390834482983337e-08 1.012977506320567045e-07 3.277281848568236455e-06 2.552445543813064432e-08 4.834958417632151395e-06 1.721329795145720709e-06 1.212687266161083244e-07 3.803779236477566883e-06
3.600000000000000000e+04 2.482487616362050176e-06 1.551581954117864370e-05 6.187472223473378108e-08 5.254280210920114769e-08 2.219457883256836794e-06 2.381969999021293916e-08 1.254121343663427979e-05 1.953101673279888928e-06 1.138453058047161903e-06 9.433872037334367633e-06
3.650000000000000000e+04 6.650060640822630376e-06 2.355467586312443018e-06 1.093907329163812392e-07 1.511986482682914357e-07 1.022141350404126570e-05 1.893545231723692268e-08 2.071839844575151801e-06 1.124999826629391464e-07 1.187335101349162869e-07 2.045112887572031468e-05
3.700000000000000000e+04 5.759550731454510242e-06 1.788539861991012003e-06 4.979485979106357263e-08 8.447543109468824696e-08 6.540478807437466457e-06 1.532705695694858150e-08 2.157107701350469142e-06 1.088388188463795814e-07 1.271632044108628179e-07 2.997945193783380091e-05
3.750000000000000000e+04 5.134938419359968975e-06 4.470662133826408535e-06 2.906907248245715891e-08 1.072955839731548622e-07 6.089899034122936428e-05 1.694630213933123741e-08 4.045742571179289371e-06 1.974948133920406690e-07 8.045398317335639149e-06 8.840402756504772697e-07
3.800000000000000000e+04 4.410878318594768643e-06 2.448846544211846776e-06 8.998667055948317284e-08 4.911450446343224030e-08 4.554362749331630766e-05 1.967496032762028335e-08 4.228818852425320074e-06 8.671950979532994097e-08 6.994949671934591606e-06 1.465409695811104029e-06
3.850000000000000000e+04 2.906383315348648466e-06 2.799924232022021897e-06 3.213571915239299415e-07 3.424782946126470051e-08 1.385012274113250896e-05 3.820416338840004755e-08 4.355143573775421828e-06 1.161507938718386868e-07 2.191546627727802843e-06 1.932506847879267298e-06
3.900000000000000000e+04 2.840869228748488240e-06 2.139116077159997076e-06 1.864023602138331626e-07 3.392552372361024027e-08 1.049901493388460949e-05 3.607139476002885203e-08 5.312008852342842147e-06 1.496411670132147265e-07 3.127007403236348182e-06 1.582096729180193506e-06
3.950000000000000000e+04 3.013574541910202242e-06 6.892777037137420848e-06 4.241835327434273495e-08 1.537400180495751556e-07 2.312780452484730631e-06 4.099423023262716015e-08 2.829471668519545346e-06 1.007195962188234262e-07 1.441355016140732914e-05 4.182188320100976853e-07
4.000000000000000000e+04 2.415627477603266016e-06 1.683497316662396770e-06 2.734608806065352837e-08 6.063700652703118976e-08 1.781274704626412131e-06 3.391010849895792489e-08 1.970508265003445558e-06 7.479965091761187068e-09 1.513906590844271705e-05 5.866788228559016716e-07
4.050000000000000000e+04 4.069417627761140466e-06 6.951673185540130362e-06 9.241839649121175171e-08 1.022076148160522280e-07 4.877231913269497454e-05 3.159489025961192965e-08 2.204800011895713396e-06 9.758747410160140134e-08 6.122065315139479935e-06 2.398103242740035057e-05
4.100000000000000000e+04 3.023073986696545035e-06 6.835192834842018783e-06 1.054667819744281587e-07 7.607150820376773481e-08 4.227639510645531118e-05 2.793697717606846709e-08 1.663979105614998844e-06 1.958473916374714463e-07 3.440338332438841462e-06 3.767191083170473576e-05
4.150000000000000000e+04 2.875133759516756982e-06 3.861519417114323005e-06 9.156919134056806797e-08 1.396312114820830175e-07 2.449046587571501732e-05 3.690861305472026288e-08 1.241514269167964812e-06 2.541745836026620964e-08 2.571494633230031468e-06 9.984173084376379848e-05
4.200000000000000000e+04 2.626766445246175863e-06 4.965291736880317330e-06 8.096040460259246174e-08 8.286466623985688784e-08 1.880808849819004536e-05 3.317526520163482928e-08 1.589502403476217296e-06 5.872585973065724829e-08 3.299443960713688284e-06 1.564661506563425064e-04
4.250000000000000000e+04 2.202715677412925288e-06 3.741578893823316321e-06 7.299219362266740063e-08 3.527852143747622904e-08 3.298195588286034763e-05 2.370194174261541775e-08 1.692792466201353818e-06 3.620451707320171408e-07 1.958318716788198799e-05 1.901607674881233834e-06
4.300000000000000000e+04 1.720723162179638166e-06 3.624862074502743781e-06 7.238411825483126449e-08 1.867868704152897408e-08 3.059458686038851738e-05 1.989806541757843661e-08 1.958108668986824341e-06 7.601101259524511988e-08 1.698254345683380961e-05 3.466432872301083989e-06
4.350000000000000000e+04 6.858530014142161235e-06 2.946993390651186928e-06 3.339349063935515005e-07 2.896733235502324533e-07 3.105790892732329667e-05 2.031101686839065223e-08 3.390933898117509671e-06 3.012514326883319882e-08 9.424526979273650795e-06 1.295074298468534835e-06
4.400000000000000000e+04 4.543766863207565621e-06 2.137974888682947494e-06 2.528795448597520590e-07 1.711797352754729218e-07 1.238469121744856238e-05 1.947759997733555792e-08 4.800330771104199812e-06 1.519789982751262869e-08 7.750096301606390625e-06 2.298917934240307659e-06
4.450000000000000000e+04 3.323002374600037001e-06 1.257297071788343601e-06 4.897488636856905941e-08 1.485383762656056206e-07 9.451315463593346067e-07 2.238585850022900559e-08 2.227207460236968473e-06 6.940217289752581564e-09 9.159934393210278358e-07 6.109412424848414958e-07
4.500000000000000000e+04 3.016096798091894016e-06 1.531150337541475892e-05 5.563583727052900940e-08 1.770443844861802063e-07 8.179156907317519654e-07 2.140468247091575904e-08 7.101637493178714067e-06 1.640924018886380509e-08 9.098470172830275260e-07 2.577226041466929018e-06
4.550000000000000000e+04 4.800559509021695703e-06 6.062253669369965792e-05 1.472473059038748033e-07 2.064035555804366595e-07 1.932798841153271496e-05 1.370779045828385279e-08 2.087963002850301564e-05 2.222576682697763317e-07 1.178480374619539361e-06 1.700263783277478069e-05
4.600000000000000000e+04 4.037152848468394950e-06 2.708854481170419604e-05 9.073742290865993709e-08 1.273967171755430172e-07 2.431924986012745649e-05 3.088149114205407386e-08 1.031768897519214079e-05 9.959863689346093452e-08 3.834992185147712007e-06 1.152322624875523616e-06
4.650000000000000000e+04 1.855103846537531354e-06 1.377317630613106303e-06 2.459600700888131541e-08 4.330325253931732732e-08 1.286496967622952070e-06 3.090165634489494551e-08 1.789160137377621140e-06 2.044715508020544803e-08 3.347431857037008740e-06 2.695324610613170080e-06
4.700000000000000000e+04 1.359430939373851288e-06 1.233097918884595856e-06 3.304650419977406273e-08 4.300546763147394813e-08 1.125433641391282436e-06 1.742822242079000716e-08 1.997132130782119930e-06 1.469293398059789979e-08 3.631013669291860424e-06 3.104997176706092432e-06
4.750000000000000000e+04 1.630428869248135015e-06 3.426161492825485766e-05 7.871943097370603937e-08 1.772034039504433167e-07 5.375430646381573752e-06 1.116655834465518637e-08 3.724474299815483391e-05 1.256294446250194596e-08 3.275856215623207390e-06 8.494270332448650151e-06
4.800000000000000000e+04 1.084857444766385015e-06 6.481472496489004698e-07 3.153490268914538319e-08 1.791683068574911886e-08 4.152970802806521533e-07 1.140347993811019478e-08 3.579829353839159012e-06 3.911447166160542110e-09 3.991829544247593731e-06 6.692801889585098252e-06
4.850000000000000000e+04 1.132539864556747489e-06 2.579971442173700780e-05 3.715397411951926188e-08 1.735380266154606943e-07 2.275469796586548910e-06 1.057096721268635520e-08 2.646105349413119256e-05 7.927451406430918723e-08 2.223850287919049151e-06 3.437256282268208452e-06
4.900000000000000000e+04 8.057850777731800918e-07 7.159408710322168190e-07 2.568463663976672251e-08 6.820621223369016661e-08 3.477668144569179276e-07 1.031997953759855591e-08 2.302882649019011296e-06 1.721114273323109956e-08 1.478179456171346828e-06 1.544508108963782433e-06
4.950000000000000000e+04 1.810227558962651528e-06 5.007987624594534282e-07 1.166320089396322146e-07 6.016779963147200760e-08 5.104108709019783419e-07 1.040717823030945510e-08 1.320800947723910213e-06 1.610452038391940732e-08 7.061945325403939933e-06 1.125435687754361425e-06
5.000000000000000000e+04 1.481645654166641179e-06 5.512493999049183913e-07 8.165944365146060591e-08 5.674496961205477419e-08 4.500422789988078875e-07 1.122982951073936420e-08 1.068981418939074501e-06 6.662805862589493699e-09 8.100033483060542494e-06 1.016732312564272434e-06
5.050000000000000000e+04 8.797330337984021753e-06 1.420615444658324122e-05 1.074314468496595509e-06 4.701500984083395451e-07 1.258415140910074115e-04 1.178215072172861255e-07 4.468161023396532983e-06 4.361872640856745420e-07 1.838508796936366707e-05 4.844221166422357783e-06
5.100000000000000000e+04 8.252634870586916804e-06 1.069800782715901732e-05 5.711860922019695863e-07 1.285346087342986721e-07 1.061175280483439565e-04 2.689757039320284093e-08 2.170753532482194714e-06 1.362137993510259548e-07 9.456063708057627082e-06 5.348350896383635700e-06
5.150000000000000000e+04 5.817680630570976064e-06 5.148021500644972548e-06 1.786355454669319442e-07 8.532931161653323215e-08 3.183735316270031035e-05 1.980522945643770072e-08 5.015326223656302318e-06 2.345631777700418752e-08 2.118359361702459864e-06 1.696446997812017798e-05
5.200000000000000000e+04 4.947189609083579853e-06 4.554970473691355437e-06 1.379756611186166992e-07 1.206007880227843998e-07 2.087718348775524646e-05 2.976551805033977871e-08 5.948180842096917331e-06 2.469933413351554918e-08 1.747399778651015367e-06 2.713658614084124565e-05
5.250000000000000000e+04 3.331336301926057786e-06 3.188070877513382584e-06 2.062650565903823008e-07 5.428620397651684470e-08 1.730119220155756921e-05 1.640011326742296660e-08 2.182360049118869938e-06 5.840280437041656114e-07 3.239704710722435266e-06 1.245624207513174042e-05
5.300000000000000000e+04 2.866050408556475304e-06 2.820813733706017956e-06 1.798144069198315265e-07 6.023224585760544869e-08 1.171474104921799153e-05 1.371986702025651539e-08 2.436671366012888029e-06 5.447812441161659081e-07 5.291057277645450085e-06 1.693012563919182867e-05
5.350000000000000000e+04 3.713764499480021186e-06 6.893831596244126558e-06 1.266315905468218261e-07 5.654122148257556546e-08 2.150407090084627271e-05 2.182595792987740424e-08 2.086873564621782862e-06 2.057388428511330858e-07 1.129184693127172068e-05 2.642167783051263541e-05
5.400000000000000000e+04 2.908030637627234682e-06 7.326933427975745872e-06 1.519163816965374281e-07 3.277178706184713519e-08 1.632852945476770401e-05 2.082384575885498634e-08 2.179939656343776733e-06 2.812180639466532739e-07 8.852531209413427860e-06 3.863452002406120300e-05
5.450000000000000000e+04 5.059833711129613221e-06 3.305315431134658866e-06 1.016609587622951949e-07 5.870887065384522430e-08 6.987704182392917573e-06 2.564459045117928326e-08 1.785346512406249531e-06 9.710785775496333372e-08 4.754001110995886847e-06 1.436619058949872851e-04
5.500000000000000000e+04 3.299752279417589307e-06 2.609983312140684575e-06 1.004616905220245826e-07 5.058725349726955756e-08 4.534223080554511398e-06 1.543529037917323876e-08 2.080866352116572671e-06 1.213700215885182843e-07 5.789404440292855725e-06 1.647080644033849239e-04
5.550000000000000000e+04 3.389698804312502034e-06 4.013486886833561584e-06 1.469236252660266473e-07 1.518477716899724328e-07 1.021411389956483617e-05 2.772792839778048801e-08 4.176139100309228525e-06 4.211017767374869436e-06 3.246929509259643964e-06 4.180348332738503814e-05
5.600000000000000000e+04 2.774327867882675491e-06 7.751898010610602796e-06 1.043317823246070475e-07 1.516673364676535130e-07 6.308057436399394646e-06 3.146793048358631495e-08 1.291480657528154552e-05 4.605060439644148573e-06 2.368243485761922784e-06 3.321620533824898303e-05
5.650000000000000000e+04 1.554006189508072566e-06 2.625326942506944761e-06 6.949220221486029914e-08 2.613219152181045501e-08 3.808196197496727109e-06 2.116140507268937654e-08 4.375013304525054991e-06 2.002712022886043997e-07 7.310457306175521808e-08 1.053615233104210347e-05
5.700000000000000000e+04 1.129147904066485353e-06 1.718214662105310708e-06 5.007085945862854715e-08 1.450453002149743043e-08 3.702710955622023903e-06 1.847513964037261758e-08 3.476586016404326074e-06 1.410748069474720978e-07 4.568877898236678448e-08 1.105410410673357546e-05
5.750000000000000000e+04 1.805788883757486474e-06 2.670471303645172156e-06 8.724818201244488591e-08 4.747755966150180029e-08 4.073035142937442288e-06 1.598128029911549675e-08 4.851480298384558409e-06 1.971083491980607505e-07 4.185235411569010466e-06 1.077976207852771040e-06
5.800000000000000000e+04 1.296121013183437753e-06 1.691815214144298807e-06 2.528418008296284825e-08 4.378187057341165200e-08 2.420241344225360081e-06 1.815402228544371610e-08 3.257742946516373195e-06 5.406965897236659657e-08 4.588969659380381927e-06 7.315812240449304227e-07
5.850000000000000000e+04 1.598965468474489171e-06 2.744177436397876590e-06 1.719852065207305714e-07 1.945779004586256633e-08 4.531926606432534754e-06 2.179892000242489303e-08 3.318128847240586765e-06 1.799253368517383933e-08 4.673176135838730261e-06 9.117354238696862012e-06
5.900000000000000000e+04 1.379991090288967825e-06 2.972783477162010968e-05 1.328174192849473911e-07 5.886471043936580827e-08 5.135183073434745893e-06 1.640771607469559967e-08 1.674795566941611469e-05 3.080621979734132765e-08 3.935682798328343779e-06 4.427895873959641904e-06
