# step, loss_train, loss_test, metrics_test
0.000000000000000000e+00 2.163056284189224243e-01 7.266990840435028076e-02 1.904962584376335144e-02 3.744077868759632111e-03 2.848815172910690308e-03 2.177114337682723999e-01 1.336059570312500000e-01 3.851544111967086792e-02 9.295823838328942657e-05 3.773920470848679543e-03
5.000000000000000000e+02 4.952819272875785828e-02 5.843134224414825439e-02 3.706658724695444107e-03 4.880065098404884338e-04 1.749670715071260929e-03 4.954125359654426575e-02 6.616941094398498535e-02 1.243520528078079224e-02 2.464779827278107405e-04 2.570275217294692993e-03
1.000000000000000000e+03 8.795712143182754517e-03 5.901072919368743896e-02 1.380219589918851852e-03 2.361062943236902356e-04 4.112751688808202744e-03 8.572872728109359741e-03 6.438147276639938354e-02 6.197025533765554428e-03 4.239747941028326750e-04 4.830313380807638168e-03
1.500000000000000000e+03 2.382459584623575211e-03 6.969022005796432495e-02 8.454848430119454861e-04 1.803830673452466726e-04 7.110755424946546555e-03 2.191754756495356560e-03 6.502977013587951660e-02 5.705840885639190674e-03 2.902010455727577209e-04 7.652524393051862717e-03
2.000000000000000000e+03 1.518393983133137226e-03 6.911178678274154663e-02 7.541641243733465672e-04 1.825468061724677682e-04 7.693090010434389114e-03 1.354022533632814884e-03 6.505694240331649780e-02 5.136480089277029037e-03 2.952461072709411383e-04 8.211244828999042511e-03
2.500000000000000000e+03 1.304520294070243835e-03 8.203625679016113281e-02 8.912294288165867329e-04 2.408311120234429836e-04 7.800735067576169968e-03 1.213123439811170101e-03 6.467968225479125977e-02 3.869253676384687424e-03 4.158090741839259863e-04 8.162179961800575256e-03
3.000000000000000000e+03 1.016745110973715782e-03 8.199907094240188599e-02 7.326204213313758373e-04 2.234013663837686181e-04 7.504652254283428192e-03 9.548799134790897369e-04 6.462839245796203613e-02 3.210414899513125420e-03 3.979173779953271151e-04 7.878088392317295074e-03
3.500000000000000000e+03 1.766694127582013607e-03 6.655305624008178711e-02 4.392018017824739218e-04 2.506266173440963030e-04 5.013579502701759338e-03 1.757769379764795303e-03 6.469637155532836914e-02 2.702149329707026482e-03 5.869056330993771553e-04 5.578201729804277420e-03
4.000000000000000000e+03 1.545396517030894756e-03 6.613222509622573853e-02 3.641828079707920551e-04 2.795538457576185465e-04 4.667927976697683334e-03 1.545051229186356068e-03 6.458281725645065308e-02 2.269738120958209038e-03 6.702481186948716640e-04 5.243204534053802490e-03
4.500000000000000000e+03 3.177430480718612671e-04 5.406613647937774658e-02 2.815565094351768494e-04 1.800058234948664904e-04 3.848871914669871330e-03 2.787336416076868773e-04 6.705468893051147461e-02 1.954993000254034996e-03 3.922671603504568338e-04 4.493008833378553391e-03
5.000000000000000000e+03 2.695470466278493404e-04 5.405152961611747742e-02 2.413757028989493847e-04 1.767131616361439228e-04 3.706859191879630089e-03 2.334633172722533345e-04 6.700807809829711914e-02 1.672428334131836891e-03 3.717081854119896889e-04 4.354505334049463272e-03
5.500000000000000000e+03 3.130011027678847313e-04 5.888306722044944763e-02 2.121955913025885820e-04 1.812988921301439404e-04 3.702190704643726349e-03 2.837631618604063988e-04 6.633877009153366089e-02 1.464908244088292122e-03 4.439827753230929375e-04 4.270242527127265930e-03
6.000000000000000000e+03 3.134475846309214830e-04 5.886634066700935364e-02 1.812417758628726006e-04 1.791942340787500143e-04 3.551010973751544952e-03 2.797658962663263083e-04 6.624483317136764526e-02 1.224314328283071518e-03 4.240957205183804035e-04 4.123267251998186111e-03
6.500000000000000000e+03 2.309871342731639743e-04 6.076896190643310547e-02 2.026224683504551649e-04 1.805377687560394406e-04 3.901340998709201813e-03 2.053731295745819807e-04 6.597799062728881836e-02 9.413649677298963070e-04 3.274543560110032558e-04 4.519211128354072571e-03
7.000000000000000000e+03 2.319260238436982036e-04 6.071233749389648438e-02 1.699504209682345390e-04 1.625834993319585919e-04 3.790926188230514526e-03 2.052888739854097366e-04 6.606352329254150391e-02 7.367071229964494705e-04 2.704768849071115255e-04 4.408600740134716034e-03
7.500000000000000000e+03 3.841829602606594563e-04 7.404579967260360718e-02 1.612228807061910629e-04 1.841916819103062153e-04 4.674260970205068588e-03 3.365227312315255404e-04 6.493073701858520508e-02 5.449920427054166794e-04 2.476183872204273939e-04 5.255394149571657181e-03
8.000000000000000000e+03 4.234066000208258629e-04 7.399325817823410034e-02 1.381017791572958231e-04 1.749007205944508314e-04 4.469921812415122986e-03 3.672508173622190952e-04 6.493498384952545166e-02 4.334774566814303398e-04 1.958127686521038413e-04 5.050883162766695023e-03
8.500000000000000000e+03 2.917479432653635740e-04 5.731217935681343079e-02 1.137150902650319040e-04 1.303848257521167397e-04 3.107252763584256172e-03 2.523361763451248407e-04 6.627026200294494629e-02 3.381269343663007021e-04 1.185339133371599019e-04 3.777092089876532555e-03
9.000000000000000000e+03 2.484765718691051006e-04 5.725982785224914551e-02 9.885862527880817652e-05 1.212280913023278117e-04 3.041344461962580681e-03 2.154299581889063120e-04 6.637614220380783081e-02 2.813041501212865114e-04 8.088809408945962787e-05 3.706823103129863739e-03
9.500000000000000000e+03 4.011527344118803740e-04 5.452344939112663269e-02 5.893455818295478821e-05 1.431905984645709395e-04 2.794586122035980225e-03 3.562075435183942318e-04 6.582660228013992310e-02 2.695049042813479900e-04 8.437110955128446221e-05 3.465820802375674248e-03
1.000000000000000000e+04 4.036827303934842348e-04 5.445087701082229614e-02 5.832891474710777402e-05 1.406671945005655289e-04 2.649879548698663712e-03 3.563449718058109283e-04 6.573857367038726807e-02 2.915374352596700191e-04 6.703098915750160813e-05 3.319924930110573769e-03
1.050000000000000000e+04 3.968001401517540216e-04 5.637349560856819153e-02 1.140051899710670114e-04 1.092486927518621087e-04 2.643990097567439079e-03 3.437178384047001600e-04 6.562866270542144775e-02 3.220817598048597574e-04 2.297927312611136585e-05 3.178572515025734901e-03
1.100000000000000000e+04 3.660673974081873894e-04 5.627831444144248962e-02 1.021441275952383876e-04 1.019484989228658378e-04 2.509169280529022217e-03 3.137538151349872351e-04 6.559153646230697632e-02 2.419437951175495982e-04 1.673218866926617920e-05 3.041288582608103752e-03
1.150000000000000000e+04 7.859914330765604973e-04 6.715468317270278931e-02 8.449287997791543603e-05 1.030510102282278240e-04 2.758239163085818291e-03 6.834125961177051067e-04 6.456423550844192505e-02 2.802416565828025341e-04 5.064300785306841135e-05 3.327111247926950455e-03
1.200000000000000000e+04 7.430778932757675648e-04 6.703877449035644531e-02 9.226247493643313646e-05 9.797387610888108611e-05 2.644852735102176666e-03 6.394675001502037048e-04 6.447754055261611938e-02 3.323022392578423023e-04 5.052559572504833341e-05 3.208657726645469666e-03
1.250000000000000000e+04 4.191341286059468985e-04 7.024318724870681763e-02 7.774415280437096953e-05 1.543249672977253795e-04 2.796621527522802353e-03 3.533078415784984827e-04 6.453056633472442627e-02 2.287371025886386633e-04 2.844563096005003899e-05 3.398596309125423431e-03
1.300000000000000000e+04 3.675380139611661434e-04 7.011201232671737671e-02 9.425565804122015834e-05 1.616208028281107545e-04 2.718632575124502182e-03 3.034476249013096094e-04 6.446003168821334839e-02 2.421099052298814058e-04 3.129685865133069456e-05 3.313475754112005234e-03
1.350000000000000000e+04 3.001419536303728819e-04 6.520367413759231567e-02 7.431480480590835214e-05 1.325981866102665663e-04 2.659060992300510406e-03 2.373619645368307829e-04 6.424999982118606567e-02 4.467726103030145168e-04 6.353158823912963271e-05 3.247785847634077072e-03
1.400000000000000000e+04 2.851384051609784365e-04 6.505011767148971558e-02 9.911673259921371937e-05 1.502381637692451477e-04 2.565628848969936371e-03 2.176416310248896480e-04 6.412310898303985596e-02 5.752849974669516087e-04 8.915075886761769652e-05 3.155531128868460655e-03
1.450000000000000000e+04 1.985610724659636617e-04 6.380674242973327637e-02 2.184462791774421930e-04 1.099734436138533056e-04 2.347915899008512497e-03 1.415457227267324924e-04 6.426198780536651611e-02 4.202915588393807411e-04 3.995986844529397786e-05 2.870291238650679588e-03
1.500000000000000000e+04 2.042872074525803328e-04 6.372324377298355103e-02 2.402892423560842872e-04 1.226732420036569238e-04 2.270549302920699120e-03 1.423378998879343271e-04 6.415497511625289917e-02 4.349689988885074854e-04 4.492266452871263027e-05 2.791600069031119347e-03
1.550000000000000000e+04 1.781869941623881459e-04 5.160287395119667053e-02 1.816030562622472644e-04 1.502010418334975839e-04 1.551078283227980137e-03 1.213074792758561671e-04 6.558605283498764038e-02 2.177998831029981375e-04 6.991272675804793835e-05 2.190480940043926239e-03
1.600000000000000000e+04 1.856330636655911803e-04 5.161557346582412720e-02 1.642834977246820927e-04 1.531607122160494328e-04 1.479448284953832626e-03 1.259897544514387846e-04 6.559248268604278564e-02 1.926725090015679598e-04 7.656987872906029224e-05 2.120776101946830750e-03
1.650000000000000000e+04 9.755154314916580915e-05 6.640953570604324341e-02 2.270580444019287825e-04 1.680546120041981339e-04 2.500253729522228241e-03 7.459922926500439644e-05 6.525488942861557007e-02 1.452184515073895454e-04 6.705143459839746356e-05 2.891805255785584450e-03
1.700000000000000000e+04 8.073035132838413119e-05 6.625221669673919678e-02 2.406364219496026635e-04 1.613248605281114578e-04 2.523591509088873863e-03 6.224116805242374539e-05 6.535429507493972778e-02 1.513418683316558599e-04 6.241963274078443646e-05 2.909544622525572777e-03
1.750000000000000000e+04 7.728287891950458288e-05 6.490841507911682129e-02 1.811200199881568551e-04 1.351052778773009777e-04 1.748934853821992874e-03 5.315761518431827426e-05 6.586906313896179199e-02 1.971364836208522320e-04 7.477623148588463664e-05 2.316791331395506859e-03
1.800000000000000000e+04 7.926976832095533609e-05 6.483917683362960815e-02 1.949344587046653032e-04 1.461959618609398603e-04 1.669641584157943726e-03 5.476465958054177463e-05 6.573958694934844971e-02 2.462817938067018986e-04 9.052435052581131458e-05 2.240035217255353928e-03
1.850000000000000000e+04 6.412522634491324425e-05 5.173333734273910522e-02 3.152113349642604589e-04 6.933211261639371514e-05 1.423470559529960155e-03 5.206557398196309805e-05 6.866540014743804932e-02 2.125688188243657351e-04 2.323810076632071286e-05 1.973028061911463737e-03
1.900000000000000000e+04 4.679760968429036438e-05 5.164527893066406250e-02 2.951520145870745182e-04 5.597480048891156912e-05 1.405178802087903023e-03 3.647357152658514678e-05 6.884599477052688599e-02 1.839648903114721179e-04 1.131121462094597518e-05 1.950031262822449207e-03
1.950000000000000000e+04 6.785614095861092210e-05 6.180997192859649658e-02 1.505352411186322570e-04 1.730355579638853669e-04 1.865232712589204311e-03 4.898186307400465012e-05 6.495331972837448120e-02 1.920206996146589518e-04 7.032328721834346652e-05 2.385330153629183769e-03
2.000000000000000000e+04 6.794882210670039058e-05 6.164819374680519104e-02 1.652057399041950703e-04 2.020823594648391008e-04 1.804513623937964439e-03 4.827620068681426346e-05 6.478615850210189819e-02 2.190789818996563554e-04 9.922154276864603162e-05 2.323918743059039116e-03
2.050000000000000000e+04 1.505644904682412744e-04 6.690400093793869019e-02 2.867720904760062695e-04 1.235600066138431430e-04 1.896957634016871452e-03 1.049233178491704166e-04 6.331870704889297485e-02 6.064719636924564838e-04 6.981833575991913676e-05 2.374667674303054810e-03
2.100000000000000000e+04 1.572878827573731542e-04 6.656597554683685303e-02 3.191097639501094818e-04 1.454565062886103988e-04 1.819992670789361000e-03 1.071079823304899037e-04 6.289489567279815674e-02 6.934209959581494331e-04 8.320833148900419474e-05 2.292961347848176956e-03
2.150000000000000000e+04 2.627994981594383717e-04 5.877767875790596008e-02 2.231123507954180241e-04 3.206516266800463200e-04 1.263063400983810425e-03 1.779670565156266093e-04 6.314820796251296997e-02 4.306664923205971718e-04 2.909294853452593088e-04 1.826915773563086987e-03
2.200000000000000000e+04 2.720312622841447592e-04 5.850459262728691101e-02 2.212902181781828403e-04 3.459081344772130251e-04 1.222537830471992493e-03 1.824528881115838885e-04 6.276404112577438354e-02 4.478644696064293385e-04 3.910067607648670673e-04 1.785795437172055244e-03
2.250000000000000000e+04 3.844685852527618408e-04 6.618221849203109741e-02 2.502872957848012447e-04 7.865264778956770897e-04 2.045844914391636848e-03 2.715550945140421391e-04 6.432595849037170410e-02 3.430669603403657675e-04 6.928112707100808620e-04 2.527015982195734978e-03
2.300000000000000000e+04 3.686050476972013712e-04 6.571141630411148071e-02 2.680560573935508728e-04 8.341132779605686665e-04 2.043870743364095688e-03 2.603614120744168758e-04 6.445925682783126831e-02 3.165997331961989403e-04 7.307587657123804092e-04 2.519046422094106674e-03
2.350000000000000000e+04 8.928872994147241116e-04 5.328037962317466736e-02 2.270072436658665538e-04 7.314407266676425934e-04 9.290766902267932892e-04 5.998931592330336571e-04 6.295723468065261841e-02 7.157421205192804337e-04 1.195922843180596828e-03 1.529769157059490681e-03
2.400000000000000000e+04 1.048228936269879341e-03 5.264935269951820374e-02 2.775999600999057293e-04 7.869448163546621799e-04 8.749006083235144615e-04 6.946926005184650421e-04 6.266972422599792480e-02 1.073713763616979122e-03 1.416265498846769333e-03 1.486275228671729565e-03
2.450000000000000000e+04 4.639868857339024544e-04 5.190907046198844910e-02 2.562627778388559818e-04 4.903872031718492508e-04 7.533943862654268742e-04 3.079269372392445803e-04 6.148060783743858337e-02 5.698634777218103409e-04 6.157660391181707382e-04 1.387202064506709576e-03
2.500000000000000000e+04 4.024660156574100256e-04 5.141359940171241760e-02 2.633908006828278303e-04 4.796159919351339340e-04 7.659975672140717506e-04 2.667101507540792227e-04 6.065671145915985107e-02 4.675527743529528379e-04 6.128923851065337658e-04 1.386127783916890621e-03
2.550000000000000000e+04 1.569646847201511264e-04 5.518659949302673340e-02 4.587930161505937576e-04 3.329037863295525312e-04 1.566416118294000626e-03 1.099232176784425974e-04 5.933813005685806274e-02 3.181486390531063080e-04 5.174845573492348194e-04 2.039192011579871178e-03
2.600000000000000000e+04 1.141341635957360268e-04 5.405107885599136353e-02 4.571123863570392132e-04 4.078237398061901331e-04 1.653314218856394291e-03 8.226103091146796942e-05 5.834751948714256287e-02 3.580928314477205276e-04 6.258775247260928154e-04 2.108229324221611023e-03
2.650000000000000000e+04 1.627690362511202693e-04 4.364604130387306213e-02 4.393687413539737463e-04 5.397740169428288937e-04 1.200369675643742085e-03 1.100074805435724556e-04 5.757213756442070007e-02 3.713847836479544640e-04 7.017786847427487373e-04 1.723420340567827225e-03
2.700000000000000000e+04 1.653060171520337462e-04 4.269094392657279968e-02 4.786874051205813885e-04 6.214404129423201084e-04 1.201875391416251659e-03 1.111343590309843421e-04 5.621094256639480591e-02 4.481553041841834784e-04 7.832392584532499313e-04 1.709852251224219799e-03
2.750000000000000000e+04 6.373752257786691189e-04 4.805459827184677124e-02 5.424853297881782055e-04 8.314746082760393620e-04 1.118954736739397049e-03 4.407083906698971987e-04 5.322662740945816040e-02 7.839960744604468346e-04 1.166510046459734440e-03 1.669999212026596069e-03
2.800000000000000000e+04 6.820934358984231949e-04 4.637111723423004150e-02 6.114707211963832378e-04 8.440796518698334694e-04 1.180468243546783924e-03 4.598749801516532898e-04 5.137512832880020142e-02 9.107232326641678810e-04 1.342589384876191616e-03 1.722269225865602493e-03
2.850000000000000000e+04 1.586284197401255369e-04 4.333239421248435974e-02 5.058280075900256634e-04 7.911311695352196693e-04 1.562188845127820969e-03 1.078419445548206568e-04 5.058175325393676758e-02 4.643633146770298481e-04 1.024797325953841209e-03 2.019030973315238953e-03
2.900000000000000000e+04 1.086210322682745755e-04 4.171154275536537170e-02 4.605985886882990599e-04 8.752965950407087803e-04 1.743133529089391232e-03 7.272191578522324562e-05 4.891218245029449463e-02 4.021203785669058561e-04 1.158389961346983910e-03 2.174157649278640747e-03
2.950000000000000000e+04 9.998163295676931739e-05 4.509307444095611572e-02 4.145520506426692009e-04 1.034711953252553940e-03 2.126491395756602287e-03 7.326099148485809565e-05 4.617855697870254517e-02 3.926328208763152361e-04 2.349343849346041679e-03 2.479458460584282875e-03
3.000000000000000000e+04 1.112814788939431310e-04 4.289877414703369141e-02 3.645984397735446692e-04 1.113922684453427792e-03 2.322508022189140320e-03 8.411901217186823487e-05 4.382720589637756348e-02 3.034708206541836262e-04 2.801922848448157310e-03 2.651108894497156143e-03
3.050000000000000000e+04 1.322760508628562093e-04 3.609484434127807617e-02 2.815597399603575468e-04 1.040483592078089714e-03 2.861256944015622139e-03 9.465820039622485638e-05 4.192607849836349487e-02 2.097989781759679317e-04 1.408146694302558899e-03 3.045706078410148621e-03
3.100000000000000000e+04 1.278334239032119513e-04 3.421120718121528625e-02 2.597554121166467667e-04 1.037791953422129154e-03 3.088887780904769897e-03 9.042198507813736796e-05 3.993994742631912231e-02 1.730655349092558026e-04 1.326594967395067215e-03 3.239508718252182007e-03
3.150000000000000000e+04 7.785341585986316204e-05 3.385462611913681030e-02 1.357813889626413584e-04 8.906589355319738388e-04 2.925174543634057045e-03 5.828036591992713511e-05 3.962025791406631470e-02 1.341692695859819651e-04 1.858365722000598907e-03 3.192299045622348785e-03
3.200000000000000000e+04 9.282177779823541641e-05 3.192966431379318237e-02 1.152223121607676148e-04 9.685936965979635715e-04 3.178596496582031250e-03 7.089046994224190712e-05 3.743962571024894714e-02 9.559862519381567836e-05 2.048788126558065414e-03 3.412011312320828438e-03
3.250000000000000000e+04 1.650990598136559129e-04 2.855625189840793610e-02 1.556510833324864507e-04 1.257713418453931808e-03 3.264338709414005280e-03 1.317680580541491508e-04 3.376144170761108398e-02 7.330621883738785982e-05 2.040853491052985191e-03 3.557348391041159630e-03
3.300000000000000000e+04 1.771798852132633328e-04 2.667430788278579712e-02 1.066446347977034748e-04 1.203937688842415810e-03 3.543972503393888474e-03 1.379523018840700388e-04 3.146437928080558777e-02 6.091753311920911074e-05 1.902608899399638176e-03 3.821677528321743011e-03
3.350000000000000000e+04 1.205260414280928671e-04 2.271497808396816254e-02 4.996267671231180429e-05 9.896507253870368004e-04 3.936426714062690735e-03 8.936833182815462351e-05 3.090045042335987091e-02 4.217886817059479654e-05 1.008587889373302460e-03 4.099768586456775665e-03
3.400000000000000000e+04 1.325591729255393147e-04 2.105740830302238464e-02 3.612646833062171936e-05 9.229034767486155033e-04 4.181827884167432785e-03 9.954249981092289090e-05 2.877099066972732544e-02 4.497990084928460419e-05 9.039743454195559025e-04 4.317834507673978806e-03
3.450000000000000000e+04 1.551829336676746607e-04 2.251170203089714050e-02 4.729479405796155334e-05 1.106985844671726227e-03 4.351704847067594528e-03 1.268398191314190626e-04 2.676808461546897888e-02 7.141836977098137140e-05 1.043605385348200798e-03 4.442506004124879837e-03
3.500000000000000000e+04 1.573565677972510457e-04 2.073983289301395416e-02 4.055484896525740623e-05 1.053435145877301693e-03 4.605426453053951263e-03 1.299885479966178536e-04 2.475190721452236176e-02 9.072937245946377516e-05 9.348922758363187313e-04 4.658445250242948532e-03
3.550000000000000000e+04 2.134788519470021129e-04 1.966232433915138245e-02 2.319374834769405425e-05 1.181171624921262264e-03 4.936322569847106934e-03 1.784390187822282314e-04 2.146809920668601990e-02 1.708843192318454385e-04 9.533345000818371773e-04 5.036753602325916290e-03
3.600000000000000000e+04 2.185672783525660634e-04 1.785810664296150208e-02 2.632790892675984651e-05 1.116911531426012516e-03 5.169598385691642761e-03 1.813589769881218672e-04 1.945286616683006287e-02 1.994099875446408987e-04 8.520482224412262440e-04 5.241703242063522339e-03
3.650000000000000000e+04 3.803302533924579620e-04 2.055655419826507568e-02 4.709852146334014833e-05 1.048934413120150566e-03 6.295486353337764740e-03 2.757969195954501629e-04 1.725294999778270721e-02 1.993239129660651088e-04 9.985421784222126007e-04 6.035869941115379333e-03
3.700000000000000000e+04 3.829392371699213982e-04 1.831215061247348785e-02 5.517337194760330021e-05 9.876302210614085197e-04 6.577742286026477814e-03 2.751252613961696625e-04 1.546289492398500443e-02 2.107693871948868036e-04 9.574115392751991749e-04 6.280288100242614746e-03
3.750000000000000000e+04 1.987552095670253038e-04 1.380872726440429688e-02 7.155883940868079662e-05 7.189870811998844147e-04 6.675686221569776535e-03 1.723840105114504695e-04 1.387064624577760696e-02 1.918273192131891847e-04 7.413406856358051300e-04 6.281772628426551819e-03
3.800000000000000000e+04 1.989964948734268546e-04 1.257148757576942444e-02 8.244401396950706840e-05 6.818275433033704758e-04 6.767650134861469269e-03 1.768432266544550657e-04 1.266298443078994751e-02 2.127389161614701152e-04 6.819243426434695721e-04 6.336704362183809280e-03
3.850000000000000000e+04 1.809893874451518059e-04 1.275768503546714783e-02 8.446973515674471855e-05 7.795348647050559521e-04 6.810569204390048981e-03 1.515968469902873039e-04 1.117539498955011368e-02 2.002114779315888882e-04 8.221468306146562099e-04 6.775358226150274277e-03
3.900000000000000000e+04 1.800124155124649405e-04 1.135223917663097382e-02 8.295258885482326150e-05 7.264806772582232952e-04 6.918731611222028732e-03 1.498253986937925220e-04 9.977860376238822937e-03 1.779568701749667525e-04 7.464940426871180534e-04 6.870630197227001190e-03
3.950000000000000000e+04 2.883598790504038334e-04 9.143036790192127228e-03 1.226866443175822496e-04 7.391027756966650486e-04 6.203950848430395126e-03 2.360865619266405702e-04 9.494325146079063416e-03 1.690795470494776964e-04 3.923381154891103506e-04 6.111965049058198929e-03
4.000000000000000000e+04 3.109733515884727240e-04 8.405462838709354401e-03 1.232952636200934649e-04 6.529843667522072792e-04 6.144734099507331848e-03 2.543253067415207624e-04 8.652270771563053131e-03 1.728728384478017688e-04 3.512408875394612551e-04 6.036383099853992462e-03
4.050000000000000000e+04 3.404672024771571159e-04 6.775424815714359283e-03 1.021416028379462659e-04 3.322708071209490299e-04 5.868453532457351685e-03 2.843447146005928516e-04 7.703607436269521713e-03 1.355082495138049126e-04 5.490168114192783833e-04 5.964247044175863266e-03
4.100000000000000000e+04 3.466562484391033649e-04 6.203793454915285110e-03 9.763630077941343188e-05 3.223606909159570932e-04 5.796413403004407883e-03 2.886472502723336220e-04 6.992781534790992737e-03 1.226522872457280755e-04 5.420417292043566704e-04 5.876749753952026367e-03
4.150000000000000000e+04 3.620922216214239597e-04 5.787745118141174316e-03 1.377259177388623357e-04 4.077300254721194506e-04 5.343917757272720337e-03 2.727637183852493763e-04 7.055421359837055206e-03 3.617127367760986090e-04 3.316831716801971197e-04 5.286183208227157593e-03
4.200000000000000000e+04 3.698050568345934153e-04 5.390807520598173141e-03 1.239893172169104218e-04 3.721468383446335793e-04 5.229202564805746078e-03 2.821818634402006865e-04 6.500407587736845016e-03 3.676462511066347361e-04 3.104074567090719938e-04 5.163798108696937561e-03
4.250000000000000000e+04 3.782132407650351524e-04 5.017234478145837784e-03 9.216806938638910651e-05 4.221721610520035028e-04 6.007668562233448029e-03 3.113276325166225433e-04 5.188059061765670776e-03 1.780637248884886503e-04 5.597934359684586525e-04 6.027988623827695847e-03
4.300000000000000000e+04 3.682380483951419592e-04 4.353272728621959686e-03 1.106033014366403222e-04 3.997076419182121754e-04 6.015587598085403442e-03 3.073652624152600765e-04 4.506807308644056320e-03 1.754807017277926207e-04 5.213571130298078060e-04 6.012578029185533524e-03
4.350000000000000000e+04 3.078982408624142408e-04 4.469275008887052536e-03 9.743241389514878392e-05 3.486800123937427998e-04 6.415502168238162994e-03 2.542473957873880863e-04 3.866848535835742950e-03 2.438023075228556991e-04 2.859267988242208958e-04 5.918672773987054825e-03
4.400000000000000000e+04 3.071060345973819494e-04 3.943391609936952591e-03 1.043949596351012588e-04 3.241460071876645088e-04 6.364934146404266357e-03 2.540546993259340525e-04 3.342643380165100098e-03 2.365727996220812201e-04 2.685392973944544792e-04 5.846268031746149063e-03
4.450000000000000000e+04 3.295877540949732065e-04 3.226987319067120552e-03 1.455951569369062781e-04 3.553776768967509270e-04 5.592748522758483887e-03 2.804657560773193836e-04 3.052631393074989319e-03 1.910011924337595701e-04 5.967053584754467010e-04 5.394606385380029678e-03
4.500000000000000000e+04 3.423145390115678310e-04 2.913740929216146469e-03 1.277293777093291283e-04 3.300033276900649071e-04 5.529401358217000961e-03 2.949959889519959688e-04 2.676859963685274124e-03 1.572818437125533819e-04 6.054293480701744556e-04 5.328733939677476883e-03
4.550000000000000000e+04 2.713009307626634836e-04 2.836097963154315948e-03 1.093704777304083109e-04 2.364900428801774979e-04 6.338625214993953705e-03 2.467080776114016771e-04 2.248454373329877853e-03 8.226068166550248861e-05 3.233863972127437592e-04 5.527360830456018448e-03
4.600000000000000000e+04 2.794821921270340681e-04 2.524325158447027206e-03 1.200298283947631717e-04 2.489698526915162802e-04 6.266000214964151382e-03 2.528784389141947031e-04 1.925110700540244579e-03 7.620357064297422767e-05 3.243131504859775305e-04 5.444565787911415100e-03
4.650000000000000000e+04 2.876493381336331367e-04 2.059472026303410530e-03 9.445671457797288895e-05 2.604343753773719072e-04 5.445292219519615173e-03 2.607014903333038092e-04 1.349071506410837173e-03 7.115874905139207840e-05 2.685716608539223671e-04 5.771928001195192337e-03
4.700000000000000000e+04 2.780758077278733253e-04 1.764868269674479961e-03 9.114661952480673790e-05 2.383536193519830704e-04 5.422126501798629761e-03 2.528469485696405172e-04 1.089398865588009357e-03 6.162169302115216851e-05 2.470621548127382994e-04 5.757291335612535477e-03
4.750000000000000000e+04 3.365282900631427765e-04 1.529249129816889763e-03 1.062029041349887848e-04 1.730106159811839461e-04 5.347442813217639923e-03 3.002623852808028460e-04 1.279192743822932243e-03 9.168901306111365557e-05 2.377151249675080180e-04 5.149183329194784164e-03
4.800000000000000000e+04 3.293350746389478445e-04 1.418507657945156097e-03 8.907275332603603601e-05 1.635303779039531946e-04 5.284270271658897400e-03 2.923432039096951485e-04 1.140462816692888737e-03 6.936045974725857377e-05 2.639834419824182987e-04 5.084150936454534531e-03
4.850000000000000000e+04 3.068265505135059357e-04 1.536546624265611172e-03 7.870265835663303733e-05 1.917206100188195705e-04 5.516159813851118088e-03 2.533777442295104265e-04 1.115972409024834633e-03 6.078288424760103226e-05 2.758110349532216787e-04 4.961493890732526779e-03
4.900000000000000000e+04 2.949494519270956516e-04 1.464516855776309967e-03 7.815632125129923224e-05 1.823694619815796614e-04 5.432548001408576965e-03 2.414512127870693803e-04 1.030598650686442852e-03 5.764413799624890089e-05 2.651619724929332733e-04 4.874538164585828781e-03
4.950000000000000000e+04 3.829693596344441175e-04 1.392918173223733902e-03 9.589493856765329838e-05 2.303002984263002872e-04 5.169670097529888153e-03 3.121381159871816635e-04 8.124407613649964333e-04 1.052482839440926909e-04 2.668666711542755365e-04 4.709650296717882156e-03
5.000000000000000000e+04 3.912594984285533428e-04 1.248734653927385807e-03 9.046509512700140476e-05 2.007005532504990697e-04 5.097897257655858994e-03 3.172364085912704468e-04 6.597793544642627239e-04 9.325805876869708300e-05 2.809355210047215223e-04 4.641149658709764481e-03
5.050000000000000000e+04 3.498673904687166214e-04 1.058184541761875153e-03 5.157796113053336740e-05 1.682561996858566999e-04 5.317419301718473434e-03 2.912827185355126858e-04 4.122316895518451929e-04 3.504806591081432998e-05 2.530913334339857101e-04 4.827357362955808640e-03
5.100000000000000000e+04 3.524806234054267406e-04 9.839994600042700768e-04 5.467223672894760966e-05 1.592404732946306467e-04 5.223959218710660934e-03 2.910506445914506912e-04 3.406839387025684118e-04 3.537338852765969932e-05 2.383552200626581907e-04 4.731193184852600098e-03
5.150000000000000000e+04 3.392262151464819908e-04 8.888198644854128361e-04 9.497866267338395119e-05 9.269997099181637168e-05 4.993116948753595352e-03 2.695231814868748188e-04 2.728157269302755594e-04 7.546426058979704976e-05 1.419326872564852238e-04 4.754408262670040131e-03
5.200000000000000000e+04 3.390473721083253622e-04 8.315517334267497063e-04 9.396050154464319348e-05 9.076030983123928308e-05 4.885477013885974884e-03 2.666618383955210447e-04 2.292512217536568642e-04 7.582649413961917162e-05 1.390317775076255202e-04 4.644175525754690170e-03
5.250000000000000000e+04 3.352315688971430063e-04 9.199337218888103962e-04 8.921175322029739618e-05 8.820392395136877894e-05 5.161819048225879669e-03 2.684351638890802860e-04 2.538862172514200211e-04 2.845062954293098301e-05 1.512381422799080610e-04 4.432838410139083862e-03
5.300000000000000000e+04 3.414083912502974272e-04 8.822943200357258320e-04 9.713989129522815347e-05 8.531467756256461143e-05 5.026251543313264847e-03 2.705393126234412193e-04 2.250538673251867294e-04 3.139346881653182209e-05 1.467601396143436432e-04 4.306676331907510757e-03
5.350000000000000000e+04 3.425724862609058619e-04 8.272037957794964314e-04 7.808819646015763283e-05 1.398696767864748836e-04 4.637154750525951385e-03 2.824557304847985506e-04 2.074780786642804742e-04 5.320096170180477202e-05 2.745073288679122925e-04 4.176915623247623444e-03
5.400000000000000000e+04 3.415259416215121746e-04 7.892366847954690456e-04 7.180734246503561735e-05 1.216700547956861556e-04 4.558739252388477325e-03 2.793707535602152348e-04 1.748300128383561969e-04 4.498230555327609181e-05 2.512483333703130484e-04 4.097012802958488464e-03
5.450000000000000000e+04 3.209201386198401451e-04 6.834666128270328045e-04 7.843004277674481273e-05 1.030439088935963809e-04 4.718783311545848846e-03 2.371002919971942902e-04 1.092643433366902173e-04 2.297581522725522518e-05 1.252849033335223794e-04 4.235279746353626251e-03
5.500000000000000000e+04 3.131566045340150595e-04 6.519566522911190987e-04 6.599512562388554215e-05 1.009702100418508053e-04 4.616566468030214310e-03 2.288778923684731126e-04 9.978661546483635902e-05 2.050768671324476600e-05 1.169775787275284529e-04 4.135560244321823120e-03
5.550000000000000000e+04 4.147257423028349876e-04 6.481221644207835197e-04 3.816837488557212055e-05 1.159930397989228368e-04 3.774486714974045753e-03 3.011894295923411846e-04 1.615116925677284598e-04 3.442284287302754819e-05 1.647191675147041678e-04 3.592965193092823029e-03
5.600000000000000000e+04 4.104452382307499647e-04 6.430487264879047871e-04 4.012974022771231830e-05 1.105028859456069767e-04 3.673755098134279251e-03 2.956958778668195009e-04 1.693711092229932547e-04 3.503735570120625198e-05 1.627071615075692534e-04 3.490187227725982666e-03
5.650000000000000000e+04 3.368728503119200468e-04 5.936234374530613422e-04 5.115140811540186405e-05 7.216111407615244389e-05 3.976466134190559387e-03 2.517753455322235823e-04 8.857210923451930285e-05 3.299810487078502774e-05 7.475024904124438763e-05 3.773003816604614258e-03
5.700000000000000000e+04 3.292315232101827860e-04 5.614802939817309380e-04 5.631172462017275393e-05 7.564623956568539143e-05 3.886495484039187431e-03 2.445217978674918413e-04 8.164140308508649468e-05 3.966590884374454618e-05 7.295820250874385238e-05 3.689501900225877762e-03
5.750000000000000000e+04 2.542524016462266445e-04 5.459873937070369720e-04 6.316138023976236582e-05 9.293131734011694789e-05 3.852768335491418839e-03 1.955613697646185756e-04 6.165125523693859577e-05 2.515728010621387511e-05 5.837237767991609871e-05 3.812765702605247498e-03
5.800000000000000000e+04 2.400622324785217643e-04 5.246182554401457310e-04 6.575320730917155743e-05 8.467539737466722727e-05 3.800757462158799171e-03 1.829675311455503106e-04 5.764312300016172230e-05 2.261299778183456510e-05 5.514774238690733910e-05 3.759850980713963509e-03
5.850000000000000000e+04 2.290443371748551726e-04 5.339800845831632614e-04 6.042013046680949628e-05 6.956832658033818007e-05 3.955684136599302292e-03 1.718131388770416379e-04 7.469042611774057150e-05 4.114576222491450608e-05 8.466852887067943811e-05 3.630966413766145706e-03
5.900000000000000000e+04 2.359332720516249537e-04 5.311921122483909130e-04 6.093428964959457517e-05 7.383588672382757068e-05 3.855963703244924545e-03 1.749292132444679737e-04 7.634622306795790792e-05 4.630301555152982473e-05 9.449329809285700321e-05 3.537658601999282837e-03
5.950000000000000000e+04 1.956082269316539168e-04 4.941442166455090046e-04 1.255130919162184000e-04 1.119900407502427697e-04 3.599911695346236229e-03 1.491314469603821635e-04 8.746839012019336224e-05 5.861624231329187751e-05 1.008422914310358465e-04 3.612750209867954254e-03
6.000000000000000000e+04 1.869969855761155486e-04 4.907788243144750595e-04 1.088128919946029782e-04 1.004602381726726890e-04 3.553786082193255424e-03 1.407164963893592358e-04 9.843138832366093993e-05 4.094028190593235195e-05 9.596243035048246384e-05 3.567171981558203697e-03
6.050000000000000000e+04 2.074683434329926968e-04 5.353123997338116169e-04 5.006050196243450046e-05 8.745359082240611315e-05 3.657946828752756119e-03 1.383475027978420258e-04 1.311173837166279554e-04 3.636626570369116962e-05 9.931626846082508564e-05 3.349869512021541595e-03
6.100000000000000000e+04 2.061141858575865626e-04 5.370106664486229420e-04 5.384929318097420037e-05 8.352552686119452119e-05 3.589306725189089775e-03 1.353869447484612465e-04 1.441186468582600355e-04 5.976378088234923780e-05 1.014496665447950363e-04 3.281516022980213165e-03
6.150000000000000000e+04 2.279213949805125594e-04 5.690585239790380001e-04 7.363220356637611985e-05 7.077139889588579535e-05 3.519408404827117920e-03 1.502765517216175795e-04 1.429454132448881865e-04 8.798802446108311415e-05 7.426138472510501742e-05 3.124590264633297920e-03
6.200000000000000000e+04 2.381252852501347661e-04 5.709454999305307865e-04 6.938614387763664126e-05 6.567141826963052154e-05 3.447196912020444870e-03 1.546342246001586318e-04 1.359615562250837684e-04 8.604740287410095334e-05 6.583287176908925176e-05 3.056127112358808517e-03
6.250000000000000000e+04 3.071092651225626469e-04 5.106299067847430706e-04 6.548906094394624233e-05 5.705784496967680752e-05 3.386176191270351410e-03 2.037109225057065487e-04 1.887769321911036968e-04 1.180466133519075811e-04 4.780078961630351841e-05 2.950905356556177139e-03
6.300000000000000000e+04 2.947786124423146248e-04 5.011014873161911964e-04 7.332779205171391368e-05 5.958004840067587793e-05 3.311384469270706177e-03 1.935296313604339957e-04 2.049432659987360239e-04 1.975839259102940559e-04 4.863053618464618921e-05 2.883241046220064163e-03
6.350000000000000000e+04 2.232884871773421764e-04 4.773188265971839428e-04 7.207223097793757915e-05 4.169420208199881017e-05 3.062343457713723183e-03 1.453867880627512932e-04 1.449001720175147057e-04 6.022548768669366837e-05 8.345188689418137074e-05 2.992502646520733833e-03
6.400000000000000000e+04 2.199319133069366217e-04 4.727552295662462711e-04 7.183260458987206221e-05 3.816057869698852301e-05 3.035149769857525826e-03 1.428767864126712084e-04 1.448751281714066863e-04 6.072751784813590348e-05 8.662533946335315704e-05 2.963674021884799004e-03
6.450000000000000000e+04 2.353349700570106506e-04 5.761910579167306423e-04 1.234201772604137659e-04 3.907678183168172836e-05 3.573209745809435844e-03 1.507147680968046188e-04 1.711470977170392871e-04 3.382650174899026752e-05 4.338718645158223808e-05 2.958706114441156387e-03
6.500000000000000000e+04 2.287918177898973227e-04 5.667715449817478657e-04 1.079096909961663187e-04 3.700115848914720118e-05 3.549132030457258224e-03 1.452670694561675191e-04 1.739654107950627804e-04 3.263063263148069382e-05 3.872363959089852870e-05 2.934757154434919357e-03
6.550000000000000000e+04 2.300075866514816880e-04 4.588156589306890965e-04 9.545689681544899940e-05 5.024062193115241826e-05 3.223007544875144958e-03 1.571386092109605670e-04 1.414498110534623265e-04 2.290122029080521315e-05 4.598551095114089549e-05 2.951226662844419479e-03
6.600000000000000000e+04 2.251229889225214720e-04 4.402354534249752760e-04 8.745381637709215283e-05 4.636391531676054001e-05 3.199221333488821983e-03 1.538809301564469934e-04 1.427739916834980249e-04 2.420471719233319163e-05 3.821104473900049925e-05 2.925932873040437698e-03
6.650000000000000000e+04 1.988668082049116492e-04 5.405234405770897865e-04 1.596097135916352272e-04 4.153842019150033593e-05 3.221597988158464432e-03 1.342508330708369613e-04 1.566680875839665532e-04 5.695987783838063478e-05 4.554446422844193876e-05 2.863241126760840416e-03
6.700000000000000000e+04 1.948698773048818111e-04 5.428944714367389679e-04 1.412411074852570891e-04 3.752576958504505455e-05 3.188163507729768753e-03 1.320278825005516410e-04 1.584336569067090750e-04 5.737415631301701069e-05 4.825264477403834462e-05 2.830726327374577522e-03
6.750000000000000000e+04 2.114234230248257518e-04 5.227538640610873699e-04 3.720985841937363148e-05 4.584565249388106167e-05 3.636043984442949295e-03 1.304873730987310410e-04 2.088924666168168187e-04 6.568870594492182136e-05 3.791229391936212778e-05 2.805401803925633430e-03
6.800000000000000000e+04 2.039452956523746252e-04 5.010433378629386425e-04 4.152559995418414474e-05 4.543196337181143463e-05 3.582270350307226181e-03 1.267741317860782146e-04 1.932948071043938398e-04 7.826389628462493420e-05 3.758618186111561954e-05 2.752950415015220642e-03
6.850000000000000000e+04 1.917397457873448730e-04 4.442968347575515509e-04 9.771272016223520041e-05 3.383807415957562625e-05 3.030584892258048058e-03 1.164326167781837285e-04 1.683156151557341218e-04 7.667714089620858431e-05 3.683252725750207901e-05 2.585931448265910149e-03
6.900000000000000000e+04 2.006377035286277533e-04 4.631148767657577991e-04 8.040045941015705466e-05 3.356866727699525654e-05 2.975566312670707703e-03 1.212015849887393415e-04 1.847988023655489087e-04 8.410473674302920699e-05 3.819662379100918770e-05 2.535528270527720451e-03
6.950000000000000000e+04 1.651388301979750395e-04 4.656889941543340683e-04 5.087005774839781225e-05 4.910824281978420913e-05 3.352123079821467400e-03 1.000293996185064316e-04 1.882636570371687412e-04 3.098017186857759953e-04 7.440436456818133593e-05 2.760360715910792351e-03
7.000000000000000000e+04 1.621874107513576746e-04 4.555449413601309061e-04 5.700593828805722296e-05 4.648111644200980663e-05 3.314070403575897217e-03 9.766704897629097104e-05 1.842407655203714967e-04 3.390573547221720219e-04 7.762214227113872766e-05 2.724066143855452538e-03
7.050000000000000000e+04 1.887356920633465052e-04 4.973363247700035572e-04 8.825823169900104403e-05 5.934397995588369668e-05 3.281625919044017792e-03 1.064333337126299739e-04 1.501106889918446541e-04 6.934721022844314575e-05 8.402865933021530509e-05 2.554129343479871750e-03
7.100000000000000000e+04 1.910409337142482400e-04 4.986392450518906116e-04 8.850451558828353882e-05 6.001852307235822082e-05 3.236597171053290367e-03 1.071920924005098641e-04 1.523225655546411872e-04 7.045573147479444742e-05 8.556249667890369892e-05 2.511127386242151260e-03
7.150000000000000000e+04 1.705247850622981787e-04 3.964359057135879993e-04 4.668557448894716799e-05 3.507317524054087698e-05 2.545014489442110062e-03 9.994669380830600858e-05 1.889371342258527875e-04 3.361897252034395933e-04 6.659968494204804301e-05 2.505123382434248924e-03
7.200000000000000000e+04 1.730877702357247472e-04 3.923360200133174658e-04 4.730922228191047907e-05 3.742479384527541697e-05 2.496734028682112694e-03 1.010224659694358706e-04 1.914630120154470205e-04 3.929844824597239494e-04 7.049651321722194552e-05 2.458517439663410187e-03
7.250000000000000000e+04 2.491993946023285389e-04 4.791848186869174242e-04 7.411274418700486422e-05 6.700368248857557774e-05 2.822615206241607666e-03 1.467474940000101924e-04 2.001299289986491203e-04 4.029691990581341088e-05 5.420637535280548036e-05 2.227006480097770691e-03
7.300000000000000000e+04 2.587490889709442854e-04 4.804332857020199299e-04 6.712856702506542206e-05 6.740566459484398365e-05 2.766912104561924934e-03 1.511231384938582778e-04 2.106387109961360693e-04 3.586189995985478163e-05 6.328248855425044894e-05 2.175638917833566666e-03
7.350000000000000000e+04 2.269464603159576654e-04 4.866962553933262825e-04 1.293680397793650627e-04 6.508349906653165817e-05 3.012976842001080513e-03 1.428484392818063498e-04 2.166123740607872605e-04 5.823488754685968161e-05 9.766102448338642716e-05 2.329019131138920784e-03
7.400000000000000000e+04 2.129214699380099773e-04 4.744412435684353113e-04 1.202064377139322460e-04 6.805286830058321357e-05 2.995511284098029137e-03 1.353019324596971273e-04 2.002133260248228908e-04 5.856833377038128674e-05 9.877618140308186412e-05 2.308289986103773117e-03
7.450000000000000000e+04 2.013361372519284487e-04 4.121892270632088184e-04 1.075679829227738082e-04 7.082632509991526604e-05 2.383604645729064941e-03 1.331964449491351843e-04 2.210208767792209983e-04 4.428481770446524024e-05 8.062850247370079160e-05 2.180414041504263878e-03
7.500000000000000000e+04 2.057013625744730234e-04 4.200837574899196625e-04 9.950430103344842792e-05 7.080593059072270989e-05 2.346612978726625443e-03 1.353955449303612113e-04 2.284638321725651622e-04 4.068509588250890374e-05 8.345705282408744097e-05 2.143977209925651550e-03
7.550000000000000000e+04 1.787098590284585953e-04 4.453915753401815891e-04 1.006546299322508276e-04 6.911336822668090463e-05 2.396806143224239349e-03 1.057295376085676253e-04 1.778653240762650967e-04 1.134816411649808288e-04 1.148277442553080618e-04 2.274499041959643364e-03
7.600000000000000000e+04 1.654201769270002842e-04 4.318097198847681284e-04 9.420216520084068179e-05 6.968047819100320339e-05 2.384585561230778694e-03 9.907320054480805993e-05 1.695771206868812442e-04 1.136987266363576055e-04 1.126417482737451792e-04 2.260502660647034645e-03
7.650000000000000000e+04 2.008792944252490997e-04 4.657249664887785912e-04 9.333936759503558278e-05 7.822996121831238270e-05 2.624903805553913116e-03 1.086788251996040344e-04 2.060321858152747154e-04 9.956781286746263504e-05 1.153022676589898765e-04 2.142206765711307526e-03
7.700000000000000000e+04 1.999003579840064049e-04 4.676109529100358486e-04 8.888100273907184601e-05 7.659399125259369612e-05 2.585217822343111038e-03 1.069837890099734068e-04 2.033511264016851783e-04 1.014986773952841759e-04 1.136579012381844223e-04 2.105239080265164375e-03
7.750000000000000000e+04 1.939786161528900266e-04 5.040469113737344742e-04 9.480362496105954051e-05 7.956813351484015584e-05 2.532242797315120697e-03 1.164648128906264901e-04 1.633555948501452804e-04 6.641147047048434615e-05 6.141686753835529089e-05 2.023234264925122261e-03
7.800000000000000000e+04 1.849577238317579031e-04 4.872214340139180422e-04 9.104763012146577239e-05 7.956991612445563078e-05 2.520794747397303581e-03 1.117716237786225975e-04 1.600787363713607192e-04 5.986544420011341572e-05 6.468801439041271806e-05 2.009497722610831261e-03
7.850000000000000000e+04 1.665646996116265655e-04 3.711224417202174664e-04 6.971105176489800215e-05 5.714211874874308705e-05 2.585007809102535248e-03 1.031319479807280004e-04 1.803278864827007055e-04 4.040872954647056758e-05 6.684152322122827172e-05 2.148587722331285477e-03
7.900000000000000000e+04 1.623973366804420948e-04 3.631206054706126451e-04 6.638546619797125459e-05 5.692930426448583603e-05 2.563093788921833038e-03 1.003106590360403061e-04 1.715456892270594835e-04 3.742400804185308516e-05 6.752541230525821447e-05 2.124585676938295364e-03
7.950000000000000000e+04 1.316355919698253274e-04 4.407926462590694427e-04 9.109796519624069333e-05 1.002135177259333432e-04 2.538780216127634048e-03 8.202229219023138285e-05 1.374421553919091821e-04 5.094964217278175056e-05 9.597967437002807856e-05 2.102987142279744148e-03
8.000000000000000000e+04 1.299843279412016273e-04 4.345553461462259293e-04 8.344060915987938643e-05 9.994791616918519139e-05 2.510633785277605057e-03 8.118761616060510278e-05 1.371765974909067154e-04 4.992790854885242879e-05 1.017459653667174280e-04 2.076102886348962784e-03
8.050000000000000000e+04 1.575883070472627878e-04 3.790791379287838936e-04 7.292930240510031581e-05 8.839875954436138272e-05 2.344066044315695763e-03 9.917687566485255957e-05 1.657565881032496691e-04 2.380733712925575674e-05 9.461014997214078903e-05 1.976963831111788750e-03
8.100000000000000000e+04 1.524247636552900076e-04 3.722238761838525534e-04 6.947344081709161401e-05 8.357626211363822222e-05 2.319469116628170013e-03 9.679447248345240951e-05 1.699950662441551685e-04 2.378129283897578716e-05 1.120570741477422416e-04 1.950876670889556408e-03
8.150000000000000000e+04 1.152245531557127833e-04 3.868721832986921072e-04 4.985398118151351810e-05 6.258926441660150886e-05 2.202722942456603050e-03 7.162108522607013583e-05 1.438466279068961740e-04 7.537985948147252202e-05 6.581912748515605927e-05 1.969197764992713928e-03
8.200000000000000000e+04 1.110951416194438934e-04 3.816199896391481161e-04 4.820670437766239047e-05 6.304672569967806339e-05 2.168637700378894806e-03 6.865244358777999878e-05 1.445722591597586870e-04 8.255427383119240403e-05 6.567109085153788328e-05 1.938101951964199543e-03
8.250000000000000000e+04 9.582034545019268990e-05 3.225135733373463154e-04 4.817887020180933177e-05 7.038107287371531129e-05 2.019712235778570175e-03 6.360199040500447154e-05 1.654197985772043467e-04 9.948608203558251262e-05 9.255429904442280531e-05 2.013566205278038979e-03
8.300000000000000000e+04 9.452777158003300428e-05 3.155583981424570084e-04 4.002582500106655061e-05 6.580443005077540874e-05 1.995895290747284889e-03 6.282708636717870831e-05 1.684563321759924293e-04 8.774218440521508455e-05 9.516721911495551467e-05 1.988966017961502075e-03
8.350000000000000000e+04 1.237101096194237471e-04 3.275436465628445148e-04 3.611154534155502915e-05 9.142429917119443417e-05 2.291017677634954453e-03 7.332832319661974907e-05 1.902581861941143870e-04 3.679051587823778391e-05 1.600288378540426493e-04 1.861602417193353176e-03
8.400000000000000000e+04 1.262052101083099842e-04 3.238244389649480581e-04 3.415620085434056818e-05 8.375845936825498939e-05 2.248106524348258972e-03 7.455077138729393482e-05 1.990978489629924297e-04 3.418085907469503582e-05 1.667076721787452698e-04 1.821990474127233028e-03
8.450000000000000000e+04 9.970959945349022746e-05 3.629143757279962301e-04 8.734820585232228041e-05 6.012139783706516027e-05 2.336852485314011574e-03 6.348078750306740403e-05 1.526267442386597395e-04 8.465642895316705108e-05 7.488768460461869836e-05 1.874789595603942871e-03
8.500000000000000000e+04 9.592206333763897419e-05 3.589472325984388590e-04 6.704304541926831007e-05 5.401027374318800867e-05 2.324992325156927109e-03 6.106498040026053786e-05 1.554373156977817416e-04 5.808698188047856092e-05 7.149401790229603648e-05 1.863278099335730076e-03
8.550000000000000000e+04 8.632039680378511548e-05 2.902259875554591417e-04 2.994494388985913247e-05 3.932345134671777487e-05 1.968622906133532524e-03 5.841550228069536388e-05 1.992343022720888257e-04 4.855681982007808983e-05 7.027020183159038424e-05 1.916481764055788517e-03
8.600000000000000000e+04 8.321143104694783688e-05 2.841862442437559366e-04 3.204945460311137140e-05 3.963346898672170937e-05 1.942158909514546394e-03 5.628843791782855988e-05 1.960894587682560086e-04 4.908392293145880103e-05 7.668308535357937217e-05 1.888812403194606304e-03
8.650000000000000000e+04 9.534758282825350761e-05 3.429508942645043135e-04 6.853633749415166676e-06 3.405039387871511281e-05 2.394618932157754898e-03 5.898074596188962460e-05 1.660647831158712506e-04 1.708390482235699892e-04 6.013132224325090647e-05 1.742814551107585430e-03
8.700000000000000000e+04 9.478216088609769940e-05 3.337895032018423080e-04 8.978356163424905390e-06 3.054978878935799003e-05 2.367619657889008522e-03 5.806564877275377512e-05 1.623252319404855371e-04 1.964438852155581117e-04 5.603976387646980584e-05 1.718165236525237560e-03
8.750000000000000000e+04 1.362754264846444130e-04 3.245730767957866192e-04 6.861879228381440043e-05 6.782307173125445843e-05 1.937420922331511974e-03 8.517854439560323954e-05 1.553814799990504980e-04 9.053522808244451880e-05 9.915450937114655972e-05 1.700904918834567070e-03
8.800000000000000000e+04 1.272782974410802126e-04 3.178041661158204079e-04 6.015854887664318085e-05 6.335855141514912248e-05 1.946672447957098484e-03 7.936687325127422810e-05 1.498906494816765189e-04 6.827229663031175733e-05 8.807407721178606153e-05 1.708904397673904896e-03
8.850000000000000000e+04 1.115519044105894864e-04 2.970584901049733162e-04 5.789780334453098476e-05 3.352724161231890321e-05 1.846710336394608021e-03 6.145414226921275258e-05 1.959932124009355903e-04 4.806293873116374016e-05 5.694577703252434731e-05 1.631150953471660614e-03
8.900000000000000000e+04 1.147720977314747870e-04 2.954132505692541599e-04 4.754496694658882916e-05 3.336904410389252007e-05 1.820990350097417831e-03 6.321321416180580854e-05 1.912245352286845446e-04 3.782773273997008801e-05 5.675029751728288829e-05 1.609300146810710430e-03
8.950000000000000000e+04 9.921176388161256909e-05 3.890433872584253550e-04 5.144428359926678240e-05 4.200975308776833117e-05 2.229718025773763657e-03 5.564755338127724826e-05 1.631080085644498467e-04 9.404864249518141150e-05 7.231313793454319239e-05 1.669036457315087318e-03
9.000000000000000000e+04 1.028192782541736960e-04 3.920091839972883463e-04 4.291624645702540874e-05 4.234098378219641745e-05 2.200218383222818375e-03 5.680974572896957397e-05 1.615757792023941875e-04 1.271076616831123829e-04 7.802434265613555908e-05 1.643705880269408226e-03
9.050000000000000000e+04 1.091429221560247242e-04 3.317967930343002081e-04 2.893693999794777483e-05 2.491458690201397985e-05 1.927523524500429630e-03 6.108573870733380318e-05 1.648511388339102268e-04 1.775824421201832592e-05 4.196252120891585946e-05 1.672046724706888199e-03
9.100000000000000000e+04 1.038818445522338152e-04 3.197680925950407982e-04 2.680452053027693182e-05 2.160775511583779007e-05 1.922744093462824821e-03 5.893351408303715289e-05 1.575446076458320022e-04 1.348340083495713770e-05 3.763188942684791982e-05 1.664124196395277977e-03
9.150000000000000000e+04 9.761135879671201110e-05 3.559406904969364405e-04 2.652425609994679689e-05 6.666984700132161379e-05 2.431583357974886894e-03 5.971379141556099057e-05 1.534726034151390195e-04 3.063314215978607535e-05 8.023482223507016897e-05 1.616819412447512150e-03
9.200000000000000000e+04 9.671603766037151217e-05 3.509587550070136786e-04 2.672816663107369095e-05 6.115718861110508442e-05 2.402149839326739311e-03 5.861953104613348842e-05 1.544855331303551793e-04 3.076146822422742844e-05 7.322260353248566389e-05 1.591626205481588840e-03
9.250000000000000000e+04 9.272444003727287054e-05 3.131261037196964025e-04 7.557086064480245113e-05 2.791791121126152575e-05 2.212756313383579254e-03 4.863247886532917619e-05 1.796791184460744262e-04 4.505979813984595239e-05 7.651490886928513646e-05 1.638695364817976952e-03
9.300000000000000000e+04 9.202399087371304631e-05 3.105111245531588793e-04 5.651761239278130233e-05 2.633261283335741609e-05 2.203071489930152893e-03 4.821077891392633319e-05 1.790734677342697978e-04 5.478335515363141894e-05 7.597319927299395204e-05 1.628758618608117104e-03
9.350000000000000000e+04 7.622302655363455415e-05 2.638898731674998999e-04 6.727108029735973105e-06 4.355352575657889247e-05 1.968258293345570564e-03 4.542442547972314060e-05 1.365865464322268963e-04 5.541958307730965316e-05 5.731683631893247366e-05 1.634134212508797646e-03
9.400000000000000000e+04 7.454407023033127189e-05 2.563429588917642832e-04 7.522881332988617942e-06 4.000731860287487507e-05 1.944426796399056911e-03 4.412944326759316027e-05 1.402824418619275093e-04 4.983656253898516297e-05 5.151588266016915441e-05 1.612641266547143459e-03
9.450000000000000000e+04 9.339625830762088299e-05 2.753338485490530729e-04 2.706474697333760560e-05 4.331674062996171415e-05 1.842612633481621742e-03 5.255438009044155478e-05 1.630700426176190376e-04 2.554663115006405860e-05 5.863233309355564415e-05 1.489292248152196407e-03
9.500000000000000000e+04 9.101787145482376218e-05 2.717304159887135029e-04 2.634818338265176862e-05 4.196375448373146355e-05 1.816901843994855881e-03 5.107194010633975267e-05 1.627268648007884622e-04 2.592682903923559934e-05 6.082439358578994870e-05 1.464145956560969353e-03
9.550000000000000000e+04 6.651227886322885752e-05 2.418858930468559265e-04 2.127585321431979537e-05 3.420502980588935316e-05 1.828917884267866611e-03 4.284689566702581942e-05 1.495754258939996362e-04 1.836274896049872041e-05 4.241799251758493483e-05 1.548356493003666401e-03
9.600000000000000000e+04 6.482022581622004509e-05 2.354606549488380551e-04 2.013347148022148758e-05 3.417315019760280848e-05 1.807763124816119671e-03 4.139767770539037883e-05 1.471262512495741248e-04 1.899303060781676322e-05 4.427617022884078324e-05 1.526165404357016087e-03
9.650000000000000000e+04 7.892549183452501893e-05 3.057350695598870516e-04 2.439065974613185972e-05 3.299452509963884950e-05 1.990589778870344162e-03 4.143293699598871171e-05 1.345702912658452988e-04 5.979904744890518486e-05 3.721006578416563570e-05 1.433783909305930138e-03
9.700000000000000000e+04 7.919787458376958966e-05 2.995103423018008471e-04 2.284193942614365369e-05 3.353214560775086284e-05 1.968339085578918457e-03 4.151851317146793008e-05 1.295689435210078955e-04 6.928261427674442530e-05 3.777702659135684371e-05 1.413626712746918201e-03
9.750000000000000000e+04 7.988368452060967684e-05 3.026081540156155825e-04 1.919409805850591511e-05 4.556035128189250827e-05 2.254294930025935173e-03 4.590456228470429778e-05 1.376867585349828005e-04 2.205732926086056978e-05 8.167122723534703255e-05 1.432474819011986256e-03
9.800000000000000000e+04 7.980287045938894153e-05 2.962229191325604916e-04 2.002199653361458331e-05 4.602877743309363723e-05 2.220805268734693527e-03 4.556522981147281826e-05 1.370949903503060341e-04 2.314027733518742025e-05 8.309760596603155136e-05 1.406092778779566288e-03
9.850000000000000000e+04 7.327046478167176247e-05 2.356768964091315866e-04 2.929417678387835622e-05 3.129323522443883121e-05 1.802058657631278038e-03 4.151890607317909598e-05 1.305890909861773252e-04 4.306152550270780921e-05 6.769606261514127254e-05 1.370825571939349174e-03
9.900000000000000000e+04 7.732125959591940045e-05 2.388693974353373051e-04 2.735679663601331413e-05 3.093842315138317645e-05 1.773649128153920174e-03 4.322243330534547567e-05 1.352565595880150795e-04 4.674980300478637218e-05 6.819030386395752430e-05 1.344363787211477757e-03
9.950000000000000000e+04 7.561602251371368766e-05 2.527345204725861549e-04 2.561720611993223429e-05 2.779766509775072336e-05 1.560289063490927219e-03 4.011605051346123219e-05 1.509911526227369905e-04 9.683478128863498569e-05 4.982972677680663764e-05 1.329081482253968716e-03
1.000000000000000000e+05 7.236569945234805346e-05 2.470879117026925087e-04 2.463503551553003490e-05 2.662073165993206203e-05 1.545887207612395287e-03 3.788124013226479292e-05 1.454449375160038471e-04 1.015141679090447724e-04 5.177432103664614260e-05 1.315249828621745110e-03
1.005000000000000000e+05 6.203117663972079754e-05 2.322661312064155936e-04 2.918690552178304642e-05 3.717916115419939160e-05 1.620069495402276516e-03 3.290458334959112108e-05 1.403081987518817186e-04 8.496836380800232291e-05 4.531352533376775682e-05 1.324171666055917740e-03
1.010000000000000000e+05 5.876685463590547442e-05 2.248245291411876678e-04 2.830658195307478309e-05 3.667589771794155240e-05 1.604786841198801994e-03 3.133004065603017807e-05 1.325459597865119576e-04 7.777877908665686846e-05 4.515085311140865088e-05 1.308110891841351986e-03
1.015000000000000000e+05 8.277664892375469208e-05 2.454390341881662607e-04 2.628116999403573573e-05 2.883097840822301805e-05 1.536910887807607651e-03 4.096239354112185538e-05 1.323128672083839774e-04 2.738272451097145677e-05 4.397812517709098756e-05 1.257401425391435623e-03
1.020000000000000000e+05 8.580509165767580271e-05 2.434560155961662531e-04 2.740891068242490292e-05 2.833926191669888794e-05 1.510368776507675648e-03 4.226235250825993717e-05 1.336397108389064670e-04 2.547543226683046669e-05 4.371388058643788099e-05 1.232499140314757824e-03
1.025000000000000000e+05 9.382015559822320938e-05 2.781703078653663397e-04 2.460631912981625646e-05 4.353333497419953346e-05 1.832014881074428558e-03 5.217003490542992949e-05 1.234996598213911057e-04 5.745005182689055800e-05 5.041143595008179545e-05 1.155072008259594440e-03
1.030000000000000000e+05 9.416879038326442242e-05 2.720706979744136333e-04 2.414963637420441955e-05 4.190068648313172162e-05 1.804081141017377377e-03 5.227550718700513244e-05 1.237363321706652641e-04 5.043615965405479074e-05 4.889915362582542002e-05 1.130838063545525074e-03
1.035000000000000000e+05 6.941061292309314013e-05 1.948294375324621797e-04 1.969272670976351947e-05 3.428278432693332434e-05 1.488439855165779591e-03 3.869012289214879274e-05 1.117608480853959918e-04 3.870443106279708445e-05 5.024212077842094004e-05 1.172830001451075077e-03
1.040000000000000000e+05 6.613029108848422766e-05 1.885765523184090853e-04 1.955035259015858173e-05 3.440913860686123371e-05 1.469608629122376442e-03 3.645912875072099268e-05 1.080211150110699236e-04 3.705733615788631141e-05 5.010668246541172266e-05 1.155410544015467167e-03
1.045000000000000000e+05 6.021088847774080932e-05 1.910549035528674722e-04 3.223041130695492029e-05 4.306456685299053788e-05 1.417626976035535336e-03 3.116112202405929565e-05 1.084170944523066282e-04 7.879055192461237311e-05 4.227426688885316253e-05 1.177891041152179241e-03
1.050000000000000000e+05 5.892544868402183056e-05 1.856951712397858500e-04 3.082034527324140072e-05 4.311036536819301546e-05 1.400710665620863438e-03 3.055113120353780687e-05 1.071585211320780218e-04 8.101561252260580659e-05 4.290571450837887824e-05 1.160865183919668198e-03
1.055000000000000000e+05 6.092343755881302059e-05 2.315069141332060099e-04 2.212100116594228894e-05 3.472386015346273780e-05 1.764565589837729931e-03 2.734620647970587015e-05 1.112800819100812078e-04 4.129343869863077998e-05 3.741131149581633508e-05 1.112720230594277382e-03
1.060000000000000000e+05 5.886606231797486544e-05 2.240981266368180513e-04 2.227983713964931667e-05 3.337998714414425194e-05 1.742076710797846317e-03 2.616242636577226222e-05 1.061126604327000678e-04 4.452382199815474451e-05 3.568116517271846533e-05 1.092104939743876457e-03
1.065000000000000000e+05 8.290670666610822082e-05 2.125783503288403153e-04 2.532573671487625688e-05 3.328798993607051671e-05 1.396747655235230923e-03 2.973205118905752897e-05 1.676413958193734288e-04 1.090882578864693642e-04 4.663572690333239734e-05 1.000921241939067841e-03
1.070000000000000000e+05 8.433100447291508317e-05 2.117306285072118044e-04 2.563837188063189387e-05 3.329528044559992850e-05 1.365098869428038597e-03 2.974724702653475106e-05 1.752743410179391503e-04 1.143228946602903306e-04 4.629048635251820087e-05 9.745215065777301788e-04
1.075000000000000000e+05 5.549124034587293863e-05 1.693004305707290769e-04 2.258726271975319833e-05 2.990605207742191851e-05 1.348150311969220638e-03 3.005241887876763940e-05 9.788323222892358899e-05 3.631384970503859222e-05 3.745790309039875865e-05 1.040615607053041458e-03
1.080000000000000000e+05 5.406440686783753335e-05 1.601438561920076609e-04 1.900433380797039717e-05 2.780667091428767890e-05 1.334827393293380737e-03 2.995456816279329360e-05 9.329199383500963449e-05 2.691376539587508887e-05 3.671192826004698873e-05 1.026417012326419353e-03
1.085000000000000000e+05 5.206760397413745522e-05 1.986670104088261724e-04 7.283247396117076278e-05 2.971291178255341947e-05 1.465728157199919224e-03 2.412907451798673719e-05 1.057922345353290439e-04 2.117151598213240504e-04 4.166140934103168547e-05 9.942983742803335190e-04
1.090000000000000000e+05 5.568548294831998646e-05 2.022198896156623960e-04 6.089843009249307215e-05 2.722679346334189177e-05 1.445262343622744083e-03 2.523667171772103757e-05 1.104549883166328073e-04 1.737546263029798865e-04 3.750702308025211096e-05 9.798947721719741821e-04
1.095000000000000000e+05 4.886523311142809689e-05 1.955603220267221332e-04 2.469844548613764346e-05 3.544312858139164746e-05 1.585075748153030872e-03 2.885717731260228902e-05 1.015592642943374813e-04 6.584109360119327903e-05 5.550351124838925898e-05 1.025810022838413715e-03
1.100000000000000000e+05 4.637175152311101556e-05 1.894474262371659279e-04 2.309051524207461625e-05 3.576593735488131642e-05 1.578117255121469498e-03 2.810155092447530478e-05 9.945239435182884336e-05 6.177096656756475568e-05 5.887358565814793110e-05 1.019814051687717438e-03
1.105000000000000000e+05 5.385974145610816777e-05 1.610555627848953009e-04 2.302410211996175349e-05 2.720951306400820613e-05 1.434615463949739933e-03 2.690921610337682068e-05 1.249702763743698597e-04 5.507720925379544497e-05 3.936225402867421508e-05 9.841215796768665314e-04
1.110000000000000000e+05 5.838023207616060972e-05 1.591386244399473071e-04 2.227151890110690147e-05 2.403345206403173506e-05 1.419610343873500824e-03 2.889813913498073816e-05 1.153632620116695762e-04 5.767894617747515440e-05 3.676724372780881822e-05 9.710666490718722343e-04
1.115000000000000000e+05 4.963419996784068644e-05 1.972889003809541464e-04 2.466492514940910041e-05 2.439791751385200769e-05 1.550207729451358318e-03 2.708338615775573999e-05 9.809012408368289471e-05 6.572889833478257060e-05 6.305435817921534181e-05 9.906656341627240181e-04
1.120000000000000000e+05 4.858930333284661174e-05 1.905017561512067914e-04 2.296342609042767435e-05 2.459681491018272936e-05 1.536578172817826271e-03 2.658310404513031244e-05 9.662294178269803524e-05 7.775925769237801433e-05 6.345199653878808022e-05 9.789119940251111984e-04
1.125000000000000000e+05 4.036416794406250119e-05 1.238638942595571280e-04 4.604188143275678158e-05 2.607772694318555295e-05 1.164142508059740067e-03 2.300450250913854688e-05 8.827362034935504198e-05 8.474825153825804591e-05 4.276064282748848200e-05 1.004306483082473278e-03
1.130000000000000000e+05 4.327415445004589856e-05 1.209234687848947942e-04 3.889673826051875949e-05 2.399900768068619072e-05 1.154352677986025810e-03 2.516061067581176758e-05 8.742649515625089407e-05 8.175918628694489598e-05 4.023344445158727467e-05 9.949657833203673363e-04
1.135000000000000000e+05 4.266887481207959354e-05 1.311984378844499588e-04 3.141762499581091106e-05 3.436188126215711236e-05 1.421566470526158810e-03 2.425959610263817012e-05 8.297422027681022882e-05 1.300002913922071457e-04 1.041986761265434325e-04 9.709626319818198681e-04
1.140000000000000000e+05 4.062839798280037940e-05 1.292935485253110528e-04 2.984080492751672864e-05 3.298588489997200668e-05 1.410135533660650253e-03 2.313847107870969921e-05 8.136071846820414066e-05 1.411588891642168164e-04 1.076169282896444201e-04 9.595056180842220783e-04
1.145000000000000000e+05 5.201536259846761823e-05 1.517235359642654657e-04 1.310856896452605724e-05 3.281824319856241345e-05 1.074604340828955173e-03 2.249777571705635637e-05 1.259356940863654017e-04 6.800104893045499921e-05 6.680793740088120103e-05 8.735575829632580280e-04
1.150000000000000000e+05 5.332840737537480891e-05 1.500014477642253041e-04 1.317098667641403154e-05 2.995941576955374330e-05 1.056724693626165390e-03 2.261529334646183997e-05 1.274790847674012184e-04 6.072342512197792530e-05 6.341707921819761395e-05 8.575585088692605495e-04
1.155000000000000000e+05 3.597101022023707628e-05 1.751963282003998756e-04 3.058333095395937562e-05 2.636414683365728706e-05 1.427968149073421955e-03 2.172654785681515932e-05 7.900072523625567555e-05 5.389439320424571633e-05 2.414776463410817087e-05 9.104651981033384800e-04
1.160000000000000000e+05 3.513018964440561831e-05 1.666037569520995021e-04 2.732816756179090589e-05 2.455731919326353818e-05 1.422178698703646660e-03 2.179755210818257183e-05 7.481400825781747699e-05 5.623569450108334422e-05 2.240012145193759352e-05 9.037453564815223217e-04
1.165000000000000000e+05 6.390788621501997113e-05 1.498941564932465553e-04 3.546138759702444077e-05 2.095549825753550977e-05 1.339624752290546894e-03 3.465181725914590061e-05 7.917077891761437058e-05 4.423307836987078190e-05 3.063276017201133072e-05 8.569803903810679913e-04
1.170000000000000000e+05 7.123076647985726595e-05 1.480412756791338325e-04 3.216850018361583352e-05 1.872539905889425427e-05 1.314334920607507229e-03 3.761494008358567953e-05 9.362378477817401290e-05 4.181655094726011157e-05 2.793268140521831810e-05 8.401909144595265388e-04
1.175000000000000000e+05 4.362798063084483147e-05 1.527869608253240585e-04 3.212591400370001793e-05 1.617439738765824586e-05 1.273319125175476074e-03 2.640416823851410300e-05 8.460318349534645677e-05 7.025416562100872397e-05 3.227035631425678730e-05 8.615879341959953308e-04
1.180000000000000000e+05 4.115550837013870478e-05 1.473808515584096313e-04 3.029663821507710963e-05 1.582636286912020296e-05 1.264371559955179691e-03 2.482929630787111819e-05 7.865405495977029204e-05 7.413810089929029346e-05 3.034807195945177227e-05 8.519271505065262318e-04
1.185000000000000000e+05 6.059619045117869973e-05 1.786177745088934898e-04 4.120429730392061174e-05 1.712002449494320899e-05 1.320790499448776245e-03 2.698570096981711686e-05 8.060297113843262196e-05 9.032336674863472581e-05 2.798249261104501784e-05 7.942121010273694992e-04
1.190000000000000000e+05 6.049998773960396647e-05 1.774660922819748521e-04 3.813597868429496884e-05 1.708468153083231300e-05 1.306256395764648914e-03 2.717735151236411184e-05 8.037941006477922201e-05 8.288133540190756321e-05 3.092387851211242378e-05 7.823072373867034912e-04
1.195000000000000000e+05 3.669230864034034312e-05 1.361273461952805519e-04 3.914245826308615506e-05 2.337798287044279277e-05 1.322604366578161716e-03 1.997543040488380939e-05 9.564799984218552709e-05 8.141645230352878571e-05 2.976662653964012861e-05 8.452126639895141125e-04
1.200000000000000000e+05 3.565076258382759988e-05 1.320393348578363657e-04 3.455778642091900110e-05 2.351077455386985093e-05 1.311604864895343781e-03 1.951313788595143706e-05 9.522379696136340499e-05 7.278713746927678585e-05 3.018165079993195832e-05 8.355809841305017471e-04
1.205000000000000000e+05 3.773365460801869631e-05 1.213862196891568601e-04 2.376947486482094973e-05 2.338555714231915772e-05 1.158719533123075962e-03 2.065605440293438733e-05 6.835653766756877303e-05 7.901459321146830916e-05 3.977528831455856562e-05 8.246113429777324200e-04
1.210000000000000000e+05 3.643896707217209041e-05 1.180387553176842630e-04 2.253910679428372532e-05 2.168397077184636146e-05 1.150074531324207783e-03 1.951307785930112004e-05 6.346733425743877888e-05 6.985098298173397779e-05 3.821925565716810524e-05 8.159192511811852455e-04
1.215000000000000000e+05 3.081844988628290594e-05 1.188929236377589405e-04 2.532666076149325818e-05 1.585323116159997880e-05 1.108931261114776134e-03 1.806402724469080567e-05 6.153925642138347030e-05 9.027777559822425246e-05 1.966980198631063104e-05 8.188473875634372234e-04
1.220000000000000000e+05 2.896518708439543843e-05 1.143219124060124159e-04 2.292203134857118130e-05 1.415469068888342008e-05 1.100734225474298000e-03 1.677726686466485262e-05 5.977226464892737567e-05 8.383377280551940203e-05 1.827293090173043311e-05 8.115233504213392735e-04
1.225000000000000000e+05 3.679873043438419700e-05 1.140127496910281479e-04 1.761289968271739781e-05 1.712071934889536351e-05 1.072321785613894463e-03 1.904958662635181099e-05 6.765057332813739777e-05 3.486505011096596718e-05 1.519701254437677562e-05 7.769194198772311211e-04
1.230000000000000000e+05 3.722310793818905950e-05 1.109348158934153616e-04 1.648834950174205005e-05 1.576118302182294428e-05 1.060471404343843460e-03 1.930212420120369643e-05 6.742779805790632963e-05 3.750829273485578597e-05 1.426682410965440795e-05 7.666682358831167221e-04
1.235000000000000000e+05 3.385353193152695894e-05 1.001841592369601130e-04 1.957927815965376794e-05 2.270144796057138592e-05 1.035119290463626385e-03 1.689232340140733868e-05 5.702771159121766686e-05 5.718405736843124032e-05 3.592886059777811170e-05 7.819310412742197514e-04
1.240000000000000000e+05 3.325119905639439821e-05 9.687233978183940053e-05 1.965157389349769801e-05 2.191885687352623791e-05 1.026473124511539936e-03 1.640831760596483946e-05 5.339281779015436769e-05 6.082796244299970567e-05 3.544966239132918417e-05 7.726451731286942959e-04
1.245000000000000000e+05 2.864504858735017478e-05 1.034765518852509558e-04 1.752731441229116172e-05 3.226448825444094837e-05 1.296944450587034225e-03 1.314688597631175071e-05 4.069677015650086105e-05 7.066631224006414413e-05 2.290070005983579904e-05 7.641017436981201172e-04
1.250000000000000000e+05 2.711385423026513308e-05 1.002009739750064909e-04 1.703044836176559329e-05 2.965463500004261732e-05 1.290692714974284172e-03 1.210488244396401569e-05 3.880375879816710949e-05 7.819650636520236731e-05 2.131269320670980960e-05 7.568278815597295761e-04
1.255000000000000000e+05 3.305277641629800200e-05 9.739815141074359417e-05 2.512268110876902938e-05 2.651693466759752482e-05 1.200506230816245079e-03 1.282462380913784727e-05 7.177522638812661171e-05 7.120514055714011192e-05 1.773400617821607739e-05 7.115369080565869808e-04
1.260000000000000000e+05 3.362262214068323374e-05 9.715755732031539083e-05 2.282722380186896771e-05 2.578686508059035987e-05 1.188654568977653980e-03 1.262513706024037674e-05 7.750239456072449684e-05 9.652970766182988882e-05 1.782254730642307550e-05 7.010328699834644794e-04
1.265000000000000000e+05 3.477295103948563337e-05 1.216036980622448027e-04 2.927524110418744385e-05 2.441109973005950451e-05 1.256251940503716469e-03 1.321479430771432817e-05 6.651583680650219321e-05 9.828692418523132801e-05 2.226987271569669247e-05 6.953701958991587162e-04
1.270000000000000000e+05 3.478650251054205000e-05 1.219642217620275915e-04 2.622971260279882699e-05 2.426132414257153869e-05 1.243807724677026272e-03 1.326289293501758948e-05 6.694474723190069199e-05 7.942933734739199281e-05 2.194926128140650690e-05 6.856450345367193222e-04
1.275000000000000000e+05 4.028358671348541975e-05 1.229181216331198812e-04 2.109121123794466257e-05 2.163584395020734519e-05 1.349865226075053215e-03 1.714390418783295900e-05 5.266378138912841678e-05 8.697820885572582483e-05 1.556360803078860044e-05 6.732350448146462440e-04
1.280000000000000000e+05 4.179829556960612535e-05 1.187049201689660549e-04 2.037788908637594432e-05 1.972832978935912251e-05 1.334390370175242424e-03 1.737131060508545488e-05 5.426150164566934109e-05 1.016435780911706388e-04 1.386488747812109068e-05 6.642822991125285625e-04
1.285000000000000000e+05 3.054584158235229552e-05 9.963448246708139777e-05 1.959167821041774005e-05 2.683261664060410112e-05 1.177223864942789078e-03 1.502162012911867350e-05 4.003706635558046401e-05 1.431171258445829153e-04 1.776522367435973138e-05 6.926829810254275799e-04
1.290000000000000000e+05 2.763804150163196027e-05 9.601971396477892995e-05 1.786529719538521022e-05 2.748396400420460850e-05 1.170968986116349697e-03 1.335545675829052925e-05 3.800263220909982920e-05 1.478730409871786833e-04 1.672255893936380744e-05 6.859614513814449310e-04
1.295000000000000000e+05 2.563117777754087001e-05 8.432810864178463817e-05 3.001607547048479319e-05 1.881195021269377321e-05 1.024713157676160336e-03 1.317467649641912431e-05 4.428681131685152650e-05 5.928460086579434574e-05 3.170667696394957602e-05 6.744604906998574734e-04
1.300000000000000000e+05 2.527309698052704334e-05 8.265773067250847816e-05 2.892389056796673685e-05 1.846801933425012976e-05 1.017093192785978317e-03 1.284488462260924280e-05 4.298433123040013015e-05 6.147190288174897432e-05 3.302946788608096540e-05 6.682818639092147350e-04
1.305000000000000000e+05 3.401662979740649462e-05 1.027365942718461156e-04 1.805621104722376913e-05 2.196304922108538449e-05 1.116184284910559654e-03 1.530755253043025732e-05 3.993716018158011138e-05 4.522707240539602935e-05 1.232636350323446095e-05 6.439405260607600212e-04
1.310000000000000000e+05 3.423513408051803708e-05 1.009230763884261250e-04 1.786759821698069572e-05 2.003436384256929159e-05 1.107656629756093025e-03 1.540056109661236405e-05 3.903441029251553118e-05 4.484767850954085588e-05 1.115374743676511571e-05 6.375373923219740391e-04
1.315000000000000000e+05 2.402221252850722522e-05 6.958323501748964190e-05 1.842322308220900595e-05 2.573907477199099958e-05 9.081224561668932438e-04 1.208046523970551789e-05 4.096239717910066247e-05 6.724257400492206216e-05 1.084523410099791363e-05 6.592996651306748390e-04
1.320000000000000000e+05 2.317367761861532927e-05 6.885560287628322840e-05 1.609654282219707966e-05 2.403554753982461989e-05 9.044821490533649921e-04 1.172078191302716732e-05 4.097941928193904459e-05 6.235697946976870298e-05 1.098975735658314079e-05 6.553902057930827141e-04
1.325000000000000000e+05 2.478910755598917603e-05 8.435979543719440699e-05 1.046863508236128837e-05 1.070083544618682936e-05 1.026963465847074986e-03 1.161040745500940830e-05 4.629277100320905447e-05 2.107400359818711877e-05 1.317229452979518101e-05 6.404158193618059158e-04
1.330000000000000000e+05 2.421715544187463820e-05 8.151638030540198088e-05 9.510376003163401037e-06 1.045714361680438742e-05 1.017169444821774960e-03 1.117941155825974420e-05 4.296573388273827732e-05 1.966877971426583827e-05 1.336070181423565373e-05 6.321679684333503246e-04
1.335000000000000000e+05 1.984780101338401437e-05 8.296792657347396016e-05 1.610206163604743779e-05 8.338224688486661762e-06 1.048714504577219486e-03 1.053891992341959849e-05 4.701660509454086423e-05 3.232737071812152863e-05 1.607753983989823610e-05 6.227078847587108612e-04
1.340000000000000000e+05 1.943781535374000669e-05 8.113970397971570492e-05 1.305555269937030971e-05 7.773066499794367701e-06 1.039644237607717514e-03 1.041130781231913716e-05 4.638638711185194552e-05 2.780671820801217109e-05 1.902038457046728581e-05 6.143393693491816521e-04
1.345000000000000000e+05 2.472973210387863219e-05 8.109345799311995506e-05 9.289009540225379169e-06 6.603659130632877350e-06 9.156365995295345783e-04 1.113375310524133965e-05 3.326308797113597393e-05 3.433724123169668019e-05 2.299364314239937812e-05 6.021986482664942741e-04
1.350000000000000000e+05 2.458747076161671430e-05 7.773497054586187005e-05 8.879803317540790886e-06 5.784345830761594698e-06 9.064173791557550430e-04 1.095001334761036560e-05 3.154866863042116165e-05 3.605088932090438902e-05 2.212558320024982095e-05 5.939251859672367573e-04
1.355000000000000000e+05 2.490964106982573867e-05 7.197742525022476912e-05 5.409948244050610811e-06 1.379839704895857722e-05 9.871724760159850121e-04 1.109717595682013780e-05 3.211024159099906683e-05 2.340287210245151073e-05 1.189391332445666194e-05 5.935077206231653690e-04
1.360000000000000000e+05 2.520094858482480049e-05 7.027568790363147855e-05 4.748256742459489033e-06 1.308710852754302323e-05 9.777463274076581001e-04 1.111346682591829449e-05 3.100925096077844501e-05 3.068663136218674481e-05 9.924548066919669509e-06 5.853897309862077236e-04
1.365000000000000000e+05 1.981515924853738397e-05 5.559192504733800888e-05 1.843480276875197887e-05 1.973194048332516104e-05 8.248075610026717186e-04 1.023345885187154636e-05 2.746559766819700599e-05 3.546136940713040531e-05 1.392617559758946300e-05 5.932882195338606834e-04
1.370000000000000000e+05 1.845386213972233236e-05 5.447759031085297465e-05 1.691267971182242036e-05 1.855364462244324386e-05 8.206493803299963474e-04 9.425557436770759523e-06 2.595534897409379482e-05 3.313906199764460325e-05 1.420736225554719567e-05 5.889435997232794762e-04
1.375000000000000000e+05 1.483657069911714643e-05 5.039647658122703433e-05 9.869229870673734695e-06 6.650376235484145582e-06 7.652463391423225403e-04 8.234186680056154728e-06 2.035389479715377092e-05 1.897383481264114380e-05 8.379989594686776400e-06 5.980405258014798164e-04
1.380000000000000000e+05 1.369008805340854451e-05 4.894075391348451376e-05 9.738163498695939779e-06 5.905380021431483328e-06 7.617142982780933380e-04 7.661566996830515563e-06 1.994527701754122972e-05 1.864972000475972891e-05 7.324122179852565750e-06 5.943148280493915081e-04
1.385000000000000000e+05 2.433297777315601707e-05 7.104047836037352681e-05 1.648804936849046499e-05 9.594608854968100786e-06 9.587272070348262787e-04 9.173294529318809509e-06 4.072392403031699359e-05 1.024400407914072275e-04 9.371166925120633096e-06 5.444237613119184971e-04
1.390000000000000000e+05 2.477852285664994270e-05 7.262204599101096392e-05 1.376570980937685817e-05 1.015130965242860839e-05 9.482578025199472904e-04 8.625612281321082264e-06 4.655434895539656281e-05 1.141592147178016603e-04 1.052733296091901138e-05 5.373766180127859116e-04
1.395000000000000000e+05 3.227013439754955471e-05 7.556653145002201200e-05 1.635244552744552493e-05 5.114670784678310156e-06 9.353926288895308971e-04 9.688193131296429783e-06 6.609715637750923634e-05 3.487969661364331841e-05 3.113761704298667610e-05 5.138596752658486366e-04
1.400000000000000000e+05 3.372860737727023661e-05 7.664180157007649541e-05 1.544122642371803522e-05 5.057606813352322206e-06 9.272890747524797916e-04 9.945302736014127731e-06 6.765532452845945954e-05 3.309968451503664255e-05 3.783946885960176587e-05 5.073836655355989933e-04
1.405000000000000000e+05 1.941232221724931151e-05 6.969278911128640175e-05 8.191803317458834499e-06 7.755326805636286736e-06 9.303311235271394253e-04 8.230394087149761617e-06 4.281442306819371879e-05 8.700119360582903028e-05 2.172003405576106161e-05 5.464703426696360111e-04
1.410000000000000000e+05 1.900101415230892599e-05 6.861349538667127490e-05 7.415941126964753494e-06 7.599319360451772809e-06 9.252156014554202557e-04 7.879768418206367642e-06 4.283995804144069552e-05 9.210047574015334249e-05 2.029946881521027535e-05 5.420283996500074863e-04
1.415000000000000000e+05 2.817417589540127665e-05 9.744505950948223472e-05 5.392103958001825958e-06 1.920514114317484200e-05 1.175670535303652287e-03 8.965367669588886201e-06 2.990558277815580368e-05 2.064200634777080268e-05 8.892173354979604483e-06 5.163954920135438442e-04
1.420000000000000000e+05 2.852947727660648525e-05 9.613826114218682051e-05 4.970274403603980318e-06 1.782954677764791995e-05 1.166888047009706497e-03 8.861116839398164302e-06 2.962013059004675597e-05 1.994809463212732226e-05 8.278740097011905164e-06 5.115912063047289848e-04
1.425000000000000000e+05 2.076084274449385703e-05 5.209647497395053506e-05 1.885626079456415027e-05 2.105024032061919570e-05 8.338721236214041710e-04 7.775032827339600772e-06 2.501775816199369729e-05 2.833671533153392375e-05 6.632914391957456246e-06 5.327037652023136616e-04
1.430000000000000000e+05 2.062067687802482396e-05 5.138382402947172523e-05 1.717634586384519935e-05 1.853369940363336354e-05 8.282874478027224541e-04 7.592311703774612397e-06 2.444592610117979348e-05 3.820378333330154419e-05 7.276786163856741041e-06 5.273981369100511074e-04
1.435000000000000000e+05 2.135290560545399785e-05 6.406163447536528111e-05 1.168817198049509898e-05 3.670268597488757223e-06 9.589535766281187534e-04 7.383572665276005864e-06 2.135387330781668425e-05 3.719968299265019596e-05 7.246269433380803093e-06 5.185584304854273796e-04
1.440000000000000000e+05 2.068787398457061499e-05 6.306660361588001251e-05 1.124543086916673928e-05 2.996399416588246822e-06 9.507173672318458557e-04 7.181265118560986593e-06 2.099788980558514595e-05 4.071926377946510911e-05 5.544410669244825840e-06 5.118756671436131001e-04
1.445000000000000000e+05 1.817898009903728962e-05 6.030916847521439195e-05 1.310680090682581067e-05 2.797239403662388213e-06 8.306725067086517811e-04 7.465819635399384424e-06 2.873933226510416716e-05 2.266869705636054277e-05 6.635284989897627383e-06 5.022711702622473240e-04
1.450000000000000000e+05 1.832614907470997423e-05 6.033863246557302773e-05 1.102488386095501482e-05 2.746130121522583067e-06 8.256841683760285378e-04 7.500298124796245247e-06 2.959479752462357283e-05 2.168110222555696964e-05 7.147505129978526384e-06 4.988788859918713570e-04
1.455000000000000000e+05 2.025575122388545424e-05 7.990863377926871181e-05 1.711324512143619359e-05 8.342087312485091388e-06 1.026114332489669323e-03 7.551162525487598032e-06 2.977008261950686574e-05 6.560514884768053889e-05 4.016076218249509111e-06 4.902383661828935146e-04
1.460000000000000000e+05 2.037366357399150729e-05 7.939816714497283101e-05 1.676774627412669361e-05 7.884660590207204223e-06 1.021641306579113007e-03 7.637328053533565253e-06 2.963790575449820608e-05 6.326802395051345229e-05 3.613402441260404885e-06 4.868277464993298054e-04
1.465000000000000000e+05 1.700071516097523272e-05 6.859387212898582220e-05 1.675480052654165775e-05 1.082198104995768517e-05 8.897976367734372616e-04 6.332026714517269284e-06 3.456429840298369527e-05 3.133630525553599000e-05 3.872013166983379051e-06 4.898713086731731892e-04
1.470000000000000000e+05 1.690560202405322343e-05 6.921262684045359492e-05 1.614241409697569907e-05 1.057343433785717934e-05 8.831610903143882751e-04 6.079571903683245182e-06 3.554732393240556121e-05 2.938364013971295208e-05 3.909290626324946061e-06 4.854941507801413536e-04
1.475000000000000000e+05 1.587561928317882121e-05 5.461472392198629677e-05 1.606087607797235250e-05 1.044913915393408388e-05 7.681169663555920124e-04 7.064655164867872372e-06 2.524805131542962044e-05 2.993437010445632041e-05 2.410893284832127392e-05 4.933463642373681068e-04
1.480000000000000000e+05 1.563429941597860307e-05 5.350871288101188838e-05 1.589099156262818724e-05 9.686673365649767220e-06 7.634795620106160641e-04 6.965926331758964807e-06 2.451070213282946497e-05 3.159543121000751853e-05 2.347513145650736988e-05 4.888740368187427521e-04
