# step, loss_train, loss_test, metrics_test
0.000000000000000000e+00 1.030657789669930935e-03 2.185676991939544678e-01 6.964076776057481766e-03 2.671392634510993958e-03 2.097499789670109749e-03 1.046252553351223469e-03 1.795723885297775269e-01 5.830182693898677826e-03 3.578971372917294502e-03 5.595984403043985367e-03
5.000000000000000000e+02 3.332461230456829071e-03 1.314586848020553589e-01 2.259309694636613131e-04 1.641179114812985063e-04 9.656380861997604370e-03 3.259919816628098488e-03 1.139689236879348755e-01 1.443458768335403875e-05 3.683339164126664400e-04 1.172710116952657700e-02
1.000000000000000000e+03 1.908708363771438599e-03 1.258445233106613159e-01 1.442801440134644508e-04 5.268357926979660988e-04 1.009002793580293655e-02 1.673092832788825035e-03 1.111190989613533020e-01 8.420591620961204171e-05 2.947515749838203192e-04 1.191517524421215057e-02
1.500000000000000000e+03 9.628331172280013561e-04 1.220829859375953674e-01 3.526054788380861282e-04 8.874228806234896183e-04 1.038172841072082520e-02 8.242019684985280037e-04 1.103590652346611023e-01 2.388158900430426002e-04 4.040912899654358625e-04 1.218442618846893311e-02
2.000000000000000000e+03 7.513370364904403687e-04 1.215803995728492737e-01 4.526388365775346756e-04 8.663722546771168709e-04 1.008386444300413132e-02 6.783591816201806068e-04 1.097116842865943909e-01 3.308203013148158789e-04 5.249438690952956676e-04 1.188300549983978271e-02
2.500000000000000000e+03 7.907203398644924164e-04 1.444634050130844116e-01 3.482884203549474478e-04 9.338891250081360340e-04 1.094219274818897247e-02 7.214382640086114407e-04 1.088141277432441711e-01 5.063198623247444630e-04 4.466278478503227234e-04 1.244537346065044403e-02
3.000000000000000000e+03 9.716747445054352283e-04 1.440119147300720215e-01 3.680434892885386944e-04 9.149281540885567665e-04 1.019196677953004837e-02 7.999754743650555611e-04 1.085643991827964783e-01 5.645838682539761066e-04 5.090002669021487236e-04 1.172910165041685104e-02
3.500000000000000000e+03 9.211914730258285999e-04 1.252860426902770996e-01 3.321022377349436283e-04 8.428015862591564655e-04 9.304856881499290466e-03 6.863524904474616051e-04 1.085542514920234680e-01 3.822760481853038073e-04 3.161755739711225033e-04 1.091002020984888077e-02
4.000000000000000000e+03 8.794575696811079979e-04 1.228680014610290527e-01 5.826083943247795105e-04 9.150059195235371590e-04 8.188792504370212555e-03 5.799850332550704479e-04 1.074295416474342346e-01 3.779938269872218370e-04 3.233379684388637543e-04 9.738980792462825775e-03
4.500000000000000000e+03 1.239870209246873856e-03 7.078103721141815186e-02 6.603607325814664364e-04 4.768333397805690765e-03 7.009760476648807526e-03 8.264511125162243843e-04 6.741221994161605835e-02 6.164814112707972527e-04 1.083690393716096878e-02 8.116572163999080658e-03
5.000000000000000000e+03 3.348660655319690704e-03 6.698308046907186508e-03 1.042515359586104751e-04 2.119801501976326108e-04 1.483281236141920090e-02 2.199902664870023727e-03 2.090145600959658623e-03 7.786654896335676312e-05 1.624459750019013882e-03 1.423756219446659088e-02
5.500000000000000000e+03 1.951232668943703175e-03 3.329292638227343559e-03 5.518603211385197937e-05 2.595513942651450634e-04 1.124479807913303375e-02 1.204840606078505516e-03 9.027544292621314526e-04 6.315181235549971461e-05 5.056167719885706902e-04 1.124017685651779175e-02
6.000000000000000000e+03 8.798480266705155373e-04 1.382783171720802784e-03 7.331313827307894826e-05 1.774576958268880844e-04 7.179102860391139984e-03 4.739640571642667055e-04 9.650225983932614326e-04 1.784641208359971642e-04 3.615856112446635962e-04 6.842439994215965271e-03
6.500000000000000000e+03 6.918517174199223518e-04 1.072648912668228149e-03 9.224317182088270783e-05 1.113161633838899434e-04 5.084760487079620361e-03 2.035248762695118785e-04 8.711546543054282665e-04 3.628109116107225418e-04 1.200320402858778834e-04 4.337334074079990387e-03
7.000000000000000000e+03 4.778336151503026485e-04 8.371116127818822861e-04 7.484344678232446313e-05 3.582927820389159024e-05 3.533148439601063728e-03 1.139272717409767210e-04 8.400523802265524864e-04 2.874203200917690992e-04 3.913348700734786689e-05 2.716470276936888695e-03
7.500000000000000000e+03 3.517137665767222643e-04 7.531394949182868004e-04 6.396569369826465845e-05 2.864119414880406111e-05 2.660514554008841515e-03 5.596095797955058515e-05 1.103474292904138565e-03 1.661430287640541792e-04 1.813676499295979738e-05 1.675498438999056816e-03
8.000000000000000000e+03 4.030891868751496077e-04 6.636517355218529701e-04 4.579024607664905488e-05 1.913857886393088847e-05 2.096554497256875038e-03 4.048163464176468551e-05 1.067122444510459900e-03 1.732720847940072417e-04 1.595112189534120262e-05 1.160477520897984505e-03
8.500000000000000000e+03 4.458732728380709887e-04 5.032492917962372303e-04 2.601188316475600004e-05 7.489860763598699123e-06 1.825530896894633770e-03 3.418316919123753905e-05 4.862773930653929710e-04 8.145005995174869895e-05 2.215192762378137559e-05 9.737152722664177418e-04
9.000000000000000000e+03 3.799946862272918224e-04 4.489318525884300470e-04 1.706975490378681570e-05 5.654219876305432990e-06 1.687617972493171692e-03 2.549807686591520905e-05 3.995482693426311016e-04 5.666185825248248875e-05 2.457228765706531703e-05 8.615786791779100895e-04
9.500000000000000000e+03 3.302016993984580040e-04 4.841210029553622007e-04 1.126535062212496996e-05 1.201744726131437346e-05 1.584742101840674877e-03 1.855118898674845695e-05 3.792048664763569832e-04 2.559234235377516598e-05 3.207434929208829999e-05 7.427913951687514782e-04
1.000000000000000000e+04 3.033833054360002279e-04 4.379678866825997829e-04 6.860132543806685135e-06 8.982802683021873236e-06 1.514192437753081322e-03 1.377539592795073986e-05 3.552421985659748316e-04 1.448592502129031345e-05 2.389406836300622672e-05 6.829307531006634235e-04
1.050000000000000000e+04 2.889470197260379791e-04 3.628181002568453550e-04 7.302249741769628599e-06 8.563398296246305108e-06 1.404232694767415524e-03 1.117888496082741767e-05 2.993053349200636148e-04 1.533411523269023746e-05 1.569771666254382581e-05 6.313585909083485603e-04
1.100000000000000000e+04 2.604831825010478497e-04 3.128926036879420280e-04 4.729923148261150345e-06 6.827263405284611508e-06 1.293574110604822636e-03 1.201334180223057047e-05 1.864934311015531421e-04 1.346117187495110556e-05 9.584417057340033352e-06 5.637278081849217415e-04
1.150000000000000000e+04 1.989760930882766843e-04 3.292648179922252893e-04 2.055298182312981226e-06 4.903321951132966205e-06 1.456992118619382381e-03 1.509304001956479624e-05 2.202142932219430804e-04 1.727461312839295715e-05 7.370389539573807269e-06 5.341656506061553955e-04
1.200000000000000000e+04 1.676331012276932597e-04 3.085984790232032537e-04 2.111832600348861888e-06 4.958929821441415697e-06 1.318623544648289680e-03 2.001200482482090592e-05 2.173442044295370579e-04 1.358078861812828109e-05 1.216891723743174225e-05 4.295324906706809998e-04
1.250000000000000000e+04 1.584985875524580479e-04 2.780928916763514280e-04 3.009122110597672872e-06 3.195329327354556881e-06 1.168121583759784698e-03 1.759545739332679659e-05 2.055068907793611288e-04 5.775839326815912500e-06 2.170833431591745466e-05 3.433550591580569744e-04
1.300000000000000000e+04 1.180996041512116790e-04 2.758397022262215614e-04 2.500784830772317946e-06 2.332197482246556319e-06 1.051909406669437885e-03 1.133846490120049566e-05 1.688593038124963641e-04 3.943617230106610805e-06 1.010018877423135564e-05 2.728325489442795515e-04
1.350000000000000000e+04 1.109139338950626552e-04 2.553791564423590899e-04 1.526728965473012067e-06 2.739112233030027710e-06 6.651238072663545609e-04 9.381259587826207280e-06 3.250120498705655336e-04 3.813999001067713834e-06 6.374924396368442103e-06 2.848283329512923956e-04
1.400000000000000000e+04 1.063530435203574598e-04 2.485540171619504690e-04 1.284509266952227335e-06 1.973868393179145642e-06 5.787689588032662868e-04 9.768950803845655173e-06 2.884317655116319656e-04 3.881287739204708487e-06 4.416197498358087614e-06 2.864993002731353045e-04
1.450000000000000000e+04 1.106336494558490813e-04 2.764962264336645603e-04 1.585341465215606149e-06 1.525455331830016803e-06 8.188710780814290047e-04 9.734999366628471762e-06 1.823843485908582807e-04 5.512632469617528841e-06 2.985521632581367157e-06 2.027220325544476509e-04
1.500000000000000000e+04 9.722122922539710999e-05 2.508289471734315157e-04 1.459108034396194853e-06 1.324869913332804572e-06 8.002558024600148201e-04 9.948956176231149584e-06 1.377317094011232257e-04 5.303772468323586509e-06 3.303475295979296789e-06 1.881564967334270477e-04
1.550000000000000000e+04 1.064899188349954784e-04 2.402482059551402926e-04 2.520396947147673927e-06 1.291285229854111094e-06 9.043836616910994053e-04 9.699107977212406695e-06 1.131409808294847608e-04 4.211894520267378539e-06 3.340139755891868845e-06 1.318968134000897408e-04
1.600000000000000000e+04 1.125672788475640118e-04 2.191278326790779829e-04 2.162383452741778456e-06 1.383677386002091225e-06 8.442568941973149776e-04 1.096579671866493300e-05 8.799997158348560333e-05 3.908432972821174189e-06 3.977022970502730459e-06 1.096442210837267339e-04
1.650000000000000000e+04 9.952678374247625470e-05 1.892832078738138080e-04 2.551206989664933644e-06 1.685304823695332743e-06 7.192243938334286213e-04 1.041513678501360118e-05 5.924738434259779751e-05 4.485681529331486672e-06 6.669706635875627398e-06 1.469136041123420000e-04
1.700000000000000000e+04 9.270419832319021225e-05 1.758816651999950409e-04 1.968492597370641306e-06 1.514974087513110135e-06 6.816008244641125202e-04 8.204659934563096613e-06 4.065173197886906564e-05 3.755530542548513040e-06 5.692758804798359051e-06 1.421311317244544625e-04
1.750000000000000000e+04 1.081247901311144233e-04 1.739778526825830340e-04 1.573434360579994973e-06 1.329042220277187880e-06 7.841277983970940113e-04 7.097899015207076445e-06 6.616767495870590210e-05 1.845623842200438958e-06 3.244680556235834956e-06 1.068899873644113541e-04
1.800000000000000000e+04 1.021048665279522538e-04 1.699518616078421474e-04 1.477721525589004159e-06 1.396558445776463486e-06 7.499934872612357140e-04 6.641017080255551264e-06 7.083862146828323603e-05 1.344348561360675376e-06 3.259850700487731956e-06 1.018919792841188610e-04
1.850000000000000000e+04 8.478225936414673924e-05 1.725395559333264828e-04 1.172372435576107819e-06 2.901075049521750771e-06 6.203543744049966335e-04 5.769762537966016680e-06 4.727439954876899719e-05 1.017778345158149023e-06 1.459990130570076872e-06 9.716263593873009086e-05
1.900000000000000000e+04 8.014152990654110909e-05 1.502324012108147144e-04 1.196306925521639641e-06 2.609748889881302603e-06 5.854849587194621563e-04 5.700360361515777186e-06 3.573204230633564293e-05 1.081161713045730721e-06 8.194263614313967992e-07 8.561494178138673306e-05
1.950000000000000000e+04 7.915939204394817352e-05 1.303693570662289858e-04 1.274636019843455870e-06 2.181150875912862830e-06 4.704059392679482698e-04 6.420188583433628082e-06 1.040936040226370096e-04 1.285157054553565104e-06 4.025238013127818704e-06 1.365862990496680140e-04
2.000000000000000000e+04 7.545221160398796201e-05 1.279356074519455433e-04 1.288873477278684732e-06 1.747583041833422612e-06 4.213422071188688278e-04 5.145732757227960974e-06 1.063979289028793573e-04 1.703373300188104622e-06 5.926469839323544875e-06 1.593323249835520983e-04
2.050000000000000000e+04 6.819085683673620224e-05 1.793815608834847808e-04 2.750558678599190898e-06 2.237465423604589887e-06 4.879019397776573896e-04 4.085849013790721074e-06 9.338444942841306329e-05 2.105312432831851766e-06 7.734474820608738810e-06 2.227995428256690502e-04
2.100000000000000000e+04 6.557194137712940574e-05 1.635072694625705481e-04 2.438888486722134985e-06 1.547027636661368888e-06 4.337814461905509233e-04 3.935248514608247206e-06 1.173278069472871721e-04 1.827168489398900419e-06 4.734147751150885597e-06 2.498468093108385801e-04
2.150000000000000000e+04 6.383852451108396053e-05 1.045287644956260920e-04 1.241931954609754030e-06 1.887969347080797888e-06 2.796843764372169971e-04 3.243766741434228607e-06 6.527402001665905118e-05 1.944679070220445283e-06 2.976850282720988616e-06 2.634447009768337011e-04
2.200000000000000000e+04 5.737707033404149115e-05 9.209064592141658068e-05 1.077157548934337683e-06 2.314592393304337747e-06 2.575561811681836843e-04 2.877284487112774514e-06 5.052123378845863044e-05 1.241712084265600424e-06 3.588780600694008172e-06 3.033683460671454668e-04
2.250000000000000000e+04 7.109975558705627918e-05 1.228471519425511360e-04 8.230964567701448686e-07 1.011316612675727811e-06 5.650910898111760616e-04 3.213281843272852711e-06 6.636164471274241805e-05 1.468296773055044468e-06 3.115487288596341386e-06 8.399094804190099239e-05
2.300000000000000000e+04 6.920748273842036724e-05 1.125900089391507208e-04 9.729358225740725175e-07 9.734020522955688648e-07 5.488474271260201931e-04 3.298051751698949374e-06 6.062646934879012406e-05 1.586392386343504768e-06 2.209242893513874151e-06 8.377202902920544147e-05
2.350000000000000000e+04 9.076384594663977623e-05 1.151778997154906392e-04 1.127746259044215549e-06 8.634938808427250478e-07 4.840698966290801764e-04 3.992612619185820222e-06 9.478998981649056077e-05 3.438575049585779198e-06 5.511712970474036410e-06 1.176195510197430849e-04
2.400000000000000000e+04 8.148887718562036753e-05 1.170242321677505970e-04 9.500000714979250915e-07 5.701085115106252488e-07 4.423334903549402952e-04 4.407317646837327629e-06 1.134574340539984405e-04 3.007898840223788284e-06 4.379562597023323178e-06 1.441003696527332067e-04
2.450000000000000000e+04 6.203552038641646504e-05 1.117362553486600518e-04 1.102395685848023277e-06 1.409998958479263820e-06 3.329210740048438311e-04 2.985287892443011515e-06 1.348470395896583796e-04 9.862689012152259238e-07 5.429943030321737751e-06 1.536899653729051352e-04
2.500000000000000000e+04 5.711306948796845973e-05 9.935125854099169374e-05 9.237582503374142107e-07 1.705964336906617973e-06 2.891616604756563902e-04 2.872091044991975650e-06 1.299284631386399269e-04 7.299012736439181026e-07 7.292844657058594748e-06 1.799851452233269811e-04
2.550000000000000000e+04 9.459993452765047550e-05 7.001775520620867610e-05 7.116005917850998230e-07 2.049416480076615699e-06 3.484096378087997437e-04 4.000650733360089362e-06 1.541587844258174300e-04 5.873184818483423442e-07 7.810253919160459191e-06 3.797062890953384340e-05
2.600000000000000000e+04 7.823129999451339245e-05 6.395765376510098577e-05 6.351359616019180976e-07 1.452813876312575303e-06 3.323686250951141119e-04 4.438794803718337789e-06 1.272202352993190289e-04 7.235504995151131880e-07 7.689399353694170713e-06 4.433583671925589442e-05
2.650000000000000000e+04 6.495059642475098372e-05 1.061484945239499211e-04 1.033751459544873796e-06 1.019422825265792198e-06 2.559053828008472919e-04 3.519172651067492552e-06 6.509509694296866655e-05 1.688615384409786202e-06 1.409965079801622778e-06 3.152834542561322451e-04
2.700000000000000000e+04 5.989989222143776715e-05 9.518619481241330504e-05 1.205779085466929246e-06 9.219276080330018885e-07 2.217653964180499315e-04 3.889937943313270807e-06 6.146202213130891323e-05 1.414927055520820431e-06 7.901851972746953834e-07 3.728532756213098764e-04
2.750000000000000000e+04 4.941711449646390975e-05 8.002307004062458873e-05 5.868158723387750797e-07 1.071752194548025727e-06 1.948434946825727820e-04 3.866983206535223871e-06 7.103242387529462576e-05 7.547763516413397156e-07 2.578618932602694258e-06 2.746682730503380299e-04
2.800000000000000000e+04 4.450893538887612522e-05 6.706375279463827610e-05 4.547286209799494827e-07 6.194354682520497590e-07 1.756963029038161039e-04 3.011477019754238427e-06 5.379446884035132825e-05 6.178668741085857619e-07 1.165725393548200373e-06 3.333150234539061785e-04
2.850000000000000000e+04 5.016870636609382927e-05 1.109987279050983489e-04 6.410159016922989395e-07 1.200008796331530903e-06 4.131812602281570435e-04 3.085739081143401563e-06 2.997829506057314575e-05 9.521171477899770252e-07 6.633778752984653693e-07 7.414549327222630382e-05
2.900000000000000000e+04 5.019302261644043028e-05 1.014081353787332773e-04 4.710799714757740730e-07 1.299604491578065790e-06 3.957934968639165163e-04 2.988415872096084058e-06 3.169868068653158844e-05 7.249732902891992126e-07 8.787379215391410980e-07 7.562430982943624258e-05
2.950000000000000000e+04 3.998233296442776918e-05 1.043503725668415427e-04 6.791909754610969685e-07 1.051537537932745181e-06 2.496558881830424070e-04 2.639543936311383732e-06 6.658711208729073405e-05 5.778180707238789182e-07 1.212138045048050117e-06 3.123661153949797153e-04
3.000000000000000000e+04 3.941056274925358593e-05 9.852340735960751772e-05 5.782702601209166460e-07 1.167092591458640527e-06 2.294956939294934273e-04 2.550311364757362753e-06 6.440569268306717277e-05 4.890218292530335020e-07 9.742452675709500909e-07 3.435946709942072630e-04
3.050000000000000000e+04 5.199098450248129666e-05 1.101004672818817198e-04 4.993777906747709494e-07 1.871087192739651073e-06 3.472367825452238321e-04 3.065505325139383785e-06 5.997868356644175947e-05 9.189686238642025273e-07 3.350842519012076082e-07 9.906020568450912833e-05
3.100000000000000000e+04 4.963711035088635981e-05 9.903535101329907775e-05 4.878845061284664553e-07 1.671792915658443235e-06 3.193188167642802000e-04 3.053517275475314818e-06 4.676940079662017524e-05 9.749026048666564748e-07 3.769756062865781132e-07 1.076755143003538251e-04
3.150000000000000000e+04 3.511401155265048146e-05 3.646248660515993834e-05 4.222271741127769928e-07 1.502775944572931621e-06 8.826180419418960810e-05 2.457102937114541419e-06 2.671719084901269525e-05 6.065556021894735750e-07 8.788728109720977955e-07 3.577865427359938622e-04
3.200000000000000000e+04 3.163476503686979413e-05 3.616445246734656394e-05 2.650984640695241978e-07 1.135863612944376655e-06 8.071042248047888279e-05 2.147834948118543252e-06 3.002460289280861616e-05 4.149131029862473952e-07 6.830390475442982279e-07 3.973365237470716238e-04
3.250000000000000000e+04 5.518270700122229755e-05 6.666727131232619286e-05 7.138917794691224117e-07 7.221800615297979675e-07 3.377880493644624949e-04 2.658577159309061244e-06 6.102439147070981562e-05 6.217764507709944155e-07 3.520484881391894305e-07 1.158562081400305033e-04
3.300000000000000000e+04 5.100191265228204429e-05 6.645178655162453651e-05 5.018080742047459353e-07 6.505600254058663268e-07 3.149092954117804766e-04 2.575523694758885540e-06 5.961656643194146454e-05 6.896754598528787028e-07 4.076316599821439013e-07 1.404845825163647532e-04
3.350000000000000000e+04 6.407459295587614179e-05 9.269496513297781348e-05 3.045112464405974606e-07 1.449195337954733986e-06 2.049530448857694864e-04 2.521980150049785152e-06 2.310288437001872808e-05 3.898347245012701023e-07 8.665506925353838596e-07 2.430463937344029546e-04
3.400000000000000000e+04 5.832323586218990386e-05 8.121657447190955281e-05 1.894271690616733395e-07 1.690549652266781777e-06 1.885691017378121614e-04 2.585577021818608046e-06 1.921814327943138778e-05 3.341497745168453548e-07 8.581654356021317653e-07 2.707970561459660530e-04
3.450000000000000000e+04 3.816555181401781738e-05 6.478215800598263741e-05 4.731265050850197440e-07 1.346541694147163071e-06 1.599509851075708866e-04 2.257314235976082273e-06 3.720687527675181627e-05 1.054967583513644058e-06 1.125953758673858829e-06 3.586989769246429205e-04
3.500000000000000000e+04 3.575277514755725861e-05 5.222625622991472483e-05 4.137149005600804230e-07 1.197214032799820416e-06 1.417143503203988075e-04 1.992734723899047822e-06 3.547714732121676207e-05 6.014839186718745623e-07 1.012469397210224997e-06 4.008011019323021173e-04
3.550000000000000000e+04 5.852279718965291977e-05 4.893218647339381278e-05 9.557189741826732643e-07 6.635681870648113545e-07 1.902070653159171343e-04 3.057325557165313512e-06 2.899055107263848186e-05 1.274433316211798228e-06 6.754132186870265286e-07 2.493369102012366056e-04
3.600000000000000000e+04 4.527934652287513018e-05 5.386237171478569508e-05 9.406098229192139115e-07 7.489812219318991993e-07 1.671691716182976961e-04 3.352258318045642227e-06 1.975941995624452829e-05 1.082152834896987770e-06 7.764077736283070408e-07 3.111230616923421621e-04
3.650000000000000000e+04 3.130297045572660863e-05 9.350867912871763110e-05 9.253121788788121194e-07 1.078270656762470026e-06 2.020948304561898112e-04 2.774889935608371161e-06 2.563243106123991311e-05 4.459147362467774656e-07 1.023733716465358157e-06 2.526818425394594669e-04
3.700000000000000000e+04 2.802684321068227291e-05 8.668029477121308446e-05 8.362537187167617958e-07 1.078167997548007406e-06 1.881656644400209188e-04 2.492252178853959776e-06 2.787586345220915973e-05 4.381288931654125918e-07 5.323003620105737355e-07 2.695544098969548941e-04
3.750000000000000000e+04 2.818268148985225707e-05 8.513116881658788770e-06 5.378541914069501217e-07 7.411841806970187463e-07 2.028472226811572909e-05 2.359043037358787842e-06 1.630621954973321408e-05 3.508638997118396219e-07 6.899657023495819885e-07 1.496713957749307156e-03
3.800000000000000000e+04 2.404660881438758224e-05 8.218802577175665647e-06 4.367275892036559526e-07 5.735026888942229562e-07 1.573187910253182054e-05 2.318652377653052099e-06 1.291935586777981371e-05 5.490806529451219831e-07 7.807284418959170580e-07 1.651836442761123180e-03
3.850000000000000000e+04 5.158264684723690152e-05 8.354386227438226342e-05 6.699477239635598380e-07 1.300398025705362670e-06 2.531563222873955965e-04 2.345834900552290492e-06 3.153967190883122385e-05 5.480732738760707434e-07 4.814744443137897179e-07 1.341587922070175409e-04
3.900000000000000000e+04 4.454961526789702475e-05 6.859298446215689182e-05 5.567774792325508315e-07 1.089965849132568110e-06 2.336127363378182054e-04 2.183676542699686252e-06 3.233976167393848300e-05 5.322891638570581563e-07 5.315829980645503383e-07 1.475588942412286997e-04
3.950000000000000000e+04 3.383872171980328858e-05 6.258977373363450170e-05 6.129984626568329986e-07 6.679633770545478910e-07 2.354842144995927811e-04 2.122049863828578964e-06 3.277191717643290758e-05 4.643259501335705863e-07 5.308585286911693402e-07 1.314445544267073274e-04
4.000000000000000000e+04 2.886736365326214582e-05 4.431279739947058260e-05 7.610550483150291257e-07 5.895684012102719862e-07 2.160096628358587623e-04 2.116775931426673196e-06 3.599925548769533634e-05 7.727133493062865455e-07 3.782917588068812620e-07 1.186652589240111411e-04
4.050000000000000000e+04 6.767031300114467740e-05 3.481392559478990734e-05 4.127176453039282933e-06 8.507997222295671236e-07 2.226312935817986727e-04 2.305076577613363042e-06 3.613928492995910347e-05 9.903958471113583073e-07 1.114010956371203065e-06 9.680458606453612447e-05
4.100000000000000000e+04 4.883242945652455091e-05 2.201215829700231552e-05 2.565709337432053871e-06 8.777697075856849551e-07 1.753909018589183688e-04 2.124936145264655352e-06 3.644676326075568795e-05 1.239475182046589907e-06 5.227572046351269819e-07 1.887399557745084167e-04
4.150000000000000000e+04 3.440997170400805771e-05 3.318786912132054567e-05 1.273453904104826506e-06 1.401833969794097356e-06 7.417155575240030885e-05 2.294844307471066713e-06 2.491373015800490975e-05 1.652262312745733652e-06 2.510644776521075983e-07 2.026224537985399365e-04
4.200000000000000000e+04 3.020015719812363386e-05 2.846622192009817809e-05 1.009295601761550643e-06 1.189814270219358150e-06 6.550316902576014400e-05 2.183104015784920193e-06 2.177788337576203048e-05 1.091561671273666434e-06 2.748587633050192380e-07 2.408984291832894087e-04
4.250000000000000000e+04 4.807141158380545676e-05 4.342731699580326676e-05 8.946273055698839016e-07 1.168904418591409922e-06 1.816448784666135907e-04 3.113126012976863421e-06 3.182914952049031854e-05 9.682972859081928618e-07 1.266745471184549388e-06 3.409247728995978832e-04
4.300000000000000000e+04 4.432291825651191175e-05 4.326850466895848513e-05 6.420081035685143434e-07 7.412128866235434543e-07 1.581340620759874582e-04 2.768999820546014234e-06 2.377470991632435471e-05 8.636835673314635642e-07 1.225190430886868853e-06 4.285669419914484024e-04
4.350000000000000000e+04 4.012242789031006396e-05 1.694923230388667434e-05 6.329310622277262155e-07 8.340128943018498830e-07 5.224139385973103344e-05 2.285416940139839426e-06 2.362107807130087167e-05 7.345871040342899505e-07 7.577272640446608420e-07 6.430926732718944550e-04
4.400000000000000000e+04 3.189601557096466422e-05 1.599554707354400307e-05 8.617074627181864344e-07 6.884602044010534883e-07 4.062992229592055082e-05 2.389504288657917641e-06 2.646460052346810699e-05 7.429951551785052288e-07 5.587471036960778292e-07 7.765098707750439644e-04
4.450000000000000000e+04 5.167169729247689247e-05 5.546769170905463398e-05 6.274995030253194273e-07 1.197784854412020650e-06 2.442996483296155930e-04 2.522874183341627941e-06 1.586406870046630502e-05 9.333816137768735643e-07 9.792184982870821841e-07 2.318646438652649522e-04
4.500000000000000000e+04 4.206984522170387208e-05 5.677227818523533642e-05 6.002675831950909924e-07 9.643083558330545202e-07 2.110442728735506535e-04 2.470716935931704938e-06 1.974817678274121135e-05 1.047676846610556822e-06 9.228019166584999766e-07 2.753546577878296375e-04
4.550000000000000000e+04 6.320713873719796538e-05 3.119981920463033020e-05 7.409630029542313423e-07 9.314349540545663331e-07 1.252889633178710938e-04 2.575444796093506739e-06 3.261641541030257940e-05 9.999065468946355395e-07 1.394437390445091296e-06 5.680397734977304935e-04
4.600000000000000000e+04 5.277219315757974982e-05 2.669856439752038568e-05 5.912849587730306666e-07 7.803158723618253134e-07 1.132584366132505238e-04 2.595669002403155901e-06 3.550497058313339949e-05 1.168397488982009236e-06 1.281121853935474064e-06 6.520497263409197330e-04
4.650000000000000000e+04 2.719812073337379843e-05 5.267227970762178302e-05 6.675616646134585608e-07 6.375088901222625282e-07 1.479519705753773451e-04 2.217087967437691987e-06 4.292458834243007004e-05 1.220559511239116546e-06 1.525055040474398993e-06 1.533187169115990400e-04
4.700000000000000000e+04 2.422012948954943568e-05 4.719442586065270007e-05 5.449761601994396187e-07 5.650052798955584876e-07 1.333850959781557322e-04 2.123646027030190453e-06 3.991527046309784055e-05 1.066798972715332638e-06 1.857182382991595659e-06 1.757671270752325654e-04
4.750000000000000000e+04 2.372592643951065838e-05 1.866459206212311983e-05 7.337263241424807347e-07 8.086891511993599124e-07 7.770594675093889236e-05 2.184654022130416706e-06 2.343340929655823857e-05 1.325095809079357423e-06 4.575964794639730826e-06 8.910814067348837852e-04
4.800000000000000000e+04 1.965096635103691369e-05 1.449763658456504345e-05 5.454369897961441893e-07 6.339305969049746636e-07 6.694933108519762754e-05 2.111696630890946835e-06 2.325773857592139393e-05 1.097539666261582170e-06 3.606696282076882198e-06 1.080547692254185677e-03
