# step, loss_train, loss_test, metrics_test
0.000000000000000000e+00 6.676346808671951294e-02 1.336414366960525513e-01 1.095589250326156616e-01 3.313068300485610962e-02 8.374901115894317627e-02 6.891573220491409302e-02 1.521968394517898560e-01 7.429520785808563232e-02 2.128030359745025635e-02 8.371479809284210205e-02
5.000000000000000000e+02 2.369389124214649200e-02 1.369358003139495850e-01 2.215575613081455231e-02 6.233036052435636520e-03 2.247424982488155365e-02 2.449183352291584015e-02 1.089872196316719055e-01 1.401393674314022064e-02 3.289271611720323563e-03 2.441922947764396667e-02
1.000000000000000000e+03 1.115574687719345093e-02 1.479907482862472534e-01 4.127875436097383499e-03 7.241953862830996513e-04 1.340597588568925858e-02 1.155896298587322235e-02 1.153784468770027161e-01 1.912288949824869633e-03 1.216506352648139000e-04 1.574477553367614746e-02
1.500000000000000000e+03 6.251200567930936813e-03 1.458195447921752930e-01 1.171525800600647926e-03 2.473669592291116714e-04 1.380286924540996552e-02 6.349589210003614426e-03 1.177185848355293274e-01 2.811835147440433502e-04 8.673502452438697219e-05 1.611695438623428345e-02
2.000000000000000000e+03 4.684000276029109955e-03 1.420098245143890381e-01 5.340841016732156277e-04 1.141413304139859974e-04 1.435109507292509079e-02 4.752890672534704208e-03 1.170247942209243774e-01 4.529352736426517367e-05 2.339560451218858361e-04 1.656318455934524536e-02
2.500000000000000000e+03 4.464404191821813583e-03 1.638303548097610474e-01 3.557768068276345730e-04 1.424773508915677667e-04 1.500492077320814133e-02 4.449847619980573654e-03 1.148844212293624878e-01 2.767526530078612268e-05 3.989517863374203444e-04 1.715113408863544464e-02
3.000000000000000000e+03 3.798097139224410057e-03 1.606333851814270020e-01 2.352219744352623820e-04 1.568142470205202699e-04 1.391722541302442551e-02 3.786083310842514038e-03 1.141892597079277039e-01 6.313483027042821050e-05 4.637961392290890217e-04 1.600379683077335358e-02
3.500000000000000000e+03 2.694777213037014008e-03 1.395243406295776367e-01 1.274696842301636934e-04 1.643086288822814822e-04 1.188937295228242874e-02 2.724249614402651787e-03 1.145357787609100342e-01 7.121443195501342416e-05 3.935670829378068447e-04 1.395489647984504700e-02
4.000000000000000000e+03 2.316832076758146286e-03 1.368074268102645874e-01 1.037845140672288835e-04 1.624642463866621256e-04 1.066853106021881104e-02 2.334647113457322121e-03 1.138543412089347839e-01 9.192919969791546464e-05 3.966872172895818949e-04 1.267217192798852921e-02
4.500000000000000000e+03 2.198721980676054955e-03 1.110590845346450806e-01 8.754061127547174692e-05 1.214671792695298791e-04 7.362045347690582275e-03 2.214289968833327293e-03 1.145763471722602844e-01 1.156273792730644345e-04 4.312703968025743961e-04 9.483729489147663116e-03
5.000000000000000000e+03 1.859978539869189262e-03 1.097287833690643311e-01 7.650350016774609685e-05 1.368747034575790167e-04 7.308493833988904953e-03 1.857874449342489243e-03 1.138526648283004761e-01 1.000829361146315932e-04 4.447355458978563547e-04 9.353407658636569977e-03
5.500000000000000000e+03 7.079042843542993069e-04 1.130622699856758118e-01 7.311841181945055723e-05 1.309854851569980383e-04 7.147908210754394531e-03 6.906515918672084808e-04 1.156727969646453857e-01 5.996128311380743980e-05 3.159314219374209642e-04 9.080102667212486267e-03
6.000000000000000000e+03 5.842037498950958252e-04 1.122335344552993774e-01 5.730814882554113865e-05 1.395605795551091433e-04 7.569497451186180115e-03 5.551889189518988132e-04 1.150236353278160095e-01 2.885039430111646652e-05 2.886430302169173956e-04 9.438206441700458527e-03
6.500000000000000000e+03 1.133602228946983814e-03 1.112773194909095764e-01 8.342175715370103717e-05 1.493525051046162844e-04 8.024620823562145233e-03 1.082678674720227718e-03 1.127036362886428833e-01 1.036601497617084533e-05 3.311538603156805038e-04 9.834199212491512299e-03
7.000000000000000000e+03 1.025386387482285500e-03 1.109924018383026123e-01 9.819724073167890310e-05 1.613033673493191600e-04 8.162976242601871490e-03 9.807990863919258118e-04 1.123423278331756592e-01 1.780708771548233926e-05 3.224545216653496027e-04 9.955259971320629120e-03
7.500000000000000000e+03 9.189249831251800060e-04 1.307687014341354370e-01 7.579054363304749131e-05 2.736694586928933859e-04 1.031056698411703110e-02 8.812457090243697166e-04 1.108896285295486450e-01 1.878653893072623760e-05 4.019156622234731913e-04 1.192640699446201324e-02
8.000000000000000000e+03 8.418743964284658432e-04 1.304526925086975098e-01 8.676070865476503968e-05 3.070872917305678129e-04 1.043232344090938568e-02 8.128053741529583931e-04 1.106390580534934998e-01 3.280333839938975871e-05 3.878834540955722332e-04 1.203214377164840698e-02
8.500000000000000000e+03 9.108785889111459255e-04 1.160696446895599365e-01 9.439776476938277483e-05 2.041628176812082529e-04 7.358890492469072342e-03 9.155047591775655746e-04 1.117414757609367371e-01 1.063436429831199348e-04 3.261820238549262285e-04 9.259101003408432007e-03
9.000000000000000000e+03 8.834973559714853764e-04 1.159359365701675415e-01 9.949591913027688861e-05 2.122531732311472297e-04 7.196457125246524811e-03 8.984414162114262581e-04 1.114235967397689819e-01 1.420945627614855766e-04 3.058392030652612448e-04 9.109037928283214569e-03
9.500000000000000000e+03 7.843813509680330753e-04 1.028191074728965759e-01 1.067480989149771631e-04 3.010044747497886419e-04 6.152563262730836868e-03 8.040546672418713570e-04 1.123617962002754211e-01 1.047405676217749715e-04 2.508953330107033253e-04 8.166911080479621887e-03
1.000000000000000000e+04 7.961343508213758469e-04 1.026741340756416321e-01 1.229974150191992521e-04 3.294174093753099442e-04 5.967310629785060883e-03 8.088175673037767410e-04 1.120221912860870361e-01 1.226106833200901747e-04 2.646095235832035542e-04 7.992709986865520477e-03
1.050000000000000000e+04 6.732164183631539345e-04 1.043020412325859070e-01 1.784767955541610718e-04 3.808817709796130657e-04 8.407383225858211517e-03 6.500296876765787601e-04 1.102245226502418518e-01 1.841072662500664592e-04 1.911417057272046804e-04 9.992329403758049011e-03
1.100000000000000000e+04 7.274065865203738213e-04 1.041630208492279053e-01 2.210405218647792935e-04 4.052141157444566488e-04 8.194196969270706177e-03 6.704289116896688938e-04 1.099275648593902588e-01 2.531617064960300922e-04 1.793067640392109752e-04 9.792379103600978851e-03
1.150000000000000000e+04 9.907991625368595123e-04 1.181221380829811096e-01 3.468683571554720402e-04 3.079465532209724188e-04 8.047244511544704437e-03 9.065333288162946701e-04 1.093282476067543030e-01 4.201151314191520214e-04 1.109278164221905172e-04 9.798867627978324890e-03
1.200000000000000000e+04 1.164036686532199383e-03 1.179018765687942505e-01 4.273634403944015503e-04 2.792023879010230303e-04 7.730977144092321396e-03 9.950189851224422455e-04 1.090725809335708618e-01 5.397543427534401417e-04 9.124714415520429611e-05 9.499587118625640869e-03
1.250000000000000000e+04 1.320348004810512066e-03 1.227443814277648926e-01 3.565879014786332846e-04 5.027279839850962162e-04 7.834039628505706787e-03 1.033118111081421375e-03 1.086791455745697021e-01 5.086107412353157997e-04 4.092358867637813091e-04 9.668358601629734039e-03
1.300000000000000000e+04 1.435662619769573212e-03 1.225856021046638489e-01 3.423656162340193987e-04 5.546637694351375103e-04 7.602552883327007294e-03 1.089624362066388130e-03 1.086400598287582397e-01 4.894137964583933353e-04 4.625769215635955334e-04 9.444166906177997589e-03
1.350000000000000000e+04 2.581960754469037056e-03 1.223113983869552612e-01 3.087677177973091602e-04 7.680168491788208485e-04 7.120411843061447144e-03 1.942131086252629757e-03 1.090221852064132690e-01 4.214084183331578970e-04 8.973787189461290836e-04 8.916421793401241302e-03
1.400000000000000000e+04 2.856086241081357002e-03 1.219111457467079163e-01 3.108874370809644461e-04 7.859849138185381889e-04 6.732908077538013458e-03 2.078305929899215698e-03 1.091325357556343079e-01 3.908989601768553257e-04 1.052008126862347126e-03 8.547774516046047211e-03
1.450000000000000000e+04 3.460648236796259880e-03 1.116479560732841492e-01 4.312317469157278538e-04 5.012179026380181313e-04 5.270665511488914490e-03 2.581458771601319313e-03 1.087560728192329407e-01 6.301541579887270927e-04 6.738317897543311119e-04 7.137058768421411514e-03
1.500000000000000000e+04 3.476241603493690491e-03 1.114301308989524841e-01 4.513787280302494764e-04 4.423010104801505804e-04 5.052024032920598984e-03 2.569420496001839638e-03 1.087054461240768433e-01 6.535783759318292141e-04 6.678760983049869537e-04 6.917487364262342453e-03
1.550000000000000000e+04 1.362912473268806934e-03 1.036020070314407349e-01 5.269740941002964973e-04 1.945770491147413850e-04 5.771744530647993088e-03 9.792096680030226707e-04 1.087456718087196350e-01 4.510559083428233862e-04 2.013178163906559348e-04 7.584600243717432022e-03
1.600000000000000000e+04 1.138513209298253059e-03 1.034176722168922424e-01 5.089986952953040600e-04 1.616113440832123160e-04 5.722817033529281616e-03 8.379628416150808334e-04 1.088450327515602112e-01 3.904939803760498762e-04 1.752713724272325635e-04 7.517346646636724472e-03
1.650000000000000000e+04 1.368174212984740734e-03 1.207828894257545471e-01 4.899530904367566109e-04 2.391617017565295100e-04 6.421907339245080948e-03 9.629878913983702660e-04 1.083423346281051636e-01 3.202911175321787596e-04 3.728122392203658819e-04 7.982582785189151764e-03
1.700000000000000000e+04 1.350223785266280174e-03 1.201454997062683105e-01 5.841396632604300976e-04 2.817744971252977848e-04 6.077446974813938141e-03 9.539559250697493553e-04 1.079097390174865723e-01 3.628469130489975214e-04 4.111693124286830425e-04 7.622793782502412796e-03
1.750000000000000000e+04 9.183416259475052357e-04 1.190068274736404419e-01 6.198167102411389351e-04 3.643610107246786356e-04 4.591601435095071793e-03 6.798338145017623901e-04 1.083283498883247375e-01 2.403137332294136286e-04 2.717359748203307390e-04 6.405737716704607010e-03
1.800000000000000000e+04 8.481748518534004688e-04 1.180865988135337830e-01 6.860547000542283058e-04 4.590528842527419329e-04 4.470378626137971878e-03 6.449441425502300262e-04 1.077527403831481934e-01 2.236002183053642511e-04 2.873723569791764021e-04 6.253992673009634018e-03
1.850000000000000000e+04 6.473379326052963734e-04 9.692792594432830811e-02 7.548037683591246605e-04 3.552534908521920443e-04 3.923624753952026367e-03 4.842585476581007242e-04 1.090188026428222656e-01 2.118384873028844595e-04 1.646475575398653746e-04 5.591248162090778351e-03
1.900000000000000000e+04 6.700906669721007347e-04 9.542471170425415039e-02 7.588986190967261791e-04 5.148783675394952297e-04 3.941085189580917358e-03 5.113420775160193443e-04 1.079843416810035706e-01 1.509076682850718498e-04 2.327102847630158067e-04 5.561317317187786102e-03
1.950000000000000000e+04 1.236604526638984680e-03 1.159309595823287964e-01 7.090704166330397129e-04 1.050352351740002632e-03 4.701760131865739822e-03 1.006648060865700245e-03 1.029326245188713074e-01 2.240864705527201295e-04 6.246692501008510590e-04 6.292358972132205963e-03
2.000000000000000000e+04 1.292104367166757584e-03 1.131459623575210571e-01 6.703037652187049389e-04 1.382626709528267384e-03 4.719657823443412781e-03 1.064289361238479614e-03 1.001014113426208496e-01 2.071303606498986483e-04 1.053912681527435780e-03 6.259849295020103455e-03
2.050000000000000000e+04 8.159147109836339951e-04 1.002978309988975525e-01 6.336963851936161518e-04 1.678507891483604908e-03 4.985364619642496109e-03 6.489250226877629757e-04 9.735127538442611694e-02 1.816612930269911885e-04 1.823675585910677910e-03 6.419517099857330322e-03
2.100000000000000000e+04 8.258674643002450466e-04 9.506559371948242188e-02 6.313024205155670643e-04 2.402007579803466797e-03 5.253178533166646957e-03 6.559864850714802742e-04 9.174167364835739136e-02 2.089020417770370841e-04 3.240184159949421883e-03 6.575981620699167252e-03
2.150000000000000000e+04 1.513339928351342678e-03 9.072058647871017456e-02 6.838765693828463554e-04 3.959496971219778061e-03 4.765873774886131287e-03 1.252583344466984272e-03 8.511584252119064331e-02 2.250787802040576935e-04 3.633318003267049789e-03 6.091362331062555313e-03
2.200000000000000000e+04 1.418119762092828751e-03 8.588034659624099731e-02 7.026099483482539654e-04 4.421391524374485016e-03 5.115530453622341156e-03 1.166190952062606812e-03 7.943926751613616943e-02 3.574201546143740416e-04 4.058612044900655746e-03 6.358086131513118744e-03
2.250000000000000000e+04 1.670172903686761856e-03 8.841603994369506836e-02 9.217224433086812496e-04 3.858635202050209045e-03 6.744747981429100037e-03 1.261231256648898125e-03 6.982500851154327393e-02 1.435143291018903255e-03 1.137939002364873886e-02 7.634293753653764725e-03
2.300000000000000000e+04 1.644515665248036385e-03 8.079654723405838013e-02 1.146374852396547794e-03 4.664604086428880692e-03 7.412392180413007736e-03 1.174554694443941116e-03 6.281729042530059814e-02 2.426490653306245804e-03 1.368124689906835556e-02 8.132504299283027649e-03
2.350000000000000000e+04 1.417117193341255188e-03 7.421834766864776611e-02 1.338140806183218956e-03 5.127137061208486557e-03 7.572670467197895050e-03 9.030801011249423027e-04 5.728841200470924377e-02 2.682195976376533508e-03 1.639454625546932220e-02 8.333822712302207947e-03
2.400000000000000000e+04 1.415774109773337841e-03 6.793905794620513916e-02 1.637167413718998432e-03 5.658175796270370483e-03 8.251156657934188843e-03 8.763878140598535538e-04 5.211455374956130981e-02 3.352175233885645866e-03 1.732272841036319733e-02 8.888927288353443146e-03
2.450000000000000000e+04 8.728484972380101681e-04 5.789126455783843994e-02 2.324724802747368813e-03 5.909909959882497787e-03 6.778251845389604568e-03 5.821152590215206146e-04 5.523522943258285522e-02 2.569633070379495621e-03 7.932154461741447449e-03 7.847576402127742767e-03
2.500000000000000000e+04 1.039466122165322304e-03 5.534473061561584473e-02 1.924174022860825062e-03 5.360641051083803177e-03 6.823094096034765244e-03 7.190925534814596176e-04 5.139086768031120300e-02 1.993342069908976555e-03 8.151846006512641907e-03 7.881987839937210083e-03
2.550000000000000000e+04 7.323275785893201828e-04 5.602287873625755310e-02 1.434887875802814960e-03 6.761241238564252853e-03 9.066873230040073395e-03 4.859353066422045231e-04 4.859041050076484680e-02 1.674125087447464466e-03 6.406093947589397430e-03 9.645075537264347076e-03
2.600000000000000000e+04 8.604980539530515671e-04 5.124442651867866516e-02 1.171143143437802792e-03 6.202543620020151138e-03 9.332988411188125610e-03 5.653356201946735382e-04 4.334328696131706238e-02 1.343744923360645771e-03 5.700937472283840179e-03 9.835965931415557861e-03
2.650000000000000000e+04 1.116600236855447292e-03 3.913536667823791504e-02 9.900950826704502106e-04 4.611474461853504181e-03 7.628751453012228012e-03 7.390093524008989334e-04 4.259159043431282043e-02 1.097546424716711044e-03 4.335866309702396393e-03 8.004628121852874756e-03
2.700000000000000000e+04 1.245510531589388847e-03 3.574183583259582520e-02 1.098400098271667957e-03 3.973893821239471436e-03 7.827852852642536163e-03 8.216295391321182251e-04 3.899009153246879578e-02 1.367777702398598194e-03 3.501232946291565895e-03 8.091831579804420471e-03
2.750000000000000000e+04 2.573458012193441391e-03 3.469052165746688843e-02 1.058972673490643501e-03 3.448326606303453445e-03 9.950782172381877899e-03 1.711999648250639439e-03 2.790891006588935852e-02 1.426097122021019459e-03 5.206760019063949585e-03 1.033109147101640701e-02
2.800000000000000000e+04 2.501922193914651871e-03 2.937357872724533081e-02 1.377349486574530602e-03 2.933696145191788673e-03 1.054923143237829208e-02 1.687976415269076824e-03 2.399924211204051971e-02 1.560585340484976768e-03 3.963375929743051529e-03 1.074328646063804626e-02
2.850000000000000000e+04 2.165634883567690849e-03 2.511148154735565186e-02 1.601330819539725780e-03 2.480843337252736092e-03 1.038449909538030624e-02 1.599277136847376823e-03 2.031826414167881012e-02 1.021965639665722847e-03 1.938808592967689037e-03 1.041953917592763901e-02
2.900000000000000000e+04 2.108493819832801819e-03 2.029986865818500519e-02 1.200995757244527340e-03 1.858459436334669590e-03 1.079921331256628036e-02 1.640266622416675091e-03 1.652234606444835663e-02 6.325259455479681492e-04 1.582981087267398834e-03 1.065846718847751617e-02
2.950000000000000000e+04 1.321795163676142693e-03 1.550025027245283127e-02 8.165898034349083900e-04 1.474729855544865131e-03 1.158731710165739059e-02 1.002437435090541840e-03 1.571256108582019806e-02 2.565772738307714462e-04 9.455147082917392254e-04 1.098339166492223740e-02
3.000000000000000000e+04 1.256923540495336056e-03 1.267616171389818192e-02 6.197077454999089241e-04 1.025700825266540051e-03 1.173204462975263596e-02 9.864474413916468620e-04 1.282752770930528641e-02 2.056328085018321872e-04 6.778236711397767067e-04 1.098248548805713654e-02
3.050000000000000000e+04 1.577046350575983524e-03 1.125801820307970047e-02 5.799579666927456856e-04 8.368157432414591312e-04 1.264193095266819000e-02 1.307885977439582348e-03 9.281008504331111908e-03 5.000749952159821987e-04 4.341551393736153841e-04 1.147612463682889938e-02
3.100000000000000000e+04 1.477555721066892147e-03 8.793102577328681946e-03 4.837635497096925974e-04 5.006202263757586479e-04 1.251619588583707809e-02 1.206156332045793533e-03 7.170786149799823761e-03 1.053844694979488850e-03 2.484380092937499285e-04 1.128624938428401947e-02
3.150000000000000000e+04 1.350560807622969151e-03 6.435364950448274612e-03 6.672839517705142498e-04 1.998438528971746564e-04 1.139692869037389755e-02 9.768391028046607971e-04 5.708411335945129395e-03 6.196138565428555012e-04 2.905554720200598240e-04 1.052170991897583008e-02
3.200000000000000000e+04 1.241258229129016399e-03 5.190437659621238708e-03 6.134975701570510864e-04 1.135183338192291558e-04 1.101170759648084641e-02 8.568097837269306183e-04 4.460460040718317032e-03 6.561707705259323120e-04 2.218175213783979416e-04 1.012079045176506042e-02
3.250000000000000000e+04 9.346329024992883205e-04 4.458541981875896454e-03 4.966564010828733444e-04 8.607359632151201367e-05 1.078945863991975784e-02 6.725449347868561745e-04 3.254297422245144844e-03 8.022495312616229057e-04 2.840943343471735716e-04 9.889177978038787842e-03
3.300000000000000000e+04 8.697951561771333218e-04 3.575682640075683594e-03 3.994389262516051531e-04 5.186543785384856164e-05 1.033997721970081329e-02 6.121934275142848492e-04 2.412916161119937897e-03 7.995818741619586945e-04 2.274701400892809033e-04 9.430755861103534698e-03
3.350000000000000000e+04 1.018987502902746201e-03 2.816447988152503967e-03 3.854494716506451368e-04 3.348341124365106225e-05 9.375407360494136810e-03 6.402088329195976257e-04 2.003665082156658173e-03 7.194909849204123020e-04 1.239976263605058193e-04 8.479110896587371826e-03
3.400000000000000000e+04 9.535334538668394089e-04 2.450936008244752884e-03 3.072759136557579041e-04 3.903684410033747554e-05 8.807414211332798004e-03 5.707672680728137493e-04 1.652181264944374561e-03 6.299191154539585114e-04 1.175109864561818540e-04 7.869716733694076538e-03
3.450000000000000000e+04 8.790619904175400734e-04 2.335872733965516090e-03 2.279542677570134401e-04 7.137085776776075363e-05 7.832572795450687408e-03 4.980801022611558437e-04 1.463339896872639656e-03 3.470868687145411968e-04 1.452391734346747398e-04 6.840122863650321960e-03
3.500000000000000000e+04 8.287491509690880775e-04 1.995756756514310837e-03 1.768948568496853113e-04 7.837946759536862373e-05 7.312158122658729553e-03 4.378388985060155392e-04 1.173720462247729301e-03 3.271061577834188938e-04 1.370665995636954904e-04 6.322336383163928986e-03
3.550000000000000000e+04 7.531397859565913677e-04 1.453400822356343269e-03 1.986776478588581085e-04 7.860064943088218570e-05 7.378913462162017822e-03 3.753200871869921684e-04 7.490151328966021538e-04 4.231339262332767248e-04 1.061030634446069598e-04 6.411693990230560303e-03
3.600000000000000000e+04 6.751907640136778355e-04 1.241999212652444839e-03 1.624758442630991340e-04 7.615800859639421105e-05 6.891279015690088272e-03 3.028110368177294731e-04 6.072502001188695431e-04 3.875588590744882822e-04 1.001530326902866364e-04 5.938939284533262253e-03
3.650000000000000000e+04 6.679199286736547947e-04 1.037055393680930138e-03 1.201539635076187551e-04 6.370463961502537131e-05 6.510676816105842590e-03 2.587447816040366888e-04 4.979455843567848206e-04 2.407567808404564857e-04 8.188387437257915735e-05 5.588911473751068115e-03
3.700000000000000000e+04 6.030650110915303230e-04 9.496632264927029610e-04 1.155183417722582817e-04 5.634500848827883601e-05 6.125248968601226807e-03 2.060440601781010628e-04 4.547107964754104614e-04 1.960709196282550693e-04 7.513101445510983467e-05 5.175708793103694916e-03
3.750000000000000000e+04 6.249909638427197933e-04 9.036950650624930859e-04 1.332332030870020390e-04 5.319292904459871352e-05 5.165981128811836243e-03 1.749061484588310122e-04 4.000902117695659399e-04 2.339657366974279284e-04 1.153456832980737090e-04 4.527679644525051117e-03
3.800000000000000000e+04 5.708395037800073624e-04 8.271309779956936836e-04 1.115714621846564114e-04 4.484935197979211807e-05 4.862105473875999451e-03 1.353593688691034913e-04 3.544384962879121304e-04 2.215344138676300645e-04 1.069065110641531646e-04 4.221905954182147980e-03
3.850000000000000000e+04 4.288250929675996304e-04 8.287009550258517265e-04 9.169673285214230418e-05 3.592797293094918132e-05 5.176008678972721100e-03 9.543851774651557207e-05 3.514508425723761320e-04 2.291726123075932264e-04 6.308755109785124660e-05 4.242585040628910065e-03
3.900000000000000000e+04 3.844738530460745096e-04 7.762046880088746548e-04 7.201678090495988727e-05 3.041727177333086729e-05 4.886580165475606918e-03 7.604604616062715650e-05 3.155244630761444569e-04 1.725488837109878659e-04 5.469232564792037010e-05 3.939939197152853012e-03
3.950000000000000000e+04 3.470535739324986935e-04 7.035324815660715103e-04 7.729496428510174155e-05 2.963602310046553612e-05 4.709383472800254822e-03 7.050712883938103914e-05 2.490578335709869862e-04 1.972754253074526787e-04 4.668998735724017024e-05 3.633971791714429855e-03
4.000000000000000000e+04 3.105853975284844637e-04 6.763479323126375675e-04 5.472982957144267857e-05 2.933787072834093124e-05 4.429649095982313156e-03 6.124343053670600057e-05 2.387705026194453239e-04 1.474303571740165353e-04 4.462908691493794322e-05 3.348040860146284103e-03
4.050000000000000000e+04 2.839907538145780563e-04 6.152080022729933262e-04 4.349013397586531937e-05 3.907581776729784906e-05 3.882156684994697571e-03 4.882989014731720090e-05 2.113126101903617382e-04 1.064216485247015953e-04 3.367909084772691131e-05 3.204556880518794060e-03
4.100000000000000000e+04 2.512908540666103363e-04 5.816156626679003239e-04 3.772008130908943713e-05 3.710313831106759608e-05 3.654904430732131004e-03 4.302302477299235761e-05 2.046880254056304693e-04 1.049127749865874648e-04 3.074263076996430755e-05 2.952346345409750938e-03
4.150000000000000000e+04 2.280150365550071001e-04 6.368232425302267075e-04 1.572901601321063936e-05 3.443236710154451430e-05 3.202468389645218849e-03 4.641304258257150650e-05 3.625394892878830433e-04 1.701629080343991518e-04 4.936319237458519638e-05 2.426655031740665436e-03
4.200000000000000000e+04 2.099935081787407398e-04 6.150952540338039398e-04 1.206014621857320890e-05 3.496495264698751271e-05 2.929420908913016319e-03 4.293259917176328599e-05 3.514919662848114967e-04 1.478987105656415224e-04 5.592153320321813226e-05 2.186046913266181946e-03
4.250000000000000000e+04 1.805721112759783864e-04 5.256070289760828018e-04 1.500631515227723867e-05 3.240388105041347444e-05 2.838853746652603149e-03 3.311337422928772867e-05 2.313789300387725234e-04 1.278689305763691664e-04 3.226058834115974605e-05 2.296277089044451714e-03
4.300000000000000000e+04 1.709770876914262772e-04 4.929538117721676826e-04 1.262476598640205339e-05 2.191425119235645980e-05 2.681773388758301735e-03 2.906729241658467799e-05 2.157254202757030725e-04 1.214269577758386731e-04 2.379049874434713274e-05 2.131986897438764572e-03
4.350000000000000000e+04 1.675862731644883752e-04 4.962166422046720982e-04 1.422987224941607565e-05 1.681154208199586719e-05 2.646674867719411850e-03 2.736676287895534188e-05 2.520431007724255323e-04 5.828720895806327462e-05 1.428317864338168874e-05 1.879473798908293247e-03
4.400000000000000000e+04 1.701114961178973317e-04 4.829446552321314812e-04 1.053916457749437541e-05 1.365792013530153781e-05 2.467335900291800499e-03 2.809491161315236241e-05 2.444178680889308453e-04 3.591045970097184181e-05 1.103576687455642968e-05 1.703788177110254765e-03
4.450000000000000000e+04 1.833899295888841152e-04 6.135736475698649883e-04 5.814115866087377071e-06 9.546661203785333782e-06 2.616747515276074409e-03 2.607865644677076489e-05 1.779002341208979487e-04 4.797306246473453939e-05 7.280235422513214871e-06 1.484991516917943954e-03
4.500000000000000000e+04 1.890140702016651630e-04 5.949819460511207581e-04 5.981732101645320654e-06 7.529204594902694225e-06 2.490679267793893814e-03 3.070121601922437549e-05 1.709096832200884819e-04 4.497164263739250600e-05 5.441699158836854622e-06 1.371832448057830334e-03
4.550000000000000000e+04 2.243405615445226431e-04 4.830551042687147856e-04 6.826667686254950240e-06 4.539222572930157185e-06 2.413836773484945297e-03 3.390896745258942246e-05 1.972397731151431799e-04 2.822690476023126394e-05 8.827197234495542943e-06 1.304300152696669102e-03
4.600000000000000000e+04 2.289067197125405073e-04 4.790912207681685686e-04 6.075489636714337394e-06 3.646793629741296172e-06 2.324501983821392059e-03 3.746098809642717242e-05 2.009202871704474092e-04 3.225588443456217647e-05 8.366790098079945892e-06 1.219264813698828220e-03
4.650000000000000000e+04 2.218481095042079687e-04 4.272941441740840673e-04 4.786211775353876874e-06 4.703641025116667151e-06 1.836806884966790676e-03 4.649179754778742790e-05 1.583250559633597732e-04 1.604313365533016622e-05 3.717106210388010368e-06 1.193390693515539169e-03
4.700000000000000000e+04 2.299840707564726472e-04 4.137473588343709707e-04 4.778079983225325122e-06 5.039082225266611204e-06 1.762613188475370407e-03 4.367615838418714702e-05 1.623108109924942255e-04 2.134287024091463536e-05 6.054535333532840014e-06 1.122648944146931171e-03
4.750000000000000000e+04 1.832126436056569219e-04 5.910577601753175259e-04 5.335177320375805721e-06 4.133300080866320059e-06 2.003896981477737427e-03 3.140085755148902535e-05 3.703731636051088572e-04 2.770331593637820333e-05 6.454978120018495247e-06 8.997939876280725002e-04
4.800000000000000000e+04 2.105530293192714453e-04 5.898777162656188011e-04 5.534239335247548297e-06 3.638439693531836383e-06 1.899262540973722935e-03 3.165101952617987990e-05 3.363697323948144913e-04 3.123525311821140349e-05 8.818843525659758598e-06 8.405360858887434006e-04
4.850000000000000000e+04 3.272156172897666693e-04 4.364734049886465073e-04 4.591581728163873777e-06 6.085319910198450089e-06 1.589340507052838802e-03 4.529020588961429894e-05 1.983360416488721967e-04 2.103635961248073727e-05 1.559285556140821427e-05 9.817711543291807175e-04
4.900000000000000000e+04 3.021542506758123636e-04 4.093539610039442778e-04 3.934514552383916453e-06 5.443052941700443625e-06 1.587758422829210758e-03 4.081269798916764557e-05 1.995272905332967639e-04 2.238539491372648627e-05 1.402801626682048663e-05 9.756169165484607220e-04
4.950000000000000000e+04 2.599230210762470961e-04 4.372408729977905750e-04 5.341174528439296409e-06 2.406928615528158844e-06 1.671197707764804363e-03 2.913638127211015671e-05 2.090782072627916932e-04 3.646091863629408181e-05 1.320534374826820567e-05 9.006088366732001305e-04
5.000000000000000000e+04 2.596839622128754854e-04 4.239179834257811308e-04 4.974664079782087356e-06 2.169367235183017328e-06 1.644477713853120804e-03 2.502879215171560645e-05 2.027485024882480502e-04 4.825393989449366927e-05 1.498787878517759964e-05 8.749969420023262501e-04
5.050000000000000000e+04 2.624434418976306915e-04 4.212916537653654814e-04 6.243240932235494256e-06 2.976893028971971944e-06 1.807949156500399113e-03 2.048530041065532714e-05 1.817739248508587480e-04 1.764721127983648330e-05 2.102176586049608886e-05 8.003226248547434807e-04
5.100000000000000000e+04 2.698765310924500227e-04 4.186908481642603874e-04 5.979698926239507273e-06 2.777076588245108724e-06 1.752956304699182510e-03 1.863594116002786905e-05 1.736879494274035096e-04 1.681771209405269474e-05 2.555930404923856258e-05 7.605076534673571587e-04
5.150000000000000000e+04 2.698040625546127558e-04 4.592137411236763000e-04 1.011130461847642437e-05 4.742803866975009441e-06 1.776695135049521923e-03 1.985092239920049906e-05 2.603749453555792570e-04 4.236899621901102364e-05 1.088136923499405384e-05 7.740813307464122772e-04
5.200000000000000000e+04 2.533379592932760715e-04 4.354019765742123127e-04 9.782751476450357586e-06 4.439581971382722259e-06 1.758061815053224564e-03 1.994928425119724125e-05 2.640398743096739054e-04 6.095739081501960754e-05 1.033052194543415681e-05 7.532338495366275311e-04
5.250000000000000000e+04 2.447583246976137161e-04 3.786496818065643311e-04 7.545127573393983766e-06 4.634394372260430828e-06 1.725099282339215279e-03 2.378869976382702589e-05 1.511817390564829111e-04 7.391050894511863589e-05 1.514777432021219283e-05 7.355834823101758957e-04
5.300000000000000000e+04 2.344895183341577649e-04 3.658305795397609472e-04 7.703956725890748203e-06 5.303118086885660887e-06 1.684316550381481647e-03 2.754622619249857962e-05 1.503088278695940971e-04 8.342500950675457716e-05 1.687114854576066136e-05 7.031142013147473335e-04
5.350000000000000000e+04 2.258782187709584832e-04 3.066287317778915167e-04 6.306761406449368224e-06 5.608926130662439391e-06 1.507609267719089985e-03 3.138182364637032151e-05 1.726678456179797649e-04 5.795599281555041671e-05 1.201254144689301029e-05 7.008687825873494148e-04
5.400000000000000000e+04 2.047688903985545039e-04 2.893280470743775368e-04 6.753347861376823857e-06 5.743507699662586674e-06 1.483660889789462090e-03 3.454452598816715181e-05 1.686641189735382795e-04 5.415603664005175233e-05 1.190614148072199896e-05 6.766146398149430752e-04
5.450000000000000000e+04 2.265305520268157125e-04 3.175816382281482220e-04 4.004422407888341695e-06 5.333690751285757869e-06 1.533055794425308704e-03 4.155164060648530722e-05 1.689808850642293692e-04 2.035934739978983998e-04 2.082414357573725283e-05 6.205643294379115105e-04
5.500000000000000000e+04 2.150754735339432955e-04 3.065394703298807144e-04 3.297280727565521374e-06 5.477032118506031111e-06 1.489085843786597252e-03 4.611130134435370564e-05 1.739546860335394740e-04 2.936666423920542002e-04 2.368368404859211296e-05 5.838290089741349220e-04
5.550000000000000000e+04 1.858753967098891735e-04 2.666515065357089043e-04 7.766146154608577490e-06 5.553224127652356401e-06 1.326952711679041386e-03 4.290663127903826535e-05 1.321723830187693238e-04 1.744611945468932390e-04 2.305859743501059711e-05 5.726776435039937496e-04
5.600000000000000000e+04 1.744781766319647431e-04 2.535647654440253973e-04 7.746774826955515891e-06 4.925820121570723131e-06 1.294574001803994179e-03 4.185862053418532014e-05 1.179267710540443659e-04 1.820777688408270478e-04 2.612609023344703019e-05 5.448163137771189213e-04
5.650000000000000000e+04 1.551571185700595379e-04 2.799191570375114679e-04 1.898476148198824376e-05 9.764270544110331684e-06 1.338877831585705280e-03 4.010964403278194368e-05 1.518808712717145681e-04 2.924112595792394131e-05 1.532725946162827313e-05 5.190357333049178123e-04
5.700000000000000000e+04 1.486289111198857427e-04 2.716885064728558064e-04 1.681011053733527660e-05 8.420057383773382753e-06 1.300099887885153294e-03 3.821117570623755455e-05 1.815376745071262121e-04 3.025251498911529779e-05 1.308832088398048654e-05 4.868141259066760540e-04
5.750000000000000000e+04 1.465406239731237292e-04 2.295747399330139160e-04 1.158684790425468236e-05 5.945005796093028039e-06 1.121200039051473141e-03 3.269405351602472365e-05 2.751558495219796896e-04 4.035886740894056857e-05 1.333099680778104812e-05 4.717069095931947231e-04
5.800000000000000000e+04 1.398412132402881980e-04 2.235015999758616090e-04 9.745716852194163948e-06 5.992857495584757999e-06 1.088242162950336933e-03 2.861078974092379212e-05 2.872679033316671848e-04 4.281735891709104180e-05 1.486215751356212422e-05 4.418229218572378159e-04
5.850000000000000000e+04 1.222836872329935431e-04 3.049668448511511087e-04 1.309747221966972575e-05 6.362447948049521074e-06 1.192736555822193623e-03 2.473777567502111197e-05 2.576918050181120634e-04 1.819705357775092125e-04 1.119308581110090017e-05 3.949227393604815006e-04
5.900000000000000000e+04 1.180997278424911201e-04 3.052176616620272398e-04 1.257098574569681659e-05 6.594180831598350778e-06 1.157495542429387569e-03 2.082360879285261035e-05 2.609811490401625633e-04 1.727414783090353012e-04 1.133027581090573221e-05 3.743704583030194044e-04
5.950000000000000000e+04 1.156354410341009498e-04 3.100247995462268591e-04 3.058032234548591077e-06 8.334210178873036057e-06 1.347867189906537533e-03 1.890928797365631908e-05 2.242253103759139776e-04 1.251549401786178350e-04 8.630993761471472681e-06 3.452874370850622654e-04
6.000000000000000000e+04 1.143960325862281024e-04 3.007659397553652525e-04 3.551018835423747078e-06 8.911470104067120701e-06 1.301744370721280575e-03 1.708820673229638487e-05 2.362364757573232055e-04 1.111552192014642060e-04 8.429292392975185066e-06 3.174318699166178703e-04
6.050000000000000000e+04 1.251580542884767056e-04 2.139082498615607619e-04 2.636989847815129906e-05 9.821110324992332608e-06 1.095843501389026642e-03 1.597555637999903411e-05 3.013225796166807413e-04 8.466115832561627030e-05 1.307403817918384448e-05 3.218649071641266346e-04
6.100000000000000000e+04 1.173568816739134490e-04 2.155807014787569642e-04 2.110266541421879083e-05 8.834666914481204003e-06 1.079601235687732697e-03 1.335402703261934221e-05 3.284983977209776640e-04 1.154193305410444736e-04 1.332223018835065886e-05 3.136890300083905458e-04
6.150000000000000000e+04 1.133735640905797482e-04 3.209322458133101463e-04 8.383499334740918130e-06 7.965873919602017850e-06 1.167134847491979599e-03 1.142217479355167598e-05 1.590750762261450291e-04 5.639230948872864246e-05 1.682128277025185525e-05 2.908489841502159834e-04
6.200000000000000000e+04 1.145961869042366743e-04 3.017031704075634480e-04 8.481861186737660319e-06 7.021141755103599280e-06 1.147710718214511871e-03 1.175385295937303454e-05 1.294405810767784715e-04 5.020117896492592990e-05 1.846902705437969416e-05 2.811184385791420937e-04
6.250000000000000000e+04 1.343828625977039337e-04 2.068726316792890429e-04 6.670366474281763658e-06 1.164959121524589136e-05 1.098099746741354465e-03 1.157318911282345653e-05 2.330599381821230054e-04 1.800388417905196548e-04 2.186129859182983637e-05 2.821767411660403013e-04
6.300000000000000000e+04 1.323757460340857506e-04 2.080480189761146903e-04 5.919790510233724490e-06 9.845585736911743879e-06 1.077657565474510193e-03 1.128713302023243159e-05 2.657614822965115309e-04 2.371020091231912374e-04 1.884352241177111864e-05 2.702727797441184521e-04
6.350000000000000000e+04 1.369354722555726767e-04 2.453316410537809134e-04 4.458291641640244052e-06 5.800491180707467720e-06 8.700154721736907959e-04 1.063571016857167706e-05 2.727935207076370716e-04 1.820997858885675669e-04 1.568273546581622213e-05 2.704780199564993382e-04
6.400000000000000000e+04 1.281314907828345895e-04 2.400142111582681537e-04 4.181446001894073561e-06 4.973001978214597329e-06 8.617151761427521706e-04 1.061181956174550578e-05 2.627521171234548092e-04 1.987012074096128345e-04 1.753031210682820529e-05 2.681489568203687668e-04
6.450000000000000000e+04 1.126686838688328862e-04 2.207665820606052876e-04 7.052219189063180238e-06 6.978052169870352373e-06 9.573608404025435448e-04 1.111815163312712684e-05 2.377958007855340838e-04 7.532454765168949962e-05 1.892159889393951744e-05 2.598656574264168739e-04
6.500000000000000000e+04 1.124826449085958302e-04 2.169046201743185520e-04 6.410964942915597931e-06 6.113022664067102596e-06 9.453635429963469505e-04 1.062388582795392722e-05 2.389993896940723062e-04 6.813428626628592610e-05 1.839648211898747832e-05 2.518135297577828169e-04
6.550000000000000000e+04 1.111067176680080593e-04 2.100028505083173513e-04 7.672229003219399601e-06 3.194170858478173614e-06 1.003209152258932590e-03 1.142280962085351348e-05 2.262064808746799827e-04 6.258475332288071513e-05 7.152809757826616988e-06 2.362661907682195306e-04
6.600000000000000000e+04 1.141606189776211977e-04 2.106922183884307742e-04 6.157667485240381211e-06 2.837932242982788011e-06 9.784776484593749046e-04 1.058017187460791320e-05 2.419620577711611986e-04 6.245301483431831002e-05 5.553014489123597741e-06 2.237427834188565612e-04
6.650000000000000000e+04 9.489359945291653275e-05 2.368111163377761841e-04 7.768640898575540632e-06 3.154922069370513782e-06 8.186331833712756634e-04 8.976707249530591071e-06 2.481853589415550232e-04 3.973176717408932745e-05 2.671000220288988203e-05 2.176420821342617273e-04
6.700000000000000000e+04 9.609598782844841480e-05 2.303460205439478159e-04 6.858072538307169452e-06 2.626385594339808449e-06 7.917101029306650162e-04 8.684913154866080731e-06 2.308507391717284918e-04 3.680710869957692921e-05 3.135490260319784284e-05 2.128681808244436979e-04
6.750000000000000000e+04 1.555925409775227308e-04 2.320534549653530121e-04 6.617397048103157431e-06 2.680747684280504473e-06 1.194834709167480469e-03 1.009906554827466607e-05 2.608222130220383406e-04 4.318586798035539687e-05 1.270795382879441604e-05 1.982907997444272041e-04
6.800000000000000000e+04 1.506472035543993115e-04 2.256418083561584353e-04 4.991267815057653934e-06 2.080385002045659348e-06 1.183675485663115978e-03 1.038292975863441825e-05 2.732624998316168785e-04 3.695982013596221805e-05 7.651221494597848505e-06 1.955524785444140434e-04
6.850000000000000000e+04 1.119762891903519630e-04 2.340424107387661934e-04 3.856224793707951903e-06 3.878373263432877138e-06 8.358837221749126911e-04 8.494651410728693008e-06 2.405653940513730049e-04 2.343593769182916731e-05 1.603316195541992784e-05 2.097624092129990458e-04
6.900000000000000000e+04 1.058466659742407501e-04 2.486855664756149054e-04 3.191549012626637705e-06 3.396292186153004877e-06 8.116585086099803448e-04 7.874777111283037812e-06 2.520376583561301231e-04 2.055707955150865018e-05 1.141958910011453554e-05 2.114413946401327848e-04
6.950000000000000000e+04 1.204862855956889689e-04 1.870555861387401819e-04 4.321565938880667090e-06 7.676579116377979517e-06 8.323023212142288685e-04 8.484852514811791480e-06 2.505451848264783621e-04 9.024971404869575053e-06 1.187404905067523941e-05 1.916953478939831257e-04
7.000000000000000000e+04 1.150812749983742833e-04 1.825103390729054809e-04 3.294793714303523302e-06 4.892678134638117626e-06 8.328885887749493122e-04 8.566461474401876330e-06 2.560796565376222134e-04 8.054218596953433007e-06 1.336316745437216014e-05 1.912573352456092834e-04
7.050000000000000000e+04 1.214129806612618268e-04 2.672199625521898270e-04 1.182533560495357960e-05 1.465494619878882077e-06 1.255150884389877319e-03 7.939715032989624888e-06 2.955308300442993641e-04 1.050413193297572434e-04 1.235988565895240754e-05 1.888748811325058341e-04
7.100000000000000000e+04 1.193387724924832582e-04 2.668055531103163958e-04 1.074224383046384901e-05 1.538059109407186043e-06 1.242093043401837349e-03 7.515813194913789630e-06 3.016985720023512840e-04 1.376491563860327005e-04 1.524929939478170127e-05 1.853191643022000790e-04
7.150000000000000000e+04 9.678458445705473423e-05 2.262985653942450881e-04 2.772853576971101575e-06 6.095997832744615152e-06 1.028705155476927757e-03 8.235576387960463762e-06 2.254287537652999163e-04 2.057336678262799978e-05 2.593688441265840083e-05 1.684404123807325959e-04
7.200000000000000000e+04 9.813550423132255673e-05 2.203243348048999906e-04 2.273236759720020927e-06 4.978073320671683177e-06 1.012713997624814510e-03 8.438761142315343022e-06 2.177627029595896602e-04 2.348339694435708225e-05 3.018093593709636480e-05 1.600086106918752193e-04
7.250000000000000000e+04 8.450374298263341188e-05 1.599851093487814069e-04 8.702894774614833295e-06 2.930650680355029181e-06 4.701186844613403082e-04 6.918180588399991393e-06 2.507030731067061424e-04 1.793326919141691178e-05 1.247855834662914276e-05 2.334621385671198368e-04
7.300000000000000000e+04 7.781975727993994951e-05 1.626079756533727050e-04 7.357288723142119125e-06 2.312224751221947372e-06 4.500088980421423912e-04 6.642463176831370220e-06 2.589351788628846407e-04 1.580273055878933519e-05 9.014888746605720371e-06 2.493474457878619432e-04
7.350000000000000000e+04 1.342227478744462132e-04 2.603912726044654846e-04 8.431748028669971973e-06 3.224123020117986016e-06 1.071440521627664566e-03 8.356182661373168230e-06 3.871167718898504972e-04 1.797680670279078186e-05 8.943473403633106500e-06 1.653638319112360477e-04
7.400000000000000000e+04 1.291335793212056160e-04 2.269606920890510082e-04 7.249190730362897739e-06 2.779204578473581932e-06 1.089323777705430984e-03 8.071114280028268695e-06 3.281579411122947931e-04 1.624338256078772247e-05 8.257989065896254033e-06 1.664626906858757138e-04
7.450000000000000000e+04 9.905041952151805162e-05 2.017785300267860293e-04 3.000721790158422664e-06 1.382487312184821349e-06 8.409032598137855530e-04 5.985046300338581204e-06 2.424279227852821350e-04 7.320069471461465582e-06 2.030076575465500355e-05 1.633263746043667197e-04
7.500000000000000000e+04 9.641354699851945043e-05 1.989711890928447247e-04 2.414568143649375997e-06 8.766387509240303189e-07 8.317654719576239586e-04 5.578631771641084924e-06 2.446905127726495266e-04 6.020983619237085804e-06 3.214031312381848693e-05 1.615931541891768575e-04
7.550000000000000000e+04 1.046090255840681493e-04 2.107368927681818604e-04 2.027315076702507213e-06 1.507215301899123006e-06 9.359841933473944664e-04 6.611500793951563537e-06 2.044102584477514029e-04 5.481027528730919585e-06 6.378838861564872786e-06 1.626351440791040659e-04
7.600000000000000000e+04 1.006353122647851706e-04 2.043347776634618640e-04 1.746218117659736890e-06 1.340972289654018823e-06 9.358961251564323902e-04 6.434143870137631893e-06 1.960329391295090318e-04 4.076770437677623704e-06 5.618684099317761138e-06 1.619242830201983452e-04
7.650000000000000000e+04 1.217282770085148513e-04 1.589564490132033825e-04 5.067808615422109142e-06 5.424663868325296789e-06 7.111683953553438187e-04 6.229726295714499429e-06 1.428889518138021231e-04 1.529888504592236131e-05 9.294736628362443298e-06 1.676182728260755539e-04
7.700000000000000000e+04 1.180353501695208251e-04 1.520080986665561795e-04 3.495133569231256843e-06 4.512002760748146102e-06 7.087439298629760742e-04 6.762551493011415005e-06 1.371524995192885399e-04 2.190102532040327787e-05 9.557502380630467087e-06 1.673460210440680385e-04
7.750000000000000000e+04 1.022763026412576437e-04 1.991558383451774716e-04 2.030095402005827054e-06 7.888592676863481756e-07 8.237768779508769512e-04 6.003890121064614505e-06 1.125559792853891850e-04 2.497361856512725353e-05 3.385823220014572144e-05 1.634561631362885237e-04
7.800000000000000000e+04 1.000550182652659714e-04 1.948006683960556984e-04 1.803328132155002095e-06 7.275320967892184854e-07 8.156956173479557037e-04 5.901755685044918209e-06 1.119035514420829713e-04 2.279717591591179371e-05 5.048467573942616582e-05 1.602532138349488378e-04
7.850000000000000000e+04 9.329320164397358894e-05 2.090962952934205532e-04 9.435653737455140799e-06 3.307985025458037853e-06 9.451230289414525032e-04 6.520113402075367048e-06 2.294578443979844451e-04 1.247747877641813830e-05 4.474905836104881018e-06 1.528767606941983104e-04
7.900000000000000000e+04 9.660796058597043157e-05 2.157050039386376739e-04 5.597895778919337317e-06 2.761300947895506397e-06 9.174310253001749516e-04 6.559999292221618816e-06 2.573093224782496691e-04 1.146962313214316964e-05 3.482222155071212910e-06 1.469987037125974894e-04
7.950000000000000000e+04 9.110120299737900496e-05 1.947827404364943504e-04 3.677515906019834802e-06 2.754540901150903665e-06 6.638656486757099628e-04 6.956380730116507038e-06 1.901725336210802197e-04 1.591142608958762139e-05 8.724747203814331442e-06 1.635690859984606504e-04
8.000000000000000000e+04 8.788384002400562167e-05 1.843427453422918916e-04 3.225479076718329452e-06 2.463934379193233326e-06 6.563527276739478111e-04 7.091954557836288586e-06 1.634741784073412418e-04 1.378200795443262905e-05 8.866346433933358639e-06 1.656331005506217480e-04
8.050000000000000000e+04 1.162519547506235540e-04 2.300282358191907406e-04 3.187893298672861420e-06 2.438893034195643850e-06 9.319587261416018009e-04 6.818306246714200824e-06 2.254690625704824924e-04 1.347299712506355718e-05 1.259752662008395419e-05 1.465884124627336860e-04
8.100000000000000000e+04 1.119276639656163752e-04 2.282298228237777948e-04 3.028582796105183661e-06 2.513027084205532447e-06 9.065700578503310680e-04 7.003210612310795113e-06 2.724032674450427294e-04 1.430527481716126204e-05 1.632185012567788363e-05 1.435872836736962199e-04
8.150000000000000000e+04 1.130762611865065992e-04 1.649241021368652582e-04 3.564359303709352389e-06 4.014101250504609197e-06 8.376877522096037865e-04 7.629346328030806035e-06 2.767140103969722986e-04 2.788633173622656614e-05 6.139814558991929516e-06 1.201796330860815942e-04
8.200000000000000000e+04 1.092118764063343406e-04 1.580354000907391310e-04 2.876476628443924710e-06 3.448314146226039156e-06 8.367194677703082561e-04 7.568044111394556239e-06 2.542863367125391960e-04 3.258215292589738965e-05 6.375786142598371953e-06 1.182688210974447429e-04
8.250000000000000000e+04 9.299450175603851676e-05 1.622138952370733023e-04 2.098277718687313609e-06 3.214325943190488033e-06 6.916312268003821373e-04 6.977508746786043048e-06 1.654528023209422827e-04 1.155149857368087396e-05 4.012412773590767756e-06 1.141171596827916801e-04
8.300000000000000000e+04 9.086811769520863891e-05 1.542384125059470534e-04 1.558079929964151233e-06 2.662004135345341638e-06 6.859551067464053631e-04 6.589599706785520539e-06 1.580775860929861665e-04 9.429858437215443701e-06 3.427936462685465813e-06 1.106085837818682194e-04
