# step, loss_train, loss_test, metrics_test
0.000000000000000000e+00 9.078873554244637489e-04 1.514643877744674683e-01 4.476207494735717773e-02 6.068113259971141815e-03 7.730095647275447845e-03 8.041102555580437183e-04 1.307737082242965698e-01 3.300770372152328491e-02 7.128252647817134857e-03 1.006209943443536758e-02
5.000000000000000000e+02 6.377177196554839611e-04 1.108737066388130188e-01 1.143386354669928551e-03 2.470947802066802979e-03 3.278035670518875122e-03 3.745871072169393301e-04 9.976979345083236694e-02 9.110678365686908364e-05 1.444796449504792690e-03 4.728442057967185974e-03
1.000000000000000000e+03 4.047551192343235016e-04 9.159839246422052383e-04 4.600465763360261917e-05 2.635220880620181561e-05 3.618839895352721214e-03 9.473833779338747263e-05 4.583084664773195982e-04 7.813137199264019728e-05 7.828532943676691502e-06 2.221563598141074181e-03
1.500000000000000000e+03 2.846364805009216070e-04 6.681399536319077015e-04 1.362203147436957806e-05 2.129055792465806007e-05 2.155228750780224800e-03 3.979167013312689960e-05 3.999011823907494545e-04 2.527197102608624846e-05 4.852383790421299636e-05 1.223408035002648830e-03
2.000000000000000000e+03 2.080517006106674671e-04 4.453350265976041555e-04 1.356668417429318652e-05 9.931745807989500463e-06 1.740823849104344845e-03 3.072536128456704319e-05 3.839930868707597256e-04 5.049870742368511856e-05 7.804028427926823497e-06 8.251022663898766041e-04
2.500000000000000000e+03 1.895304594654589891e-04 3.468260401859879494e-04 1.772593350324314088e-05 5.624614459520671517e-06 1.781048136763274670e-03 3.366586679476313293e-05 4.258032422512769699e-04 1.649734767852351069e-04 5.351758318283827975e-06 5.710637778975069523e-04
3.000000000000000000e+03 1.838670141296461225e-04 3.226274857297539711e-04 1.396006064169341698e-05 4.433809863257920370e-06 1.563091995194554329e-03 2.230815152870491147e-05 3.717631334438920021e-04 1.488905400037765503e-04 6.459097676270175725e-06 4.187861923128366470e-04
3.500000000000000000e+03 1.708182098809629679e-04 2.594579127617180347e-04 1.328031976299826056e-05 8.058928870013915002e-06 1.130363089032471180e-03 1.741533378663007170e-05 1.909295242512598634e-04 1.884810808405745775e-05 1.084692758013261482e-05 3.345463774167001247e-04
4.000000000000000000e+03 1.452200667699798942e-04 2.271000703331083059e-04 7.224974069686140865e-06 6.913815468578832224e-06 1.030279090628027916e-03 1.113343387260101736e-05 1.525632542325183749e-04 1.641384005779400468e-05 2.024020977842155844e-05 2.646596985869109631e-04
4.500000000000000000e+03 1.527312706457450986e-04 2.709994732867926359e-04 1.023321510729147121e-05 3.212203182556550018e-06 8.264071657322347164e-04 1.061944931279867887e-05 2.471051120664924383e-04 1.000062984530813992e-04 2.417651921859942377e-05 2.444792189635336399e-04
5.000000000000000000e+03 1.291923690587282181e-04 2.539399720262736082e-04 6.219298484211321920e-06 2.503044015611521900e-06 6.593589787371456623e-04 8.741067176742944866e-06 2.225317439297214150e-04 1.705749855318572372e-05 1.486555083829443902e-05 2.684751234482973814e-04
5.500000000000000000e+03 7.994277984835207462e-05 1.449161645723506808e-04 3.176217660438851453e-06 1.482717379985842854e-06 5.308503750711679459e-04 7.572889899165602401e-06 1.593791384948417544e-04 1.482673833379521966e-04 5.445106694423884619e-07 1.232052891282364726e-04
6.000000000000000000e+03 7.356533751590177417e-05 1.228612527484074235e-04 1.649000409997825045e-06 1.064712591869465541e-06 4.695613752119243145e-04 7.305221060960320756e-06 9.921513264998793602e-05 2.081618877127766609e-04 1.808956540116923861e-07 1.048863050527870655e-04
6.500000000000000000e+03 7.732840458629652858e-05 2.071023918688297272e-04 2.281236675116815604e-06 1.247047180186200421e-06 4.831150581594556570e-04 5.907944796490482986e-06 1.036715329973958433e-04 6.296046194620430470e-04 1.086206680156465154e-06 2.856675127986818552e-04
7.000000000000000000e+03 7.506304245907813311e-05 1.806108484743162990e-04 1.892152909022115637e-06 8.262572350759000983e-07 4.052880103699862957e-04 5.027077349950559437e-06 7.658114918740466237e-05 8.579591521993279457e-04 2.407152123851119541e-06 3.604874364100396633e-04
7.500000000000000000e+03 6.791585474275052547e-05 1.450567069696262479e-04 3.181779447913868353e-06 9.497312589701323304e-07 4.768542712554335594e-04 4.148517291469033808e-06 8.525781595380976796e-05 7.023859507171437144e-05 7.374321171482733916e-07 1.515282638138160110e-04
8.000000000000000000e+03 6.188012775965034962e-05 1.229244517162442207e-04 2.076501459669088945e-06 9.380957521898380946e-07 4.239060508552938700e-04 3.879951691487804055e-06 8.372194133698940277e-05 1.550725028209853917e-05 2.041442485278821550e-06 1.622515264898538589e-04
8.500000000000000000e+03 6.406770989997312427e-05 9.987296652980148792e-05 1.659507120166381355e-06 8.953356314123084303e-07 3.825901949312537909e-04 2.739551064223633148e-06 3.267022839281708002e-05 1.464412071072729304e-05 1.096633127417590003e-06 1.093776081688702106e-04
9.000000000000000000e+03 5.443988266051746905e-05 9.597614553058519959e-05 1.580543766976916231e-06 7.539902071584947407e-07 3.179717168677598238e-04 2.835651912391767837e-06 2.375256917730439454e-05 5.285855877446010709e-06 7.856484671719954349e-07 1.399478496750816703e-04
9.500000000000000000e+03 4.622438063961453736e-05 7.928198465378955007e-05 1.610905542293039616e-06 1.577753096171363723e-06 2.917674719356000423e-04 2.653279807418584824e-06 2.387779750279150903e-05 2.629478149174246937e-05 1.397680807713186368e-05 1.206860615639016032e-04
1.000000000000000000e+04 4.125270788790658116e-05 5.439958113129250705e-05 5.754912990596494637e-07 1.120074671234760899e-06 2.397218340774998069e-04 1.819834324123803526e-06 2.480817965988535434e-05 1.342165433015907183e-05 2.414468872302677482e-05 1.002540739136748016e-04
1.050000000000000000e+04 5.896231959923170507e-05 8.862665708875283599e-05 1.643925429561932106e-06 3.309750582047854550e-06 1.381951005896553397e-04 1.944582209034706466e-06 3.016582923009991646e-05 2.379696161369793117e-05 4.145006471389933722e-07 4.202875425107777119e-04
1.100000000000000000e+04 4.698093835031613708e-05 6.952843978069722652e-05 1.428772634426422883e-06 2.337747446290450171e-06 1.109969380195252597e-04 2.022744183705071919e-06 3.250124063924886286e-05 2.342839979974087328e-05 3.348528139213158283e-07 5.599862197414040565e-04
1.150000000000000000e+04 4.355963392299599946e-05 4.795567656401544809e-05 2.749333816609578207e-06 7.141798050724901259e-07 1.174210556200705469e-04 1.310166567236592527e-06 1.922400588227901608e-05 1.529019027657341212e-05 1.228888777404790744e-05 2.637129218783229589e-04
1.200000000000000000e+04 3.893450411851517856e-05 4.119238292332738638e-05 1.487445956627198029e-06 4.671163083003193606e-07 9.229765419149771333e-05 1.220931721945817117e-06 1.698859341559000313e-05 9.114291970035992563e-06 1.058657016983488575e-05 3.031730011571198702e-04
1.250000000000000000e+04 7.235133671201765537e-05 1.403958303853869438e-04 1.951459353222162463e-06 1.213246605402673595e-06 6.183622172102332115e-04 2.027742084464989603e-06 3.771728006540797651e-05 2.127540938090533018e-06 4.347005869931308553e-06 1.056266701198183000e-04
1.300000000000000000e+04 6.087148722144775093e-05 1.272937515750527382e-04 1.424576225872442592e-06 1.260034537153842393e-06 4.467726976145058870e-04 1.884574771793268155e-06 3.788734466070309281e-05 6.014534392306813970e-06 3.555912144292960875e-06 1.390072429785504937e-04
1.350000000000000000e+04 4.386921864352189004e-05 4.567614814732223749e-05 9.620018772693583742e-07 2.530414349166676402e-07 4.874154546996578574e-05 1.722364345368987415e-06 5.266858715913258493e-05 7.367352282017236575e-06 7.923691782707464881e-07 1.202777144499123096e-03
1.400000000000000000e+04 3.583526631700806320e-05 3.018378447450231761e-05 7.542894877587968949e-07 1.617422356048336951e-07 2.985206083394587040e-05 1.511815071353339590e-06 4.689293564297258854e-05 3.052612100873375311e-06 9.662498001716812723e-08 1.476811128668487072e-03
1.450000000000000000e+04 3.936379653168842196e-05 5.513577343663200736e-05 7.078839985297236126e-07 3.384621436453016941e-07 2.537772816140204668e-04 2.468275852152146399e-06 3.951891267206519842e-05 6.814781499997479841e-06 4.541238922683987767e-06 1.329033111687749624e-04
1.500000000000000000e+04 2.980782664963044226e-05 1.168441085610538721e-04 9.306141919296351261e-07 4.177090886514633894e-07 1.936510816449299455e-04 1.653026970416249242e-06 5.365665856515988708e-05 5.148036962054902688e-06 7.252729119500145316e-06 1.610620674910023808e-04
1.550000000000000000e+04 2.670065441634505987e-05 3.208881753380410373e-05 8.849959272083651740e-07 3.628747435868717730e-07 1.578612136654555798e-04 9.239054179488448426e-07 1.846401028160471469e-05 3.895346253557363525e-06 6.786521225876640528e-06 1.798039884306490421e-04
1.600000000000000000e+04 2.437002694932743907e-05 3.071267565246671438e-05 7.776939696668705437e-07 3.292382473318866687e-07 1.296711561735719442e-04 8.056166507230955176e-07 1.753948708937969059e-05 2.039599849013029598e-06 6.537694844155339524e-06 2.325460081920027733e-04
1.650000000000000000e+04 1.585400459589436650e-04 1.695574464974924922e-04 2.714010861382121220e-06 1.383324274684127886e-06 5.614590481854975224e-04 3.475976654954138212e-06 3.468229260761290789e-05 3.139787168038310483e-06 3.024010220542550087e-05 2.356338081881403923e-04
1.700000000000000000e+04 9.040859004016965628e-05 1.241902791662141681e-04 2.602036374810268171e-06 3.949460563035245286e-07 3.972369886469095945e-04 8.256399155470717233e-07 4.377061850391328335e-05 6.297113031905610114e-06 1.027849975798744708e-05 2.586394839454442263e-04
1.750000000000000000e+04 6.720962846884503961e-05 1.372067781630903482e-04 2.032473048529936932e-06 1.195576260215602815e-06 4.234381776768714190e-04 2.687319465621840209e-06 2.448459235893096775e-05 3.069052354476298206e-06 1.689685745986935217e-06 1.688422635197639465e-04
1.800000000000000000e+04 5.708504249923862517e-05 1.462297368561848998e-04 2.249260887765558437e-06 9.822538231674116105e-07 3.551831759978085756e-04 1.683057121226738673e-06 2.524352566979359835e-05 1.839099581957270857e-06 1.268080040972563438e-06 2.060711558442562819e-04
1.850000000000000000e+04 5.647174111800268292e-05 7.597779767820611596e-05 1.328637495134898927e-06 8.210622581827919930e-07 2.114352828357368708e-04 1.288591874981648289e-06 1.588090344739612192e-05 1.910829723783535883e-06 9.504939271209877916e-07 2.628492075018584728e-04
1.900000000000000000e+04 4.389819514472037554e-05 7.304768951144069433e-05 5.639020628223079257e-07 6.633418934143264778e-07 1.470582647016271949e-04 9.468614052821067162e-07 1.030836938298307359e-05 1.318312683906697202e-06 4.638558550595917040e-07 3.769635804928839207e-04
1.950000000000000000e+04 3.960167668992653489e-05 7.659305265406146646e-05 8.798115231911651790e-07 8.689567039255052805e-07 1.328616053797304630e-04 9.296681469095346984e-07 9.629613487049937248e-06 1.048942067427560687e-06 5.517723025150189642e-07 3.510359383653849363e-04
2.000000000000000000e+04 3.746405855054035783e-05 6.630124698858708143e-05 4.059447178406117018e-07 6.595847708013025112e-07 1.132260076701641083e-04 8.686778301125741564e-07 1.062346291291760281e-05 6.698946890537627041e-07 2.834293297837575665e-07 3.884717880282551050e-04
2.050000000000000000e+04 5.008853258914314210e-05 4.036212703795172274e-05 5.619863827632798348e-07 1.161826389761699829e-06 4.897075632470659912e-05 7.025759600765013602e-07 3.559247488738037646e-05 2.682691331301612081e-07 1.367688810205436312e-06 1.151722855865955353e-03
2.100000000000000000e+04 4.326752605265937746e-05 3.030354309885296971e-05 4.964152253705833573e-07 6.434477768380020279e-07 3.376034146640449762e-05 5.823783340019872412e-07 2.041188963630702347e-05 2.617578331864933716e-07 6.969520427446695976e-07 1.359984627924859524e-03
2.150000000000000000e+04 4.411455302033573389e-05 4.497777626966126263e-05 5.105831064611265901e-07 7.379982776001270395e-07 8.480099495500326157e-05 3.968787325447920011e-07 8.900704415282234550e-06 6.969443688831233885e-07 3.582785836897528498e-07 6.554090068675577641e-04
2.200000000000000000e+04 3.487259164103306830e-05 3.730824028025381267e-05 3.186904109497845639e-07 7.010530111983825918e-07 6.714358460158109665e-05 2.405670329608255997e-07 6.388341262208996341e-06 2.189140246855458827e-07 3.413097147131338716e-07 7.885894738137722015e-04
2.250000000000000000e+04 5.674846033798530698e-05 6.478783325292170048e-05 7.658891831852088217e-07 4.232332173614850035e-07 2.067584428004920483e-04 5.104297429170401301e-07 1.979864828172139823e-05 3.013580226252088323e-06 3.374065272510051727e-06 1.974722254090011120e-04
2.300000000000000000e+04 4.614170757122337818e-05 5.121369395055808127e-05 4.776097171088622417e-07 1.869021986067309626e-07 1.496809127274900675e-04 6.209027105796849355e-07 1.682727088336832821e-05 8.311085366585757583e-06 2.914213155236211605e-06 3.035694535356014967e-04
2.350000000000000000e+04 3.216938057448714972e-05 1.896583125926554203e-05 2.129606571088515921e-07 5.260300781628757250e-07 1.746983616612851620e-05 4.722552944258495700e-07 1.836255614762194455e-05 3.985827424912713468e-05 9.391793355462141335e-06 1.572442590259015560e-03
2.400000000000000000e+04 2.221151225967332721e-05 1.486838755226926878e-05 3.165157806961360620e-07 4.221969618356524734e-07 9.992147170123644173e-06 4.153545489771204302e-07 1.809227796911727637e-05 6.149113323772326112e-05 1.302856526308460161e-05 1.814041985198855400e-03
2.450000000000000000e+04 2.456335460010450333e-05 2.229285746579989791e-05 6.994159775786101818e-07 1.052489210451312829e-06 2.147396844520699233e-05 4.846234560318407603e-07 1.686985524429474026e-05 1.843554628067067824e-06 4.022381745016900823e-06 1.203558407723903656e-03
2.500000000000000000e+04 1.929379322973545641e-05 1.645294832997024059e-05 4.739756604976719245e-07 7.110708111213170923e-07 1.495978904131334275e-05 5.000765668228268623e-07 1.662719478190410882e-05 1.949756779140443541e-06 2.737772319960640743e-06 1.356677035801112652e-03
2.550000000000000000e+04 3.239081343053840101e-05 2.955724085040856153e-05 4.917645810564863496e-07 7.898401577222102787e-07 1.063910240191034973e-04 5.531654778678785078e-07 3.349416510900482535e-05 2.684573337319307029e-05 4.707676453108433634e-07 2.653225383255630732e-04
2.600000000000000000e+04 2.555548780946992338e-05 2.457820119161624461e-05 2.588862173524830723e-07 7.271025310728873592e-07 8.795736357569694519e-05 3.628315994319564197e-07 3.230597940273582935e-05 2.000512904487550259e-05 6.044250540071516298e-07 4.072933515999466181e-04
2.650000000000000000e+04 1.648177749302703887e-05 2.236985346826259047e-05 3.568844135770632420e-07 5.104060960547940340e-07 5.504395448951981962e-05 5.171901307221560273e-07 1.487539520894642919e-05 1.217201679537538439e-05 1.069255063157470431e-06 7.717096013948321342e-04
2.700000000000000000e+04 1.355064523522742093e-05 1.760267696226947010e-05 2.092943560683124815e-07 3.824233658633602317e-07 3.768161332118324935e-05 4.316621868838410592e-07 1.135565435106400400e-05 8.468806299788411707e-06 7.921179872028005775e-07 1.190627925097942352e-03
2.750000000000000000e+04 1.393330694554606453e-05 6.792929525545332581e-06 2.590591918760765111e-07 4.107996005586755928e-07 1.561939461680594832e-05 3.426459898037137464e-07 8.434024493908509612e-06 3.552969474185374565e-06 5.585126814366958570e-07 1.493006595410406590e-03
2.800000000000000000e+04 1.032702766678994521e-05 5.935499757470097393e-06 2.148637037180378684e-07 3.462878339632879943e-07 8.805447578197345138e-06 3.084701916122867260e-07 6.055729954823618755e-06 2.302177790625137277e-06 6.548987698806740809e-07 1.601447234861552715e-03
2.850000000000000000e+04 3.176229074597358704e-05 6.634253804804757237e-05 8.060251843744481448e-07 2.915542722803365905e-07 3.625604149419814348e-04 6.485382755272439681e-07 1.123298170568887144e-05 5.949523256276734173e-07 2.349274126345335389e-07 4.412223279359750450e-05
2.900000000000000000e+04 3.016314258275087923e-05 2.978709380840882659e-05 5.201117687647638377e-07 2.676563894965511281e-07 2.170609950553625822e-04 5.262831450636440422e-07 1.361249724141089246e-05 1.082095195670262910e-06 1.658589638964258484e-07 3.497516445349901915e-05
2.950000000000000000e+04 1.503962539572967216e-05 1.262261503143236041e-05 2.820558222538238624e-07 5.853897846463951282e-07 1.076831358659546822e-05 4.068521661793056410e-07 1.047056048264494166e-05 2.748608380898076575e-07 4.341470969393412815e-07 2.138361567631363869e-03
3.000000000000000000e+04 9.651277650846168399e-06 2.186016172345262021e-05 3.307193594537238823e-07 4.098349961623171112e-07 6.785733148717554286e-06 3.239294130708003649e-07 1.479850925534265116e-05 2.098103522030214663e-07 3.817631863967108075e-07 2.546010538935661316e-03
3.050000000000000000e+04 1.304244415223365650e-05 2.588806273706723005e-05 1.836891954098973656e-07 3.873843468227278208e-07 1.219872683577705175e-05 4.093594441201275913e-07 8.102208084892481565e-06 1.102977762457157951e-06 9.008624033413070720e-07 1.138589577749371529e-03
3.100000000000000000e+04 1.012156280921772122e-05 1.697212246654089540e-05 1.181737943056759832e-07 1.706603853790511494e-07 6.926391051820246503e-06 2.426851892778358888e-07 6.497598860732978210e-06 9.915219152389909141e-07 3.099808338902221294e-07 1.233640708960592747e-03
3.150000000000000000e+04 8.392207746510393918e-06 5.063613116362830624e-06 4.250360419177923177e-08 1.380189047495150589e-07 1.807835133149637841e-06 1.942482725780791952e-07 6.039941581548191607e-06 9.896430128719657660e-07 3.836840676285646623e-07 2.480280352756381035e-03
3.200000000000000000e+04 5.939981292613083497e-06 3.483049113128799945e-06 5.180326567710835661e-08 9.439278159106834210e-08 1.178863726636336651e-06 1.814627381691025221e-07 5.245513875706819817e-06 6.415998541342560202e-07 2.316369176469379454e-07 2.700001467019319534e-03
3.250000000000000000e+04 1.533405338705051690e-05 9.577687887940555811e-05 7.614572723468882032e-07 5.006438072996388655e-07 5.203194177738623694e-06 2.172109248022024985e-07 5.659893213305622339e-05 1.443355472474650014e-06 3.103058645592682296e-07 2.395784016698598862e-03
3.300000000000000000e+04 7.382634976238477975e-06 9.292668437410611659e-06 1.512476757170588826e-07 3.191748021436069394e-07 3.830703008134150878e-06 1.442256944983455469e-07 5.233248430158710107e-06 5.248895718068524729e-07 3.320894563785259379e-07 2.387654734775424004e-03
3.350000000000000000e+04 6.874020982650108635e-06 5.073798092780634761e-06 1.222600047867672401e-07 1.445881849804209196e-07 4.377674940769793466e-06 1.841615926423401106e-07 5.775172212452162057e-06 2.773292919755476760e-07 2.264312968236481538e-07 1.169513561762869358e-03
3.400000000000000000e+04 1.084933137462940067e-05 3.827282853308133781e-05 5.823458764098177198e-07 1.640425892901475891e-07 4.388261004351079464e-06 2.326245152062256238e-07 3.364312942721880972e-05 7.119214728845690843e-07 1.158751175012184831e-07 1.384875155054032803e-03
3.450000000000000000e+04 5.816460998175898567e-06 2.504546728232526220e-06 2.372624550162072410e-07 4.580564905154460575e-08 1.627993583497300278e-06 2.034828128216759069e-07 2.858004336303565651e-06 7.078743351485172752e-07 4.990361190948533476e-08 2.790500409901142120e-03
3.500000000000000000e+04 4.420330242282943800e-06 1.404887598255299963e-06 1.390671116041630739e-07 6.882684999709454132e-08 1.163872411780175753e-06 1.769204374113542144e-07 1.909467982841306366e-06 3.448266454597614938e-07 6.574563116146237007e-08 2.909075934439897537e-03
3.550000000000000000e+04 4.801265731657622382e-06 2.339359298275667243e-06 2.668956256002275040e-08 6.537393204553154646e-08 1.135886122938245535e-05 1.354978707013287931e-07 2.350650220250827260e-06 7.980315075428734417e-08 1.663809143792605028e-07 2.579671563580632210e-03
3.600000000000000000e+04 4.160940079600550234e-06 1.739776053000241518e-06 2.448351565931261575e-08 5.487080301236346713e-08 9.188407602778170258e-06 1.184173967772039759e-07 2.361175802434445359e-06 1.230797437301589525e-07 2.282438060774438782e-07 2.644931199029088020e-03
3.650000000000000000e+04 4.597838142217369750e-06 3.823342922260053456e-06 6.549587538984269486e-08 1.261577011746339849e-07 4.853157406614627689e-06 1.416485702065983787e-07 3.155472313665086403e-06 1.184065254733468464e-07 8.556671815540539683e-08 2.265702001750469208e-03
3.700000000000000000e+04 3.972436388721689582e-06 3.269977696618298069e-06 5.625664911690364534e-08 1.007948426945404208e-07 3.221495035177213140e-06 1.241471778712366358e-07 3.567614157873322256e-06 1.487317859982795198e-07 1.126442654708625923e-07 2.479790011420845985e-03
3.750000000000000000e+04 5.707308901037322357e-06 2.876936378015670925e-06 1.866812766593284323e-07 5.072067210676323157e-08 1.258669385606481228e-06 1.119766963597612630e-07 2.609844386824988760e-06 3.763713607440877240e-07 1.659903148265584605e-07 2.702326048165559769e-03
3.800000000000000000e+04 4.453703695617150515e-06 2.314111270607099868e-06 1.504852633615882951e-07 3.772057155515540217e-08 1.096304004022385925e-06 9.894765895523960353e-08 2.145200369341182522e-06 3.522360998431395274e-07 1.046329956011504692e-07 2.646075794473290443e-03
3.850000000000000000e+04 3.414008688196190633e-06 1.133585328716435470e-06 8.189525857460466796e-08 1.603367394409360713e-07 1.275235717912437394e-06 1.105089779684931273e-07 1.904281702991283964e-06 1.635356596807469032e-07 1.121016950378361798e-07 2.625178778544068336e-03
3.900000000000000000e+04 3.071131459364551120e-06 5.324695393937872723e-06 1.147437060922129604e-07 1.160165297164894582e-07 1.236453499586787075e-06 9.429599145960310125e-08 5.683369181497255340e-06 9.833868119812905206e-08 1.280698995742568513e-07 2.677067881450057030e-03
3.950000000000000000e+04 1.556339157104957849e-05 4.157312287134118378e-05 2.314215379328743438e-07 3.292959718237398192e-07 2.010170428548008204e-04 1.438904035921950708e-07 5.664824129780754447e-06 1.463501689613622148e-06 6.610289347008801997e-07 1.219344558194279671e-04
4.000000000000000000e+04 1.114167571358848363e-05 2.256661719002295285e-05 2.570375841060013045e-07 9.735553163636723184e-08 1.175409634015522897e-04 1.804318685572070535e-07 3.007750819961074740e-06 7.074277164065279067e-07 1.900653074926594854e-07 1.972559548448771238e-04
4.050000000000000000e+04 1.727536437101662159e-05 1.499310837971279398e-05 2.611508875816070940e-07 2.864550481262995163e-07 3.479039150988683105e-05 1.315298021609123680e-07 2.139766365871764719e-06 1.218175611938931979e-06 2.695208820568950614e-07 1.096388325095176697e-03
4.100000000000000000e+04 9.477065759710967541e-06 9.620966920920182019e-06 2.835815564594668103e-07 1.553113264662897564e-07 2.547924850659910589e-05 1.818800825503785745e-07 2.557824700488708913e-06 2.939361593234934844e-06 2.120913649150679703e-07 1.346395933069288731e-03
4.150000000000000000e+04 6.545662017742870376e-06 3.800935701292473823e-06 2.599879564968432533e-07 2.834730423728615278e-07 8.204550795198883861e-06 1.571552417090060771e-07 4.792577328771585599e-06 3.914137494120950578e-07 7.193120410420306143e-08 7.577688083983957767e-04
4.200000000000000000e+04 5.056075679021887481e-06 2.189717179135186598e-06 1.532721682906412752e-07 2.199585651396773756e-07 4.803728643310023472e-06 1.506414548657630803e-07 3.399111392354825512e-06 7.753833983770164195e-07 1.755489620336447842e-07 9.535979479551315308e-04
4.250000000000000000e+04 8.067415365076158196e-06 3.584995283745229244e-06 1.327496903513747384e-07 1.014969157608902606e-07 1.333357340627117082e-05 4.146589560605207225e-07 5.121234607941005379e-06 1.069314663482145988e-07 1.874046944294605055e-07 2.264307113364338875e-03
4.300000000000000000e+04 4.821259153686696663e-06 2.167846787415328436e-06 7.785484967826050706e-08 5.765500432630688010e-08 5.297115876601310447e-06 2.298245647125440883e-07 2.897325884987367317e-06 1.241507732174795819e-07 2.906973293193004793e-07 2.561042550951242447e-03
4.350000000000000000e+04 3.646621507868985645e-06 2.232327915407950059e-06 1.407519931717615691e-07 9.882683116302359849e-08 1.220148874381266069e-06 2.053367040844022995e-07 2.230877043984946795e-06 2.088687409695921815e-07 3.561332562185270945e-07 2.864915411919355392e-03
4.400000000000000000e+04 2.861275561372167431e-06 1.753880951582686976e-06 8.912257243309795740e-08 1.005442911150566943e-07 7.211239108073641546e-07 1.419552972947712988e-07 1.960913778020767495e-06 4.489081817382611916e-08 3.261075960381276673e-07 2.903520828112959862e-03
4.450000000000000000e+04 1.129816610045963898e-05 1.948110002558678389e-05 4.431660443060536636e-07 3.982259499935025815e-07 2.549803684814833105e-05 5.698066729564743582e-07 4.489187631406821311e-06 1.019378146338567603e-06 9.831940133153693751e-07 1.259687240235507488e-03
4.500000000000000000e+04 7.765768714307341725e-06 8.969495866040233523e-06 2.331275226197249140e-07 2.582925162641913630e-07 7.691364771744702011e-06 2.961887730634771287e-07 3.153797933919122443e-06 1.124019945564214140e-06 4.127043951029918389e-07 1.580819720402359962e-03
4.550000000000000000e+04 4.573918886308092624e-06 3.148104269712348469e-06 3.972365192339566420e-08 5.969916117010143353e-08 2.268233856739243492e-06 1.074923119404047611e-07 6.007841420796466991e-06 2.267862100779893808e-06 2.712595232878811657e-07 2.275495789945125580e-03
4.600000000000000000e+04 5.054830580775160342e-06 1.285699090658454224e-05 1.217210154891290586e-07 5.939671865462514688e-08 2.310409172423533164e-06 1.031729297551464697e-07 9.428733392269350588e-06 1.193202137983462308e-06 1.498756461160155595e-07 2.453926717862486839e-03
4.650000000000000000e+04 5.066260655439691618e-06 7.257283414219273254e-06 1.167754604125548212e-07 1.369761548630776815e-07 8.817334673949517310e-06 1.529954261059174314e-07 4.462343895283993334e-06 1.592529088156879880e-06 4.484855651298857993e-07 1.370355370454490185e-03
4.700000000000000000e+04 3.634008862718474120e-06 4.180647465545916930e-06 6.581258560345304431e-08 1.259731590153023717e-07 5.832315764564555138e-06 1.587970075433986494e-07 2.565715021773939952e-06 6.064473154765437357e-07 4.262013248990115244e-07 1.538503565825521946e-03
4.750000000000000000e+04 2.500012442396837287e-06 1.721352873573778197e-06 2.427790946057939436e-07 8.640937210202537244e-08 1.447384875064017251e-06 1.703851211232176865e-07 4.672945124184479937e-06 3.035564333231377532e-08 2.299211843137527467e-07 2.930604619905352592e-03
4.800000000000000000e+04 2.027505843216204084e-06 1.128563212660083082e-06 1.231561270742531633e-07 5.105486167167327949e-08 9.325672181148547679e-07 1.700908001112111378e-07 3.856517651001922786e-06 1.249278280823773457e-08 1.495507291338071809e-07 2.958193887025117874e-03
4.850000000000000000e+04 2.829726327036041766e-06 1.302017608395544812e-06 7.516867839285623631e-08 5.522392143575416412e-08 2.841639116013539024e-06 1.488792946702233166e-07 2.621542307679192163e-06 1.725956089160263218e-08 1.300321770258960896e-07 1.415988896042108536e-03
4.900000000000000000e+04 2.294184696438605897e-06 9.492463277638307773e-07 5.407502712273526413e-08 4.892175553550259792e-08 1.388788973599730525e-06 1.093749162350832194e-07 1.927348876051837578e-06 3.152701921749212488e-08 1.973189682757947594e-07 1.734266639687120914e-03
4.950000000000000000e+04 2.766686293398379348e-06 7.372057666543696541e-07 3.907812029524393438e-08 5.845241091151365254e-08 4.752430982080113608e-07 1.352609189098075149e-07 1.601410758667043410e-06 9.113894350321061211e-08 8.650857239445031155e-07 2.703193575143814087e-03
5.000000000000000000e+04 2.137537194357719272e-06 5.675078114109055605e-07 3.239178525404895481e-08 4.814680920617320226e-08 3.520052302974363556e-07 1.047716935431708407e-07 1.397556616211659275e-06 4.883631277152744588e-08 3.803052095463499427e-07 2.766504650935530663e-03
5.050000000000000000e+04 8.268317906185984612e-04 8.708392269909381866e-04 1.403289479640079662e-05 6.103203122620470822e-05 1.085770432837307453e-03 9.782537381397560239e-05 3.910881641786545515e-04 4.616146270564058796e-06 1.889419072540476918e-04 1.187298446893692017e-03
5.100000000000000000e+04 4.342208267189562321e-04 4.808000521734356880e-04 7.039770025585312396e-06 1.413976406183792278e-05 7.453148718923330307e-04 3.993502832599915564e-05 3.073296684306114912e-04 8.461318429908715189e-06 6.904832116561010480e-05 9.479777072556316853e-04
5.150000000000000000e+04 3.031483211088925600e-04 3.767618909478187561e-04 9.346535989607218653e-06 1.854965557868126780e-05 6.390878697857260704e-04 3.214123717043548822e-05 2.528117911424487829e-04 4.841389090870507061e-05 7.691561222600284964e-06 7.814680575393140316e-04
5.200000000000000000e+04 2.469953615218400955e-04 2.519672270864248276e-04 8.401906598010100424e-06 1.161895761470077559e-05 4.484217497520148754e-04 2.404925908194854856e-05 1.360004243906587362e-04 2.405528721283189952e-05 1.194921787828207016e-05 7.748900097794830799e-04
5.250000000000000000e+04 1.684687013039365411e-04 2.085669111693277955e-04 5.295811661198968068e-06 8.039284693950321525e-06 7.124728872440755367e-04 1.645440715947188437e-05 4.229725163895636797e-05 5.582413450611056760e-06 2.140096330549567938e-05 2.090246562147513032e-04
5.300000000000000000e+04 1.301205629715695977e-04 1.798404409782961011e-04 4.580222139338729903e-06 8.725639418116770685e-06 5.911603802815079689e-04 1.453583081456599757e-05 4.542136230156756938e-05 3.842386377073125914e-06 1.225792766490485519e-05 1.573385234223678708e-04
5.350000000000000000e+04 6.950667011551558971e-05 4.239735062583349645e-05 4.023025667265756056e-06 5.637117283185943961e-06 5.865078856004402041e-05 6.993923307163640857e-06 2.952928844024427235e-05 2.221916292910464108e-05 1.473738520871847868e-04 1.391424564644694328e-03
5.400000000000000000e+04 4.490966966841369867e-05 3.428317722864449024e-05 9.928965027938829735e-07 3.233048573747510090e-06 2.970712193928193301e-05 2.945261485365335830e-06 3.170823765685781837e-05 1.858730684034526348e-05 1.208938847412355244e-04 1.788547378964722157e-03
5.450000000000000000e+04 1.079175563063472509e-04 1.258088304894044995e-04 2.040685330939595588e-06 6.848866632935823873e-06 8.243088086601346731e-05 8.426256499660667032e-06 4.674876254284754395e-05 3.586266029742546380e-05 4.115841875318437815e-06 1.052168547175824642e-03
5.500000000000000000e+04 8.002288086572661996e-05 8.056098886299878359e-05 1.769945015439589042e-06 5.368909569369861856e-06 6.628134724451228976e-05 5.459602562041254714e-06 3.900597948813810945e-05 3.909451697836630046e-05 3.608171755331568420e-05 1.140728592872619629e-03
5.550000000000000000e+04 6.347135058604180813e-05 5.737550236517563462e-05 2.984001639561029151e-06 4.329219791543437168e-06 5.731120108976028860e-05 2.411185050732456148e-06 2.522754220990464091e-05 2.295435297128278762e-05 1.904069540614727885e-05 1.242310274392366409e-03
5.600000000000000000e+04 4.502036972553469241e-05 5.255908763501793146e-05 2.089070221700239927e-06 3.250491090511786751e-06 4.415579678607173264e-05 1.301265456277178600e-06 3.074756023124791682e-05 2.021029467869084328e-05 1.633194005989935249e-05 1.392834470607340336e-03
5.650000000000000000e+04 2.670248977665323764e-05 5.467702794703654945e-05 1.699893118711770512e-06 2.423656269456841983e-06 8.980224083643406630e-05 9.072036277757433709e-07 2.766510442597791553e-05 1.729005271045025438e-05 2.186727579100988805e-05 7.040465134195983410e-04
5.700000000000000000e+04 2.070022310363128781e-05 5.124535528011620045e-05 9.120164463638502639e-07 9.180949973597307689e-07 6.580640911124646664e-05 4.720108677247480955e-07 2.094135561492294073e-05 1.073848125088261440e-05 1.556467395857907832e-05 9.030153742060065269e-04
5.750000000000000000e+04 2.292035787831991911e-05 1.953634819074068218e-05 1.737144543767499272e-06 1.431749524272163399e-06 3.442446177359670401e-05 2.915476500220393064e-07 1.868098479462787509e-05 1.328925100096967071e-05 1.203529905069444794e-06 1.086893142201006413e-03
5.800000000000000000e+04 1.819814133341424167e-05 1.919706119224429131e-05 9.164473908640502486e-07 8.124203532133833505e-07 1.981248169613536447e-05 9.114553023437110824e-08 1.008666095003718510e-05 9.003922059491742402e-06 3.055773731830413453e-06 1.418866799212992191e-03
5.850000000000000000e+04 2.489231155777815729e-05 9.955459063348826021e-06 1.481918957324523944e-06 6.849368787698040251e-07 3.866887345793657005e-05 3.852460963571502361e-07 1.133837486122502014e-05 2.585063612059457228e-07 8.983762427305919118e-07 1.370299840345978737e-03
5.900000000000000000e+04 1.655991763982456177e-05 5.865866569365607575e-06 5.998326173539680894e-07 3.558717764917673776e-07 2.756307912932243198e-05 3.158948800319194561e-07 9.030912224261555821e-06 1.536609346430850565e-07 6.860153121124312747e-07 1.628926023840904236e-03
5.950000000000000000e+04 2.491622035449836403e-05 6.013218808220699430e-05 1.200210817842162214e-06 1.127774112319457345e-06 1.664714218350127339e-04 1.812008179058466339e-07 1.225264259119285271e-05 1.437732180420425721e-06 2.854770286830898840e-07 1.207346067531034350e-04
6.000000000000000000e+04 2.173028406105004251e-05 5.073162174085155129e-05 7.720355483797902707e-07 8.407645850638800766e-07 1.210113405250012875e-04 2.717486609071784187e-07 8.553957741241902113e-06 9.706269565867842175e-07 2.366846700851965579e-07 1.528440188849344850e-04
