# step, loss_train, loss_test, metrics_test
0.000000000000000000e+00 1.261850167065858841e-02 2.243712991476058960e-01 2.270552888512611389e-02 3.060595132410526276e-02 7.161888293921947479e-03 1.255738083273172379e-02 1.604851931333541870e-01 1.030194573104381561e-02 2.911579608917236328e-02 1.120449136942625046e-02
5.000000000000000000e+02 1.713007688522338867e-03 1.233827397227287292e-01 2.651317336130887270e-04 5.410975427366793156e-04 8.152481168508529663e-03 1.474389689974486828e-03 1.090735718607902527e-01 4.539000801742076874e-04 2.617278951220214367e-04 9.989123791456222534e-03
1.000000000000000000e+03 1.194029347971081734e-03 1.213870719075202942e-01 3.654391330201178789e-04 3.728375595528632402e-04 4.534139297902584076e-03 8.637344581075012684e-04 1.089248284697532654e-01 4.801071190740913153e-04 1.498600177001208067e-04 6.272106897085905075e-03
1.500000000000000000e+03 8.782508084550499916e-04 9.861364960670471191e-03 1.298799994401633739e-03 4.582328256219625473e-04 1.203568466007709503e-02 7.524203974753618240e-04 8.096059784293174744e-03 8.862364920787513256e-04 6.637232145294547081e-04 1.122697163373231888e-02
2.000000000000000000e+03 1.172272241092287004e-04 9.881965816020965576e-04 8.912261546356603503e-05 2.105690364260226488e-04 4.750400315970182419e-03 3.770508919842541218e-05 8.320217020809650421e-04 8.964409062173217535e-05 3.535212017595767975e-04 3.732373705133795738e-03
2.500000000000000000e+03 9.966118523152545094e-05 6.822810391895473003e-04 4.188760794932022691e-05 1.469428207201417536e-05 3.609200939536094666e-03 3.906344136339612305e-05 5.271656555123627186e-04 9.434192907065153122e-05 1.482093830418307334e-05 2.353254472836852074e-03
3.000000000000000000e+03 1.977399660972878337e-04 5.328426486812531948e-04 2.610346928122453392e-05 1.356883967673638836e-05 2.896222053095698357e-03 5.646433783113025129e-05 3.122433554381132126e-04 5.852581671206280589e-05 4.380731843411922455e-05 1.660904730670154095e-03
3.500000000000000000e+03 2.601655432954430580e-04 4.238954279571771622e-04 2.416821553197223693e-05 1.313669235969427973e-05 2.269277814775705338e-03 4.016044113086536527e-05 2.262498601339757442e-04 2.594519173726439476e-05 2.480128387105651200e-05 1.293758861720561981e-03
4.000000000000000000e+03 2.962017897516489029e-04 3.648350830189883709e-04 1.999201231228653342e-05 1.125426297221565619e-05 2.080771839246153831e-03 2.832022983056958765e-05 2.085117448586970568e-04 2.144797144865151495e-05 2.551920442783739418e-05 1.098661799915134907e-03
4.500000000000000000e+03 2.934766816906630993e-04 4.061381041537970304e-04 1.489019905420718715e-05 9.771200893737841398e-06 2.009146614000201225e-03 2.688043059606570750e-05 1.559704542160034180e-04 2.234535713796503842e-05 5.618392242467962205e-05 9.198143379762768745e-04
5.000000000000000000e+03 2.989219501614570618e-04 3.810882626567035913e-04 1.031144256558036432e-05 1.060774957295507193e-05 1.908825244754552841e-03 3.445820038905367255e-05 1.261813304154202342e-04 2.467528975103050470e-05 5.182308814255520701e-05 8.320579072460532188e-04
5.500000000000000000e+03 2.531617064960300922e-04 2.576691040303558111e-04 1.418194187863264233e-05 8.794172572379466146e-06 1.494366792030632496e-03 5.048495586379431188e-05 2.002103137783706188e-04 6.136721640359610319e-05 2.529339508328121156e-05 8.461722172796726227e-04
6.000000000000000000e+03 2.212814288213849068e-04 2.250084216939285398e-04 1.346217595710186288e-05 6.629446033912245184e-06 1.403837930411100388e-03 6.493850378319621086e-05 1.887730177259072661e-04 8.292085112771019340e-05 4.195108340354636312e-05 7.560148369520902634e-04
6.500000000000000000e+03 1.885696983663365245e-04 2.932746137958019972e-04 2.445206155243795365e-05 9.916399903886485845e-06 1.476509263738989830e-03 6.231277075130492449e-05 6.952848343644291162e-05 7.692533108638599515e-05 7.256824028445407748e-05 6.081112078391015530e-04
7.000000000000000000e+03 1.307956554228439927e-04 2.553036611061543226e-04 1.211312883242499083e-05 1.136392711487133056e-05 1.287073246203362942e-03 5.155127655598334968e-05 6.903152825543656945e-05 6.837712135165929794e-05 1.078859859262593091e-04 5.020641256123781204e-04
7.500000000000000000e+03 1.424728689016774297e-04 2.874763449653983116e-04 9.363144272356294096e-06 1.219712248712312430e-05 1.300349947996437550e-03 3.182782893418334424e-05 1.576141512487083673e-04 8.165102917701005936e-05 9.509667142992839217e-05 4.144341219216585159e-04
8.000000000000000000e+03 1.387380034429952502e-04 2.699367178138345480e-04 1.193194566440070048e-05 1.501287897553993389e-05 1.247304840944707394e-03 2.465760735503863543e-05 1.285778562305495143e-04 6.281572132138535380e-05 8.734605944482609630e-05 3.577657626010477543e-04
8.500000000000000000e+03 1.412181591149419546e-04 2.351180883124470711e-04 5.792929641756927595e-06 6.187419785419479012e-06 1.092162099666893482e-03 1.919241185532882810e-05 8.704500942258164287e-05 4.468908082344569266e-05 1.270372013095766306e-05 3.193891898263245821e-04
9.000000000000000000e+03 1.379537861794233322e-04 2.243390190415084362e-04 8.543410331185441464e-06 6.944234428374329582e-06 1.053613726980984211e-03 1.534821421955712140e-05 6.007777483318932354e-05 3.749236930161714554e-05 6.240623042685911059e-05 2.905379806179553270e-04
9.500000000000000000e+03 1.371406833641231060e-04 2.683388884179294109e-04 3.133077825623331591e-06 7.794141311023849994e-06 9.585917578078806400e-04 1.585297650308348238e-05 1.647764584049582481e-04 2.397896059846971184e-05 1.374605380988214165e-05 2.502746647223830223e-04
1.000000000000000000e+04 1.359157031401991844e-04 2.622468164190649986e-04 3.277433279436081648e-06 6.005730483593652025e-06 9.169221157208085060e-04 1.643062023504171520e-05 1.659199042478576303e-04 2.625712113513145596e-05 9.844448868534527719e-06 2.288876421516761184e-04
1.050000000000000000e+04 1.288022322114557028e-04 2.479434770066291094e-04 7.705441021244041622e-06 1.273429461434716359e-05 8.676249417476356030e-04 1.531457564851734787e-05 1.424743968527764082e-04 1.408956723025767133e-05 2.068967842205893248e-05 2.509568585082888603e-04
1.100000000000000000e+04 1.232240174431353807e-04 2.321094070794060826e-04 5.607247203442966565e-06 1.107118896470637992e-05 8.275762666016817093e-04 1.441302265448030084e-05 1.208858811878599226e-04 1.218393299495801330e-05 3.376866879989393055e-05 2.456424408592283726e-04
1.150000000000000000e+04 1.307415222981944680e-04 2.232637198176234961e-04 4.496351721172686666e-06 7.396964520012261346e-06 1.021890901029109955e-03 1.539971708552911878e-05 9.638110350351780653e-05 1.234108367498265579e-05 1.151042033598059788e-05 1.983836264116689563e-04
1.200000000000000000e+04 1.345195050816982985e-04 2.142827579518780112e-04 3.240702199036604725e-06 5.783039796369848773e-06 9.803144494071602821e-04 1.455137589800870046e-05 9.326879808213561773e-05 1.745626286719925702e-05 7.438593456754460931e-06 1.822061894927173853e-04
1.250000000000000000e+04 1.167682858067564666e-04 2.116808609571307898e-04 2.141194272553548217e-06 3.546512289176462218e-06 9.209229028783738613e-04 1.233196599059738219e-05 6.441787991207093000e-05 2.731901986408047378e-05 2.042362939391750842e-05 1.662249851506203413e-04
1.300000000000000000e+04 1.169593233498744667e-04 2.017873775912448764e-04 1.779041554073046427e-06 3.116012294412939809e-06 8.989939233288168907e-04 1.091505237127421424e-05 6.546806253027170897e-05 2.690819201234262437e-05 2.596202284621540457e-05 1.563992846058681607e-04
1.350000000000000000e+04 1.233324001077562571e-04 1.798015437088906765e-04 3.340159082654281519e-06 2.449578005325747654e-06 5.416904459707438946e-04 1.372828228340949863e-05 1.696934778010472655e-04 2.008043338719289750e-05 1.085207350115524605e-05 2.436060312902554870e-04
1.400000000000000000e+04 1.282539305975660682e-04 1.608784368727356195e-04 2.578610292403027415e-06 2.308034027009853162e-06 4.955970798619091511e-04 1.468295795348240063e-05 1.928173587657511234e-04 2.855224556697066873e-05 2.490203769411891699e-05 2.540710265748202801e-04
1.450000000000000000e+04 1.262150035472586751e-04 1.690050412435084581e-04 2.567390765761956573e-06 4.115528099646326154e-06 7.455492741428315639e-04 1.364610307064140216e-05 1.212436545756645501e-04 1.257948770216898993e-05 3.368848047102801502e-05 1.402489724569022655e-04
1.500000000000000000e+04 1.181398256449028850e-04 1.686216128291562200e-04 1.924649268403300084e-06 3.273258926128619350e-06 7.222734275273978710e-04 1.381085985485697165e-05 1.003667930490337312e-04 1.961183988896664232e-05 2.998751187988091260e-05 1.385672803735360503e-04
1.550000000000000000e+04 1.318225986324250698e-04 1.781908649718388915e-04 1.558755002406542189e-06 3.318085191494901665e-06 8.134493837133049965e-04 1.399296343151945621e-05 7.499786443077027798e-05 1.947797136381268501e-05 3.672478487715125084e-05 9.822236461332067847e-05
1.600000000000000000e+04 1.333967957179993391e-04 1.683482696535065770e-04 1.572101950841897633e-06 2.798617060761898756e-06 7.807452930137515068e-04 1.435138710803585127e-05 6.650781870121136308e-05 3.861944060190580785e-05 5.946832970948889852e-05 9.065002086572349072e-05
1.650000000000000000e+04 1.341611932730302215e-04 1.573265471961349249e-04 3.385926675036898814e-06 3.758993898372864351e-06 6.948351510800421238e-04 1.914756285259500146e-05 5.772892836830578744e-05 1.453033473808318377e-05 1.418581723555689678e-05 1.297950802836567163e-04
1.700000000000000000e+04 1.253408117918297648e-04 1.561609969940036535e-04 2.934709527835366316e-06 3.335523842906695791e-06 6.715966737829148769e-04 1.847501152951736003e-05 5.579505523201078176e-05 6.360575298458570614e-06 1.254987910215277225e-05 1.324395852861925960e-04
1.750000000000000000e+04 1.391729310853406787e-04 1.569106389069929719e-04 3.079023372265510261e-06 2.665777628862997517e-06 7.556927157565951347e-04 1.469861126679461449e-05 1.028357946779578924e-04 3.305819336674176157e-05 3.882437522406689823e-05 1.059590067598037422e-04
1.800000000000000000e+04 1.376706350129097700e-04 1.558099902467802167e-04 2.296738557561184280e-06 2.192656893384992145e-06 7.298171403817832470e-04 1.588768463989254087e-05 1.198727477458305657e-04 3.880485382978804410e-05 5.422031972557306290e-05 1.059329297277145088e-04
1.850000000000000000e+04 1.157742372015491128e-04 1.674211816862225533e-04 1.753702463247464038e-06 5.162036359251942486e-06 6.018051644787192345e-04 1.640131085878238082e-05 9.030838555190712214e-05 8.917336526792496443e-05 9.197999133903067559e-06 9.553335257805883884e-05
1.900000000000000000e+04 1.208881876664236188e-04 1.574045600136741996e-04 1.804337443900294602e-06 4.927534519083565101e-06 5.795615725219249725e-04 1.623862772248685360e-05 8.226672798627987504e-05 1.177522281068377197e-04 7.038118837954243645e-06 9.022295125760138035e-05
1.950000000000000000e+04 1.299595896853134036e-04 1.266768376808613539e-04 2.432221663184463978e-06 5.066034646006301045e-06 4.645767912734299898e-04 1.586737380421254784e-05 1.012287320918403566e-04 2.449580279062502086e-05 1.222495775436982512e-04 1.540933299111202359e-04
2.000000000000000000e+04 1.266798499273136258e-04 1.245091989403590560e-04 2.556906338213593699e-06 4.082876785105327144e-06 4.406135121826082468e-04 1.578459341544657946e-05 1.005995582090690732e-04 1.610080107639078051e-05 1.780838647391647100e-04 1.698299747658893466e-04
2.050000000000000000e+04 1.064244643202982843e-04 1.733557874104008079e-04 4.599245585268363357e-06 8.856971362547483295e-06 5.180923617444932461e-04 1.882515789475291967e-05 1.051142317010089755e-04 1.627836900297552347e-05 1.203652864205650985e-04 2.297515893587842584e-04
2.100000000000000000e+04 1.039757262333296239e-04 1.644392905291169882e-04 3.775682898776722141e-06 9.167049029201734811e-06 4.685745807364583015e-04 1.875988891697488725e-05 8.376222831429913640e-05 2.245088217023294419e-05 1.460612256778404117e-04 2.550230419728904963e-04
2.150000000000000000e+04 1.023592922138050199e-04 1.775714190443977714e-04 3.211311877748812549e-06 6.824768661317648366e-06 3.169496194459497929e-04 1.094298477255506441e-05 4.665949381887912750e-05 3.356696834089234471e-05 5.383203824749216437e-05 2.427946601528674364e-04
2.200000000000000000e+04 9.724680421641096473e-05 1.258201518794521689e-04 1.885748247332230676e-06 2.708079819058184512e-06 3.112319973297417164e-04 9.592564310878515244e-06 7.880535849835723639e-05 2.357131961616687477e-05 5.410358426161110401e-05 2.588227507658302784e-04
2.250000000000000000e+04 1.172123229480348527e-04 1.433971920050680637e-04 2.228224275313550606e-06 2.793840849335538223e-06 6.507918005809187889e-04 1.013281871564686298e-05 4.870789416600018740e-05 3.151423879899084568e-05 7.843370985938236117e-05 7.553250179626047611e-05
2.300000000000000000e+04 1.102030146284960210e-04 1.414786238456144929e-04 1.458515725971665233e-06 2.278063448102329858e-06 6.352643249556422234e-04 9.828976544667966664e-06 4.828914825338870287e-05 3.419087079237215221e-05 8.194385009119287133e-05 7.747628114884719253e-05
2.350000000000000000e+04 1.298035494983196259e-04 1.510385773144662380e-04 1.442232928638986778e-06 1.648215743443870451e-06 5.199296283535659313e-04 1.054382937581976876e-05 1.367480581393465400e-04 2.873663288482930511e-05 3.566078157746233046e-05 1.336637360509485006e-04
2.400000000000000000e+04 1.252684596693143249e-04 1.489229180151596665e-04 1.291294552174804267e-06 1.817461452446877956e-06 4.893753211945295334e-04 1.006732054520398378e-05 1.405819493811577559e-04 1.366535434499382973e-05 2.565803697507362813e-05 1.486455439589917660e-04
2.450000000000000000e+04 1.316961715929210186e-04 1.341536408290266991e-04 4.854356575378915295e-06 2.814807430695509538e-06 4.319914442021399736e-04 8.799220267974305898e-06 8.014410559553653002e-05 3.616021786001510918e-06 1.147217244579223916e-05 1.324351178482174873e-04
2.500000000000000000e+04 1.231450150953605771e-04 1.282765588257461786e-04 4.717331194115104154e-06 2.511105549274361692e-06 3.967650118283927441e-04 7.444313723681261763e-06 8.294342114822939038e-05 2.942195806099334732e-06 1.305705427512293682e-05 1.444113295292481780e-04
2.550000000000000000e+04 1.480632199672982097e-04 9.301345562562346458e-05 2.080795184156158939e-06 2.574657173681771383e-06 3.908314974978566170e-04 6.746327926521189511e-06 1.714643440209329128e-04 5.674005478795152158e-06 8.137166332744527608e-06 5.269831672194413841e-05
2.600000000000000000e+04 1.327486388618126512e-04 8.665677160024642944e-05 1.881977254925004672e-06 1.795448383745679166e-06 3.748755843844264746e-04 6.352635409712092951e-06 1.766388886608183384e-04 7.328057563427137211e-06 9.336576113128103316e-06 5.346513353288173676e-05
2.650000000000000000e+04 1.158592713181860745e-04 1.346709032077342272e-04 3.413636250115814619e-06 3.904832738044206053e-06 2.638064906932413578e-04 6.930988092790357769e-06 8.179726137313991785e-05 1.203242027258966118e-05 2.636249973875237629e-06 3.575588052626699209e-04
2.700000000000000000e+04 1.050376886269077659e-04 1.285949692828580737e-04 2.512522542019723915e-06 3.210358727301354520e-06 2.369968133280053735e-04 7.010430181253468618e-06 8.268754754681140184e-05 3.313767592771910131e-05 3.256656327721429989e-06 4.192881169728934765e-04
2.750000000000000000e+04 8.227765647461637855e-05 9.770339238457381725e-05 2.737075647019082680e-06 7.463616839231690392e-06 2.571587101556360722e-04 6.319637577689718455e-06 7.946175173856317997e-05 3.898382146871881559e-06 1.251924550160765648e-05 2.169410290662199259e-04
2.800000000000000000e+04 8.013368642423301935e-05 8.751036511966958642e-05 1.578099727339576930e-06 4.741375050798524171e-06 2.303525398019701242e-04 6.008137916069244966e-06 5.430667806649580598e-05 8.866006282914895564e-06 3.443615059950388968e-05 2.647910150699317455e-04
2.850000000000000000e+04 9.606829553376883268e-05 1.294897228945046663e-04 1.528753386992320884e-06 2.382908178333309479e-06 4.702003207057714462e-04 5.646072168019600213e-06 4.805498610949143767e-05 8.410919690504670143e-06 4.282980171410599723e-06 7.956540503073483706e-05
2.900000000000000000e+04 9.333078196505084634e-05 1.357463770546019077e-04 1.464391061745118350e-06 2.076155396935064346e-06 4.501790681388229132e-04 5.831186626892304048e-06 4.508121855906210840e-05 1.294600679102586582e-05 5.794169737782794982e-06 8.822605741443112493e-05
2.950000000000000000e+04 7.062998338369652629e-05 1.234106603078544140e-04 1.725841457300703041e-06 2.209026888522203080e-06 2.783018862828612328e-04 6.245029908313881606e-06 9.511217649560421705e-05 5.366591358324512839e-05 7.402453320537460968e-06 3.182546934112906456e-04
3.000000000000000000e+04 6.668327114311978221e-05 1.222663559019565582e-04 1.291651983592601027e-06 1.756240067152248230e-06 2.641398168634623289e-04 6.521685463667381555e-06 1.011370404739864171e-04 4.718661148217506707e-05 7.655306944798212498e-06 3.369000914972275496e-04
3.050000000000000000e+04 9.872286318568512797e-05 1.171951371361501515e-04 1.046034753926505800e-06 1.737966385917388834e-06 4.275823011994361877e-04 5.083970336272614077e-06 4.028365583508275449e-05 2.247579004688304849e-06 7.972596904437523335e-06 9.394529479322955012e-05
3.100000000000000000e+04 9.548283560434356332e-05 1.125248600146733224e-04 9.531991622679925058e-07 1.731981797092885245e-06 3.913579275831580162e-04 4.523418283497449011e-06 4.062528751092031598e-05 9.654943823989015073e-06 9.631838111090473831e-06 1.065706965164281428e-04
3.150000000000000000e+04 7.819405436748638749e-05 5.576518378802575171e-05 1.008534354696166702e-06 1.465588070459489245e-06 1.164211935247294605e-04 4.770450686919502914e-06 3.520039172144606709e-05 2.146169754269067198e-05 3.559873221092857420e-06 3.554861177690327168e-04
3.200000000000000000e+04 7.325567275984212756e-05 7.258188270498067141e-05 5.666030847351066768e-05 9.611917448637541384e-06 1.121775567298755050e-04 4.992091817257460207e-06 4.972334863850846887e-05 7.485406968044117093e-05 2.183972355851437896e-05 3.687376156449317932e-04
3.250000000000000000e+04 1.193305870401673019e-04 7.082460069796070457e-05 1.641291419218759984e-06 4.400703346618684009e-06 4.141099634580314159e-04 6.296802894212305546e-06 6.023401510901749134e-05 3.419071072130464017e-05 9.123293239099439234e-06 9.727341966936364770e-05
3.300000000000000000e+04 1.046610123012214899e-04 7.019753684289753437e-05 1.558385179123433772e-06 3.383435341675067320e-06 3.872145898640155792e-04 5.958503606962040067e-06 5.179747313377447426e-05 2.855508682841900736e-05 3.924105112673714757e-05 1.176669466076418757e-04
3.350000000000000000e+04 1.130496748373843729e-04 1.106475319829769433e-04 3.035270992768346332e-06 2.806832753776689060e-06 2.307755639776587486e-04 6.240287348191486672e-06 2.774364838842302561e-05 1.370379413856426254e-05 4.642226940632099286e-06 2.907266025431454182e-04
3.400000000000000000e+04 1.012592765619046986e-04 1.075904365279711783e-04 2.757402626230032183e-06 2.072709776257397607e-06 2.088348992401733994e-04 6.421435045922407880e-06 2.797626802930608392e-05 8.188045285351108760e-06 1.502307986811501905e-05 3.338286187499761581e-04
3.450000000000000000e+04 7.186419679783284664e-05 7.809084490872919559e-05 1.028196606966957916e-06 1.146691033682145644e-06 1.925313699757680297e-04 5.527745997824240476e-06 5.049577521276660264e-05 2.102664257108699530e-05 5.778678769274847582e-06 3.591692948248237371e-04
3.500000000000000000e+04 7.437585736624896526e-05 1.277829869650304317e-04 1.786826396710239351e-05 5.886214239581022412e-06 1.972067548194900155e-04 5.377224169933469966e-06 1.119553853641264141e-04 1.830931796575896442e-05 6.877115083625540137e-06 3.402764850761741400e-04
3.550000000000000000e+04 9.365396545035764575e-05 2.178314462071284652e-04 7.487974926334572956e-06 1.469931612518848851e-05 1.889719278551638126e-04 7.898409421613905579e-06 1.126535862567834556e-04 6.740116805303841829e-05 4.361952233011834323e-05 3.154265577904880047e-04
3.600000000000000000e+04 7.888655090937390924e-05 7.581521640531718731e-05 8.579945074416173156e-07 5.788234602732700296e-07 1.968128199223428965e-04 6.420375939342193305e-06 4.194017674308270216e-05 6.238127389224246144e-05 1.056091605278197676e-05 2.717241295613348484e-04
3.650000000000000000e+04 6.366289017023518682e-05 9.849753405433148146e-05 1.023816935230570380e-06 1.938610921570216306e-06 2.289730909978970885e-04 4.467016424314351752e-06 4.508653364609926939e-05 9.273864634451456368e-06 1.470321330998558551e-05 2.591562515590339899e-04
3.700000000000000000e+04 5.897008668398484588e-05 9.244436660083010793e-05 8.674152240928378887e-07 1.493334025326475967e-06 2.161058509955182672e-04 4.402109425427624956e-06 3.814957017311826348e-05 9.970509381673764437e-06 1.681298635958228260e-05 2.734150621108710766e-04
3.750000000000000000e+04 5.683618655893951654e-05 1.465673813072498888e-05 7.274132940437993966e-07 1.184483949145942461e-06 1.723272725939750671e-05 4.097039436601335183e-06 2.655870775924995542e-05 1.497307039244333282e-05 1.046238139679189771e-05 1.817697775550186634e-03
3.800000000000000000e+04 4.765504490933381021e-05 5.444734051707200706e-05 2.823362137860385701e-06 3.845106675726128742e-06 1.483272535551805049e-05 4.054846158396685496e-06 6.401839345926418900e-05 1.136710216087521985e-05 1.656897438806481659e-05 2.007030881941318512e-03
3.850000000000000000e+04 6.309591117314994335e-05 1.030220737447962165e-04 1.127892460317525547e-06 1.291845251216727775e-06 2.732970460783690214e-04 3.451050361036323011e-06 3.714940612553618848e-05 5.210866675042780116e-06 3.019673749804496765e-05 1.358353911200538278e-04
3.900000000000000000e+04 6.093230331316590309e-05 8.679219172336161137e-05 7.518124789385183249e-07 1.117760803026612848e-06 2.582549059297889471e-04 3.405276402190793306e-06 3.449430369073525071e-05 5.765560672443825752e-06 2.598149876575917006e-05 1.379651657771319151e-04
3.950000000000000000e+04 6.385208689607679844e-05 8.662855543661862612e-05 7.035210387584811542e-07 1.245061298504879232e-06 2.838699147105216980e-04 2.701190396692254581e-06 3.067778743570670485e-05 1.079229514289181679e-05 7.134327006497187540e-06 9.444840543437749147e-05
4.000000000000000000e+04 6.005387331242673099e-05 6.892003875691443682e-05 5.193003858039446641e-07 1.134505737354629673e-06 2.639274753164499998e-04 2.601781034172745422e-06 2.477299858583137393e-05 1.112869267672067508e-05 5.619378953269915655e-06 8.144551975419744849e-05
4.050000000000000000e+04 6.205389217939227819e-05 4.145883576711639762e-05 9.128017950388311874e-07 1.670769279371597804e-06 1.844874932430684566e-04 2.900805611716350541e-06 2.613124524941667914e-05 7.911648026492912322e-06 4.021985205326927826e-06 2.578595012892037630e-04
4.100000000000000000e+04 5.574458918999880552e-05 3.599631963879801333e-05 6.353409958137490321e-07 1.573459144310618285e-06 1.629537146072834730e-04 2.756916046564583667e-06 3.065306373173370957e-05 7.552881015726597980e-06 3.400282139409682713e-06 3.152776043862104416e-04
4.150000000000000000e+04 5.075215813121758401e-05 3.095692954957485199e-05 7.037866680548177101e-07 1.636651177250314504e-06 7.898965850472450256e-05 2.493909960321616381e-06 3.448423376539722085e-05 2.269383912789635360e-05 3.203526603101636283e-06 2.355626638745889068e-04
4.200000000000000000e+04 4.742866076412610710e-05 2.852611032722052187e-05 4.908764594802050851e-07 1.275234239983547013e-06 7.126967830117791891e-05 2.752552063611801714e-06 3.136930899927392602e-05 2.758684786385856569e-05 2.677888687685481273e-06 2.663650666363537312e-04
4.250000000000000000e+04 5.395991684054024518e-05 6.148666579974815249e-05 5.230713782111706678e-07 8.051202371461840812e-07 1.316303241765126586e-04 2.951343276436091401e-06 2.679206409084144980e-05 2.896928526752162725e-05 1.116794283007038757e-05 6.492423708550632000e-04
4.300000000000000000e+04 4.438917676452547312e-05 5.364418393583036959e-05 3.593247583921765909e-07 7.524839702455210499e-07 1.122815374401398003e-04 3.772425998249673285e-06 2.595967816887423396e-05 3.218319034203886986e-05 6.856128493382129818e-06 7.807237561792135239e-04
4.350000000000000000e+04 5.877692819922231138e-05 3.044410368602257222e-05 4.698281372839119285e-07 1.198051108985964675e-06 4.853694917983375490e-05 3.783876536544994451e-06 3.742793705896474421e-05 3.783358988584950566e-05 2.098002187267411500e-05 8.122141589410603046e-04
4.400000000000000000e+04 4.665081360144540668e-05 2.543081245676148683e-05 2.998392858444276499e-07 8.429425975009507965e-07 3.494350312394089997e-05 3.605734491429757327e-06 3.622896838351152837e-05 3.421812289161607623e-05 1.982690628210548311e-05 1.015137298963963985e-03
4.450000000000000000e+04 8.274325227830559015e-05 7.337198621826246381e-05 1.301753286497842055e-06 1.842350116021407302e-06 1.980661327252164483e-04 4.614646513800835237e-06 2.739792944339569658e-05 1.351824903395026922e-05 1.154057190433377400e-05 3.401058784220367670e-04
4.500000000000000000e+04 6.625435344176366925e-05 9.066551137948408723e-05 1.189039608107123058e-06 3.237834107494563796e-06 1.552927133161574602e-04 5.117149612487992272e-06 5.217375655774958432e-05 1.188972782983910292e-05 1.387416432407917455e-05 4.555570194497704506e-04
4.550000000000000000e+04 6.420891440939158201e-05 4.255398016539402306e-05 8.504284778609871864e-07 1.381540869260788895e-06 9.355696965940296650e-05 4.356917543191229925e-06 3.711988028953783214e-05 3.407875556149519980e-05 3.405756433494389057e-05 7.490516290999948978e-04
4.600000000000000000e+04 5.363474338082596660e-05 3.965870564570650458e-05 7.308152589757810347e-07 1.121127070291549899e-06 8.412118768319487572e-05 4.424471171660115942e-06 3.518323137541301548e-05 2.328239497728645802e-05 3.174315861542709172e-05 8.121439605019986629e-04
4.650000000000000000e+04 4.872807767242193222e-05 5.222790059633553028e-05 7.041277854114014190e-07 6.279010449361521751e-07 1.526389969512820244e-04 4.812566203327151015e-06 4.273942977306433022e-05 1.124868776969378814e-05 6.995267176534980536e-05 1.718686689855530858e-04
4.700000000000000000e+04 4.077640915056690574e-05 4.965181506122462451e-05 7.098546461747901049e-07 5.949067372057470493e-07 1.395963190589100122e-04 4.467283361009322107e-06 3.495127748465165496e-05 8.822595191304571927e-06 5.875077840755693614e-05 1.847272505983710289e-04
4.750000000000000000e+04 5.525693995878100395e-05 2.127068546542432159e-05 1.035126274473441299e-06 8.370282671421591658e-07 6.499519076896831393e-05 4.192301275907084346e-06 3.985162402386777103e-05 6.498266884591430426e-06 3.632796142483130097e-05 1.182079315185546875e-03
