# step, loss_train, loss_test, metrics_test
0.000000000000000000e+00 1.643826812505722046e-02 1.716367900371551514e-01 1.233881223015487194e-03 9.470676304772496223e-04 1.533746544737368822e-04 1.680689677596092224e-02 1.279356181621551514e-01 6.875204853713512421e-04 1.851317822001874447e-03 3.432087134569883347e-03
5.000000000000000000e+02 1.223799213767051697e-02 1.526636481285095215e-01 1.107280724681913853e-03 9.486063208896666765e-05 1.934980275109410286e-03 1.251615025103092194e-02 1.187404617667198181e-01 1.076751039363443851e-03 1.736469130264595151e-04 4.708157852292060852e-03
1.000000000000000000e+03 8.792454376816749573e-03 1.473869383335113525e-01 1.977955456823110580e-03 8.404006803175434470e-05 4.461307078599929810e-03 8.998341858386993408e-03 1.173328086733818054e-01 1.703874906525015831e-03 3.870247746817767620e-05 7.015062030404806137e-03
1.500000000000000000e+03 6.102139130234718323e-03 1.437336802482604980e-01 1.536859548650681973e-03 1.146899303421378136e-04 6.345925852656364441e-03 6.180308293551206589e-03 1.175806522369384766e-01 1.278924406506121159e-03 3.233662209822796285e-05 8.775030262768268585e-03
2.000000000000000000e+03 5.013733636587858200e-03 1.409907490015029907e-01 1.004639430902898312e-03 7.052809087326750159e-05 8.084164932370185852e-03 5.077290814369916916e-03 1.167152002453804016e-01 8.002735557965934277e-04 6.151623529149219394e-05 1.040800474584102631e-02
2.500000000000000000e+03 5.095223430544137955e-03 1.639566570520401001e-01 6.589713739231228828e-04 6.588633550563827157e-05 1.024344749748706818e-02 5.133719649165868759e-03 1.145652309060096741e-01 4.551581514533609152e-04 1.498839847045019269e-04 1.243894733488559723e-02
3.000000000000000000e+03 4.387552849948406219e-03 1.613826006650924683e-01 3.712437755893915892e-04 7.514542812714353204e-05 1.176597550511360168e-02 4.424165003001689911e-03 1.138445213437080383e-01 2.341198705835267901e-04 2.006533759413287044e-04 1.387213729321956635e-02
3.500000000000000000e+03 3.097296925261616707e-03 1.412024646997451782e-01 1.503855746705085039e-04 8.031211473280563951e-05 1.231583766639232635e-02 3.138417145237326622e-03 1.143228709697723389e-01 1.005331214400939643e-04 1.786708744475618005e-04 1.438074652105569839e-02
4.000000000000000000e+03 2.779028145596385002e-03 1.396823823451995850e-01 8.528522448614239693e-05 8.689465903444215655e-05 1.267644204199314117e-02 2.813190687447786331e-03 1.138669103384017944e-01 5.169249925529584289e-05 1.900035713333636522e-04 1.469455286860466003e-02
4.500000000000000000e+03 2.779272617772221565e-03 1.136379688978195190e-01 2.241248694190289825e-05 8.356529724551364779e-05 9.946097619831562042e-03 2.808585762977600098e-03 1.148716956377029419e-01 1.034642718877876177e-05 2.248474338557571173e-04 1.209739036858081818e-02
5.000000000000000000e+03 2.752293832600116730e-03 1.131655722856521606e-01 2.997783485625404865e-05 1.016767564578913152e-04 9.284307248890399933e-03 2.778010675683617592e-03 1.146030426025390625e-01 1.634871114220004529e-05 2.344431413803249598e-04 1.143396925181150436e-02
5.500000000000000000e+03 1.303658238612115383e-03 1.172854229807853699e-01 2.984308412123937160e-05 1.011763379210606217e-04 8.443254046142101288e-03 1.314739929512143135e-03 1.169968768954277039e-01 1.733641875034663826e-05 1.347350334981456399e-04 1.053760666400194168e-02
6.000000000000000000e+03 1.233884715475142002e-03 1.164754480123519897e-01 2.987189327541273087e-05 1.326214987784624100e-04 8.163742721080780029e-03 1.238064607605338097e-03 1.165259927511215210e-01 2.118650263582821935e-05 1.597139489604160190e-04 1.023069676011800766e-02
6.500000000000000000e+03 2.241838956251740456e-03 1.149342730641365051e-01 6.131435657152906060e-05 2.091824135277420282e-04 8.189031854271888733e-03 2.262695226818323135e-03 1.138562932610511780e-01 5.349984712665900588e-05 2.632404502946883440e-04 1.017188932746648788e-02
7.000000000000000000e+03 2.112242393195629120e-03 1.142159551382064819e-01 6.781749107176437974e-05 2.594405377749353647e-04 8.031841367483139038e-03 2.127149607986211777e-03 1.134537160396575928e-01 6.929528171895071864e-05 3.004601167049258947e-04 9.978598915040493011e-03
7.500000000000000000e+03 1.997907878831028938e-03 1.344032138586044312e-01 5.345578756532631814e-05 3.194898017682135105e-04 1.006238162517547607e-02 1.982910791411995888e-03 1.117201820015907288e-01 5.040882024331949651e-05 4.325000918470323086e-04 1.188579015433788300e-02
8.000000000000000000e+03 1.844704267568886280e-03 1.332957893610000610e-01 6.059968291083350778e-05 4.092105664312839508e-04 1.005046069622039795e-02 1.813341747038066387e-03 1.114080250263214111e-01 5.239986421656794846e-05 4.988164291717112064e-04 1.182270143181085587e-02
8.500000000000000000e+03 1.861623022705316544e-03 1.168645322322845459e-01 6.791260966565459967e-05 3.756818477995693684e-04 7.447665091603994370e-03 1.827156636863946915e-03 1.126571744680404663e-01 8.416755736107006669e-05 5.811519222334027290e-04 9.403511881828308105e-03
9.000000000000000000e+03 1.760320272296667099e-03 1.165699362754821777e-01 9.199913620250299573e-05 4.098372592125087976e-04 7.489487994462251663e-03 1.722104614600539207e-03 1.123797819018363953e-01 1.357129222014918923e-04 6.260615191422402859e-04 9.429652243852615356e-03
9.500000000000000000e+03 1.457277336157858372e-03 1.031854823231697083e-01 9.525568748358637094e-05 5.716821178793907166e-04 6.703981664031744003e-03 1.421346561983227730e-03 1.134296432137489319e-01 1.252469664905220270e-04 4.207089077681303024e-04 8.704246953129768372e-03
1.000000000000000000e+04 1.365847070701420307e-03 1.031029447913169861e-01 9.988346573663875461e-05 5.777021287940442562e-04 6.650349590927362442e-03 1.330958213657140732e-03 1.133804917335510254e-01 1.168720991699956357e-04 3.867588529828935862e-04 8.651026524603366852e-03
1.050000000000000000e+04 1.111015095375478268e-03 1.052140519022941589e-01 1.412763667758554220e-04 6.159387412481009960e-04 8.998394012451171875e-03 1.074658241122961044e-03 1.115629971027374268e-01 1.353994157398119569e-04 3.350022598169744015e-04 1.056437194347381592e-02
1.100000000000000000e+04 1.002992503345012665e-03 1.047658175230026245e-01 1.576345675857737660e-04 6.720888195559382439e-04 9.130268357694149017e-03 9.556519798934459686e-04 1.113899499177932739e-01 1.303250464843586087e-04 3.500950988382101059e-04 1.066702883690595627e-02
1.150000000000000000e+04 1.185492146760225296e-03 1.192639619112014771e-01 2.468932361807674170e-04 6.396228563971817493e-04 9.244705550372600555e-03 1.121380366384983063e-03 1.107134893536567688e-01 1.900128409033641219e-04 3.554616705514490604e-04 1.094571780413389206e-02
1.200000000000000000e+04 1.131784752942621708e-03 1.190189719200134277e-01 2.659205347299575806e-04 6.690924055874347687e-04 9.214176796376705170e-03 1.063667354173958302e-03 1.105846688151359558e-01 2.020168758463114500e-04 3.831306821666657925e-04 1.091049145907163620e-02
1.250000000000000000e+04 1.157325692474842072e-03 1.231298744678497314e-01 2.531092322897166014e-04 8.338161860592663288e-04 9.715225547552108765e-03 1.099750516004860401e-03 1.096711233258247375e-01 2.394536713836714625e-04 5.293178255669772625e-04 1.145583111792802811e-02
1.300000000000000000e+04 1.091758953407406807e-03 1.228185817599296570e-01 2.954215451609343290e-04 9.248041315004229546e-04 9.689820930361747742e-03 1.046092831529676914e-03 1.094127371907234192e-01 2.584717585705220699e-04 5.961817805655300617e-04 1.142384856939315796e-02
1.350000000000000000e+04 1.709676114842295647e-03 1.240016445517539978e-01 2.639169979374855757e-04 1.044420409016311169e-03 9.624591097235679626e-03 1.674383762292563915e-03 1.090331375598907471e-01 2.045488363364711404e-04 8.623370085842907429e-04 1.128313504159450531e-02
1.400000000000000000e+04 1.683375798165798187e-03 1.236552447080612183e-01 3.019492141902446747e-04 1.121475594118237495e-03 9.501402266323566437e-03 1.651361817494034767e-03 1.089107543230056763e-01 2.328575792489573359e-04 9.370449697598814964e-04 1.116580050438642502e-02
1.450000000000000000e+04 1.995343482121825218e-03 1.143831163644790649e-01 3.392742073629051447e-04 1.012613880448043346e-03 8.078916929662227631e-03 2.010727301239967346e-03 1.088812649250030518e-01 3.163119836244732141e-04 6.982241175137460232e-04 9.764240123331546783e-03
1.500000000000000000e+04 1.977768959477543831e-03 1.141171678900718689e-01 3.626436810009181499e-04 1.050233957357704639e-03 7.935124449431896210e-03 2.000371459871530533e-03 1.085824891924858093e-01 3.880302247125655413e-04 7.497927872464060783e-04 9.630971588194370270e-03
1.550000000000000000e+04 7.324697216972708702e-04 1.042287796735763550e-01 4.178504168521612883e-04 1.050948747433722019e-03 7.911714725196361542e-03 7.129638688638806343e-04 1.100137010216712952e-01 3.037819697055965662e-04 5.729719996452331543e-04 9.630640968680381775e-03
1.600000000000000000e+04 7.371924584731459618e-04 1.041079908609390259e-01 4.152708279434591532e-04 9.793640347197651863e-04 7.921765558421611786e-03 7.164368871599435806e-04 1.100477129220962524e-01 2.995515533257275820e-04 5.154786631464958191e-04 9.635956026613712311e-03
1.650000000000000000e+04 9.222346125170588493e-04 1.211931332945823669e-01 4.636219528038054705e-04 1.031934400089085102e-03 9.335415437817573547e-03 8.739497861824929714e-04 1.086606010794639587e-01 3.872678789775818586e-04 7.127547287382185459e-04 1.078733149915933609e-02
1.700000000000000000e+04 9.472178644500672817e-04 1.208971589803695679e-01 5.067759775556623936e-04 1.111866207793354988e-03 9.233029559254646301e-03 8.881289395503699780e-04 1.084130108356475830e-01 4.460973723325878382e-04 7.886838866397738457e-04 1.068816147744655609e-02
1.750000000000000000e+04 6.960650207474827766e-04 1.195977106690406799e-01 5.848504952155053616e-04 9.830595226958394051e-04 7.431425154209136963e-03 6.547700613737106323e-04 1.095716282725334167e-01 4.038735642097890377e-04 6.794929504394531250e-04 9.214157238602638245e-03
1.800000000000000000e+04 6.957619916647672653e-04 1.193615049123764038e-01 6.189313717186450958e-04 1.013971632346510887e-03 7.381824776530265808e-03 6.447451305575668812e-04 1.093477159738540649e-01 4.466994141694158316e-04 7.271896465681493282e-04 9.165799245238304138e-03
1.850000000000000000e+04 5.606222548522055149e-04 9.969411790370941162e-02 6.162295467220246792e-04 9.549808455631136894e-04 6.260730791836977005e-03 5.003328551538288593e-04 1.111836433410644531e-01 3.616347385104745626e-04 5.846394342370331287e-04 7.984724827110767365e-03
1.900000000000000000e+04 5.488296155817806721e-04 9.954309463500976562e-02 6.135956500656902790e-04 9.285956621170043945e-04 6.275129504501819611e-03 4.899913328699767590e-04 1.111256405711174011e-01 3.581103519536554813e-04 5.495311343111097813e-04 7.994125597178936005e-03
1.950000000000000000e+04 9.337291703559458256e-04 1.220325976610183716e-01 6.576289306394755840e-04 1.246222644113004208e-03 8.057106286287307739e-03 8.998897392302751541e-04 1.080549433827400208e-01 5.067355232313275337e-04 7.481109932996332645e-04 9.739960543811321259e-03
2.000000000000000000e+04 9.553327690809965134e-04 1.216702163219451904e-01 6.997125456109642982e-04 1.333715277723968029e-03 7.990546524524688721e-03 9.123182971961796284e-04 1.076843813061714172e-01 5.511283525265753269e-04 8.483529090881347656e-04 9.673163294792175293e-03
2.050000000000000000e+04 6.810991908423602581e-04 1.127471849322319031e-01 7.071717409417033195e-04 1.199753838591277599e-03 7.389202248305082321e-03 6.112751434557139874e-04 1.085424870252609253e-01 4.261547874193638563e-04 8.785524987615644932e-04 9.100547060370445251e-03
2.100000000000000000e+04 6.906992057338356972e-04 1.123331338167190552e-01 6.909899530000984669e-04 1.257452880963683128e-03 7.396793924272060394e-03 6.192061118781566620e-04 1.081685796380043030e-01 4.072992305736988783e-04 9.223938686773180962e-04 9.100935421884059906e-03
2.150000000000000000e+04 1.517342519946396351e-03 1.086825653910636902e-01 4.969363799318671227e-04 1.755809993483126163e-03 7.645962759852409363e-03 1.427081180736422539e-03 1.061613932251930237e-01 6.727230502292513847e-04 1.220027799718081951e-03 9.246582165360450745e-03
2.200000000000000000e+04 1.522842096164822578e-03 1.079135984182357788e-01 5.500977276824414730e-04 1.951900660060346127e-03 7.588752545416355133e-03 1.409185002557933331e-03 1.054330468177795410e-01 8.028727606870234013e-04 1.408444019034504890e-03 9.184235706925392151e-03
2.250000000000000000e+04 1.277531962841749191e-03 1.217378973960876465e-01 9.033094975166022778e-04 2.304143039509654045e-03 1.003302540630102158e-02 1.209496287629008293e-03 1.032507345080375671e-01 1.189785660244524479e-03 3.058682428672909737e-03 1.146261207759380341e-02
2.300000000000000000e+04 1.261168625205755234e-03 1.196680814027786255e-01 1.050306251272559166e-03 2.690764376893639565e-03 1.013733074069023132e-02 1.185490400530397892e-03 1.012760922312736511e-01 1.477376557886600494e-03 3.853484755381941795e-03 1.152658555656671524e-02
2.350000000000000000e+04 1.175030018202960491e-03 1.137080118060112000e-01 1.110674464143812656e-03 2.537183696404099464e-03 9.804037399590015411e-03 1.083509996533393860e-03 9.863664954900741577e-02 1.695022219792008400e-03 5.453231278806924820e-03 1.121170539408922195e-02
2.400000000000000000e+04 1.175136072561144829e-03 1.105933189392089844e-01 1.226981286890804768e-03 2.936519682407379150e-03 9.970070794224739075e-03 1.084715127944946289e-03 9.532596915960311890e-02 2.029513241723179817e-03 6.528007332235574722e-03 1.132852118462324142e-02
2.450000000000000000e+04 6.061020540073513985e-04 9.107753634452819824e-02 1.485252869315445423e-03 3.297285409644246101e-03 6.552068050950765610e-03 5.400636000558733940e-04 9.772293269634246826e-02 1.550859538838267326e-03 3.997862804681062698e-03 8.306631818413734436e-03
2.500000000000000000e+04 6.086039356887340546e-04 8.897766470909118652e-02 1.386965042911469936e-03 3.326507750898599625e-03 6.727776024490594864e-03 5.529318586923182011e-04 9.520803391933441162e-02 1.437942846678197384e-03 4.381019622087478638e-03 8.464927785098552704e-03
2.550000000000000000e+04 5.444044363684952259e-04 9.520339965820312500e-02 1.211637631058692932e-03 3.941160161048173904e-03 1.027031242847442627e-02 4.797086294274777174e-04 8.952955156564712524e-02 1.384085393510758877e-03 4.370239097625017166e-03 1.155941653996706009e-02
2.600000000000000000e+04 5.696212756447494030e-04 9.099271148443222046e-02 1.265762490220367908e-03 4.047064110636711121e-03 1.144830044358968735e-02 5.182907334528863430e-04 8.540872484445571899e-02 1.210986054502427578e-03 4.572056233882904053e-03 1.261501293629407883e-02
2.650000000000000000e+04 6.683184765279293060e-04 7.123885303735733032e-02 1.269974396564066410e-03 3.500232007354497910e-03 9.944491088390350342e-03 6.167896208353340626e-04 8.456915616989135742e-02 1.000805990770459175e-03 3.819726873189210892e-03 1.108907256275415421e-02
2.700000000000000000e+04 7.487914990633726120e-04 6.934788823127746582e-02 1.268669962882995605e-03 3.476214362308382988e-03 1.018660236150026321e-02 7.046156679280102253e-04 8.170035481452941895e-02 1.034655724652111530e-03 3.959444817155599594e-03 1.129397563636302948e-02
2.750000000000000000e+04 1.260277000255882740e-03 8.318705856800079346e-02 1.551178633235394955e-03 4.615273792296648026e-03 1.228006929159164429e-02 1.236746436916291714e-03 7.368449121713638306e-02 1.352465711534023285e-03 6.634044460952281952e-03 1.364449132233858109e-02
2.800000000000000000e+04 1.434423727914690971e-03 7.932006567716598511e-02 1.712813740596175194e-03 4.760462325066328049e-03 1.298877317458391190e-02 1.423414563760161400e-03 6.937931478023529053e-02 1.352115650661289692e-03 7.147694472223520279e-03 1.430247537791728973e-02
2.850000000000000000e+04 1.688262564130127430e-03 7.394726574420928955e-02 1.698520034551620483e-03 4.614972975105047226e-03 1.259500253945589066e-02 1.708644442260265350e-03 6.707563996315002441e-02 1.365416566841304302e-03 5.864766892045736313e-03 1.379886083304882050e-02
2.900000000000000000e+04 1.913106301799416542e-03 7.120335102081298828e-02 1.771567971445620060e-03 4.602239932864904404e-03 1.285020541399717331e-02 1.953569240868091583e-03 6.374438107013702393e-02 1.338799833320081234e-03 5.917713977396488190e-03 1.401124149560928345e-02
2.950000000000000000e+04 1.374367857351899147e-03 6.370189785957336426e-02 1.490221242420375347e-03 4.337720107287168503e-03 1.332530844956636429e-02 1.384495757520198822e-03 6.351862102746963501e-02 7.300377474166452885e-04 5.899404175579547882e-03 1.422683708369731903e-02
3.000000000000000000e+04 1.522017526440322399e-03 6.103324517607688904e-02 1.590221538208425045e-03 4.431771580129861832e-03 1.345129311084747314e-02 1.539834425784647465e-03 6.092260032892227173e-02 7.190801552496850491e-04 6.055683828890323639e-03 1.430700346827507019e-02
3.050000000000000000e+04 2.232132479548454285e-03 6.439676135778427124e-02 2.665401902049779892e-03 4.887676332145929337e-03 1.623422652482986450e-02 2.327148802578449249e-03 5.400219559669494629e-02 1.200239988975226879e-03 7.351413369178771973e-03 1.672180555760860443e-02
3.100000000000000000e+04 2.373366151005029678e-03 6.112524121999740601e-02 2.740775467827916145e-03 4.893335513770580292e-03 1.654342189431190491e-02 2.481323666870594025e-03 5.099647492170333862e-02 1.100725610740482807e-03 7.185236550867557526e-03 1.693887077271938324e-02
3.150000000000000000e+04 2.291698241606354713e-03 5.712385103106498718e-02 1.785438507795333862e-03 5.062024574726819992e-03 1.409407518804073334e-02 2.426245482638478279e-03 5.117523670196533203e-02 1.003526849672198296e-03 5.634256638586521149e-03 1.453718636184930801e-02
3.200000000000000000e+04 2.342286286875605583e-03 5.430723354220390320e-02 1.767600770108401775e-03 5.028659943491220474e-03 1.430825237184762955e-02 2.490961924195289612e-03 4.889775440096855164e-02 9.583873325027525425e-04 5.392688792198896408e-03 1.469928212463855743e-02
3.250000000000000000e+04 2.179563511162996292e-03 4.919995740056037903e-02 2.516025444492697716e-03 3.720478853210806847e-03 1.502785272896289825e-02 2.291888697072863579e-03 4.670210182666778564e-02 8.635326521471142769e-04 5.664865486323833466e-03 1.530169788748025894e-02
3.300000000000000000e+04 2.209559548646211624e-03 4.597786068916320801e-02 2.289812546223402023e-03 3.670410718768835068e-03 1.555482298135757446e-02 2.332518110051751137e-03 4.370395839214324951e-02 7.975353510119020939e-04 5.345187149941921234e-03 1.573668420314788818e-02
3.350000000000000000e+04 2.723965793848037720e-03 3.906802460551261902e-02 1.775468699634075165e-03 3.082595765590667725e-03 1.532589364796876907e-02 2.882596105337142944e-03 3.947737067937850952e-02 5.110334022901952267e-04 5.014871247112751007e-03 1.592303626239299774e-02
3.400000000000000000e+04 2.669800072908401489e-03 3.624970465898513794e-02 1.655172673054039478e-03 2.985031809657812119e-03 1.599126867949962616e-02 2.828084863722324371e-03 3.677833080291748047e-02 4.761617456097155809e-04 4.602182656526565552e-03 1.651280187070369720e-02
3.450000000000000000e+04 2.168203471228480339e-03 3.319123387336730957e-02 1.245071529410779476e-03 2.902359003201127052e-03 1.520456280559301376e-02 2.375425072386860847e-03 3.799552097916603088e-02 4.120817466173321009e-04 3.872883273288607597e-03 1.538608781993389130e-02
3.500000000000000000e+04 2.117950236424803734e-03 3.106205537915229797e-02 1.070090685971081257e-03 2.732163993641734123e-03 1.583555154502391815e-02 2.326866146177053452e-03 3.593473136425018311e-02 4.168490704614669085e-04 3.506475593894720078e-03 1.592399552464485168e-02
3.550000000000000000e+04 2.591912867501378059e-03 3.275585547089576721e-02 1.154226250946521759e-03 3.276308765634894371e-03 2.017506770789623260e-02 2.856733044609427452e-03 2.753341011703014374e-02 4.822196497116237879e-04 4.046168643981218338e-03 2.005316875874996185e-02
3.600000000000000000e+04 2.636953722685575485e-03 2.913492359220981598e-02 1.096030813641846180e-03 2.954473486170172691e-03 2.130183577537536621e-02 2.912177937105298042e-03 2.453825064003467560e-02 4.577880317810922861e-04 3.527432912960648537e-03 2.101610414683818817e-02
3.650000000000000000e+04 2.937636105343699455e-03 2.734384126961231232e-02 1.481506857089698315e-03 3.154427278786897659e-03 2.314045839011669159e-02 3.254174022004008293e-03 2.021953649818897247e-02 7.606213912367820740e-04 3.010127926245331764e-03 2.329799346625804901e-02
3.700000000000000000e+04 2.890060190111398697e-03 2.418054826557636261e-02 1.243867562152445316e-03 2.741277683526277542e-03 2.410481311380863190e-02 3.210932947695255280e-03 1.785136014223098755e-02 6.921589956618845463e-04 2.727477345615625381e-03 2.420627139508724213e-02
3.750000000000000000e+04 2.921181963756680489e-03 2.054927498102188110e-02 9.534623241052031517e-04 1.792399096302688122e-03 2.217699773609638214e-02 3.146570175886154175e-03 1.964017748832702637e-02 2.718372270464897156e-04 2.363546518608927727e-03 2.216082625091075897e-02
3.800000000000000000e+04 2.855768660083413124e-03 1.967941038310527802e-02 7.284761522896587849e-04 1.641971757635474205e-03 2.208323404192924500e-02 3.047167556360363960e-03 1.890926621854305267e-02 2.017551742028445005e-04 2.178146736696362495e-03 2.203810773789882660e-02
3.850000000000000000e+04 2.553162397816777229e-03 2.000184543430805206e-02 5.532945506274700165e-04 2.261768328025937080e-03 2.367450110614299774e-02 2.797490218654274940e-03 1.700648665428161621e-02 1.816751173464581370e-04 2.251615514978766441e-03 2.334621176123619080e-02
3.900000000000000000e+04 2.522505819797515869e-03 1.836553961038589478e-02 5.018605152145028114e-04 1.976109808310866356e-03 2.406843751668930054e-02 2.747965045273303986e-03 1.567489467561244965e-02 1.411698031006380916e-04 2.149582607671618462e-03 2.365845814347267151e-02
3.950000000000000000e+04 2.005751244723796844e-03 1.632379926741123199e-02 5.026824655942618847e-04 1.288386760279536247e-03 2.377275191247463226e-02 2.122644335031509399e-03 1.440005563199520111e-02 1.923128729686141014e-04 1.714610727503895760e-03 2.361314184963703156e-02
4.000000000000000000e+04 1.983691705390810966e-03 1.517073903232812881e-02 4.854982835240662098e-04 1.108256867155432701e-03 2.399331144988536835e-02 2.087375149130821228e-03 1.335946936160326004e-02 1.533458707854151726e-04 1.506078173406422138e-03 2.379840053617954254e-02
4.050000000000000000e+04 1.965268282219767570e-03 1.404568087309598923e-02 5.330297863110899925e-04 1.157559454441070557e-03 2.256256341934204102e-02 2.047950634732842445e-03 1.332312077283859253e-02 1.481215440435335040e-04 1.681079040281474590e-03 2.346150018274784088e-02
4.100000000000000000e+04 1.967994030565023422e-03 1.337810512632131577e-02 5.367877311073243618e-04 1.022367039695382118e-03 2.240687049925327301e-02 2.025890629738569260e-03 1.276487950235605240e-02 1.952624152181670070e-04 1.585513353347778320e-03 2.328172326087951660e-02
4.150000000000000000e+04 2.496657660230994225e-03 1.274662464857101440e-02 3.911794628947973251e-04 1.137719256803393364e-03 2.079160511493682861e-02 2.645934699103236198e-03 1.454385742545127869e-02 6.047603674232959747e-04 1.697461819276213646e-03 2.013289555907249451e-02
4.200000000000000000e+04 2.522372640669345856e-03 1.254216581583023071e-02 4.033074656035751104e-04 1.036597765050828457e-03 2.035011537373065948e-02 2.626859582960605621e-03 1.444984599947929382e-02 7.887318497523665428e-04 1.604829332791268826e-03 1.970833912491798401e-02
4.250000000000000000e+04 2.366133034229278564e-03 1.206627488136291504e-02 2.978069242089986801e-04 7.062277873046696186e-04 2.422333322465419769e-02 2.403173130005598068e-03 9.456126950681209564e-03 4.536717460723593831e-05 1.254339353181421757e-03 2.456166222691535950e-02
4.300000000000000000e+04 2.372223883867263794e-03 1.075934153050184250e-02 3.380812122486531734e-04 5.699548055417835712e-04 2.466965466737747192e-02 2.404716331511735916e-03 8.338966406881809235e-03 5.478015373228117824e-05 1.075282343663275242e-03 2.499601617455482483e-02
4.350000000000000000e+04 2.128656487911939621e-03 1.070457696914672852e-02 5.681528709828853607e-04 4.617388767655938864e-04 2.393447607755661011e-02 2.044115448370575905e-03 1.024255249649286270e-02 3.151587152387946844e-04 9.303578408434987068e-04 2.338631264865398407e-02
4.400000000000000000e+04 2.122200326994061470e-03 1.053472608327865601e-02 6.275406922213733196e-04 3.936431894544512033e-04 2.349877730011940002e-02 2.009840682148933411e-03 1.017267908900976181e-02 4.284008755348622799e-04 8.118228288367390633e-04 2.297423407435417175e-02
4.450000000000000000e+04 2.605044515803456306e-03 1.041801087558269501e-02 5.941749550402164459e-04 4.102001548744738102e-04 2.184253931045532227e-02 2.636224264279007912e-03 9.675546549260616302e-03 2.637761062942445278e-04 6.755147478543221951e-04 2.090140990912914276e-02
4.500000000000000000e+04 2.618809463456273079e-03 1.018200442194938660e-02 6.038149003870785236e-04 3.728303709067404270e-04 2.173839136958122253e-02 2.630040282383561134e-03 9.275828488171100616e-03 2.757657784968614578e-04 6.265892880037426949e-04 2.079741656780242920e-02
4.550000000000000000e+04 2.126879990100860596e-03 9.008195251226425171e-03 5.986063624732196331e-04 4.596055950969457626e-04 2.317507006227970123e-02 2.006518654525279999e-03 7.483299355953931808e-03 4.214784130454063416e-04 6.094934069551527500e-04 2.335263416171073914e-02
4.600000000000000000e+04 2.140631433576345444e-03 8.402716368436813354e-03 6.468122010119259357e-04 3.886149788741022348e-04 2.323618717491626740e-02 2.001456916332244873e-03 6.900593638420104980e-03 5.375943146646022797e-04 5.458050873130559921e-04 2.342092432081699371e-02
4.650000000000000000e+04 2.324155531823635101e-03 8.298443630337715149e-03 8.541102288290858269e-04 1.788133231457322836e-04 2.316557243466377258e-02 2.271896693855524063e-03 6.929450202733278275e-03 3.001552831847220659e-04 4.868067626375705004e-04 2.294097840785980225e-02
4.700000000000000000e+04 2.272694371640682220e-03 8.250048384070396423e-03 7.759822765365242958e-04 1.390322286169975996e-04 2.313401550054550171e-02 2.215476240962743759e-03 6.871707271784543991e-03 3.363822179380804300e-04 3.967405646108090878e-04 2.290731482207775116e-02
4.750000000000000000e+04 2.287140348926186562e-03 7.932496257126331329e-03 3.555974108166992664e-04 1.441778003936633468e-04 2.224659733474254608e-02 2.217352390289306641e-03 7.270524278283119202e-03 2.500126720406115055e-04 2.732039138209074736e-04 2.152280882000923157e-02
4.800000000000000000e+04 2.307961694896221161e-03 7.845079526305198669e-03 4.473890294320881367e-04 1.358878216706216335e-04 2.177960984408855438e-02 2.226750832051038742e-03 7.125683594495058060e-03 2.832461905200034380e-04 2.459538227412849665e-04 2.109487913548946381e-02
4.850000000000000000e+04 2.105718012899160385e-03 9.087737649679183960e-03 8.222108008340001106e-04 2.108679473167285323e-04 2.241864800453186035e-02 1.919442554935812950e-03 7.258701138198375702e-03 1.244659186340868473e-03 3.373335639480501413e-04 2.183109521865844727e-02
4.900000000000000000e+04 2.104481682181358337e-03 8.938385173678398132e-03 7.777741993777453899e-04 2.139615535270422697e-04 2.237585559487342834e-02 1.909754006192088127e-03 7.099942769855260849e-03 1.232789596542716026e-03 3.607282997108995914e-04 2.178502455353736877e-02
4.950000000000000000e+04 2.296181861311197281e-03 8.437331765890121460e-03 6.675335462205111980e-04 1.522789971204474568e-04 2.203378267586231232e-02 2.159833442419767380e-03 7.175407372415065765e-03 6.686406559310853481e-04 4.037850885652005672e-04 2.172464318573474884e-02
5.000000000000000000e+04 2.283751964569091797e-03 8.494778536260128021e-03 5.948283942416310310e-04 1.448750408599153161e-04 2.191413380205631256e-02 2.146796090528368950e-03 7.228411268442869186e-03 7.150087621994316578e-04 3.791646449826657772e-04 2.160804718732833862e-02
5.050000000000000000e+04 2.321845153346657753e-03 8.059859275817871094e-03 4.351088427938520908e-04 1.726174523355439305e-04 2.298441715538501740e-02 2.235444728285074234e-03 6.052435841411352158e-03 4.909450653940439224e-04 2.847767609637230635e-04 2.222583815455436707e-02
5.100000000000000000e+04 2.395415911450982094e-03 7.762253750115633011e-03 4.818611778318881989e-04 1.595882204128429294e-04 2.294408529996871948e-02 2.292839111760258675e-03 5.761546082794666290e-03 5.635186680592596531e-04 2.643525949679315090e-04 2.217891253530979156e-02
5.150000000000000000e+04 2.420978620648384094e-03 8.034843951463699341e-03 4.130180750507861376e-04 2.070201007882133126e-04 2.181895822286605835e-02 2.197221620008349419e-03 6.564842537045478821e-03 6.899753352627158165e-04 3.275740891695022583e-04 2.100291848182678223e-02
5.200000000000000000e+04 2.492672065272927284e-03 8.062672801315784454e-03 3.834118542727082968e-04 2.042903070105239749e-04 2.112068980932235718e-02 2.233588369563221931e-03 6.675898563116788864e-03 7.425908115692436695e-04 3.175861202180385590e-04 2.032842300832271576e-02
5.250000000000000000e+04 2.294059842824935913e-03 8.948167786002159119e-03 1.154283061623573303e-03 1.398957101628184319e-04 2.261000499129295349e-02 2.115673152729868889e-03 6.624606903642416000e-03 2.733414585236459970e-04 3.345181758049875498e-04 2.149806544184684753e-02
5.300000000000000000e+04 2.244665054604411125e-03 8.789874613285064697e-03 8.625825284980237484e-04 1.322796597378328443e-04 2.279449068009853363e-02 2.064174739643931389e-03 6.427103653550148010e-03 3.658262430690228939e-04 3.104291390627622604e-04 2.167576737701892853e-02
5.350000000000000000e+04 2.141620963811874390e-03 8.399202488362789154e-03 9.577876771800220013e-04 1.610277977306395769e-04 2.190248854458332062e-02 1.974186627194285393e-03 6.565950345247983932e-03 5.233230767771601677e-04 3.478707803878933191e-04 2.173443883657455444e-02
5.400000000000000000e+04 2.158589428290724754e-03 8.266437798738479614e-03 8.740551420487463474e-04 1.637103996472433209e-04 2.198235690593719482e-02 1.987184630706906319e-03 6.425597239285707474e-03 5.593825480900704861e-04 3.558998869266360998e-04 2.181078493595123291e-02
5.450000000000000000e+04 2.612144919112324715e-03 8.002627640962600708e-03 4.600935499183833599e-04 2.007000439334660769e-04 2.278199791908264160e-02 2.313320757821202278e-03 5.948263220489025116e-03 9.983547497540712357e-04 2.552760706748813391e-04 2.155628800392150879e-02
5.500000000000000000e+04 2.616549376398324966e-03 7.800925988703966141e-03 5.210678791627287865e-04 1.879211922641843557e-04 2.271682769060134888e-02 2.311968710273504257e-03 5.690222606062889099e-03 8.066375157795846462e-04 2.272196143167093396e-04 2.150891721248626709e-02
5.550000000000000000e+04 2.071046503260731697e-03 7.250947877764701843e-03 3.395355888642370701e-04 1.222580758621916175e-04 2.049559727311134338e-02 1.917489455081522465e-03 5.727719049900770187e-03 2.866080321837216616e-04 2.670394605956971645e-04 2.134953066706657410e-02
5.600000000000000000e+04 2.004384994506835938e-03 7.284483406692743301e-03 3.421533911023288965e-04 1.180576946353539824e-04 2.040385454893112183e-02 1.852607354521751404e-03 5.749781616032123566e-03 2.582948072813451290e-04 2.536973624955862761e-04 2.125316299498081207e-02
5.650000000000000000e+04 2.055293181911110878e-03 8.060007356107234955e-03 5.027572042308747768e-04 1.430776173947378993e-04 2.080274932086467743e-02 1.792413182556629181e-03 6.720691453665494919e-03 5.641403840854763985e-04 2.083802683046087623e-04 2.029392495751380920e-02
5.700000000000000000e+04 2.097018761560320854e-03 7.989179342985153198e-03 5.196877173148095608e-04 1.392474659951403737e-04 2.066574618220329285e-02 1.822201185859739780e-03 6.602740846574306488e-03 5.569948116317391396e-04 2.049865433946251869e-04 2.014524117112159729e-02
5.750000000000000000e+04 2.104344777762889862e-03 7.269511930644512177e-03 4.646368033718317747e-04 9.342360863229259849e-05 2.138694934546947479e-02 1.876532798632979393e-03 5.110658239573240280e-03 3.110449470113962889e-04 2.162895252695307136e-04 2.188482508063316345e-02
5.800000000000000000e+04 2.085753716528415680e-03 7.128657307475805283e-03 4.118695505894720554e-04 9.176779713016003370e-05 2.138628624379634857e-02 1.852046931162476540e-03 4.988732282072305679e-03 4.213155771140009165e-04 1.933766470756381750e-04 2.187961898744106293e-02
5.850000000000000000e+04 2.634974196553230286e-03 7.306066807359457016e-03 6.470111547969281673e-04 1.140187450801022351e-04 2.328889630734920502e-02 2.341241575777530670e-03 4.662071354687213898e-03 6.489395746029913425e-04 1.869181141955778003e-04 2.165043354034423828e-02
5.900000000000000000e+04 2.756668953225016594e-03 7.126882206648588181e-03 6.244702381081879139e-04 1.150607567979022861e-04 2.309128642082214355e-02 2.427034080028533936e-03 4.430499859154224396e-03 7.066120160743594170e-04 2.130892535205930471e-04 2.146842889487743378e-02
5.950000000000000000e+04 2.300610067322850227e-03 7.059086579829454422e-03 6.348800961859524250e-04 1.404523791279643774e-04 2.200586721301078796e-02 2.119448035955429077e-03 4.641037434339523315e-03 8.468597079627215862e-04 1.570973399793729186e-04 2.094967104494571686e-02
6.000000000000000000e+04 2.285113791003823280e-03 6.908041425049304962e-03 6.210171268321573734e-04 1.319919974775984883e-04 2.191625535488128662e-02 2.090149326249957085e-03 4.476516041904687881e-03 8.245695498771965504e-04 1.476451288908720016e-04 2.085509896278381348e-02
6.050000000000000000e+04 2.267028903588652611e-03 6.502292118966579437e-03 4.733610549010336399e-04 1.137769286287948489e-04 2.089890651404857635e-02 1.974270213395357132e-03 4.549049772322177887e-03 7.217548554763197899e-04 2.507943718228489161e-04 2.148420922458171844e-02
6.100000000000000000e+04 2.260064240545034409e-03 6.402279250323772430e-03 4.789803060702979565e-04 1.114376136683858931e-04 2.073116973042488098e-02 1.948924851603806019e-03 4.591546021401882172e-03 7.480621570721268654e-04 2.359648060519248247e-04 2.132155559957027435e-02
6.150000000000000000e+04 2.203922951593995094e-03 6.836607586592435837e-03 6.121761398389935493e-04 1.395148137817159295e-04 2.190006710588932037e-02 1.906507532112300396e-03 4.094456322491168976e-03 4.626987501978874207e-04 1.816319854697212577e-04 2.137108892202377319e-02
6.200000000000000000e+04 2.129054628312587738e-03 6.733777001500129700e-03 5.366652621887624264e-04 1.348356454400345683e-04 2.194387651979923248e-02 1.831862260587513447e-03 3.959987312555313110e-03 3.516954893711954355e-04 1.459999039070680737e-04 2.140354923903942108e-02
6.250000000000000000e+04 2.041273983195424080e-03 7.026087027043104172e-03 5.293746362440288067e-04 2.336680918233469129e-04 2.075538970530033112e-02 1.688066055066883564e-03 4.967624321579933167e-03 3.590075939428061247e-04 1.984077825909480453e-04 2.013397403061389923e-02
6.300000000000000000e+04 2.027417533099651337e-03 7.089694961905479431e-03 4.955503391101956367e-04 2.353202580707147717e-04 2.048908732831478119e-02 1.666706637479364872e-03 5.073481705039739609e-03 5.720854387618601322e-04 2.302037464687600732e-04 1.987674459815025330e-02
6.350000000000000000e+04 2.049090806394815445e-03 6.404469721019268036e-03 6.802529678680002689e-04 1.122748581110499799e-04 2.107061631977558136e-02 1.726495218463242054e-03 4.174554254859685898e-03 6.162025383673608303e-04 1.386622461723163724e-04 2.107195183634757996e-02
6.400000000000000000e+04 2.037396654486656189e-03 6.224638316780328751e-03 6.146040977910161018e-04 1.126731658587232232e-04 2.112236991524696350e-02 1.704746275208890438e-03 3.951467107981443405e-03 5.834121839143335819e-04 1.213378855027258396e-04 2.112453244626522064e-02
6.450000000000000000e+04 2.159721450880169868e-03 6.418781355023384094e-03 3.106272779405117035e-04 1.507389970356598496e-04 2.256759256124496460e-02 1.745111891068518162e-03 3.376517212018370628e-03 3.663974639493972063e-04 1.205678345286287367e-04 2.107107639312744141e-02
6.500000000000000000e+04 2.105370629578828812e-03 6.254795007407665253e-03 3.397868422325700521e-04 1.367113000014796853e-04 2.244427613914012909e-02 1.689387368969619274e-03 3.243395360186696053e-03 2.767110418062657118e-04 1.051022190949879587e-04 2.093457989394664764e-02
6.550000000000000000e+04 1.962635433301329613e-03 5.825927481055259705e-03 2.825230767484754324e-04 1.026894533424638212e-04 2.051977626979351044e-02 1.686184667050838470e-03 3.426914801821112633e-03 2.565311733633279800e-04 8.719904144527390599e-05 2.032720483839511871e-02
6.600000000000000000e+04 1.942065660841763020e-03 5.770625080913305283e-03 2.642725594341754913e-04 9.916639100993052125e-05 2.034742198884487152e-02 1.657788874581456184e-03 3.355388529598712921e-03 2.216689463239163160e-04 7.569847366539761424e-05 2.015276625752449036e-02
6.650000000000000000e+04 2.472947817295789719e-03 5.966107826679944992e-03 4.602030676323920488e-04 1.131135941250249743e-04 1.997980847954750061e-02 2.046126173809170723e-03 3.729311283677816391e-03 2.930764749180525541e-04 6.822896830271929502e-05 1.892447099089622498e-02
6.700000000000000000e+04 2.546340459957718849e-03 5.993681959807872772e-03 4.088928399141877890e-04 1.181088809971697628e-04 1.964402012526988983e-02 2.078866586089134216e-03 3.694326849654316902e-03 2.548035699874162674e-04 7.513813034165650606e-05 1.860734261572360992e-02
6.750000000000000000e+04 1.871666754595935345e-03 6.318866740912199020e-03 5.667902296409010887e-04 1.759141159709542990e-04 2.204734832048416138e-02 1.402793452143669128e-03 3.110511926934123039e-03 3.202786319889128208e-04 1.086099291569553316e-04 2.108380198478698730e-02
6.800000000000000000e+04 1.840767916291952133e-03 6.077356170862913132e-03 5.509744514711201191e-04 1.645102456677705050e-04 2.192908152937889099e-02 1.359794754534959793e-03 2.953837625682353973e-03 3.225951513741165400e-04 1.124832197092473507e-04 2.095044404268264771e-02
6.850000000000000000e+04 2.229334320873022079e-03 5.816827993839979172e-03 4.748742212541401386e-04 1.461234351154416800e-04 1.928064972162246704e-02 1.702022971585392952e-03 3.617310430854558945e-03 2.258762542624026537e-04 1.011352069326676428e-04 1.872475259006023407e-02
6.900000000000000000e+04 2.224097959697246552e-03 5.779596976935863495e-03 4.444906080607324839e-04 1.567466097185388207e-04 1.899579912424087524e-02 1.673560473136603832e-03 3.598348703235387802e-03 2.145219041267409921e-04 1.036076064337976277e-04 1.844272762537002563e-02
6.950000000000000000e+04 1.929151010699570179e-03 5.270126275718212128e-03 4.111742309760302305e-04 1.439534389646723866e-04 2.101164311170578003e-02 1.392266480252146721e-03 2.616359619423747063e-03 3.444658941589295864e-04 1.050175633281469345e-04 2.037780173122882843e-02
7.000000000000000000e+04 1.882763812318444252e-03 5.008002743124961853e-03 4.353075346443802118e-04 1.407035451848059893e-04 2.082231640815734863e-02 1.347942510619759560e-03 2.503194846212863922e-03 3.488342917989939451e-04 9.785451402422040701e-05 2.018228545784950256e-02
7.050000000000000000e+04 1.879017683677375317e-03 5.927579477429389954e-03 4.646148590836673975e-04 1.365754142170771956e-04 1.861943490803241730e-02 1.326792058534920216e-03 4.262469708919525146e-03 4.250568454153835773e-04 1.179596365545876324e-04 1.742357760667800903e-02
7.100000000000000000e+04 1.817542826756834984e-03 5.881334654986858368e-03 4.578228690661489964e-04 1.368185185128822923e-04 1.825619488954544067e-02 1.270568231120705605e-03 4.267298150807619095e-03 4.496861074585467577e-04 1.139402811531908810e-04 1.706979796290397644e-02
7.150000000000000000e+04 1.851339358836412430e-03 5.292955785989761353e-03 3.884725156240165234e-04 1.033293519867584109e-04 1.935031265020370483e-02 1.318675815127789974e-03 2.774448134005069733e-03 3.090303216595202684e-04 8.503741264576092362e-05 1.828841120004653931e-02
7.200000000000000000e+04 1.807588734664022923e-03 5.132543854415416718e-03 3.443056775722652674e-04 1.100264853448607028e-04 1.909000054001808167e-02 1.264452352188527584e-03 2.664268715307116508e-03 2.382661041337996721e-04 8.093185169855132699e-05 1.802874170243740082e-02
7.250000000000000000e+04 1.785156200639903545e-03 4.739956464618444443e-03 5.359490169212222099e-04 1.757329155225306749e-04 1.620458997786045074e-02 1.198244164697825909e-03 3.769170260056853294e-03 3.344836004544049501e-04 7.437213935190811753e-05 1.597967371344566345e-02
7.300000000000000000e+04 1.781684346497058868e-03 4.652280360460281372e-03 5.104099400341510773e-04 1.728347124299034476e-04 1.580969989299774170e-02 1.180826919153332710e-03 3.561904421076178551e-03 3.581228374969214201e-04 7.491534779546782374e-05 1.559074502438306808e-02
7.350000000000000000e+04 1.390056218951940536e-03 5.388664547353982925e-03 4.074653552379459143e-04 1.468873379053547978e-04 1.828803122043609619e-02 9.010528447106480598e-04 2.792282728478312492e-03 2.663462946657091379e-04 9.057745774043723941e-05 1.693010702729225159e-02
7.400000000000000000e+04 1.322544994764029980e-03 5.119703244417905807e-03 3.974642313551157713e-04 1.564047270221635699e-04 1.788910850882530212e-02 8.518078830093145370e-04 2.730089239776134491e-03 2.901869884226471186e-04 9.130249964073300362e-05 1.653511263430118561e-02
7.450000000000000000e+04 1.401314162649214268e-03 4.539606161415576935e-03 2.788390556816011667e-04 1.014836161630228162e-04 1.518591307103633881e-02 1.034118817187845707e-03 2.857724670320749283e-03 2.021282125497236848e-04 7.915657624835148454e-05 1.546589285135269165e-02
7.500000000000000000e+04 1.363969407975673676e-03 4.430543165653944016e-03 2.587483613751828671e-04 1.085633193724788725e-04 1.463963370770215988e-02 9.882373269647359848e-04 2.903616754338145256e-03 2.513355284463614225e-04 8.459532546112313867e-05 1.490983460098505020e-02
7.550000000000000000e+04 1.604612567462027073e-03 3.993170801550149918e-03 2.359118516324087977e-04 1.456028549000620842e-04 1.638484559953212738e-02 1.040922594256699085e-03 1.752304146066308022e-03 4.646914894692599773e-04 8.952873031375929713e-05 1.508501730859279633e-02
7.600000000000000000e+04 1.556160161271691322e-03 3.778716549277305603e-03 2.409978333162143826e-04 1.467862457502633333e-04 1.572264544665813446e-02 9.874607203528285027e-04 1.608046004548668861e-03 5.245814099907875061e-04 9.695133485365658998e-05 1.443487312644720078e-02
7.650000000000000000e+04 1.297464594244956970e-03 3.920719493180513382e-03 2.719847543630748987e-04 2.320305211469531059e-04 1.402233820408582687e-02 7.681991555728018284e-04 2.078820252791047096e-03 5.444554262794554234e-04 1.738217251840978861e-04 1.360218226909637451e-02
7.700000000000000000e+04 1.235100906342267990e-03 3.673051018267869949e-03 2.573441306594759226e-04 2.539472188800573349e-04 1.325186342000961304e-02 7.146007264964282513e-04 2.001513494178652763e-03 6.211624713614583015e-04 2.116983960149809718e-04 1.284802984446287155e-02
7.750000000000000000e+04 1.314487541094422340e-03 3.439784748479723930e-03 4.006126546300947666e-04 1.681714929873123765e-04 1.213879324495792389e-02 7.759302388876676559e-04 1.966736279428005219e-03 5.306894308887422085e-04 1.754398690536618233e-04 1.141945179551839828e-02
7.800000000000000000e+04 1.307927304878830910e-03 3.306339727714657784e-03 3.264588303864002228e-04 1.694456441327929497e-04 1.129589322954416275e-02 7.399758324027061462e-04 1.886102254502475262e-03 5.084317526780068874e-04 1.816009462345391512e-04 1.058656070381402969e-02
7.850000000000000000e+04 1.184100052341818810e-03 2.677859039977192879e-03 1.605493889655917883e-04 2.645735803525894880e-04 1.158863212913274765e-02 6.108791567385196686e-04 1.306600752286612988e-03 3.204797976650297642e-04 2.070591581286862493e-04 1.117004454135894775e-02
7.900000000000000000e+04 1.142652472481131554e-03 2.472242107614874840e-03 1.461714273318648338e-04 2.700267359614372253e-04 1.090557221323251724e-02 5.626903148368000984e-04 1.251704292371869087e-03 2.672231930773705244e-04 2.319831110071390867e-04 1.045784354209899902e-02
7.950000000000000000e+04 1.226300839334726334e-03 2.743334742262959480e-03 1.790925016393885016e-04 3.652886371128261089e-04 9.962421841919422150e-03 6.312134792096912861e-04 1.443970832042396069e-03 5.164828035049140453e-04 2.357581688556820154e-04 8.855544961988925934e-03
8.000000000000000000e+04 1.203393563628196716e-03 2.588831586763262749e-03 1.501833176007494330e-04 3.723985864780843258e-04 9.289502166211605072e-03 5.825862172059714794e-04 1.377184642478823662e-03 5.192597163841128349e-04 2.540108689572662115e-04 8.172680623829364777e-03
8.050000000000000000e+04 1.118345069698989391e-03 2.308665076270699501e-03 9.079208393814042211e-05 3.147033858112990856e-04 8.798032999038696289e-03 5.064450087957084179e-04 1.322731724940240383e-03 3.736847429536283016e-04 2.204698248533532023e-04 7.682694587856531143e-03
8.100000000000000000e+04 1.068384852260351181e-03 2.156109083443880081e-03 7.426920637954026461e-05 3.046748170163482428e-04 8.284057490527629852e-03 4.435688024386763573e-04 1.256896648555994034e-03 3.625273238867521286e-04 2.076047385344281793e-04 7.156395353376865387e-03
8.150000000000000000e+04 8.080295519903302193e-04 2.069470239803195000e-03 1.082739545381627977e-04 3.143344074487686157e-04 8.272981271147727966e-03 2.911806514021009207e-04 1.377630396746098995e-03 3.383790899533778429e-04 2.634389093145728111e-04 7.294734008610248566e-03
8.200000000000000000e+04 7.764133624732494354e-04 1.918840571306645870e-03 9.467840573051944375e-05 3.003592137247323990e-04 7.819068618118762970e-03 2.541737630963325500e-04 1.317951478995382786e-03 3.072704712394624949e-04 2.508464094717055559e-04 6.841299124062061310e-03
8.250000000000000000e+04 8.685972425155341625e-04 1.767737092450261116e-03 6.892580859130248427e-05 2.224348863819614053e-04 6.843462120741605759e-03 2.752607688307762146e-04 8.706392254680395126e-04 4.444283549673855305e-04 1.990634773392230272e-04 6.219587288796901703e-03
8.300000000000000000e+04 8.151783258654177189e-04 1.666423864662647247e-03 6.220481736818328500e-05 2.001228567678481340e-04 6.506746169179677963e-03 2.364633546676486731e-04 8.176937699317932129e-04 4.125097475480288267e-04 1.756144774844869971e-04 5.864864680916070938e-03
8.350000000000000000e+04 9.396970854140818119e-04 1.570498454384505749e-03 8.134144445648416877e-05 1.793579140212386847e-04 6.545478943735361099e-03 2.293268917128443718e-04 7.794366683810949326e-04 2.619130827952176332e-04 2.305145753780379891e-04 5.267174448817968369e-03
8.400000000000000000e+04 9.088937658816576004e-04 1.497118035331368446e-03 7.141292007872834802e-05 1.755517150741070509e-04 6.213797256350517273e-03 2.022421540459617972e-04 7.393488194793462753e-04 2.153619570890441537e-04 2.313694421900436282e-04 4.927439149469137192e-03
8.450000000000000000e+04 7.079195929691195488e-04 1.544631668366491795e-03 5.851584501215256751e-05 8.073593926383182406e-05 6.285218056291341782e-03 1.590853644302114844e-04 8.439051453024148941e-04 2.121248980984091759e-04 2.091523201670497656e-04 4.960838239639997482e-03
8.500000000000000000e+04 6.765442667528986931e-04 1.472558476962149143e-03 5.646448698826134205e-05 7.644711149623617530e-05 5.986603442579507828e-03 1.397970772814005613e-04 8.317958563566207886e-04 1.910413411678746343e-04 1.918042544275522232e-04 4.669697023928165436e-03
8.550000000000000000e+04 6.357838283292949200e-04 1.061482704244554043e-03 4.429371983860619366e-05 1.300769799854606390e-04 4.785308614373207092e-03 1.334400149062275887e-04 6.460353033617138863e-04 2.050651528406888247e-04 1.544952101539820433e-04 4.468244034796953201e-03
8.600000000000000000e+04 6.063618930056691170e-04 1.024806872010231018e-03 3.708976510097272694e-05 1.294256799155846238e-04 4.563218448311090469e-03 1.205702064908109605e-04 6.344293942674994469e-04 1.818792225094512105e-04 1.514875330030918121e-04 4.230551887303590775e-03
8.650000000000000000e+04 5.893161869607865810e-04 1.147415488958358765e-03 4.002243076683953404e-05 7.488288247259333730e-05 4.967186599969863892e-03 1.045571334543637931e-04 7.808762602508068085e-04 1.608642050996422768e-04 1.487485424149781466e-04 3.940823022276163101e-03
8.700000000000000000e+04 5.753359291702508926e-04 1.112626981921494007e-03 3.980918700108304620e-05 7.672674109926447272e-05 4.774411208927631378e-03 9.564929496264085174e-05 7.794475532136857510e-04 1.557137438794597983e-04 1.446309761377051473e-04 3.743418958038091660e-03
8.750000000000000000e+04 7.137384964153170586e-04 1.229935558512806892e-03 3.078350346186198294e-05 1.528807915747165680e-04 4.756138660013675690e-03 1.002010249067097902e-04 6.302980473265051842e-04 1.876651513157412410e-04 1.269320346182212234e-04 3.388887736946344376e-03
8.800000000000000000e+04 7.080873474478721619e-04 1.191130606457591057e-03 2.490257611498236656e-05 1.500649086665362120e-04 4.565042909234762192e-03 9.469781798543408513e-05 5.953867803327739239e-04 2.072966744890436530e-04 1.229022454936057329e-04 3.208526875823736191e-03
8.850000000000000000e+04 6.090471288189291954e-04 1.082290895283222198e-03 3.502646723063662648e-05 8.949036418925970793e-05 4.052058793604373932e-03 7.965585245983675122e-05 5.364522221498191357e-04 1.262218866031616926e-04 1.104296316043473780e-04 3.102070884779095650e-03
8.900000000000000000e+04 5.790906725451350212e-04 1.060093520209193230e-03 3.353988722665235400e-05 8.392886957153677940e-05 3.875163849443197250e-03 7.376007124548777938e-05 5.163074820302426815e-04 1.183870263048447669e-04 1.064605894498527050e-04 2.930822083726525307e-03
8.950000000000000000e+04 5.765198147855699062e-04 1.049813465215265751e-03 1.844116195570677519e-05 1.729974901536479592e-04 3.446848364546895027e-03 7.366245699813589454e-05 5.382765084505081177e-04 1.911041617859154940e-04 1.199871403514407575e-04 2.591716591268777847e-03
9.000000000000000000e+04 5.455267964862287045e-04 1.030744519084692001e-03 2.023229535552673042e-05 1.653747458476573229e-04 3.286083694547414780e-03 6.915672565810382366e-05 5.248558009043335915e-04 1.901324576465412974e-04 1.184816792374476790e-04 2.446547616273164749e-03
9.050000000000000000e+04 4.876620369032025337e-04 1.089628320187330246e-03 2.666597902134526521e-05 1.321701420238241553e-04 3.419375047087669373e-03 6.807545287301763892e-05 7.265447638928890228e-04 1.675106323091313243e-04 1.085712356143631041e-04 2.538705011829733849e-03
9.100000000000000000e+04 4.804757190868258476e-04 1.059702481143176556e-03 2.554533239162992686e-05 1.192743511637672782e-04 3.292193170636892319e-03 6.752435729140415788e-05 7.079273345880210400e-04 1.622365380171686411e-04 9.987298835767433047e-05 2.417328767478466034e-03
9.150000000000000000e+04 4.880796768702566624e-04 1.012093154713511467e-03 3.185493187629617751e-05 1.270134671358391643e-04 3.253931645303964615e-03 6.398938421625643969e-05 4.698779084719717503e-04 1.010699052130803466e-04 1.031127249007113278e-04 2.147082006558775902e-03
9.200000000000000000e+04 4.716842668130993843e-04 1.006084377877414227e-03 2.999737625941634178e-05 1.144199850386939943e-04 3.128728130832314491e-03 6.241972005227580667e-05 4.532298771664500237e-04 9.510175732430070639e-05 9.302091348217800260e-05 2.032995922490954399e-03
9.250000000000000000e+04 5.192420212551951408e-04 8.083017310127615929e-04 2.267187483084853739e-05 4.344221451901830733e-05 3.044213866814970970e-03 5.700909605366177857e-05 7.388307130895555019e-04 1.098736975109204650e-04 4.970305963070131838e-05 2.153532812371850014e-03
9.300000000000000000e+04 5.122237489558756351e-04 7.957372581586241722e-04 2.135608883691020310e-05 3.009507963724900037e-05 2.975724404677748680e-03 5.661973409587517381e-05 7.403797935694456100e-04 1.095847328542731702e-04 4.129959415877237916e-05 2.079535275697708130e-03
9.350000000000000000e+04 4.570981545839458704e-04 9.368917089886963367e-04 3.741221007658168674e-05 2.483494426996912807e-05 2.654415788128972054e-03 5.981553113088011742e-05 4.675801901612430811e-04 7.724907482042908669e-05 6.597858009627088904e-05 1.973493490368127823e-03
9.400000000000000000e+04 4.639833059627562761e-04 9.049666114151477814e-04 3.478299913695082068e-05 2.135412432835437357e-05 2.558260923251509666e-03 6.018863859935663640e-05 4.542126844171434641e-04 7.468468538718298078e-05 6.624940579058602452e-05 1.884236815385520458e-03
9.450000000000000000e+04 4.816931614186614752e-04 8.967833709903061390e-04 2.323556873307097703e-05 5.678971865563653409e-05 2.725397469475865364e-03 5.824583786306902766e-05 5.323153454810380936e-04 7.182786794146522880e-05 6.427588959923014045e-05 1.668395474553108215e-03
9.500000000000000000e+04 4.810088721569627523e-04 8.920502150431275368e-04 2.180887167924083769e-05 4.875263039139099419e-05 2.629526657983660698e-03 5.671514736604876816e-05 5.361728835850954056e-04 7.048436236800625920e-05 5.524699008674360812e-05 1.584522193297743797e-03
9.550000000000000000e+04 5.349212442524731159e-04 9.378123795613646507e-04 1.729195719235576689e-05 2.217276960436720401e-05 2.803889568895101547e-03 5.463300476549193263e-05 4.444441583473235369e-04 1.062845622072927654e-04 4.380813334137201309e-05 1.750931027345359325e-03
9.600000000000000000e+04 5.340930656529963017e-04 8.999026031233370304e-04 1.514756240794667974e-05 1.822140256990678608e-05 2.762656193226575851e-03 5.571623478317633271e-05 4.179236711934208870e-04 1.116719577112235129e-04 4.155868009547702968e-05 1.708910102024674416e-03
9.650000000000000000e+04 4.230655613355338573e-04 8.371669100597500801e-04 2.156864502467215061e-05 1.350482580164680257e-05 2.159262774512171745e-03 5.890411193831823766e-05 5.552716320380568504e-04 8.154570969054475427e-05 4.598119267029687762e-05 1.384274568408727646e-03
9.700000000000000000e+04 4.277998523321002722e-04 8.409514557570219040e-04 1.936869193741586059e-05 1.292183333134744316e-05 2.091161441057920456e-03 5.919000977883115411e-05 5.677121225744485855e-04 7.597056537633761764e-05 4.121420352021232247e-05 1.332846586592495441e-03
9.750000000000000000e+04 5.108223995193839073e-04 7.802399923093616962e-04 1.636885463085491210e-05 6.293899332376895472e-06 2.392937894910573959e-03 5.693342609447427094e-05 4.068688722327351570e-04 7.053475565044209361e-05 2.708260944928042591e-05 1.478261896409094334e-03
9.800000000000000000e+04 4.929988062940537930e-04 7.645980222150683403e-04 1.464126125938491896e-05 6.163443231343990192e-06 2.359069418162107468e-03 5.690192119800485671e-05 4.027684917673468590e-04 6.421259604394435883e-05 2.734404006332624704e-05 1.444033579900860786e-03
9.850000000000000000e+04 4.702392034232616425e-04 8.297323947772383690e-04 1.069799782271729782e-05 4.045891910209320486e-05 2.755571156740188599e-03 5.798051279271021485e-05 4.023917135782539845e-04 2.927001696662046015e-05 4.090170477866195142e-05 1.390784396789968014e-03
9.900000000000000000e+04 4.623174609150737524e-04 8.053104393184185028e-04 9.929198313329834491e-06 3.473777178442105651e-05 2.726904582232236862e-03 5.938432877883315086e-05 4.004189395345747471e-04 2.529669109208043665e-05 3.486839341348968446e-05 1.359874731861054897e-03
9.950000000000000000e+04 4.463116056285798550e-04 8.275261498056352139e-04 1.282145512959687039e-05 1.256313862540991977e-05 2.263333415612578392e-03 5.893933121114969254e-05 4.172542830929160118e-04 3.860262950183823705e-05 1.310449260927271098e-05 1.248914981260895729e-03
1.000000000000000000e+05 4.487393016461282969e-04 8.207900682464241982e-04 1.166968741017626598e-05 1.308272749156458303e-05 2.218902111053466797e-03 5.697358938050456345e-05 4.057760525029152632e-04 3.535643554641865194e-05 1.353016796201700345e-05 1.213865238241851330e-03
1.005000000000000000e+05 4.510290164034813643e-04 7.719470304436981678e-04 1.018702005239902064e-05 1.971842903003562242e-05 1.925944234244525433e-03 5.481236075866036117e-05 5.371199804358184338e-04 2.441279139020480216e-05 1.585919744684360921e-05 1.090797130018472672e-03
1.010000000000000000e+05 4.578220250550657511e-04 7.707376498728990555e-04 1.054394124366808683e-05 2.046812187472824007e-05 1.864882884547114372e-03 5.235046774032525718e-05 5.354091408662497997e-04 2.433550616842694581e-05 1.679999513726215810e-05 1.052231644280254841e-03
1.015000000000000000e+05 5.551080685108900070e-04 8.372627198696136475e-04 1.635728767723776400e-05 1.137164053943706676e-05 2.397083910182118416e-03 5.128834891365841031e-05 3.427175106480717659e-04 4.311749216867610812e-05 1.758468170010019094e-05 1.155967940576374531e-03
1.020000000000000000e+05 5.324045778252184391e-04 8.098285179585218430e-04 1.516785414423793554e-05 1.124633126892149448e-05 2.395622432231903076e-03 5.163296373211778700e-05 3.454639809206128120e-04 3.994437065557576716e-05 1.664850060478784144e-05 1.147406524978578091e-03
1.025000000000000000e+05 5.544270970858633518e-04 7.094378815963864326e-04 1.285792768612736836e-05 1.349127069261157885e-05 1.920527196489274502e-03 5.202070315135642886e-05 3.293075133115053177e-04 3.239597936044447124e-05 2.228136872872710228e-05 1.187455025501549244e-03
1.030000000000000000e+05 5.145554896444082260e-04 6.803354481235146523e-04 1.235405034094583243e-05 1.298969345953082666e-05 1.932921586558222771e-03 5.153602978680282831e-05 3.471712407190352678e-04 2.994913120346609503e-05 2.135907925548963249e-05 1.193321426399052143e-03
1.035000000000000000e+05 4.558383370749652386e-04 6.919511361047625542e-04 1.001697182800853625e-05 2.037929152720607817e-05 1.927419332787394524e-03 5.055062865721993148e-05 3.260901139583438635e-04 2.055311051663011312e-05 1.943361530720721930e-05 1.198989339172840118e-03
1.040000000000000000e+05 4.436013114172965288e-04 6.664882530458271503e-04 9.636765753384679556e-06 1.969632648979313672e-05 1.920595532283186913e-03 4.885211455984972417e-05 3.329840255901217461e-04 1.859988151409197599e-05 1.750764022290240973e-05 1.185420900583267212e-03
1.045000000000000000e+05 3.922233008779585361e-04 5.645336932502686977e-04 9.974785825761500746e-06 1.130697546614101157e-05 1.793516334146261215e-03 4.677892866311594844e-05 8.100092527456581593e-04 3.174343510181643069e-05 2.459228926454670727e-05 1.037719193845987320e-03
1.050000000000000000e+05 4.134481423534452915e-04 5.549422930926084518e-04 1.090894056687830016e-05 1.105974206438986585e-05 1.719936961308121681e-03 4.523522147792391479e-05 7.262148428708314896e-04 3.530267713358625770e-05 2.102631879097316414e-05 9.949695086106657982e-04
1.055000000000000000e+05 3.999463224317878485e-04 5.957370158284902573e-04 1.517326563771348447e-05 1.705792965367436409e-05 1.964882947504520416e-03 4.410410474520176649e-05 3.433126839809119701e-04 3.560036930139176548e-05 1.094490380637580529e-05 1.122455345466732979e-03
1.060000000000000000e+05 3.830001514870673418e-04 5.808681016787886620e-04 1.278045692743035033e-05 1.409493143000872806e-05 1.967417076230049133e-03 4.131763489567674696e-05 3.636402252595871687e-04 2.982397018058691174e-05 1.117014016926987097e-05 1.118612475693225861e-03
1.065000000000000000e+05 4.265658499207347631e-04 6.257186178117990494e-04 1.004753994493512437e-05 1.876232090580742806e-05 1.737161539494991302e-03 3.935301720048300922e-05 3.901020099874585867e-04 3.507157816784456372e-05 1.472022086090873927e-05 9.642394725233316422e-04
1.070000000000000000e+05 4.215429653413593769e-04 6.200296338647603989e-04 9.337556548416614532e-06 1.949866054928861558e-05 1.703584683127701283e-03 3.925195414922200143e-05 3.814963274635374546e-04 3.358146568643860519e-05 1.301336305914446712e-05 9.448816999793052673e-04
1.075000000000000000e+05 4.468425759114325047e-04 5.804436514154076576e-04 1.050361152010736987e-05 1.519413763162447140e-05 1.949382130987942219e-03 3.846722029265947640e-05 4.196108784526586533e-04 1.687606527411844581e-05 9.379092261951882392e-06 1.006894279271364212e-03
1.080000000000000000e+05 4.335974226705729961e-04 5.666349316015839577e-04 1.001537293632281944e-05 1.385039831802714616e-05 1.945536932907998562e-03 3.715473212650977075e-05 4.353590193204581738e-04 1.505913496657740325e-05 9.690061233413871378e-06 9.980710456147789955e-04
1.085000000000000000e+05 3.092098340857774019e-04 5.718413740396499634e-04 6.364959062921116129e-06 1.710896685835905373e-05 1.535383169539272785e-03 3.501218452583998442e-05 5.444870330393314362e-04 3.056866262340918183e-05 6.093420324759790674e-06 9.128534584306180477e-04
1.090000000000000000e+05 3.178465703967958689e-04 5.665268399752676487e-04 6.035374099155887961e-06 1.488416728534502909e-05 1.503183040767908096e-03 3.202232255716808140e-05 5.165414186194539070e-04 3.229656431358307600e-05 5.202094598644180223e-06 8.925012079998850822e-04
1.095000000000000000e+05 3.825550084002315998e-04 5.617269780486822128e-04 8.203882316593080759e-06 1.086501742975087836e-05 1.722393557429313660e-03 2.956699790956918150e-05 4.291939258109778166e-04 1.812806294765323400e-05 1.032579348247963935e-05 9.610785054974257946e-04
1.100000000000000000e+05 3.697596548590809107e-04 5.476225051097571850e-04 8.267928023997228593e-06 1.053769847203511745e-05 1.724606263451278210e-03 2.859900814655702561e-05 4.469549749046564102e-04 1.773345502442680299e-05 9.811839845497161150e-06 9.591706912033259869e-04
1.105000000000000000e+05 3.787636233028024435e-04 5.584547179751098156e-04 7.842131708457600325e-06 1.028415863402187824e-05 1.882581738755106926e-03 2.972598304040730000e-05 3.979093162342905998e-04 3.069608283112756908e-05 8.415799129579681903e-06 9.021715377457439899e-04
1.110000000000000000e+05 3.730804310180246830e-04 5.528122419491410255e-04 7.469651791325304657e-06 9.715650776342954487e-06 1.861241064034402370e-03 2.953052899101749063e-05 4.067668342031538486e-04 3.214701064280234277e-05 7.569030913145979866e-06 8.879916276782751083e-04
1.115000000000000000e+05 3.504148626234382391e-04 6.122934864833950996e-04 7.036259376036468893e-06 6.735138867952628061e-06 2.185694640502333641e-03 2.698156822589226067e-05 4.994256887584924698e-04 3.802948049269616604e-05 1.737963248160667717e-05 9.206754039041697979e-04
1.120000000000000000e+05 3.515141142997890711e-04 5.974835366941988468e-04 6.550174020958365873e-06 7.322228157136123627e-06 2.168718725442886353e-03 2.724028854572679847e-05 5.191004020161926746e-04 3.796969394898042083e-05 1.889429586299229413e-05 9.045337792485952377e-04
1.125000000000000000e+05 2.651555114425718784e-04 5.363042000681161880e-04 1.068992878572316840e-05 1.365037132927682251e-05 1.163266017101705074e-03 2.532485450501553714e-05 5.808444693684577942e-04 2.656315518834162503e-05 5.117052751302253455e-06 7.998759974725544453e-04
1.130000000000000000e+05 2.655154676176607609e-04 5.288418033160269260e-04 9.872840564639773220e-06 1.162198987003648654e-05 1.143597997725009918e-03 2.256459083582740277e-05 5.288607790134847164e-04 2.678782402654178441e-05 5.186608177609741688e-06 7.937201298773288727e-04
1.135000000000000000e+05 3.653754247352480888e-04 5.694653955288231373e-04 6.191658485477091745e-06 5.938408776273718104e-06 1.858791569247841835e-03 2.387948552495799959e-05 4.414518480189144611e-04 2.098812001349870116e-05 5.503548436536220834e-06 8.452221518382430077e-04
1.140000000000000000e+05 3.574203874450176954e-04 5.575942341238260269e-04 5.405688625614857301e-06 5.655685072269989178e-06 1.853460562415421009e-03 2.484639298927504569e-05 4.736906266771256924e-04 1.966710806300397962e-05 5.189924650039756671e-06 8.345290552824735641e-04
1.145000000000000000e+05 2.796680782921612263e-04 4.837059241253882647e-04 8.768821317062247545e-06 1.337300818704534322e-05 1.156562706455588341e-03 2.231485632364638150e-05 4.295432590879499912e-04 2.407975807727780193e-05 4.607205482898280025e-06 8.384732063859701157e-04
1.150000000000000000e+05 2.696199226193130016e-04 4.745792248286306858e-04 7.491803899029036984e-06 1.044099735736381263e-05 1.153508783318102360e-03 2.055647746601607651e-05 3.988679090980440378e-04 2.157509698008652776e-05 5.331548891263082623e-06 8.380518411286175251e-04
1.155000000000000000e+05 2.623290638439357281e-04 5.668922676704823971e-04 7.435924544552108273e-06 6.360383849823847413e-06 1.820391626097261906e-03 2.033263626799453050e-05 3.702063986565917730e-04 1.676633655733894557e-05 4.019949301437009126e-06 8.474622736684978008e-04
1.160000000000000000e+05 2.577069099061191082e-04 5.584558239206671715e-04 6.849423698440659791e-06 6.155450137157458812e-06 1.807600376196205616e-03 1.926957156683783978e-05 3.927360230591148138e-04 1.581023389007896185e-05 3.604501671361504123e-06 8.313755388371646404e-04
1.165000000000000000e+05 3.501143364701420069e-04 4.409819084685295820e-04 6.122105787653708830e-06 1.378685010422486812e-05 1.641240436583757401e-03 1.752391835907474160e-05 4.002075875177979469e-04 1.493961190135451034e-05 4.367393103166250512e-06 8.430649759247899055e-04
1.170000000000000000e+05 3.371765487827360630e-04 4.342480679042637348e-04 5.742008397646714002e-06 1.336330296908272430e-05 1.640431932173669338e-03 1.708142190182115883e-05 3.972848935518413782e-04 1.627109850232955068e-05 4.874073056271299720e-06 8.424231200478971004e-04
1.175000000000000000e+05 3.127508680336177349e-04 5.381642258726060390e-04 3.732237018994055688e-06 9.488571777183096856e-06 1.865189871750771999e-03 1.776103090378455818e-05 3.690304583869874477e-04 1.696948129392694682e-05 4.796362645720364526e-06 8.496173541061580181e-04
1.180000000000000000e+05 2.974627132061868906e-04 5.215685814619064331e-04 3.721724397109937854e-06 9.098323971556965262e-06 1.872641150839626789e-03 1.742866697895806283e-05 3.975246800109744072e-04 1.663193506828974932e-05 4.945522505295230076e-06 8.489070460200309753e-04
1.185000000000000000e+05 2.893538330681622028e-04 4.949487629346549511e-04 7.002448001003358513e-06 1.014525332720950246e-05 1.593823311850428581e-03 1.563749538036063313e-05 5.373723106458783150e-04 1.941192567755933851e-05 4.437314146343851462e-06 7.648440659977495670e-04
1.190000000000000000e+05 3.018191782757639885e-04 4.904079250991344452e-04 6.716852112731430680e-06 1.060334670910378918e-05 1.550183165818452835e-03 1.490831527917180210e-05 4.748680803459137678e-04 2.263153692183550447e-05 4.044008619530359283e-06 7.439162000082433224e-04
1.195000000000000000e+05 3.506321809254586697e-04 4.187468439340591431e-04 4.264432391209993511e-06 9.143620445684064180e-06 1.578677911311388016e-03 1.580660136824008077e-05 2.663416089490056038e-04 2.653972296684514731e-05 4.264332801540149376e-06 8.068516617640852928e-04
1.200000000000000000e+05 3.298493102192878723e-04 4.096114716958254576e-04 4.208327482047025114e-06 9.478995707468129694e-06 1.582916826009750366e-03 1.621493174752686173e-05 2.849003358278423548e-04 2.590690746728796512e-05 4.523450570559361950e-06 8.097461541183292866e-04
1.205000000000000000e+05 2.809347934089601040e-04 4.899190971627831459e-04 5.389963007473852485e-06 1.013654673442943022e-05 1.885868026874959469e-03 1.540398625365924090e-05 3.829385095741599798e-04 3.156393358949571848e-05 3.377815801286487840e-06 8.295314037241041660e-04
1.210000000000000000e+05 2.760777715593576431e-04 4.712612135335803032e-04 5.370176040742080659e-06 9.471581506659276783e-06 1.884735655039548874e-03 1.500231610407354310e-05 3.872075758408755064e-04 3.011472836078610271e-05 3.701639570863335393e-06 8.248795056715607643e-04
1.215000000000000000e+05 3.259036457166075706e-04 4.105429397895932198e-04 5.835728643432958052e-06 7.589977940369863063e-06 1.573007437400519848e-03 1.382103528158040717e-05 3.089159436058253050e-04 1.865994818217586726e-05 4.963906576449517161e-06 8.058910025283694267e-04
1.220000000000000000e+05 3.040229203179478645e-04 4.097042547073215246e-04 5.666919150826288387e-06 8.713793249626178294e-06 1.564136240631341934e-03 1.327498830505646765e-05 3.194957680534571409e-04 1.892405634862370789e-05 5.074417458672542125e-06 8.013159967958927155e-04
1.225000000000000000e+05 2.286939416080713272e-04 3.538998716976493597e-04 5.857452379132155329e-06 1.406712635798612610e-05 1.575200702063739300e-03 1.316259931627428159e-05 3.839513519778847694e-04 2.254240280308295041e-05 9.265422704629600048e-06 8.071572519838809967e-04
1.230000000000000000e+05 2.273367863381281495e-04 3.505660279188305140e-04 5.152152425580425188e-06 1.166907895822077990e-05 1.557835144922137260e-03 1.173352939076721668e-05 3.906531492248177528e-04 2.459491406625602394e-05 9.541591680317651480e-06 7.901557255536317825e-04
1.235000000000000000e+05 2.921323175542056561e-04 4.070806608069688082e-04 5.600919394055381417e-06 1.351657010673079640e-05 1.745408982969820499e-03 1.053446794685442001e-05 4.357296857051551342e-04 2.253426828247029334e-05 6.506143108708783984e-06 7.230204064399003983e-04
1.240000000000000000e+05 3.059704904444515705e-04 3.994197759311646223e-04 5.578084710577968508e-06 1.242922644451027736e-05 1.709370058961212635e-03 1.069786776497494429e-05 4.195617802906781435e-04 2.452548687870148569e-05 7.102560630301013589e-06 6.995497387833893299e-04
1.245000000000000000e+05 2.800938964355736971e-04 3.614022862166166306e-04 7.270958121807780117e-06 8.345411515620071441e-06 1.492192037403583527e-03 1.163692013506079093e-05 3.207780828233808279e-04 1.444948975404258817e-05 6.285063591349171475e-06 6.904579931870102882e-04
1.250000000000000000e+05 2.686370571609586477e-04 3.608277766034007072e-04 5.848087312187999487e-06 8.877121217665262520e-06 1.476536155678331852e-03 1.107875596062513068e-05 3.305611899122595787e-04 1.701438668533228338e-05 5.554309154831571504e-06 6.778952083550393581e-04
