# step, loss_train, loss_test, metrics_test
0.000000000000000000e+00 5.069011822342872620e-02 3.466843366622924805e-01 2.750728465616703033e-02 9.815636090934276581e-03 1.086270902305841446e-02 5.110795795917510986e-02 4.055606722831726074e-01 2.706107310950756073e-02 8.159159682691097260e-03 1.460647676140069962e-02
5.000000000000000000e+02 2.674328279681503773e-04 7.977124187164008617e-04 1.421965589543106034e-05 9.162331480183638632e-06 2.944885287433862686e-03 3.872036177199333906e-05 1.534106908366084099e-03 1.140155109169427305e-05 3.760542604140937328e-04 1.432546414434909821e-03
1.000000000000000000e+03 1.883932272903621197e-04 8.076136582531034946e-04 8.471956789435353130e-06 6.385550022969255224e-06 1.291843946091830730e-03 8.396779776376206428e-06 5.625070771202445030e-04 2.064137333945836872e-05 1.439797051716595888e-04 3.644561220426112413e-04
1.500000000000000000e+03 1.007827304420061409e-04 1.764454354997724295e-04 1.913605774461757392e-05 4.410339897731319070e-06 1.095547224394977093e-03 5.754745870945043862e-06 1.265531900571659207e-04 4.064306995132938027e-05 1.326851725025335327e-05 2.571160148363560438e-04
2.000000000000000000e+03 1.930793514475226402e-04 5.437007639557123184e-04 5.865659841219894588e-05 4.152761903242208064e-05 1.508833840489387512e-03 6.243174084374913946e-06 8.920578402467072010e-04 1.150773750850930810e-04 5.644166958518326283e-05 5.210384842939674854e-04
2.500000000000000000e+03 9.089362720260396600e-05 3.360553819220513105e-04 2.855531192835769616e-06 1.523509922662924509e-06 9.119362221099436283e-04 3.976847438025288284e-06 3.563201171346008778e-04 1.297822018386796117e-04 9.288904038839973509e-06 4.485775207285769284e-05
3.000000000000000000e+03 6.048061914043501019e-05 6.698746001347899437e-04 5.447666808322537690e-06 5.642087853630073369e-05 6.033650133758783340e-04 2.073345513053936884e-06 5.786581896245479584e-04 4.882774010184220970e-05 1.087265482055954635e-04 3.605839738156646490e-04
3.500000000000000000e+03 6.013723759679123759e-05 5.196441197767853737e-04 1.750466594785393681e-06 1.319413286182680167e-06 2.452795743010938168e-04 2.446317694193567149e-06 2.976495889015495777e-04 3.224826969017158262e-06 3.734738356797606684e-06 2.149346692021936178e-04
4.000000000000000000e+03 3.344014476169832051e-05 1.456331519875675440e-04 3.262391885527904378e-07 1.018898842630733270e-06 2.537189866416156292e-04 1.017525960378407035e-06 9.631700959289446473e-05 3.600026161620917264e-07 2.160892472602427006e-05 1.395640138071030378e-04
4.500000000000000000e+03 7.918936898931860924e-05 2.669325040187686682e-04 1.228849100698425900e-06 2.374527412030147389e-06 6.506287027150392532e-04 1.270595589630829636e-06 1.076760017895139754e-04 1.991783392440993339e-06 9.821595767789403908e-07 2.402610844001173973e-04
5.000000000000000000e+03 5.123163282405585051e-05 1.214253061334602535e-04 7.106520456545695197e-07 1.278773993362847250e-06 2.151368535123765469e-04 9.321847187493403908e-07 7.528858986916020513e-05 1.735983687467523851e-06 1.220277113134216052e-06 5.729827098548412323e-04
5.500000000000000000e+03 2.610508272482547909e-05 2.607484057080000639e-04 5.953482968834578060e-07 7.398696766358625609e-07 1.054029271472245455e-04 1.912652351165888831e-06 2.922577841673046350e-04 1.341781285191245843e-06 1.201639747705485206e-06 4.696070682257413864e-04
6.000000000000000000e+03 2.964015038742218167e-05 4.026791430078446865e-04 3.233514860312425299e-07 4.947619913764356170e-07 9.199330816045403481e-05 1.089041120394540485e-06 3.723266418091952801e-04 7.260861707436561119e-07 1.465165155423164833e-06 9.006826439872384071e-04
6.500000000000000000e+03 1.358739700663136318e-05 3.261130405007861555e-05 2.513243373414297821e-07 3.131699486402794719e-07 3.552982161636464298e-05 5.083628593638422899e-07 3.111544720013625920e-05 7.079955594235798344e-06 1.180363369712722488e-06 1.601665746420621872e-03
7.000000000000000000e+03 1.068050914909690619e-05 3.579881740733981133e-04 3.884517809638055041e-07 2.841161972355621401e-07 5.559275814448483288e-05 5.486593863679445349e-07 3.782520943786948919e-04 5.181413143873214722e-06 6.638301215389219578e-07 2.482366282492876053e-03
7.500000000000000000e+03 7.966517841850873083e-06 1.127109790104441345e-04 1.155144104814098682e-07 1.562260791843073093e-07 1.517235432402230799e-05 3.889572894877346698e-07 9.018406854011118412e-05 1.028404668090843188e-07 5.501237296812178101e-07 3.077040659263730049e-03
8.000000000000000000e+03 5.066356607130728662e-06 1.541370002087205648e-04 1.227726897923275828e-07 9.334274153616206604e-08 2.515114829293452203e-05 1.792347319451437215e-07 1.447651302441954613e-04 1.285392272620811127e-07 3.989323147379764123e-07 3.228103509172797203e-03
8.500000000000000000e+03 9.937628783518448472e-05 2.192631509387865663e-04 1.796227252270909958e-06 4.769206611854315270e-07 8.687399094924330711e-04 2.163646740882541053e-06 2.242693735752254725e-04 2.675120867934310809e-06 8.505031701133702882e-07 1.373001869069412351e-04
9.000000000000000000e+03 5.661296745529398322e-05 5.636730347760021687e-04 1.257539111065852921e-06 2.832312020473182201e-07 5.970767233520746231e-04 4.059309048898285255e-06 7.264490704983472824e-04 2.813762648656847887e-06 7.778959115967154503e-06 6.180199852678924799e-05
9.500000000000000000e+03 2.569015668996144086e-05 6.071866664569824934e-05 3.293619670330372173e-07 6.439714184125477914e-07 2.291178534505888820e-04 9.403507874594652094e-07 2.893520519137382507e-03 5.054748271504649892e-06 3.403830760362325236e-06 1.137972431024536490e-04
1.000000000000000000e+04 1.770122435118537396e-05 1.863572542788460851e-04 3.713861644882854307e-07 5.245232728157134261e-07 1.095969128073193133e-04 5.837284788867691532e-07 1.620333082973957062e-02 4.191352218185784295e-06 1.833556211749964859e-06 2.799136855173856020e-04
1.050000000000000000e+04 6.836216198280453682e-05 4.135447088629007339e-04 4.141802776302938582e-07 1.838994990066566970e-06 4.386270011309534311e-04 6.260548843783908524e-07 4.598805389832705259e-04 9.042045348905958235e-06 1.288618136641161982e-06 2.875778591260313988e-04
1.100000000000000000e+04 6.066509376978501678e-05 3.565641527529805899e-04 1.027818029797344934e-06 9.158142688647785690e-07 2.245983050670474768e-04 1.268087203243339900e-06 2.069632173515856266e-04 6.596920684387441725e-06 1.266533217858523130e-06 4.006028175354003906e-04
1.150000000000000000e+04 1.841535777202807367e-05 3.113382263109087944e-04 6.090900797062204219e-07 9.542925454297801480e-07 6.066738569643348455e-05 1.181702373287407681e-06 1.812435803003609180e-04 1.126562551689858083e-06 8.765562711232632864e-07 5.933961947448551655e-04
1.200000000000000000e+04 1.253083155461354181e-05 9.046751074492931366e-05 3.168479167925397633e-07 3.054794035506347427e-07 5.291659545036964118e-05 3.888567334797699004e-07 8.297654858324676752e-05 1.109038407776097301e-07 1.549081645180194755e-07 4.632493946701288223e-04
1.250000000000000000e+04 2.388149296166375279e-04 3.382414346560835838e-03 2.794221700241905637e-06 1.852212676567432936e-06 1.562089775688946247e-03 2.403241296633495949e-06 3.318581962957978249e-03 7.355719844781560823e-06 8.563288815821579192e-07 3.839498676825314760e-04
1.300000000000000000e+04 6.521783507196232677e-05 1.992939360206946731e-04 3.241363799588725669e-07 2.201199151841137791e-07 7.224167347885668278e-04 1.753831611495115794e-06 3.199283673893660307e-05 2.181857553296140395e-06 2.840007937265909277e-06 1.538937503937631845e-04
1.350000000000000000e+04 4.852532583754509687e-05 2.228200319223105907e-04 6.064233275537844747e-07 9.480045548571069958e-08 1.471034629503265023e-04 4.609349559814290842e-07 3.792883217101916671e-05 1.800511086003098171e-06 8.960883235431538196e-08 7.219109102152287960e-04
1.400000000000000000e+04 4.845561852562241256e-05 1.006114835035987198e-04 1.566233152061613509e-07 1.225665613446835778e-07 9.889143984764814377e-05 6.230568487808341160e-07 2.471745829097926617e-04 1.347699480902520008e-06 3.856716830341611058e-07 8.681386825628578663e-04
1.450000000000000000e+04 3.649171412689611316e-05 1.258215779671445489e-04 4.648399567486194428e-07 3.113777893304359168e-07 3.135592269245535135e-04 3.552277689777838532e-07 5.865816638106480241e-05 3.934946107619907707e-06 1.021621869767841417e-06 2.041083644144237041e-04
1.500000000000000000e+04 3.515138087095692754e-05 1.401042914949357510e-03 6.419812734748120420e-07 1.439903485334070865e-06 1.917671470437198877e-04 7.053051831462653354e-07 6.109012174420058727e-04 2.702048277569701895e-06 3.082774128415621817e-06 5.133029189892113209e-04
1.550000000000000000e+04 2.128787309629842639e-05 4.925829853164032102e-05 4.584692021580849541e-07 2.181827625236110180e-07 1.080653310054913163e-04 6.085556378820911050e-07 2.615785706439055502e-05 2.595072146505117416e-06 2.076683585983118974e-06 4.232542996760457754e-04
1.600000000000000000e+04 2.555420905991923064e-05 1.837446325225755572e-04 2.056478649592463626e-07 2.008434023537120083e-07 1.005455851554870605e-04 5.928869200033659581e-07 1.869546686066314578e-04 2.526185426177107729e-06 1.646975078983814456e-06 4.248648474458605051e-04
1.650000000000000000e+04 6.278225191636011004e-05 8.725897350814193487e-05 2.380715386607334949e-06 7.657175160602491815e-07 2.441509568598121405e-04 2.305552925463416614e-06 8.289605830213986337e-06 7.382682269962970167e-06 1.759652950568124652e-04 4.440299235284328461e-04
