# step, loss_train, loss_test, metrics_test
0.000000000000000000e+00 5.069011822342872620e-02 3.466843366622924805e-01 2.750728465616703033e-02 9.815636090934276581e-03 1.086270902305841446e-02 5.110795795917510986e-02 4.055606722831726074e-01 2.706107310950756073e-02 8.159159682691097260e-03 1.460647676140069962e-02
5.000000000000000000e+02 1.398778869770467281e-03 1.254814416170120239e-01 7.814994023647159338e-05 1.495011238148435950e-04 9.933173656463623047e-03 1.392842852510511875e-03 1.106434538960456848e-01 3.693479084176942706e-05 1.320849551120772958e-04 1.172248832881450653e-02
1.000000000000000000e+03 1.095504499971866608e-03 1.246037483215332031e-01 1.716931292321532965e-04 3.405096940696239471e-04 1.007482968270778656e-02 1.110274926759302616e-03 1.098277643322944641e-01 1.567811414133757353e-04 1.751725503709167242e-04 1.183148380368947983e-02
1.500000000000000000e+03 5.953021463938057423e-04 1.219327822327613831e-01 3.412963997106999159e-04 4.795675922650843859e-04 1.029410026967525482e-02 5.817962810397148132e-04 1.097740456461906433e-01 2.586274931672960520e-04 1.389428653055801988e-04 1.206955220550298691e-02
2.000000000000000000e+03 6.006360636092722416e-04 1.216843724250793457e-01 4.563503316603600979e-04 5.279759061522781849e-04 9.943653829395771027e-03 5.711261765100061893e-04 1.093833073973655701e-01 4.042305808980017900e-04 1.461636129533872008e-04 1.173102483153343201e-02
2.500000000000000000e+03 1.091472338885068893e-03 1.444092839956283569e-01 3.932524996344000101e-04 8.196543203666806221e-04 1.035907771438360214e-02 8.544370648451149464e-04 1.088518798351287842e-01 6.253874162212014198e-04 5.060983239673078060e-04 1.188947446644306183e-02
3.000000000000000000e+03 1.297847600653767586e-03 1.437011659145355225e-01 5.467822775244712830e-04 7.826841319911181927e-04 9.479748085141181946e-03 9.246263653039932251e-04 1.085573285818099976e-01 7.589065353386104107e-04 5.475790821947157383e-04 1.103073824197053909e-02
3.500000000000000000e+03 8.959406986832618713e-04 1.170436590909957886e-01 1.212137984111905098e-03 1.573466812260448933e-03 5.453486926853656769e-03 3.616426838561892509e-04 1.020744219422340393e-01 3.489969240035861731e-04 5.724330549128353596e-04 6.925635971128940582e-03
4.000000000000000000e+03 1.089077908545732498e-03 5.763433407992124557e-03 2.076073869829997420e-04 6.622049259021878242e-04 1.002637855708599091e-02 8.148149354383349419e-04 5.121089983731508255e-03 2.881218388210982084e-04 4.448592662811279297e-04 9.488609619438648224e-03
4.500000000000000000e+03 2.666401269380003214e-04 1.499971258454024792e-03 4.792335676029324532e-05 8.385518594877794385e-05 4.597129765897989273e-03 1.015693997032940388e-04 1.065393560566008091e-03 5.875695933355018497e-05 1.233900693478062749e-04 3.455735510215163231e-03
5.000000000000000000e+03 1.541011006338521838e-04 9.183463989757001400e-04 3.126726733171381056e-05 1.542364407214336097e-05 2.998477313667535782e-03 4.982631071470677853e-05 6.225732504390180111e-04 3.277682117186486721e-05 6.740443041053367779e-06 1.871610060334205627e-03
5.500000000000000000e+03 1.386923540849238634e-04 5.922099808230996132e-04 1.870224150479771197e-05 7.736917723377700895e-06 1.927687902934849262e-03 3.072937397519126534e-05 3.328761085867881775e-04 3.139191903756000102e-05 3.754465524252736941e-06 1.309451879933476448e-03
6.000000000000000000e+03 1.516755874035879970e-04 4.351561656221747398e-04 1.095213792723370716e-05 9.744042472448199987e-06 1.610512030310928822e-03 1.339487153018126264e-05 2.479488321114331484e-04 2.935870179499033839e-05 3.671567583296564408e-06 9.881373262032866478e-04
6.500000000000000000e+03 1.377119479002431035e-04 4.747800412587821484e-04 3.366276132510392927e-06 9.403644980920944363e-06 1.548393629491329193e-03 1.844352300395257771e-05 2.632865216583013535e-04 1.549997832626104355e-04 5.032127319282153621e-06 7.009103428572416306e-04
7.000000000000000000e+03 1.387552911182865500e-04 4.117946664337068796e-04 3.204190306860255077e-06 9.298362783738411963e-06 1.368747558444738388e-03 2.727069477259647101e-05 2.347056579310446978e-04 1.984954287763684988e-04 4.411599547893274575e-06 5.664370837621390820e-04
7.500000000000000000e+03 1.320324663538485765e-04 3.634412132669240236e-04 3.468876457191072404e-06 2.852557145160972141e-06 1.387708703987300396e-03 2.811727244989015162e-05 3.239568322896957397e-04 3.635115717770531774e-05 5.735994818678591400e-06 4.690036585088819265e-04
8.000000000000000000e+03 1.242585858562961221e-04 3.316478396300226450e-04 2.872344794013770297e-06 2.555047331043169834e-06 1.245176070369780064e-03 1.893764419946819544e-05 3.634549211710691452e-04 4.115150659345090389e-05 6.195612058945698664e-06 3.733629710040986538e-04
8.500000000000000000e+03 1.391028054058551788e-04 2.760695933829993010e-04 2.057871824945323169e-06 1.784068444976583123e-06 1.091081532649695873e-03 1.098345637728925794e-05 1.904060627566650510e-04 8.773640729486942291e-06 2.548860902606975287e-05 3.195959434378892183e-04
9.000000000000000000e+03 1.254128001164644957e-04 2.639800368342548609e-04 1.108514538827876095e-06 1.767691060194920283e-06 1.013327972032129765e-03 1.032375439535826445e-05 1.865377707872539759e-04 6.701608072035014629e-06 2.547668373154010624e-05 2.662543847691267729e-04
9.500000000000000000e+03 1.035822642734274268e-04 2.822210662998259068e-04 1.215190309267200064e-06 3.928365913452580571e-06 8.757978794164955616e-04 1.047503883455647156e-05 3.107759403064846992e-04 2.752871114353183657e-05 1.431680448149563745e-05 2.045911096502095461e-04
1.000000000000000000e+04 9.151262929663062096e-05 2.519052650313824415e-04 4.817260901290865149e-07 3.538955525073106401e-06 8.071539341472089291e-04 9.234094250132329762e-06 2.457663358654826880e-04 1.951349622686393559e-05 1.393268848914885893e-05 1.705158065306022763e-04
1.050000000000000000e+04 8.003120456123724580e-05 2.332725707674399018e-04 1.390380361954157706e-06 8.334957783517893404e-06 7.261645514518022537e-04 1.101149791793432087e-05 1.671312347752973437e-04 1.818161763367243111e-05 3.230971060474985279e-06 1.896373723866418004e-04
1.100000000000000000e+04 7.213112257886677980e-05 2.119553391821682453e-04 1.551856371406756807e-06 3.987453055742662400e-06 6.402955041266977787e-04 9.612968824512790889e-06 1.220798731083050370e-04 3.685514820972457528e-05 2.060001406789524481e-06 1.925378164742141962e-04
1.150000000000000000e+04 7.967976125655695796e-05 1.904249511426314712e-04 3.775180857701343484e-06 2.213748302892781794e-06 7.919790223240852356e-04 8.340483873325865716e-06 1.457115431549027562e-04 5.471469921758398414e-05 9.931887689162977040e-06 1.047527548507787287e-04
1.200000000000000000e+04 7.597332296427339315e-05 1.700035063549876213e-04 3.087624691033852287e-06 2.232901124443742447e-06 7.273626979440450668e-04 9.617596333555411547e-06 1.384742499794811010e-04 7.803355401847511530e-05 9.432003025722224265e-06 9.215690079145133495e-05
1.250000000000000000e+04 6.080170351197011769e-05 1.770589442458003759e-04 1.076845137504278682e-06 1.965176579687977210e-06 7.095074979588389397e-04 7.472428023902466521e-06 8.238563168561086059e-05 8.364562381757423282e-05 8.376471782867156435e-07 1.076250919140875340e-04
1.300000000000000000e+04 6.018653584760613739e-05 1.633318461244925857e-04 9.706126320452312939e-07 1.537843104415514972e-06 6.658431375399231911e-04 7.108173576853005216e-06 7.483014633180573583e-05 8.490353502565994859e-05 4.589669515553396195e-07 1.065896431100554764e-04
1.350000000000000000e+04 7.063916564220562577e-05 1.136136270361021161e-04 1.385715222568251193e-06 1.293333411922503728e-06 2.448834711685776711e-04 8.831025297695305198e-06 1.531289890408515930e-04 2.034319040831178427e-04 2.193537739003659226e-06 4.404256178531795740e-04
1.400000000000000000e+04 6.420803401852026582e-05 1.008742692647501826e-04 1.114038809646444861e-06 8.618104629931622185e-07 1.992588368011638522e-04 8.858312867232598364e-06 1.735581608954817057e-04 2.014526398852467537e-04 3.109724502792232670e-06 5.366425612010061741e-04
1.450000000000000000e+04 5.680353569914586842e-05 1.401873450959101319e-04 1.619423869669844862e-06 8.485204716635053046e-07 5.452814511954784393e-04 7.917981747596058995e-06 1.254097587661817670e-04 1.718834828352555633e-04 4.079765403730561957e-06 1.263364392798393965e-04
1.500000000000000000e+04 5.115189560456201434e-05 1.304183533648028970e-04 7.961072014950332232e-07 6.868905870760499965e-07 5.270050023682415485e-04 6.646250312769552693e-06 1.115428167395293713e-04 1.386933145113289356e-04 2.551893658164772205e-06 1.255619717994704843e-04
1.550000000000000000e+04 5.260141551843844354e-05 1.168802409665659070e-04 9.664241815698915161e-07 1.398574454469780903e-06 5.507085006684064865e-04 6.088831469241995364e-06 5.608602441498078406e-05 1.608689308341126889e-05 5.711958692700136453e-07 8.591792720835655928e-05
1.600000000000000000e+04 4.832641207030974329e-05 9.497134306002408266e-05 7.298003765754401684e-07 1.171763983620621730e-06 4.977019852958619595e-04 6.542448772961506620e-06 4.338785220170393586e-05 1.018555940390797332e-05 1.108577635022811592e-06 8.612495730631053448e-05
1.650000000000000000e+04 6.327989103738218546e-05 1.213581708725541830e-04 1.344131533187464811e-06 9.246290915143617895e-07 4.408009990584105253e-04 8.586331205151509494e-06 5.524580046767368913e-05 4.156539034738671035e-06 4.612623342836741358e-06 1.473970332881435752e-04
1.700000000000000000e+04 5.166593109606765211e-05 1.156885628006421030e-04 1.292609908887243364e-06 8.650502536511339713e-07 3.979566390626132488e-04 8.281259397335816175e-06 5.171270458959043026e-05 4.211578925605863333e-06 4.859922228206414729e-06 1.795876596588641405e-04
1.750000000000000000e+04 4.817851004190742970e-05 1.158757877419702709e-04 3.098371962551027536e-06 8.074148922787571792e-07 4.449095868039876223e-04 6.937551461305702105e-06 3.852448207908309996e-05 7.170358458097325638e-06 3.563161271813441999e-06 1.274204696528613567e-04
1.800000000000000000e+04 4.807577352039515972e-05 1.050991122610867023e-04 2.356801360292593017e-06 6.416149176402541343e-07 4.172240442130714655e-04 7.089941391313914210e-06 3.308120722067542374e-05 7.926056241558399051e-06 4.954285486746812239e-06 1.343852491118013859e-04
1.850000000000000000e+04 4.217491004965268075e-05 7.857248419895768166e-05 1.413898303326277528e-06 7.920696702967688907e-07 3.344100550748407841e-04 8.684704880579374731e-06 2.783071795420255512e-05 1.076590524462517351e-05 8.027672606658597942e-07 1.278351701330393553e-04
1.900000000000000000e+04 3.943838601117022336e-05 6.353988283080980182e-05 1.029403392749372870e-06 7.258690857270266861e-07 2.984527964144945145e-04 8.564056770410388708e-06 2.643694642756599933e-05 6.400084657798288390e-06 6.787201414226728957e-07 1.310963707510381937e-04
1.950000000000000000e+04 3.312036278657615185e-05 7.706470933044329286e-05 1.284980271520907991e-06 2.396890010913921287e-07 2.218649024143815041e-04 6.553661023644963279e-06 2.987112929986324161e-05 7.581723366456571966e-06 1.267858351639006287e-05 2.482473501004278660e-04
2.000000000000000000e+04 2.680277248146012425e-05 7.449767144862562418e-05 8.789119760876928922e-07 2.115695423299257527e-07 2.058574609691277146e-04 5.654819233313901350e-06 2.764415876299608499e-05 5.860717919858871028e-06 1.555752714921254665e-05 2.738044713623821735e-04
2.050000000000000000e+04 3.206233668606728315e-05 1.087655618903227150e-04 1.077305682883888949e-06 1.118387444876134396e-06 2.065305452561005950e-04 6.857448624941753224e-06 9.481705637881532311e-05 4.643602551368530840e-06 2.345536358916433528e-06 4.844676877837628126e-04
2.100000000000000000e+04 2.796040098473895341e-05 9.116856381297111511e-05 1.058247107721399516e-06 7.527241336902079638e-07 1.696223916951566935e-04 6.128553650341928005e-06 8.522033749613910913e-05 2.923288093370501883e-06 2.889955794671550393e-06 5.676152650266885757e-04
2.150000000000000000e+04 2.730500636971555650e-05 5.943369251326657832e-05 6.367707783283549361e-07 9.052923815033864230e-07 1.345819619018584490e-04 4.811898179468698800e-06 3.348507743794471025e-05 2.824868943207548000e-06 1.483493292653292883e-06 4.166430735494941473e-04
2.200000000000000000e+04 2.360329381190240383e-05 4.827218072023242712e-05 3.578139455839846050e-07 7.030525353002303746e-07 1.214062285725958645e-04 4.255965905031189322e-06 2.811488047882448882e-05 1.768496417753340211e-06 1.085753751794982236e-06 4.960667574778199196e-04
2.250000000000000000e+04 3.059046139242127538e-05 8.692259143572300673e-05 4.735615846129803685e-07 2.835043630966538331e-07 3.694616025313735008e-04 4.454344889381900430e-06 4.202650961815379560e-05 3.414288130443310365e-06 8.758856324675434735e-07 8.939432154875248671e-05
2.300000000000000000e+04 2.911527735705021769e-05 7.370599632849916816e-05 3.361778340149612632e-07 2.377504841888367082e-07 3.341640694998204708e-04 4.361528681329218671e-06 3.915920024155639112e-05 4.084965894435299560e-06 7.765719942653959151e-07 8.431874448433518410e-05
2.350000000000000000e+04 2.970431705762166530e-05 5.667817822541110218e-05 3.480513726117351325e-07 2.015754319018014940e-07 1.369070523651316762e-04 4.865078608418116346e-06 4.897105827694758773e-05 1.547448300698306412e-05 3.834297217508719768e-07 4.668311448767781258e-04
2.400000000000000000e+04 2.537702675908803940e-05 5.428509393823333085e-05 6.204990086189354770e-07 2.370418741293178755e-07 1.154345882241614163e-04 4.853622613154584542e-06 4.014436126453801990e-05 2.028881499427370727e-05 1.162129478871065658e-06 5.400261143222451210e-04
2.450000000000000000e+04 2.461268377373926342e-05 5.729860276915132999e-05 1.117555598284525331e-06 2.545628490224771667e-07 9.745603892952203751e-05 4.930936938762897626e-06 3.042899516003672034e-05 6.742043751728488132e-06 2.093457624141592532e-06 3.586445527616888285e-04
2.500000000000000000e+04 1.895555396913550794e-05 4.866238668910227716e-05 6.796483944526698906e-07 2.882435126139171189e-07 8.757272735238075256e-05 4.504725893639260903e-06 2.413186302874237299e-05 6.459490577981341630e-06 2.124850880136364140e-06 3.781713021453469992e-04
2.550000000000000000e+04 2.286122798977885395e-05 3.447374911047518253e-05 3.292343819794041337e-07 6.162911745377641637e-07 1.512702147010713816e-04 3.873824425681959838e-06 3.206151450285688043e-05 1.024926859827246517e-06 2.435470833006547764e-06 1.131625467678532004e-04
2.600000000000000000e+04 1.895685090858023614e-05 3.088570883846841753e-05 2.018551157334513846e-07 5.519306114365463145e-07 1.432231510989367962e-04 3.610081193983205594e-06 3.776422090595588088e-05 7.186707193795882631e-07 2.774797621896141209e-06 1.317653077421709895e-04
2.650000000000000000e+04 2.027929440373554826e-05 5.282832717057317495e-05 4.972209808329353109e-07 2.616003200728300726e-07 1.187239031423814595e-04 3.528422212184523232e-06 4.252728831488639116e-05 4.885128873866051435e-06 4.380739540010836208e-07 3.665013064164668322e-04
2.700000000000000000e+04 1.651122875045984983e-05 3.946391007048077881e-05 3.873191758430039044e-07 2.388119071383698611e-07 1.107427669921889901e-04 3.396623242224450223e-06 3.960701724281534553e-05 8.928029274102300406e-06 4.080935411820973968e-07 4.059386556036770344e-04
2.750000000000000000e+04 1.632852399779949337e-05 2.330927964067086577e-05 3.117439177913183812e-07 4.169012584043230163e-07 7.270152855198830366e-05 3.288862899353262037e-06 2.393526665400713682e-05 4.287909689537627855e-07 2.844284097136551281e-07 5.440528620965778828e-04
2.800000000000000000e+04 1.355679887637961656e-05 1.951093508978374302e-05 2.123457676361795166e-07 2.717225981996307382e-07 6.318928353721275926e-05 3.088422090513631701e-06 1.986888310057111084e-05 2.708657689254323486e-07 4.834288915844808798e-07 6.309694726951420307e-04
2.850000000000000000e+04 1.877413160400465131e-05 4.451394852367229760e-05 6.092816988712002058e-07 5.434955028249532916e-07 2.853664336726069450e-04 3.364375970704713836e-06 2.289864278282038867e-05 3.257845037296647206e-06 8.471127443954173941e-07 2.807787495839875191e-05
2.900000000000000000e+04 1.750871706462930888e-05 3.777383244596421719e-05 4.778713673658785410e-07 4.032600315895251697e-07 2.680257894098758698e-04 3.422748932280228473e-06 2.019991552515421063e-05 1.627122969694028143e-06 6.015119424773729406e-07 2.554187085479497910e-05
2.950000000000000000e+04 1.730549047351814806e-05 5.102517025079578161e-05 3.648168274139607092e-07 3.764218377000361215e-07 1.227994944201782346e-04 3.199040975232492201e-06 3.399161505512893200e-05 6.405103363249509130e-07 4.860093554270861205e-07 4.796130815520882607e-04
3.000000000000000000e+04 1.535266346763819456e-05 4.775096749654039741e-05 3.036545876966556534e-07 3.084505806327797472e-07 1.055406974046491086e-04 3.332276264700340107e-06 4.094383257324807346e-05 5.391746640270866919e-07 4.660427634917141404e-07 5.753122968599200249e-04
3.050000000000000000e+04 1.819942917791195214e-05 4.394372808746993542e-05 4.112217197871359531e-07 3.682377496261324268e-07 1.386056828778237104e-04 3.547323785824119113e-06 2.972426591441035271e-05 7.398994057439267635e-07 9.830556280121527379e-08 1.657690299907699227e-04
3.100000000000000000e+04 1.580678690515924245e-05 3.775450022658333182e-05 3.013708180787944002e-07 3.463279369952942943e-07 1.248903136001899838e-04 3.175538722643977962e-06 2.937845965789165348e-05 1.750925207488762680e-06 5.528842095259278722e-08 1.762705651344731450e-04
3.150000000000000000e+04 1.497489392932038754e-05 9.774986210686620325e-06 3.055728825529513415e-07 2.222066228796393261e-07 1.979776970983948559e-05 3.291169832664309070e-06 2.409578519291244447e-05 6.528979383801924996e-07 4.101584920590539696e-07 1.019972027279436588e-03
3.200000000000000000e+04 1.162384160124929622e-05 9.284118277719244361e-06 2.609910723094799323e-07 2.012349540336799691e-07 1.631576924410182983e-05 3.235503299947595224e-06 2.059284452116116881e-05 1.720446334729786031e-06 4.419788979248551186e-07 1.157962367869913578e-03
3.250000000000000000e+04 1.682016772974748164e-05 5.806895933346822858e-05 1.488931161475193221e-06 3.300040134490700439e-07 1.359698217129334807e-04 3.955854481318965554e-06 2.463026248733513057e-05 1.130422333517344669e-05 9.567378356223343872e-07 4.166754370089620352e-04
3.300000000000000000e+04 1.325256562267895788e-05 5.386859265854582191e-05 1.306523586208641063e-06 2.324824066590736038e-07 1.224604347953572869e-04 3.524095518514513969e-06 2.822764145093970001e-05 1.083458664652425796e-05 1.374625412609020714e-06 4.740501171909272671e-04
3.350000000000000000e+04 2.560412212915252894e-05 4.418648677528835833e-05 3.428531840654613916e-07 1.590898079939506715e-07 8.366834663320332766e-05 3.590274673115345649e-06 1.650370177230797708e-05 2.122923069691751152e-05 2.609960120025789365e-06 3.734866331797093153e-04
3.400000000000000000e+04 1.854918264143634588e-05 3.470884985290467739e-05 2.696401111279556062e-07 1.213557112578200758e-07 6.699121877318248153e-05 3.403296432225033641e-06 1.520261594123439863e-05 1.901635368994902819e-05 4.088568857696373016e-06 4.644686123356223106e-04
3.450000000000000000e+04 1.505329146311851218e-05 2.096266325679607689e-05 3.469810110345861176e-07 5.075033868706668727e-07 3.544102219166234136e-05 3.387053993719746359e-06 4.179055395070463419e-05 1.527270910628431011e-06 1.644529334043909330e-06 1.031453255563974380e-03
3.500000000000000000e+04 1.252076799573842436e-05 1.728819734125863761e-05 2.787854214147955645e-07 3.387819447198125999e-07 2.901216430473141372e-05 3.144159109069732949e-06 3.536817894200794399e-05 1.932783106894930825e-06 1.129818770095880609e-06 1.190131180919706821e-03
3.550000000000000000e+04 1.364928812108701095e-05 2.774930726445745677e-05 3.716081380389368860e-07 2.158227374593479908e-07 4.330366209615021944e-05 3.150317070321762003e-06 1.980232082132715732e-05 1.177734930024598725e-06 1.012816824186302256e-06 8.974840166047215462e-04
3.600000000000000000e+04 1.184370194096118212e-05 2.312841752427630126e-05 3.090089535362494644e-07 1.535521505502401851e-07 3.612471846281550825e-05 2.982842488563619554e-06 1.996226819755975157e-05 1.513938400421466213e-06 5.784398240393784363e-07 1.020326628349721432e-03
3.650000000000000000e+04 1.343990879831835628e-05 3.955420106649398804e-05 9.396171662956476212e-07 1.821905186716321623e-07 6.922430475242435932e-05 3.322194515931187198e-06 3.072620893362909555e-05 6.871584332657221239e-07 5.401810767580172978e-07 5.702172056771814823e-04
3.700000000000000000e+04 1.209391666634473950e-05 2.694915565371047705e-05 5.230738793216005433e-07 1.727166676346314489e-07 5.710520781576633453e-05 3.556117462721886113e-06 2.697035233722999692e-05 8.150838084475253709e-07 7.324925377361068968e-07 6.786209414713084698e-04
3.750000000000000000e+04 1.423912453901721165e-05 7.651838132005650550e-06 8.340054478139791172e-07 4.073662864811922191e-07 8.471239198115654290e-06 3.008901785506168380e-06 1.985299240914173424e-05 2.310254103576880880e-06 9.099454132410755847e-07 1.978570129722356796e-03
3.800000000000000000e+04 1.106967920350143686e-05 5.388766112446319312e-06 5.442454380499839317e-07 3.148501548366766656e-07 6.196514277689857408e-06 2.716842800509766676e-06 1.535712908662389964e-05 2.586137725302251056e-06 5.795424158350215293e-07 2.151455031707882881e-03
3.850000000000000000e+04 1.294635058002313599e-05 2.519012923585250974e-05 5.646316481033863965e-07 1.812777554732747376e-07 1.016550377244129777e-04 3.040194997083744965e-06 1.304268698731902987e-05 1.328624762209074106e-06 5.528389124265231658e-07 3.000390133820474148e-04
3.900000000000000000e+04 1.088747922040056437e-05 1.627755955269094557e-05 4.427363933245942462e-07 1.358136643148100120e-07 8.331154094776138663e-05 2.830200173775665462e-06 1.101052839658223093e-05 1.780612024049332831e-06 4.263685866590094520e-07 4.000475455541163683e-04
3.950000000000000000e+04 1.233038619830040261e-05 2.011355718423146755e-05 3.608350027661799686e-07 1.033323542287689634e-07 1.436048914911225438e-04 2.523830971767893061e-06 1.067421635525533929e-05 5.614315341517794877e-06 2.045896678737335606e-07 1.087726559489965439e-04
4.000000000000000000e+04 9.886341103992890567e-06 2.041434890998061746e-05 2.986188007980672410e-07 9.499289888026396511e-08 1.349087979178875685e-04 2.255587105537415482e-06 1.089472698367899284e-05 5.364151093090185896e-06 1.888026588403590722e-07 1.393364800605922937e-04
4.050000000000000000e+04 1.398997301294002682e-05 1.535059709567576647e-05 4.294543600735778455e-07 1.431975107379912515e-07 3.733267658390104771e-05 2.479939212207682431e-06 1.213031464430969208e-05 1.544509927953185979e-06 3.835392305973073235e-07 1.049743732437491417e-03
4.100000000000000000e+04 1.117504780268063769e-05 1.221862930833594874e-05 3.401656272217223886e-07 1.685544646079506492e-07 3.442294473643414676e-05 2.381447302468586713e-06 1.205157514050370082e-05 1.203222950607596431e-06 5.070925794825598132e-07 1.151661970652639866e-03
4.150000000000000000e+04 1.192212039313744754e-05 7.372052550635999069e-06 5.706058914256573189e-07 4.739807479836599668e-07 1.655469714023638517e-05 2.205338432759162970e-06 1.140965287049766630e-05 4.075994638697011396e-06 4.492555660817743046e-07 4.767933569382876158e-04
4.200000000000000000e+04 8.763262485445011407e-06 4.666982022172305733e-06 4.035057372675510123e-07 3.071033631840691669e-07 1.255465394933708012e-05 2.125667379004880786e-06 1.101368616218678653e-05 3.041793434022110887e-06 5.875844522051920649e-07 6.197090842761099339e-04
4.250000000000000000e+04 9.479367690801154822e-06 9.203674380842130631e-06 3.681812472677847836e-07 2.590368524124642136e-07 3.037761962332297117e-05 2.002630481001688167e-06 1.126053666666848585e-05 3.584462092476314865e-06 9.940258678398095071e-07 1.512486254796385765e-03
4.300000000000000000e+04 7.869302862673066556e-06 7.507029295084066689e-06 2.959045843908825191e-07 1.558349538299808046e-07 2.684686842258088291e-05 1.948377075677854009e-06 8.854554835124872625e-06 4.073511263413820416e-06 6.425740934901114088e-07 1.550492248497903347e-03
4.350000000000000000e+04 9.541224244458135217e-06 3.084346644754987210e-06 4.566723532661853824e-07 1.578375474764470709e-07 5.638480160996550694e-06 2.015856580328545533e-06 1.069352038030046970e-05 1.255233087249507662e-06 1.798123037133336766e-07 2.036588266491889954e-03
4.400000000000000000e+04 7.702723451075144112e-06 2.397044227109290659e-06 3.138624720122606959e-07 1.377392209178651683e-07 3.997436579084023833e-06 1.942398512255749665e-06 8.656259524286724627e-06 9.020386073643749114e-07 2.132901926188424113e-07 2.097638323903083801e-03
4.450000000000000000e+04 1.188690202980069444e-05 2.400741686869878322e-05 7.796612067068053875e-07 3.175105689479096327e-07 2.607003989396616817e-05 2.351307784920209087e-06 6.041103461029706523e-06 3.442555453148088418e-06 4.734504557291074889e-07 9.532931144349277020e-04
4.500000000000000000e+04 9.729004887049086392e-06 1.807709122658707201e-05 4.683307111008616630e-07 1.620938974156160839e-07 2.175850931962486356e-05 1.942315066116861999e-06 5.965815489616943523e-06 2.450291276545613073e-06 8.638934332338976674e-07 9.914176771417260170e-04
4.550000000000000000e+04 8.442366379313170910e-06 5.999380846333224326e-06 3.035703741716133663e-07 2.264757910097614513e-07 1.647141289140563458e-05 1.662503336774534546e-06 8.786414582573343068e-06 7.203258974186610430e-06 9.739939059727475978e-07 1.602672855369746685e-03
4.600000000000000000e+04 6.633958946622442454e-06 5.086926194053376094e-06 2.052841239219560521e-07 2.020595104568201350e-07 1.338539914286229759e-05 1.504222609582939185e-06 7.183280104072764516e-06 5.821878858114359900e-06 5.999189625072176568e-07 1.751949312165379524e-03
4.650000000000000000e+04 7.768180694256443530e-06 1.897412948892451823e-05 2.512445576030586381e-07 1.179896571557037532e-07 2.968010630866046995e-05 1.483884034314542077e-06 8.044611604418605566e-06 2.715168875511153601e-06 5.374047304940177128e-07 6.891203229315578938e-04
4.700000000000000000e+04 6.593970738322241232e-06 1.495698506914777681e-05 1.870183439223183086e-07 8.839062815013676300e-08 2.597380080260336399e-05 1.409644482919247821e-06 8.531295861757826060e-06 2.721857981669018045e-06 4.195634062398312381e-07 7.007705280557274818e-04
4.750000000000000000e+04 6.106262844696175307e-06 5.632493866869481280e-06 3.935924439701921074e-07 1.088295746853873425e-07 1.820387660700362176e-05 1.564964463796059135e-06 1.103742488339776173e-05 1.099812607208150439e-06 5.596766641247086227e-07 1.737647107802331448e-03
4.800000000000000000e+04 5.202105512580601498e-06 3.670166961455834098e-06 3.181204988322861027e-07 9.493363251067421515e-08 1.325437551713548601e-05 1.614559096196899191e-06 1.023996628646273166e-05 1.069389895747008268e-06 4.305413767724530771e-07 1.948007149621844292e-03
4.850000000000000000e+04 5.035703452449524775e-06 6.347253929561702535e-06 2.334191293584808591e-07 1.215806122445428628e-07 2.529701305320486426e-05 1.574290877215389628e-06 9.415364729647990316e-06 1.957606400537770241e-06 7.693130896768707316e-07 5.365744000300765038e-04
4.900000000000000000e+04 4.396883468871237710e-06 1.183505719382083043e-05 2.555154878791654482e-07 1.177595052581636992e-07 2.150058389815967530e-05 1.362064267595997080e-06 1.553747824800666422e-05 2.980114459205651656e-06 7.723564294792595319e-07 6.488321232609450817e-04
4.950000000000000000e+04 6.543478320963913575e-06 3.098621164099313319e-06 1.083921645772534248e-07 9.408767454033295508e-08 8.482997145620174706e-06 1.346878093499981333e-06 7.999860827112570405e-06 2.176859197788871825e-06 4.421802657361695310e-07 1.706196693703532219e-03
5.000000000000000000e+04 5.422096819529542699e-06 2.468358616170007735e-06 8.821217534205061384e-08 6.428236787314745015e-08 7.252629984577652067e-06 1.316757902714016382e-06 7.228765298350481316e-06 1.609753894626919646e-06 3.217086543827463174e-07 1.782855018973350525e-03
5.050000000000000000e+04 1.053730102285044268e-05 4.350837571109877899e-06 1.429172471034689806e-06 3.407387794140959159e-07 5.151036475581349805e-06 1.380997673550155014e-06 1.060514568962389603e-05 1.170748760159767698e-06 2.433179417948849732e-07 2.302913228049874306e-03
5.100000000000000000e+04 7.512932370445923880e-06 2.523225248296512291e-06 7.759044819977134466e-07 1.859844189766590716e-07 3.756384558073477820e-06 1.388031137139478233e-06 8.672981493873521686e-06 7.801689889674889855e-07 3.251939233450684696e-07 2.398206619545817375e-03
5.150000000000000000e+04 8.493379937135614455e-06 1.538480682938825339e-05 7.450710768353019375e-07 1.180514033194413059e-07 2.693580790946725756e-05 1.524603135294455569e-06 6.474866495409514755e-06 1.770854510141361970e-06 8.985200139477456105e-08 1.251532929018139839e-03
5.200000000000000000e+04 7.174933671194594353e-06 1.180852268589660525e-05 5.585199005508911796e-07 7.366431731270495220e-08 2.305502675881143659e-05 1.272384110961866099e-06 6.778400347684510052e-06 2.394498324065352790e-06 1.328101717490426381e-07 1.296430360525846481e-03
5.250000000000000000e+04 8.112491741485428065e-06 3.105229552602395415e-05 3.905375081103557022e-07 8.427696940316309338e-08 1.089459692593663931e-04 1.304000193158572074e-06 5.631971816910663620e-06 3.164632971675018780e-06 2.261315330542856827e-07 2.458224480506032705e-04
5.300000000000000000e+04 6.358505743264686316e-06 2.167749153159093112e-05 3.174682206008583307e-07 7.985402561416776734e-08 9.349259198643267155e-05 1.292055571866512764e-06 7.734636710665654391e-06 2.485746108504827134e-06 2.892971338042116258e-07 2.533851948101073503e-04
5.350000000000000000e+04 5.481518655869876966e-06 2.457599066474358551e-06 2.838495163359766593e-07 1.170382759596577671e-07 4.609796178556280211e-06 1.240093183696444612e-06 7.029211246845079586e-06 3.267863121436676010e-06 2.391024338521674508e-07 1.580766285769641399e-03
5.400000000000000000e+04 4.550538051262265071e-06 1.648368311180092860e-06 2.237955669670554926e-07 8.384995453525334597e-08 3.101658421655884013e-06 1.125802896240202244e-06 5.590226010099286214e-06 2.130114808096550405e-06 2.337243785177633981e-07 1.789164380170404911e-03
5.450000000000000000e+04 8.438142685918137431e-06 3.819684934569522738e-06 1.648659520014916779e-07 9.762667474433328607e-08 3.944457603211048990e-06 1.036386606756423134e-06 8.972268005891237408e-06 1.108669266614015214e-06 4.356930389803892467e-07 2.242260146886110306e-03
5.500000000000000000e+04 5.994951152388239279e-06 2.220656142526422627e-06 1.362532344728606404e-07 6.411816855234064860e-08 3.446210257607162930e-06 9.377340006722079124e-07 6.328630206553498283e-06 1.930019834617269225e-06 7.419016583298798651e-07 2.287079347297549248e-03
5.550000000000000000e+04 1.300543954130262136e-05 1.898587652249261737e-05 3.080631927332433406e-07 5.901077884118421935e-07 4.150761378696188331e-05 1.238505774381337687e-06 9.686209523351863027e-06 5.465127742354525253e-06 5.634378226204717066e-07 1.311768661253154278e-03
5.600000000000000000e+04 9.143665010924451053e-06 1.312881158810341731e-05 3.270294541835028213e-07 2.843193271928612376e-07 1.975728446268476546e-05 1.293889454245800152e-06 6.720138571836287156e-06 4.361872015579137951e-06 3.046368988179892767e-07 1.609494676813483238e-03
5.650000000000000000e+04 7.254298907355405390e-06 2.129852691723499447e-05 8.930450690058933105e-07 7.335289069487771485e-07 3.403109076316468418e-05 1.225494429490936454e-06 6.035083060851320624e-06 4.453934707271400839e-06 2.676252677247248357e-07 8.113982039503753185e-04
5.700000000000000000e+04 5.813659299747087061e-06 1.746521775203291327e-05 5.197314862925850321e-07 4.488363174459664151e-07 2.566109287727158517e-05 1.078181526281696279e-06 4.841658665100112557e-06 8.715645890333689749e-06 2.769031937077670591e-07 9.089591912925243378e-04
5.750000000000000000e+04 5.131501893629319966e-06 3.312030685265199281e-06 2.433346253383206204e-07 9.385486521296115825e-08 4.088764399057254195e-06 9.890060255202115513e-07 7.380641363852191716e-06 2.803188408506684937e-06 4.662256287701893598e-07 1.889817998744547367e-03
5.800000000000000000e+04 4.094301857548998669e-06 2.646929942784481682e-06 1.795724529074504972e-07 6.072893654618383152e-08 3.567568228390882723e-06 9.045490969583624974e-07 7.349657607846893370e-06 2.645809900059248321e-06 8.420813060183718335e-07 1.951172482222318649e-03
5.850000000000000000e+04 6.577815838681999594e-06 1.087326563720125705e-05 8.901516821424593218e-07 2.574584812009561574e-07 3.109327735728584230e-05 9.457223200115549844e-07 8.065751899266615510e-06 3.007986606462509371e-06 3.191990174400416436e-07 1.368841389194130898e-03
5.900000000000000000e+04 5.612070708593819290e-06 5.903499186388216913e-06 6.580339686479419470e-07 1.519545378414477454e-07 2.521629539842251688e-05 9.317812441622663755e-07 6.144531198515323922e-06 1.676193505772971548e-06 1.758185987910110271e-07 1.610452774912118912e-03
5.950000000000000000e+04 5.510818937182193622e-06 2.307821523572783917e-05 5.474522595250164159e-07 1.255030213087593438e-07 6.952672265470027924e-05 1.005797116704343352e-06 5.568760570895392448e-06 3.993030532001284882e-06 3.680972895381273702e-07 9.336005314253270626e-05
6.000000000000000000e+04 4.644881300919223577e-06 1.514513951406115666e-05 3.801048649165750248e-07 1.159079445756105997e-07 5.784945460618473589e-05 1.018100306282576639e-06 6.470742391684325412e-06 3.720141421581502073e-06 4.965475568496913183e-07 9.297303040511906147e-05
6.050000000000000000e+04 5.029719886806560680e-06 1.718002181405609008e-06 2.528660161260631867e-07 9.207985840475885198e-08 4.383229224913520738e-06 9.014271995511080604e-07 3.151375040033599362e-06 1.628874883863318246e-06 2.296164041126758093e-07 2.030199859291315079e-03
6.100000000000000000e+04 3.920634298992808908e-06 1.186714030154689681e-06 2.019543074993634946e-07 7.658615430727877538e-08 2.994104306708322838e-06 7.962135555317217950e-07 2.488972313585691154e-06 1.791649651750049088e-06 2.454584944189264206e-07 2.182638272643089294e-03
6.150000000000000000e+04 4.228428679198259488e-06 5.853424681845353916e-06 4.469170562515500933e-07 1.489164276335941395e-07 1.277635510632535443e-05 9.845323347690282390e-07 3.103897597611648962e-06 2.054984634014545009e-06 1.786069248055355274e-07 1.486863708123564720e-03
6.200000000000000000e+04 3.632704192568780854e-06 3.583735860956949182e-06 3.352272415213519707e-07 8.659485928319554660e-08 1.050179253070382401e-05 8.916082947507675271e-07 3.038774593733251095e-06 1.449530827812850475e-06 2.079300429613795131e-07 1.619240501895546913e-03
6.250000000000000000e+04 5.878216143173631281e-06 3.799510068347444758e-06 2.724196122017019661e-07 4.912569124826404732e-07 5.253453764453297481e-06 7.485754736080707517e-07 3.321839812997495756e-06 6.323883781078620814e-07 1.277917078823520569e-07 1.743206288665533066e-03
6.300000000000000000e+04 4.430219178175320849e-06 2.420151986370910890e-06 2.099343845429757494e-07 2.807186660902516451e-07 4.443353191163623706e-06 7.461993050128512550e-07 3.637228019215399399e-06 1.124581899603072088e-06 1.260968502947434899e-07 1.867046230472624302e-03
6.350000000000000000e+04 3.807379243880859576e-06 1.271882752007513773e-06 1.379056726591443294e-07 7.472920771078861435e-08 3.780532779273926280e-06 6.831176619925827254e-07 2.957184278784552589e-06 9.012355803861282766e-07 1.841361836341093294e-07 1.909203361719846725e-03
6.400000000000000000e+04 3.000691549459588714e-06 1.162339799520850647e-06 1.245769709612432052e-07 5.380545786692891852e-08 3.279691327406908385e-06 6.821979354754148517e-07 2.838864929799456149e-06 1.727623384795151651e-06 3.537608392889524112e-07 2.009492367506027222e-03
6.450000000000000000e+04 4.953354164172196761e-06 2.140983451681677252e-05 2.223355011210514931e-07 1.100547635246584832e-07 2.427350409561768174e-05 7.997708166840311605e-07 2.636276576595264487e-06 5.548793637899507303e-07 3.510987767185724806e-07 1.288674888201057911e-03
6.500000000000000000e+04 4.199027443974046037e-06 1.318502472713589668e-05 2.470675894983287435e-07 9.067467487966496265e-08 2.159808718715794384e-05 7.583329875160416123e-07 2.960605115731596015e-06 1.786629582056775689e-07 2.287860212391024106e-07 1.361258211545646191e-03
6.550000000000000000e+04 3.427647470743977465e-06 1.063412037183297798e-05 7.466967133495927555e-08 9.496205422010461916e-08 4.491111030802130699e-05 6.074453722249018028e-07 2.218761665062629618e-06 1.431291707376658451e-06 1.077404832017236913e-07 9.125620708800852299e-04
6.600000000000000000e+04 2.948520432255463675e-06 9.335457434644922614e-06 5.658745294567779638e-08 6.855481871070878697e-08 4.180708492640405893e-05 6.289135399129008874e-07 2.176989710278576240e-06 1.481332333241880406e-06 9.939923728552457760e-08 9.878235869109630585e-04
6.650000000000000000e+04 3.676985215861350298e-06 7.384128366538789123e-06 1.930544755168739357e-07 6.573589672598245670e-08 2.927730201918166131e-05 6.880043770252086688e-07 4.049197286803973839e-06 1.559971110509650316e-06 4.618159721303527476e-07 3.006052866112440825e-04
6.700000000000000000e+04 3.380725502211134881e-06 5.544765372178517282e-06 1.411343930612929398e-07 4.828670441270332958e-08 2.426590253890026361e-05 6.658332267761579715e-07 3.860507149511249736e-06 1.566065634506230708e-06 4.759038176871399628e-07 3.791714552789926529e-04
6.750000000000000000e+04 1.673209044383838773e-04 4.007668467238545418e-04 4.840517249249387532e-06 7.924038072815164924e-06 8.213087567128241062e-04 1.250969307875493541e-05 5.589656575466506183e-05 7.251935585372848436e-06 6.825686341471737251e-06 4.748329520225524902e-04
6.800000000000000000e+04 6.418218254111707211e-05 1.329513906966894865e-04 3.758763568839640357e-06 4.557621195999672636e-06 5.951443454250693321e-04 1.136353421316016465e-05 4.531399463303387165e-05 2.150522959709633142e-06 4.085760338057298213e-06 1.997840881813317537e-04
6.850000000000000000e+04 2.860025233530905098e-05 4.288128548068925738e-05 1.383362018714251462e-06 2.203328904215595685e-06 2.388997963862493634e-04 5.529731879505561665e-06 1.306771446252241731e-05 1.834443196457868908e-06 2.186528263337095268e-06 5.364088574424386024e-04
6.900000000000000000e+04 2.161739394068717957e-05 3.710571763804182410e-05 9.505027946943300776e-07 1.444252120563760400e-06 1.641606359044089913e-04 3.497438228805549443e-06 6.558972472703317180e-06 1.174194039776921272e-06 1.345248961115430575e-06 6.562789203599095345e-04
6.950000000000000000e+04 1.910672835947480053e-05 3.788495814660564065e-05 5.022130835641291924e-07 2.219602947661769576e-06 1.377606968162581325e-04 2.428978177704266272e-06 9.001361831906251609e-06 7.898257194938196335e-07 1.621492287995351944e-06 6.304109701886773109e-04
7.000000000000000000e+04 1.578018782311119139e-05 2.961428799608256668e-05 2.817544384470238583e-07 1.412558276570052840e-06 9.936194692272692919e-05 1.780099978532234672e-06 7.183351499406853691e-06 5.169537189431139268e-07 1.504471015323360916e-06 7.945727556943893433e-04
7.050000000000000000e+04 2.099531229760032147e-05 7.305040344363078475e-05 3.876799041790945921e-07 1.078918330676970072e-06 2.606181078590452671e-04 1.882477249637304340e-06 8.567728400521446019e-06 8.774396746957791038e-07 1.294094545301049948e-06 3.711889148689806461e-04
7.100000000000000000e+04 1.384386723657371476e-05 5.939928450970910490e-05 3.440002558363630669e-07 6.058029953237564769e-07 2.051628252957016230e-04 1.527310701021633577e-06 4.786208137375069782e-06 1.969134928003768437e-06 4.125674308852467220e-07 4.819114692509174347e-04
7.150000000000000000e+04 9.478775609750300646e-06 1.394944865751313046e-05 2.558441281053092098e-07 5.559023179557698313e-07 7.135525811463594437e-05 1.347409238405816723e-06 2.973652954096905887e-06 3.850437053642963292e-07 1.686801397227100097e-06 8.605672046542167664e-04
7.200000000000000000e+04 7.895944690972100943e-06 1.058589441527146846e-05 1.867574468406019150e-07 2.509914054371620296e-07 3.367800309206359088e-05 1.275653744414739776e-06 2.387308313700486906e-06 7.539176181126094889e-07 1.842661163209413644e-06 1.302019227296113968e-03
7.250000000000000000e+04 1.227134998771362007e-05 1.021861407934920862e-05 4.558613113658793736e-07 5.194980303713236935e-07 3.037204442080110312e-05 9.956505664376891218e-07 2.940917966043343768e-06 2.373602683292119764e-06 1.244805162059492432e-06 9.745436836965382099e-04
7.300000000000000000e+04 6.476696398749481887e-06 6.754978130629751831e-06 3.326753699184337165e-07 3.310391605282347882e-07 1.462379441363736987e-05 8.253674081970530096e-07 3.423414909775601700e-06 2.177492660848656669e-06 1.198384438794164453e-06 1.394700026139616966e-03
7.350000000000000000e+04 7.569977697130525485e-06 3.810778434854000807e-05 2.743426819051819621e-07 3.512636510549782543e-07 1.254703674931079149e-04 9.436650429961446207e-07 7.568763066956307739e-06 1.902630089034573757e-07 3.604069718221580843e-07 2.177989226765930653e-04
7.400000000000000000e+04 5.509758921107277274e-06 2.651686372701078653e-05 2.012153572650277056e-07 1.590388052363778115e-07 1.035174282151274383e-04 7.813525257915898692e-07 5.887448878638679162e-06 1.485330017203523312e-06 3.523894065438071266e-07 2.680957841221243143e-04
