# step, loss_train, loss_test, metrics_test
0.000000000000000000e+00 1.160791981965303421e-02 1.563397049903869629e-01 5.901428870856761932e-03 3.445314476266503334e-03 1.550110056996345520e-03 1.166529953479766846e-02 1.202205866575241089e-01 5.928271915763616562e-03 2.972044749185442924e-03 4.368194378912448883e-03
5.000000000000000000e+02 8.752891444601118565e-04 1.250907331705093384e-01 9.411659266334027052e-05 1.168210728792473674e-04 1.042363513261079788e-02 8.869531447999179363e-04 1.101753115653991699e-01 6.630420830333605409e-05 1.237696851603686810e-04 1.216578390449285507e-02
1.000000000000000000e+03 9.280294179916381836e-04 1.227004453539848328e-01 6.028289208188652992e-04 5.931123741902410984e-04 9.913941845297813416e-03 9.514327975921332836e-04 1.077442839741706848e-01 3.686123818624764681e-04 7.264289888553321362e-04 1.166423410177230835e-02
1.500000000000000000e+03 1.288493513129651546e-03 9.454223513603210449e-02 1.685931601969059557e-05 1.120112254284322262e-03 1.285119168460369110e-02 1.357376342639327049e-03 8.120527863502502441e-02 9.494490768702235073e-06 2.045366214588284492e-03 1.422531157732009888e-02
2.000000000000000000e+03 2.989912172779440880e-03 4.980181530117988586e-02 2.173710527131333947e-04 4.188071179669350386e-04 1.728133298456668854e-02 2.699750708416104317e-03 3.951183333992958069e-02 8.959088881965726614e-05 8.405173430219292641e-04 1.793321035802364349e-02
2.500000000000000000e+03 2.532058628275990486e-03 2.518701553344726562e-02 1.013386572594754398e-04 7.216282392619177699e-05 2.144651673734188080e-02 2.271291334182024002e-03 1.517195627093315125e-02 1.638600224396213889e-04 1.055149841704405844e-04 2.026855945587158203e-02
3.000000000000000000e+03 1.439820625819265842e-03 1.209943927824497223e-02 8.680113387526944280e-05 9.511853568255901337e-05 2.268309518694877625e-02 1.323204371146857738e-03 7.020568475127220154e-03 1.039971684804186225e-04 1.168442177004180849e-04 2.090807445347309113e-02
3.500000000000000000e+03 1.117246225476264954e-03 7.094048429280519485e-03 7.468088733730837703e-05 1.434077712474390864e-04 2.180588804185390472e-02 9.583445498719811440e-04 4.475386813282966614e-03 3.823417864623479545e-05 1.519535289844498038e-04 2.148783765733242035e-02
4.000000000000000000e+03 1.152423908933997154e-03 5.847157444804906845e-03 4.932566662319004536e-05 9.220423089573159814e-05 2.167277596890926361e-02 9.968325030058622360e-04 3.593164728954434395e-03 2.697989475564099848e-05 9.398436668561771512e-05 2.121432684361934662e-02
4.500000000000000000e+03 1.342678093351423740e-03 6.067645736038684845e-03 4.182604970992542803e-05 9.656770998844876885e-05 1.972787268459796906e-02 1.200831844471395016e-03 4.450269509106874466e-03 2.959571429528295994e-05 1.345636264886707067e-04 1.895263604819774628e-02
5.000000000000000000e+03 1.373108942061662674e-03 5.862059071660041809e-03 6.956390279810875654e-05 1.177232479676604271e-04 1.917772926390171051e-02 1.260234159417450428e-03 4.283990710973739624e-03 3.297409057267941535e-05 1.002363642328418791e-04 1.840079389512538910e-02
5.500000000000000000e+03 1.028778031468391418e-03 4.849092569202184677e-03 5.725134906242601573e-05 1.009010375128127635e-04 1.834625378251075745e-02 9.808788308873772621e-04 3.536907956004142761e-03 6.664927786914631724e-05 7.677138637518510222e-05 1.872477680444717407e-02
6.000000000000000000e+03 1.056908280588686466e-03 3.684331430122256279e-03 6.264581315917894244e-05 1.199467151309363544e-04 1.601820066571235657e-02 9.594670264050364494e-04 1.986031653359532356e-03 1.159248640760779381e-04 1.005403319140896201e-04 1.619305834174156189e-02
6.500000000000000000e+03 1.577266026288270950e-03 2.631864743307232857e-03 1.134079866460524499e-04 1.167508162325248122e-04 1.218456402420997620e-02 1.247317064553499222e-03 8.256619330495595932e-04 8.971545321401208639e-05 1.882849319372326136e-04 1.159226242452859879e-02
7.000000000000000000e+03 1.417278312146663666e-03 2.125000581145286560e-03 2.768105769064277411e-04 1.346742647001519799e-04 1.074763387441635132e-02 1.059652771800756454e-03 6.513852858915925026e-04 3.090112877544015646e-04 1.797882869141176343e-04 1.008354499936103821e-02
7.500000000000000000e+03 1.238579163327813148e-03 1.991728553548455238e-03 2.699025790207087994e-04 2.036807418335229158e-04 1.135677564889192581e-02 8.767833933234214783e-04 3.674504114314913750e-04 3.279486263636499643e-04 1.451135613024234772e-04 1.005977485328912735e-02
8.000000000000000000e+03 1.128717092797160149e-03 1.848918851464986801e-03 1.693123485893011093e-04 2.463019045535475016e-04 1.076816022396087646e-02 7.506418041884899139e-04 3.540659963618963957e-04 2.833430189639329910e-04 1.720550644677132368e-04 9.461866691708564758e-03
8.500000000000000000e+03 1.035075751133263111e-03 1.720382249914109707e-03 1.843710488174110651e-04 1.116656349040567875e-04 9.261146187782287598e-03 6.784697761759161949e-04 4.829944227822124958e-04 2.486140874680131674e-04 9.691682498669251800e-05 8.461670018732547760e-03
9.000000000000000000e+03 9.419971611350774765e-04 1.591016654856503010e-03 3.299138043075799942e-04 1.039865092025138438e-04 8.804786950349807739e-03 5.846131825819611549e-04 5.044679855927824974e-04 2.748038677964359522e-04 1.338859729003161192e-04 7.995807565748691559e-03
9.500000000000000000e+03 9.913704125210642815e-04 1.748572103679180145e-03 2.993179950863122940e-04 1.263832964468747377e-04 8.169571869075298309e-03 6.456932169385254383e-04 5.102278664708137512e-04 5.699925241060554981e-04 1.554351474624127150e-04 7.295438088476657867e-03
1.000000000000000000e+04 9.650071151554584503e-04 1.690894947387278080e-03 3.220194776076823473e-04 1.083278257283382118e-04 7.947750389575958252e-03 6.180623895488679409e-04 4.925414687022566795e-04 6.140011246316134930e-04 1.392217236571013927e-04 7.088018115609884262e-03
1.050000000000000000e+04 1.020079362206161022e-03 1.629413221962749958e-03 3.732752811629325151e-04 1.454072917113080621e-04 8.302597329020500183e-03 5.884028505533933640e-04 6.687784334644675255e-04 3.161903005093336105e-04 3.590008127503097057e-04 7.019315380603075027e-03
1.100000000000000000e+04 1.003931043669581413e-03 1.596432877704501152e-03 3.387730685062706470e-04 1.259278797078877687e-04 8.098999038338661194e-03 5.782880471087992191e-04 6.599235348403453827e-04 2.723822253756225109e-04 3.402110014576464891e-04 6.837587337940931320e-03
1.150000000000000000e+04 7.672045612707734108e-04 1.497650402598083019e-03 3.125532239209860563e-04 1.023973527480848134e-04 8.354428224265575409e-03 4.543151299003511667e-04 3.299249219708144665e-04 4.806833458133041859e-04 2.805533003993332386e-04 7.397013250738382339e-03
1.200000000000000000e+04 7.484717061743140221e-04 1.426403992809355259e-03 2.764617383945733309e-04 9.755605424288660288e-05 8.243313990533351898e-03 4.378023149911314249e-04 3.288117295596748590e-04 3.536678268574178219e-04 3.032810636796057224e-04 7.282461971044540405e-03
1.250000000000000000e+04 7.681095157749950886e-04 1.319417497143149376e-03 2.312196156708523631e-04 8.257215813500806689e-05 8.196437731385231018e-03 4.509737482294440269e-04 2.383232495049014688e-04 3.346927114762365818e-04 2.098233235301449895e-04 7.269067224115133286e-03
1.300000000000000000e+04 7.628776947967708111e-04 1.292495406232774258e-03 2.124112361343577504e-04 8.635780250187963247e-05 8.058333769440650940e-03 4.381720209494233131e-04 2.367730485275387764e-04 3.259381337556988001e-04 2.336005709366872907e-04 7.124646101146936417e-03
1.350000000000000000e+04 9.133289568126201630e-04 1.219851779751479626e-03 2.043626882368698716e-04 8.833563333610072732e-05 7.632355205714702606e-03 4.505631804931908846e-04 2.881804539356380701e-04 3.164237714372575283e-04 5.889122621738351882e-05 6.621388252824544907e-03
1.400000000000000000e+04 9.139340254478156567e-04 1.176910009235143661e-03 2.102354483213275671e-04 1.180649705929681659e-04 7.436076644808053970e-03 4.277153057046234608e-04 3.174032317474484444e-04 3.146627859678119421e-04 1.074985702871344984e-04 6.431957706809043884e-03
1.450000000000000000e+04 8.916429360397160053e-04 1.249127206392586231e-03 1.702084991848096251e-04 1.517454074928537011e-04 6.977011915296316147e-03 4.428147803992033005e-04 4.950033035129308701e-04 2.556814870331436396e-04 3.434819809626787901e-04 6.032244302332401276e-03
1.500000000000000000e+04 8.624370675534009933e-04 1.208838191814720631e-03 1.419098553014919162e-04 1.414046855643391609e-04 6.788953207433223724e-03 4.278233391232788563e-04 4.679233534261584282e-04 3.223792300559580326e-04 3.355385561008006334e-04 5.845115985721349716e-03
1.550000000000000000e+04 6.094190757721662521e-04 1.271240995265543461e-03 1.606430450920015574e-04 2.325904933968558908e-04 7.344356272369623184e-03 3.318603558000177145e-04 2.413012407487258315e-04 1.854625152191147208e-04 2.892709162551909685e-04 6.257694214582443237e-03
1.600000000000000000e+04 5.848611472174525261e-04 1.190659590065479279e-03 1.258763077203184366e-04 2.264868089696392417e-04 7.148261182010173798e-03 3.158313629683107138e-04 2.041082771029323339e-04 1.473376760259270668e-04 2.687503001652657986e-04 6.067421287298202515e-03
1.650000000000000000e+04 7.027056999504566193e-04 1.024458091706037521e-03 7.620877295266836882e-05 1.822599588194862008e-04 6.719643250107765198e-03 3.137802123092114925e-04 1.511049194959923625e-04 1.639276626519858837e-03 3.626618708949536085e-04 5.675125867128372192e-03
1.700000000000000000e+04 6.731304456479847431e-04 9.958229493349790573e-04 8.352892473340034485e-05 1.760315208230167627e-04 6.480709649622440338e-03 2.900388499256223440e-04 1.188343667308799922e-04 1.605519093573093414e-03 3.480356535874307156e-04 5.448005162179470062e-03
1.750000000000000000e+04 5.637165741063654423e-04 9.450112120248377323e-04 1.073695748345926404e-04 1.788086519809439778e-04 6.448596715927124023e-03 2.898581733461469412e-04 1.552096509840339422e-04 1.884994562715291977e-04 2.858671941794455051e-04 5.524760112166404724e-03
1.800000000000000000e+04 5.367249250411987305e-04 9.130733669735491276e-04 9.867017797660082579e-05 1.637024397496134043e-04 6.296077277511358261e-03 2.726773964241147041e-04 1.477935147704556584e-04 1.592344779055565596e-04 2.966041211038827896e-04 5.356009118258953094e-03
1.850000000000000000e+04 5.413327016867697239e-04 9.372708154842257500e-04 7.691052451264113188e-05 1.655669329920783639e-04 5.828678142279386520e-03 2.608357754070311785e-04 1.548185246065258980e-04 2.221731556346639991e-04 1.966345153050497174e-04 4.941025283187627792e-03
1.900000000000000000e+04 5.228606169112026691e-04 9.128224337473511696e-04 6.377229874487966299e-05 1.550980377942323685e-04 5.651920568197965622e-03 2.432439068797975779e-04 1.600271061761304736e-04 1.604309218237176538e-04 1.925608521560207009e-04 4.761846736073493958e-03
1.950000000000000000e+04 5.740060005336999893e-04 8.109111222438514233e-04 7.646634185221046209e-05 1.200940969283692539e-04 5.695861298590898514e-03 2.276944142067804933e-04 1.177080703200772405e-04 1.168177695944905281e-04 4.397700540721416473e-04 4.553305916488170624e-03
2.000000000000000000e+04 5.497919046320021152e-04 7.858776953071355820e-04 8.066910959314554930e-05 1.330025697825476527e-04 5.510536488145589828e-03 2.143332239938899875e-04 1.172116753878071904e-04 9.150867845164611936e-05 4.917400074191391468e-04 4.373379983007907867e-03
2.050000000000000000e+04 5.400070222094655037e-04 9.722789982333779335e-04 1.064586467691697180e-04 1.511046284576877952e-04 6.050555966794490814e-03 2.087602624669671059e-04 2.054863289231434464e-04 3.473171091172844172e-04 1.656351087149232626e-04 4.050512798130512238e-03
2.100000000000000000e+04 5.394002655521035194e-04 9.396126260980963707e-04 8.530529157724231482e-05 1.247298059752210975e-04 5.849864799529314041e-03 2.120052813552320004e-04 1.876124733826145530e-04 4.990181769244372845e-04 1.526874111732468009e-04 3.883563447743654251e-03
2.150000000000000000e+04 5.117231630720198154e-04 7.739005377516150475e-04 1.449145347578451037e-04 1.932736631715670228e-04 4.848734010010957718e-03 2.450400206726044416e-04 1.572319742990657687e-04 1.310511433985084295e-04 3.227100824005901814e-04 3.903688397258520126e-03
2.200000000000000000e+04 5.074442597106099129e-04 7.532119052484631538e-04 1.364546042168512940e-04 1.651225175010040402e-04 4.779974464327096939e-03 2.392339665675535798e-04 1.442228240193799138e-04 1.312653912464156747e-04 2.622120373416692019e-04 3.840699093416333199e-03
2.250000000000000000e+04 4.548048018477857113e-04 8.032566402107477188e-04 1.080810907296836376e-04 1.410772092640399933e-04 5.443133413791656494e-03 1.930354774231091142e-04 1.056099790730513632e-04 2.760599891189485788e-04 2.701263292692601681e-04 4.054116550832986832e-03
2.300000000000000000e+04 4.211592313367873430e-04 7.865633815526962280e-04 1.006760503514669836e-04 1.260042336070910096e-04 5.379703827202320099e-03 1.788546651368960738e-04 1.110369339585304260e-04 2.785969991236925125e-04 2.555987448431551456e-04 3.984789364039897919e-03
2.350000000000000000e+04 4.305891052354127169e-04 7.299497956410050392e-04 8.201626769732683897e-05 6.723979458911344409e-05 4.991963971406221390e-03 1.658617838984355330e-04 1.071417791536077857e-04 2.439326635794714093e-04 2.487447054591029882e-04 3.799399361014366150e-03
2.400000000000000000e+04 4.114887851756066084e-04 7.085574907250702381e-04 8.798146154731512070e-05 6.008564014337025583e-05 4.910939373075962067e-03 1.576405193191021681e-04 1.019811752485111356e-04 3.673040191642940044e-04 2.586171613074839115e-04 3.713387995958328247e-03
2.450000000000000000e+04 3.358331450726836920e-04 7.044145604595541954e-04 9.245295950677245855e-05 1.628845784580335021e-04 4.782850388437509537e-03 1.598757662577554584e-04 6.349029717966914177e-05 2.115877286996692419e-04 1.422239729436114430e-04 3.754776204004883766e-03
2.500000000000000000e+04 3.167138202115893364e-04 6.921772146597504616e-04 8.770988642936572433e-05 1.437930768588557839e-04 4.705500323325395584e-03 1.506229600636288524e-04 5.996549589326605201e-05 2.240066387457773089e-04 1.388503733323886991e-04 3.676679916679859161e-03
2.550000000000000000e+04 2.921354316640645266e-04 5.127040203660726547e-04 9.810482151806354523e-05 6.141290941741317511e-05 4.529410973191261292e-03 1.076185362762771547e-04 9.953476546797901392e-05 2.340897626709192991e-04 7.450696284649893641e-05 3.808028064668178558e-03
2.600000000000000000e+04 2.702718193177133799e-04 4.892803844995796680e-04 1.011057756841182709e-04 6.149530236143618822e-05 4.430367145687341690e-03 9.846925968304276466e-05 1.099556757253594697e-04 2.991846413351595402e-04 7.641290721949189901e-05 3.712027799338102341e-03
2.650000000000000000e+04 3.257170901633799076e-04 6.579732871614396572e-04 9.673966997070237994e-05 7.114959589671343565e-05 4.414685536175966263e-03 1.214638468809425831e-04 1.250350906047970057e-04 7.617017254233360291e-04 7.366894715232774615e-05 3.157590748742222786e-03
2.700000000000000000e+04 3.466457710601389408e-04 6.538510788232088089e-04 9.652886365074664354e-05 6.652023148490116000e-05 4.284446127712726593e-03 1.235719973919913173e-04 1.016598180285654962e-04 9.029905195347964764e-04 7.401460607070475817e-05 3.046273486688733101e-03
2.750000000000000000e+04 3.097831504419445992e-04 5.630691302940249443e-04 1.221901766257360578e-04 8.805179095361381769e-05 3.975376952439546585e-03 1.269319036509841681e-04 8.678460289957001805e-05 2.037890953943133354e-04 1.056320543284527957e-04 3.168751951307058334e-03
2.800000000000000000e+04 3.062840842176228762e-04 5.551053327508270741e-04 1.354260457446798682e-04 8.995744428830221295e-05 3.883007913827896118e-03 1.208089088322594762e-04 6.596498860744759440e-05 2.028671733569353819e-04 1.154597193817608058e-04 3.088988596573472023e-03
2.850000000000000000e+04 3.007867489941418171e-04 5.369154969230294228e-04 1.195084987557493150e-04 8.156263356795534492e-05 3.957334440201520920e-03 9.706508717499673367e-05 8.159306889865547419e-05 3.680896770674735308e-04 5.506517118192277849e-05 3.050675848498940468e-03
2.900000000000000000e+04 2.888660819735378027e-04 5.285184015519917011e-04 1.154825222329236567e-04 7.407269731629639864e-05 3.874168964102864265e-03 9.122238407144322991e-05 8.072937635006383061e-05 4.333390679676085711e-04 3.646772893262095749e-05 2.966315485537052155e-03
2.950000000000000000e+04 2.847048162948340178e-04 5.321188946254551411e-04 1.173013442894443870e-04 7.411328988382592797e-05 4.058658611029386520e-03 1.123688343795947731e-04 6.056914207874797285e-05 2.761346113402396441e-04 9.231630974682047963e-05 3.025643527507781982e-03
3.000000000000000000e+04 2.781250805128365755e-04 5.131533835083246231e-04 1.070186699507758021e-04 5.962649811408482492e-05 3.982469905167818069e-03 9.875149407889693975e-05 5.877595685888081789e-05 3.550345427356660366e-04 5.945854718447662890e-05 2.950917696580290794e-03
3.050000000000000000e+04 2.821988600771874189e-04 5.498888203874230385e-04 1.320140436291694641e-04 4.055458339280448854e-05 4.109861794859170914e-03 7.493763405364006758e-05 6.577029853360727429e-05 5.228552035987377167e-04 6.676160410279408097e-05 2.899612765759229660e-03
3.100000000000000000e+04 2.641630999278277159e-04 5.318837356753647327e-04 1.293745008297264576e-04 4.105046173208393157e-05 4.046855960041284561e-03 6.739660602761432528e-05 7.111977174645289779e-05 5.899909883737564087e-04 6.989709800109267235e-05 2.834444167092442513e-03
3.150000000000000000e+04 2.421622775727882981e-04 4.835105792153626680e-04 1.024419543682597578e-04 4.720869401353411376e-05 3.678103210404515266e-03 8.173473179340362549e-05 8.794069435680285096e-05 4.121988022234290838e-04 5.784675522590987384e-05 2.696219133213162422e-03
3.200000000000000000e+04 2.372087183175608516e-04 4.817597509827464819e-04 8.259486639872193336e-05 4.907046240987256169e-05 3.615599591284990311e-03 7.486961112590506673e-05 8.343104127561673522e-05 8.163439924828708172e-04 6.582694186363369226e-05 2.641997765749692917e-03
3.250000000000000000e+04 2.465233847033232450e-04 4.379904712550342083e-04 1.132540637627243996e-04 4.547763455775566399e-05 3.598586888983845711e-03 6.965071224840357900e-05 2.508377838239539415e-05 1.821266487240791321e-04 3.191882933606393635e-05 2.747046761214733124e-03
3.300000000000000000e+04 2.354822645429521799e-04 4.217665409669280052e-04 1.005450467346236110e-04 4.610771793522872031e-05 3.545351326465606689e-03 6.427495827665552497e-05 3.097522494499571621e-05 1.660562556935474277e-04 3.397641557967290282e-05 2.692656591534614563e-03
3.350000000000000000e+04 2.370582806179299951e-04 5.156669067218899727e-04 1.282876037294045091e-04 4.868873656960204244e-05 3.620248520746827126e-03 6.070260496926493943e-05 9.991398110287263989e-05 5.852399626746773720e-04 2.275794577144552022e-05 2.451570006087422371e-03
3.400000000000000000e+04 2.433990011923015118e-04 5.190844531171023846e-04 1.167457448900677264e-04 4.494932363741099834e-05 3.562819911167025566e-03 5.836322452523745596e-05 9.963960474124178290e-05 5.847205175086855888e-04 2.625998240546323359e-05 2.403142396360635757e-03
3.450000000000000000e+04 2.527550677768886089e-04 4.866985545959323645e-04 7.947463745949789882e-05 2.996787770825903863e-05 3.441986395046114922e-03 7.625834405189380050e-05 7.422836642945185304e-05 1.302437012782320380e-04 2.993034649989567697e-05 2.379288431257009506e-03
3.500000000000000000e+04 2.536825777497142553e-04 4.820752074010670185e-04 8.093436917988583446e-05 2.841635068762116134e-05 3.409950062632560730e-03 7.666581223020330071e-05 6.841374124633148313e-05 1.343865587841719389e-04 2.657367804204113781e-05 2.348872832953929901e-03
3.550000000000000000e+04 2.195928391302004457e-04 4.012462450191378593e-04 7.804861525073647499e-05 2.835334998962935060e-05 3.175229998305439949e-03 5.034087735111825168e-05 8.782344229985028505e-05 3.947832447011023760e-04 2.039049832092132419e-05 2.476149005815386772e-03
3.600000000000000000e+04 2.146811020793393254e-04 3.897326532751321793e-04 6.952114927116781473e-05 2.836805651895701885e-05 3.147748531773686409e-03 4.626633381121791899e-05 8.905761205824092031e-05 5.263850325718522072e-04 2.235218926216475666e-05 2.448893850669264793e-03
3.650000000000000000e+04 2.286598464706912637e-04 4.424509534146636724e-04 1.329323567915707827e-04 4.445053855306468904e-05 3.442457411438226700e-03 5.196759593673050404e-05 9.288974979426711798e-05 3.093574487138539553e-04 4.483422526391223073e-05 2.342607825994491577e-03
3.700000000000000000e+04 2.343509695492684841e-04 4.309012729208916426e-04 1.144741108873859048e-04 3.601451680879108608e-05 3.399646608158946037e-03 5.222606705501675606e-05 1.114387050620280206e-04 2.312064898433163762e-04 3.117035521427169442e-05 2.303921617567539215e-03
3.750000000000000000e+04 2.651393297128379345e-04 3.761613043025135994e-04 9.129394311457872391e-05 2.264564500364940614e-05 2.724949037656188011e-03 6.295803905231878161e-05 1.261833385797217488e-04 2.969548222608864307e-04 3.273236143286339939e-05 2.132409019395709038e-03
3.800000000000000000e+04 2.781049988698214293e-04 3.706065181177109480e-04 8.116602111840620637e-05 2.488624704710673541e-05 2.676662057638168335e-03 6.468259380199015141e-05 1.140213644248433411e-04 2.721231721807271242e-04 3.801385901169851422e-05 2.092080190777778625e-03
3.850000000000000000e+04 2.648946538101881742e-04 4.494596214499324560e-04 9.674549801275134087e-05 3.452033706707879901e-05 3.217882011085748672e-03 6.112406845204532146e-05 5.858675285708159208e-05 5.906016449443995953e-04 5.375393448048271239e-05 2.238119253888726234e-03
3.900000000000000000e+04 2.545144525356590748e-04 4.475482564885169268e-04 9.491881792200729251e-05 3.416773324715904891e-05 3.192421747371554375e-03 6.005417162668891251e-05 5.470393807627260685e-05 7.356469868682324886e-04 5.352621155907399952e-05 2.212954917922616005e-03
3.950000000000000000e+04 2.330875577172264457e-04 4.104319668840616941e-04 6.993096758378669620e-05 4.181674012215808034e-05 3.249006345868110657e-03 5.195748963160440326e-05 5.051199332228861749e-05 4.670018970500677824e-04 9.606195089872926474e-05 2.218628535047173500e-03
4.000000000000000000e+04 2.347503177588805556e-04 4.054151941090822220e-04 6.623322406085208058e-05 3.708933581947349012e-05 3.212608164176344872e-03 5.259298632154241204e-05 5.168755160411819816e-05 5.406872951425611973e-04 9.677144407760351896e-05 2.183846430853009224e-03
4.050000000000000000e+04 2.552063378971070051e-04 3.607127000577747822e-04 8.765703387325629592e-05 2.726212187553755939e-05 2.988915424793958664e-03 5.653001790051348507e-05 4.798142617801204324e-05 4.944864776916801929e-04 4.112424358027055860e-05 2.218148205429315567e-03
4.100000000000000000e+04 2.492432249709963799e-04 3.565906663425266743e-04 8.426837302977219224e-05 2.998121453856583685e-05 2.970845438539981842e-03 5.645908822771161795e-05 5.313831206876784563e-05 3.844947204925119877e-04 3.770936382352374494e-05 2.197098219767212868e-03
4.150000000000000000e+04 2.377151686232537031e-04 4.002680652774870396e-04 5.357410918804816902e-05 3.317202936159446836e-05 2.605370944365859032e-03 6.315189239103347063e-05 1.118688087444752455e-04 2.913663629442453384e-04 3.179562190780416131e-05 1.927743433043360710e-03
4.200000000000000000e+04 2.432197070447728038e-04 3.936835273634642363e-04 5.912235428695566952e-05 3.294947237009182572e-05 2.544353250414133072e-03 6.119129830040037632e-05 1.089608122128993273e-04 4.950269358232617378e-04 3.062369432882405818e-05 1.877540722489356995e-03
4.250000000000000000e+04 2.511150087229907513e-04 3.283868718426674604e-04 5.608752690022811294e-05 2.614408913359511644e-05 2.653720090165734291e-03 6.153381400508806109e-05 7.431528501911088824e-05 1.261390862055122852e-03 4.238888141117058694e-05 2.088339766487479210e-03
4.300000000000000000e+04 2.402444806648418307e-04 3.144890943076461554e-04 5.016546856495551765e-05 2.793860403471626341e-05 2.639922546222805977e-03 5.875798524357378483e-05 7.811556861270219088e-05 1.363317831419408321e-03 2.772333937173243612e-05 2.071066992357373238e-03
4.350000000000000000e+04 2.402205282123759389e-04 3.379672707524150610e-04 6.867567572044208646e-05 4.092680319445207715e-05 2.714085858315229416e-03 5.513706128112971783e-05 1.500350772403180599e-04 2.694188733585178852e-04 3.473088872851803899e-05 1.950136967934668064e-03
4.400000000000000000e+04 2.502038842067122459e-04 3.368359466549009085e-04 5.168799179955385625e-05 3.754817225853912532e-05 2.667005406692624092e-03 6.280541128944605589e-05 1.512660819571465254e-04 3.507652436383068562e-04 3.224415922886691988e-05 1.910374150611460209e-03
4.450000000000000000e+04 2.755646128207445145e-04 4.819423775188624859e-04 6.545405631186440587e-05 2.870582648029085249e-05 2.887961454689502716e-03 6.308170850388705730e-05 6.496578134829178452e-05 5.487063317559659481e-04 5.132315345690585673e-05 1.809303066693246365e-03
4.500000000000000000e+04 2.735052548814564943e-04 4.762312746606767178e-04 5.705819785362109542e-05 2.747644793998915702e-05 2.863256493583321571e-03 6.074268821976147592e-05 6.293792102951556444e-05 7.658377871848642826e-04 4.694936069427058101e-05 1.786827342584729195e-03
4.550000000000000000e+04 3.095206338912248611e-04 3.617719048634171486e-04 4.929668284603394568e-05 1.731473275867756456e-05 2.850074321031570435e-03 6.260065856622532010e-05 7.128718425519764423e-05 2.967382897622883320e-04 2.994779606524389237e-05 1.785198925063014030e-03
4.600000000000000000e+04 3.184899687767028809e-04 3.574647125788033009e-04 4.484908276936039329e-05 1.879916453617624938e-05 2.804722869768738747e-03 6.722748366883024573e-05 6.832560029579326510e-05 9.100381867028772831e-04 5.169298310647718608e-05 1.747321686707437038e-03
4.650000000000000000e+04 2.507382014300674200e-04 3.658657951746135950e-04 7.593841291964054108e-05 5.390608203015290201e-05 2.548023127019405365e-03 5.825021798955276608e-05 7.349815859925001860e-05 1.244665938429534435e-03 6.199887866387143731e-05 1.842964324168860912e-03
4.700000000000000000e+04 2.410304587101563811e-04 3.613816516008228064e-04 6.905185728101059794e-05 4.495789835345931351e-05 2.538220258429646492e-03 5.603545287158340216e-05 8.433178300037980080e-05 1.216502278111875057e-03 5.441056418931111693e-05 1.829683315008878708e-03
4.750000000000000000e+04 3.142939240206032991e-04 4.551336460281163454e-04 5.606544436886906624e-05 2.984133243444375694e-05 2.706114668399095535e-03 7.750900840619578958e-05 1.691835932433605194e-04 3.295231435913592577e-04 6.588116229977458715e-05 1.540356199257075787e-03
4.800000000000000000e+04 3.397591935936361551e-04 4.672090290114283562e-04 6.298501830315217376e-05 4.892627839581109583e-05 2.618835307657718658e-03 8.021141547942534089e-05 1.383502240059897304e-04 3.104935749433934689e-04 1.064787502400577068e-04 1.497218734584748745e-03
4.850000000000000000e+04 3.060708986595273018e-04 3.489141818135976791e-04 5.235644857748411596e-05 3.276782445027492940e-05 2.374380361288785934e-03 7.231892959680408239e-05 1.180252438643947244e-04 3.388944023754447699e-04 3.182874206686392426e-05 1.736746868118643761e-03
4.900000000000000000e+04 2.801366790663450956e-04 3.372144710738211870e-04 4.549930599750950933e-05 2.755195782810915262e-05 2.378055127337574959e-03 6.774331268388777971e-05 1.276427792618051171e-04 5.380210350267589092e-04 4.108867869945243001e-05 1.734494464471936226e-03
4.950000000000000000e+04 2.729560364969074726e-04 3.668382414616644382e-04 7.317946437979117036e-05 2.726966704358346760e-05 2.396057592704892159e-03 6.168254913063719869e-05 1.331943058175966144e-04 6.058611688786186278e-05 3.687904245452955365e-05 1.650519669055938721e-03
5.000000000000000000e+04 2.678010496310889721e-04 3.634460736066102982e-04 6.315897189779207110e-05 2.773103551589883864e-05 2.371025271713733673e-03 6.157270399853587151e-05 1.392938429489731789e-04 7.827307126717641950e-05 3.900636875187046826e-05 1.626019831746816635e-03
5.050000000000000000e+04 3.248967987019568682e-04 3.839523997157812119e-04 4.087408524355851114e-05 3.533175913617014885e-05 2.620775485411286354e-03 7.437231397489085793e-05 8.387977140955626965e-05 2.246105141239240766e-04 6.194988964125514030e-05 1.581857912242412567e-03
5.100000000000000000e+04 3.253954346291720867e-04 3.807064204011112452e-04 5.060102193965576589e-05 5.224873530096374452e-05 2.591935917735099792e-03 7.672282663406804204e-05 9.612885332899168134e-05 1.983883848879486322e-04 3.742249100469052792e-05 1.555527327582240105e-03
5.150000000000000000e+04 2.609922375995665789e-04 4.349709197413176298e-04 5.833064642501994967e-05 3.065194687223993242e-05 2.644402207806706429e-03 6.330897303996607661e-05 1.665335148572921753e-04 1.039396229316480458e-04 3.880245640175417066e-05 1.569782965816557407e-03
5.200000000000000000e+04 2.622238534968346357e-04 4.259726265445351601e-04 4.418686148710548878e-05 3.463237590040080249e-05 2.610380761325359344e-03 6.056599158910103142e-05 1.844922953750938177e-04 1.010951746138744056e-04 3.238269346184097230e-05 1.537480158731341362e-03
5.250000000000000000e+04 2.672531118150800467e-04 4.099597281310707331e-04 5.953561776550486684e-05 2.507963472453411669e-05 2.595475409179925919e-03 5.845919804414734244e-05 7.072280277498066425e-05 2.202743344241753221e-04 7.601755351061001420e-05 1.549667329527437687e-03
5.300000000000000000e+04 2.614125842228531837e-04 3.965869545936584473e-04 4.310855365474708378e-05 2.634661723277531564e-05 2.582411514595150948e-03 5.465815775096416473e-05 7.114718755474314094e-05 1.827226951718330383e-04 7.397702574962750077e-05 1.533034024760127068e-03
5.350000000000000000e+04 2.612715179566293955e-04 2.917035599239170551e-04 3.147149254800751805e-05 3.904972254531458020e-05 2.334746532142162323e-03 5.368419806472957134e-05 1.050941209541633725e-04 1.845288788899779320e-03 7.715869287494570017e-05 1.542299287393689156e-03
5.400000000000000000e+04 2.601829182822257280e-04 2.857334620784968138e-04 2.995521936099976301e-05 3.588668187148869038e-05 2.309528179466724396e-03 5.240686368779279292e-05 1.039875569404102862e-04 2.137264469638466835e-03 7.005900988588109612e-05 1.516634598374366760e-03
5.450000000000000000e+04 3.022879245691001415e-04 3.216774493921548128e-04 3.344137803651392460e-05 2.692977977858390659e-05 2.406802959740161896e-03 5.679723108187317848e-05 5.536224853130988777e-05 4.953588359057903290e-05 3.812449358520098031e-05 1.456269877962768078e-03
5.500000000000000000e+04 3.010441432707011700e-04 3.223653475288301706e-04 2.857127037714235485e-05 2.678899727470707148e-05 2.380677033215761185e-03 5.470390169648453593e-05 5.948778562014922500e-05 8.705865184310823679e-05 4.136898860451765358e-05 1.435094512999057770e-03
5.550000000000000000e+04 2.854306076187640429e-04 2.686848747543990612e-04 1.712039011181332171e-05 1.979242915695067495e-05 2.125793602317571640e-03 5.682968549081124365e-05 5.570619032368995249e-05 1.864777761511504650e-03 4.113040267839096487e-05 1.440805732272565365e-03
5.600000000000000000e+04 2.821717644110321999e-04 2.646543143782764673e-04 1.748856084304861724e-05 1.770707967807538807e-05 2.105217659845948219e-03 5.867642903467640281e-05 4.974110925104469061e-05 2.275837818160653114e-03 5.016682189307175577e-05 1.419750624336302280e-03
5.650000000000000000e+04 2.453148481436073780e-04 3.105453506577759981e-04 7.998248293006327003e-06 3.782363637583330274e-05 2.248540520668029785e-03 6.710938032483682036e-05 1.279979478567838669e-04 5.694135557860136032e-03 1.976459498109761626e-05 1.380322966724634171e-03
5.700000000000000000e+04 2.470654144417494535e-04 3.066300996579229832e-04 9.618007425160612911e-06 3.277585710748098791e-05 2.216524444520473480e-03 6.622100045206025243e-05 1.381265028612688184e-04 7.829484529793262482e-03 2.144473364751320332e-05 1.350125879980623722e-03
5.750000000000000000e+04 2.513067738618701696e-04 2.857408253476023674e-04 3.045032826776150614e-05 2.757184302026871592e-05 2.001272980123758316e-03 5.713606515200808644e-05 1.427041570423170924e-04 3.158207691740244627e-04 3.494202974252402782e-05 1.370016718283295631e-03
5.800000000000000000e+04 2.431299653835594654e-04 2.855671918950974941e-04 2.685039544303435832e-05 2.501052404113579541e-05 1.987974392250180244e-03 5.393151513999328017e-05 1.558497024234384298e-04 3.107640368398278952e-04 3.079019734286703169e-05 1.356719061732292175e-03
5.850000000000000000e+04 2.579738793428987265e-04 3.578316827770322561e-04 2.250363650091458112e-05 1.874978261184878647e-05 2.167305676266551018e-03 5.585956023423932493e-05 1.468858245061710477e-04 4.404469291330315173e-05 3.306505459477193654e-05 1.271575572900474072e-03
5.900000000000000000e+04 2.639808517415076494e-04 3.599748888518661261e-04 2.234629027952905744e-05 1.878796865639742464e-05 2.123321406543254852e-03 5.373191743274219334e-05 1.340244634775444865e-04 5.570224675466306508e-05 3.969366662204265594e-05 1.243916107341647148e-03
5.950000000000000000e+04 2.730494597926735878e-04 4.333617398515343666e-04 2.693707574508152902e-05 2.600461084512062371e-05 2.455447800457477570e-03 4.502521915128454566e-05 1.026653844746761024e-04 1.124506597989238799e-04 1.078864443115890026e-05 1.249124994501471519e-03
6.000000000000000000e+04 2.695248986128717661e-04 4.275879764463752508e-04 2.747527105384506285e-05 2.367299202887807041e-05 2.437707735225558281e-03 4.254978921380825341e-05 1.054727908922359347e-04 1.061400398612022400e-04 1.061810598912416026e-05 1.232080277986824512e-03
6.050000000000000000e+04 2.796741318888962269e-04 2.790777652990072966e-04 4.224184885970316827e-05 3.305386780994012952e-05 2.077331300824880600e-03 4.479332710616290569e-05 8.709065878065302968e-05 3.462646564003080130e-04 6.258409848669543862e-05 1.297220122069120407e-03
6.100000000000000000e+04 2.730758278630673885e-04 2.732280700001865625e-04 3.720170570886693895e-05 2.807252712955232710e-05 2.069576177746057510e-03 4.600721877068281174e-05 9.196376777254045010e-05 3.174073062837123871e-04 5.852858521393500268e-05 1.286871731281280518e-03
6.150000000000000000e+04 2.883018460124731064e-04 3.468041832093149424e-04 2.113236405421048403e-05 2.678019154700450599e-05 2.226748503744602203e-03 5.004450576961971819e-05 8.955444354796782136e-05 4.773935652337968349e-04 1.634614091017283499e-05 1.196470460854470730e-03
6.200000000000000000e+04 2.909676113631576300e-04 3.436581464484333992e-04 2.042259438894689083e-05 2.213271727669052780e-05 2.201551804319024086e-03 5.071350824437104166e-05 9.283693361794576049e-05 6.070276722311973572e-04 1.887021244328934699e-05 1.176834572106599808e-03
6.250000000000000000e+04 2.821583475451916456e-04 3.050364903174340725e-04 3.534050847520120442e-05 1.635115768294781446e-05 2.201069844886660576e-03 4.492070729611441493e-05 7.191435724962502718e-05 4.831460828427225351e-04 3.073300831601954997e-05 1.246358035132288933e-03
6.300000000000000000e+04 2.762896183412522078e-04 2.987903426401317120e-04 3.067129728151485324e-05 1.435251942893955857e-05 2.182302530854940414e-03 4.185244324617087841e-05 7.492804434150457382e-05 5.734890582971274853e-04 2.107111140503548086e-05 1.227179658599197865e-03
6.350000000000000000e+04 2.361606602789834142e-04 3.100898175034672022e-04 3.541803016560152173e-05 1.685948882368393242e-05 1.917499466799199581e-03 4.315215483075007796e-05 1.774140109773725271e-04 3.837088006548583508e-04 2.028819653787650168e-05 1.144774258136749268e-03
6.400000000000000000e+04 2.422148681944236159e-04 3.122157359030097723e-04 3.214395110262557864e-05 1.603253804205451161e-05 1.887604710645973682e-03 4.133245602133683860e-05 1.814938295865431428e-04 3.868140629492700100e-04 1.857595452747773379e-05 1.122714835219085217e-03
6.450000000000000000e+04 2.676548901945352554e-04 2.626629138831049204e-04 1.812450318539049476e-05 1.558553231006953865e-05 1.901997835375368595e-03 4.008676114608533680e-05 1.016350870486348867e-04 5.716345185646787286e-05 9.224983841704670340e-06 1.169863040558993816e-03
6.500000000000000000e+04 2.575857506599277258e-04 2.587807248346507549e-04 1.551951936562545598e-05 1.353506922896485776e-05 1.890359097160398960e-03 3.990495315520092845e-05 1.093340542865917087e-04 3.971550177084282041e-05 7.994921361387241632e-06 1.156477374024689198e-03
6.550000000000000000e+04 2.752524160314351320e-04 3.044032200705260038e-04 1.430898282706039026e-05 9.308984772360417992e-06 2.055437536910176277e-03 3.316919537610374391e-05 4.824594725505448878e-05 1.065607502823695540e-04 2.113330992870032787e-05 1.136683044023811817e-03
6.600000000000000000e+04 2.669577079359441996e-04 2.968195476569235325e-04 1.381880701956106350e-05 7.623006240464746952e-06 2.045321278274059296e-03 3.249216024414636195e-05 5.300891280057840049e-05 1.665254967520013452e-04 1.614430038898717612e-05 1.126128947362303734e-03
6.650000000000000000e+04 2.179024741053581238e-04 3.057472349610179663e-04 2.932859388238284737e-05 6.975620635785162449e-06 1.668969052843749523e-03 5.610818698187358677e-05 1.567752624396234751e-04 4.799974340130575001e-05 1.388540022162487730e-05 1.025357749313116074e-03
6.700000000000000000e+04 2.213003608630970120e-04 3.096881846431642771e-04 3.105061477981507778e-05 1.863020588643848896e-05 1.639132970012724400e-03 5.853231414221227169e-05 1.471207797294482589e-04 6.682045204797759652e-05 5.209449227550067008e-05 1.003098092041909695e-03
6.750000000000000000e+04 3.086415526922792196e-04 3.026847844012081623e-04 2.078861871268600225e-05 1.332756983174476773e-05 2.343237632885575294e-03 4.083581006852909923e-05 6.115019641583785415e-05 1.017643153318203986e-04 2.896670775953680277e-05 1.096061430871486664e-03
6.800000000000000000e+04 2.941809652838855982e-04 2.893500495702028275e-04 1.574710404383949935e-05 1.154050096374703571e-05 2.318453509360551834e-03 4.067223198944702744e-05 6.748084706487134099e-05 7.658220420125871897e-05 3.622907024691812694e-05 1.078661065548658371e-03
6.850000000000000000e+04 2.499022521078586578e-04 3.212243609596043825e-04 2.375818439759314060e-05 1.521639751445036381e-05 1.830751076340675354e-03 6.556894368259236217e-05 1.861848286353051662e-04 4.983830513083375990e-05 2.558190499257761985e-05 9.538376471027731895e-04
6.900000000000000000e+04 2.552102378103882074e-04 3.308560990262776613e-04 1.813435119402129203e-05 1.608838283573277295e-05 1.776573015376925468e-03 6.300640234258025885e-05 1.886351092252880335e-04 4.788190199178643525e-05 2.381294689257629216e-05 9.246396366506814957e-04
6.950000000000000000e+04 2.847358118742704391e-04 2.547017065808176994e-04 1.534023977001197636e-05 1.068757319444557652e-05 1.829108456149697304e-03 4.572181205730885267e-05 1.417435851180925965e-04 1.901177893159911036e-04 2.469001992722041905e-05 1.037965994328260422e-03
7.000000000000000000e+04 2.806358679663389921e-04 2.451018663123250008e-04 1.523124865343561396e-05 9.720774869492743164e-06 1.814201939851045609e-03 4.672249997383914888e-05 1.385855866828933358e-04 2.455345238558948040e-04 2.689536086109001189e-05 1.022433512844145298e-03
7.050000000000000000e+04 2.901437983382493258e-04 3.370755875948816538e-04 2.970669993374031037e-05 7.694470696151256561e-06 2.223000396043062210e-03 3.953679697588086128e-05 6.858223787276074290e-05 1.548260916024446487e-04 1.142354176408844069e-05 9.989965474233031273e-04
7.100000000000000000e+04 2.831466554198414087e-04 3.345952427480369806e-04 2.587430572020821273e-05 7.719048880971968174e-06 2.215177053585648537e-03 3.888478386215865612e-05 7.286457548616454005e-05 1.548831351101398468e-04 1.296474783885059878e-05 9.932474931702017784e-04
7.150000000000000000e+04 2.306905080331489444e-04 3.280325618106871843e-04 1.435771537217078730e-05 1.719909778330475092e-05 1.995590515434741974e-03 5.004497143090702593e-05 1.381596521241590381e-04 2.141102304449304938e-04 1.498493202234385535e-05 9.514838457107543945e-04
7.200000000000000000e+04 2.306195237906649709e-04 3.273857873864471912e-04 1.388492819387465715e-05 1.529984365333802998e-05 1.975894439965486526e-03 4.977185017196461558e-05 1.430533884558826685e-04 2.480474358890205622e-04 1.349048397969454527e-05 9.362596902064979076e-04
7.250000000000000000e+04 3.079878806602209806e-04 2.040296676568686962e-04 4.107538916287012398e-05 1.591112413734663278e-05 1.338788075372576714e-03 5.388230783864855766e-05 6.263294926611706614e-05 5.552076981985010207e-05 2.006671820709016174e-05 8.698138990439474583e-04
7.300000000000000000e+04 3.150814445689320564e-04 2.020661922870203853e-04 3.464797555352561176e-05 1.562385841680224985e-05 1.312786131165921688e-03 5.370490544009953737e-05 6.058427607058547437e-05 5.493445132742635906e-05 3.391315840417519212e-05 8.573548402637243271e-04
7.350000000000000000e+04 2.739646588452160358e-04 2.981572470162063837e-04 1.875166162790264934e-05 1.014185454550897703e-05 2.086149994283914566e-03 4.219365655444562435e-05 1.019279079628176987e-04 1.448456081561744213e-03 1.620574403204955161e-05 9.769297903403639793e-04
7.400000000000000000e+04 2.572741650510579348e-04 2.794584725052118301e-04 6.603379006264731288e-05 2.754822889983188361e-05 2.106997882947325706e-03 4.132750473218038678e-05 1.118479776778258383e-04 2.480732742697000504e-03 2.710198532440699637e-05 9.772622724995017052e-04
7.450000000000000000e+04 2.334837481612339616e-04 2.794763713609427214e-04 3.261885285610333085e-05 6.760972610209137201e-06 1.687082927674055099e-03 4.908722621621564031e-05 1.178967868327163160e-04 5.972171857138164341e-05 1.298525512538617477e-05 9.013403905555605888e-04
7.500000000000000000e+04 2.263490168843418360e-04 2.857781655620783567e-04 2.735178350121714175e-05 6.789031886000884697e-06 1.671285135671496391e-03 4.699551936937496066e-05 1.351719838567078114e-04 6.986799417063593864e-05 1.836140108935069293e-05 8.914283243939280510e-04
7.550000000000000000e+04 2.286881936015561223e-04 2.719007898122072220e-04 1.506298758613411337e-05 1.230333691637497395e-05 1.788789755664765835e-03 3.971944170189090073e-05 1.365366624668240547e-04 5.212870892137289047e-04 1.718023304420057684e-05 9.085854399017989635e-04
7.600000000000000000e+04 2.275692968396469951e-04 2.668393717613071203e-04 1.311776395596098155e-05 1.277265437238384038e-05 1.776975928805768490e-03 3.859962453134357929e-05 1.269193016923964024e-04 8.653271361254155636e-04 2.020137799263466150e-05 8.972261566668748856e-04
7.650000000000000000e+04 2.300861087860539556e-04 2.362125233048573136e-04 1.867874561867211014e-05 2.149033571186009794e-05 1.633203704841434956e-03 4.392460687085986137e-05 1.372781407553702593e-04 1.649666810408234596e-03 5.954155858489684761e-05 9.027254418469965458e-04
7.700000000000000000e+04 2.349994174437597394e-04 2.347440022276714444e-04 1.933082239702343941e-05 1.702785266388673335e-05 1.611836953088641167e-03 4.363694097264669836e-05 1.315300323767587543e-04 1.943237381055951118e-03 4.688304761657491326e-05 8.832107414491474628e-04
7.750000000000000000e+04 2.476001100149005651e-04 3.046836645808070898e-04 1.726942355162464082e-05 1.267520019609946758e-05 1.631555263884365559e-03 5.546479951590299606e-05 9.582141501596197486e-05 1.331257750280201435e-03 5.003387195756658912e-05 8.455431670881807804e-04
7.800000000000000000e+04 2.373708557570353150e-04 3.032524837180972099e-04 1.590148167451843619e-05 1.127071118389721960e-05 1.623571035452187061e-03 5.285284350975416601e-05 1.008463295875117183e-04 1.580120995640754700e-03 4.600364263751544058e-05 8.423300459980964661e-04
7.850000000000000000e+04 2.600955485831946135e-04 2.867800358217209578e-04 2.856705214071553200e-05 1.267028437723638490e-05 1.831344678066670895e-03 5.071452324045822024e-05 1.250239001819863915e-04 1.314137363806366920e-03 2.428905463602859527e-05 8.471978362649679184e-04
7.900000000000000000e+04 2.556048566475510597e-04 2.875006175599992275e-04 2.540948298701550812e-05 1.247812269866699353e-05 1.819952507503330708e-03 4.958035424351692200e-05 1.318197464570403099e-04 1.414289348758757114e-03 3.450637814239598811e-05 8.382609812542796135e-04
7.950000000000000000e+04 2.291801210958510637e-04 2.620406448841094971e-04 2.826421950885560364e-05 1.623612115508876741e-05 1.522992621175944805e-03 4.806883589481003582e-05 1.216195596498437226e-04 3.830647983704693615e-05 5.223010157351382077e-05 7.951664156280457973e-04
8.000000000000000000e+04 2.396843919996172190e-04 2.631901588756591082e-04 2.774137465166859329e-05 1.437906485080020502e-05 1.489536138251423836e-03 4.943207022733986378e-05 1.159937528427690268e-04 4.174668356426991522e-05 4.897802500636316836e-05 7.744145113974809647e-04
8.050000000000000000e+04 2.417202485958114266e-04 3.505789500195533037e-04 2.021603177126962692e-05 1.187254565593320876e-05 1.862224889919161797e-03 5.014065391151234508e-05 2.002197725232690573e-04 3.958322049584239721e-04 1.543306461826432496e-05 7.904190570116043091e-04
8.100000000000000000e+04 2.379315847065299749e-04 3.461101732682436705e-04 1.792858529370278120e-05 9.822637366596609354e-06 1.850315718911588192e-03 5.013216286897659302e-05 2.026199945248663425e-04 4.429620748851448298e-04 1.646866439841687679e-05 7.829109090380370617e-04
8.150000000000000000e+04 2.454252098686993122e-04 2.472879423294216394e-04 2.969145680253859609e-05 1.795997559383977205e-05 1.715462072752416134e-03 4.342666943557560444e-05 1.233875227626413107e-04 1.108008000301197171e-04 2.908559144998434931e-05 8.353166631422936916e-04
8.200000000000000000e+04 2.399156073806807399e-04 2.398961951257660985e-04 2.720125121413730085e-05 1.618606438569258898e-05 1.713429461233317852e-03 4.302450179238803685e-05 1.298857241636142135e-04 1.351525570498779416e-04 3.079632733715698123e-05 8.306321687996387482e-04
8.250000000000000000e+04 2.233461418654769659e-04 2.179034490836784244e-04 1.131821136368671432e-05 1.351826540485490113e-05 1.560982316732406616e-03 3.911028034053742886e-05 9.903816680889576674e-05 3.429376811254769564e-04 2.454673813190311193e-05 8.021604735404253006e-04
8.300000000000000000e+04 2.276091981912031770e-04 2.129363128915429115e-04 1.014225017570424825e-05 1.292458728130441159e-05 1.544636674225330353e-03 3.976335574407130480e-05 9.818009857553988695e-05 6.110417307354509830e-04 2.375682197452988476e-05 7.859860779717564583e-04
