# step, loss_train, loss_test, metrics_test
0.000000000000000000e+00 2.457804046571254730e-02 2.232495695352554321e-01 3.528472036123275757e-02 1.495002396404743195e-02 2.959942445158958435e-02 2.531322836875915527e-02 1.565962284803390503e-01 1.420540641993284225e-02 2.663224935531616211e-02 3.306093439459800720e-02
5.000000000000000000e+02 1.078107487410306931e-02 1.501786112785339355e-01 1.387881464324891567e-03 2.469241619110107422e-03 1.276161288842558861e-03 1.105608791112899780e-02 1.181271299719810486e-01 3.194687655195593834e-03 5.770002491772174835e-03 3.860372584313154221e-03
1.000000000000000000e+03 5.416861735284328461e-03 1.380017399787902832e-01 2.899522194638848305e-03 8.322492940351366997e-04 4.182738717645406723e-03 5.526547785848379135e-03 1.141888871788978577e-01 3.966127522289752960e-03 2.297686180099844933e-03 6.454005837440490723e-03
1.500000000000000000e+03 2.984492573887109756e-03 1.330568939447402954e-01 1.379354507662355900e-03 4.896497703157365322e-04 7.115659769624471664e-03 3.005392849445343018e-03 1.141318976879119873e-01 1.802085782401263714e-03 1.289089443162083626e-03 9.244127199053764343e-03
2.000000000000000000e+03 2.247108612209558487e-03 1.307521611452102661e-01 6.209514685906469822e-04 3.784578002523630857e-04 8.898590691387653351e-03 2.238509943708777428e-03 1.136474609375000000e-01 8.158662240020930767e-04 7.748925127089023590e-04 1.095514744520187378e-02
2.500000000000000000e+03 2.512977691367268562e-03 1.525574177503585815e-01 3.153802535962313414e-04 3.884168982040137053e-04 1.074014045298099518e-02 2.505581593140959740e-03 1.121327579021453857e-01 4.568822332657873631e-04 6.744393031112849712e-04 1.256250683218240738e-02
3.000000000000000000e+03 2.215493703261017799e-03 1.513145864009857178e-01 2.152329252567142248e-04 3.776958619710057974e-04 1.102293934673070908e-02 2.186310477554798126e-03 1.118293702602386475e-01 3.408846969250589609e-04 5.096122040413320065e-04 1.279585156589746475e-02
3.500000000000000000e+03 1.433614292182028294e-03 1.316329687833786011e-01 1.122303074225783348e-04 3.989159595221281052e-04 1.071606669574975967e-02 1.373114529997110367e-03 1.123080253601074219e-01 1.797473523765802383e-04 3.593888541217893362e-04 1.249587349593639374e-02
4.000000000000000000e+03 1.274153823032975197e-03 1.304481774568557739e-01 1.052754960255697370e-04 4.661857674364000559e-04 1.070812530815601349e-02 1.190807903185486794e-03 1.119514182209968567e-01 1.488678826717659831e-04 3.227562992833554745e-04 1.244386564940214157e-02
4.500000000000000000e+03 1.456634025089442730e-03 1.079307496547698975e-01 1.050550126819871366e-04 4.711399378720670938e-04 8.290837518870830536e-03 1.354097621515393257e-03 1.126716136932373047e-01 1.553518377477303147e-04 3.204868989996612072e-04 1.018146984279155731e-02
5.000000000000000000e+03 1.341866794973611832e-03 1.075166612863540649e-01 1.150681127910502255e-04 5.176973645575344563e-04 8.355853147804737091e-03 1.240713405422866344e-03 1.123256087303161621e-01 1.454054145142436028e-04 3.184420056641101837e-04 1.021734159439802170e-02
5.500000000000000000e+03 4.870441916864365339e-04 1.111351996660232544e-01 1.288027706323191524e-04 5.448270239867269993e-04 8.036010898649692535e-03 3.938097215723246336e-04 1.142638027667999268e-01 1.558552467031404376e-04 2.495428780093789101e-04 9.858611971139907837e-03
6.000000000000000000e+03 4.738596908282488585e-04 1.107236742973327637e-01 1.419480977347120643e-04 5.936716916039586067e-04 8.108944632112979889e-03 3.762607520911842585e-04 1.139394342899322510e-01 1.552766916574910283e-04 2.587872731965035200e-04 9.914248250424861908e-03
6.500000000000000000e+03 1.075308653526008129e-03 1.103380769491195679e-01 2.328903938177973032e-04 6.359511753544211388e-04 8.224557153880596161e-03 9.656472248025238514e-04 1.117024347186088562e-01 2.401568926870822906e-04 2.736541500780731440e-04 9.981031529605388641e-03
7.000000000000000000e+03 1.023151446133852005e-03 1.100357845425605774e-01 2.587274357210844755e-04 6.658383063040673733e-04 8.202143013477325439e-03 9.232320007868111134e-04 1.113480776548385620e-01 2.522866707295179367e-04 2.887276932597160339e-04 9.956906549632549286e-03
7.500000000000000000e+03 8.821369265206158161e-04 1.292470991611480713e-01 2.703358477447181940e-04 9.851522045210003853e-04 1.032191514968872070e-02 7.884587976150214672e-04 1.096728891134262085e-01 2.179428265662863851e-04 4.021458735223859549e-04 1.193633209913969040e-02
8.000000000000000000e+03 8.217336726374924183e-04 1.287835538387298584e-01 3.256871423218399286e-04 1.087973942048847675e-03 1.042881049215793610e-02 7.425152580253779888e-04 1.093173772096633911e-01 2.567775081843137741e-04 4.759260627906769514e-04 1.202397886663675308e-02
8.500000000000000000e+03 9.662035736255347729e-04 1.145364791154861450e-01 2.726577804423868656e-04 8.088414906524121761e-04 7.481467444449663162e-03 9.346716105937957764e-04 1.102042123675346375e-01 3.674622566904872656e-04 5.914382054470479488e-04 9.336017072200775146e-03
9.000000000000000000e+03 9.608163964003324509e-04 1.142014116048812866e-01 3.164697554893791676e-04 8.826281991787254810e-04 7.327734492719173431e-03 9.379226830787956715e-04 1.096212267875671387e-01 4.662372521124780178e-04 6.888530915603041649e-04 9.190568700432777405e-03
9.500000000000000000e+03 8.364137611351907253e-04 1.014204993844032288e-01 3.496247809380292892e-04 1.007559010758996010e-03 6.337462924420833588e-03 8.324375376105308533e-04 1.108716800808906555e-01 4.409425891935825348e-04 5.046348087489604950e-04 8.312069810926914215e-03
1.000000000000000000e+04 8.297507301904261112e-04 1.011543720960617065e-01 3.680892114061862230e-04 1.049061422236263752e-03 6.261066067963838577e-03 8.303653448820114136e-04 1.104356572031974792e-01 4.811215330846607685e-04 5.669438978657126427e-04 8.237003348767757416e-03
1.050000000000000000e+04 6.591193960048258305e-04 1.021132767200469971e-01 5.195508711040019989e-04 1.244612853042781353e-03 8.781174197793006897e-03 6.200468051247298717e-04 1.082220152020454407e-01 5.359481438063085079e-04 6.962563493289053440e-04 1.029651146382093430e-02
1.100000000000000000e+04 6.741720717400312424e-04 1.012909710407257080e-01 5.509915645234286785e-04 1.326542580500245094e-03 8.817054331302642822e-03 6.320581305772066116e-04 1.073815152049064636e-01 5.737516912631690502e-04 7.384990458376705647e-04 1.031467877328395844e-02
1.150000000000000000e+04 9.043926256708800793e-04 1.132754385471343994e-01 5.478939856402575970e-04 1.374808838590979576e-03 9.274049662053585052e-03 8.621417800895869732e-04 1.053159609436988831e-01 6.298651569522917271e-04 8.133455412462353706e-04 1.087753660976886749e-02
1.200000000000000000e+04 8.924744324758648872e-04 1.091942563652992249e-01 4.420157347340136766e-04 1.676749321632087231e-03 9.984720498323440552e-03 8.459778618998825550e-04 1.015076264739036560e-01 5.830675363540649414e-04 9.992077248170971870e-04 1.151123829185962677e-02
1.250000000000000000e+04 8.515166118741035461e-04 1.068380773067474365e-01 3.900961310137063265e-04 2.319365972653031349e-03 1.108879130333662033e-02 8.095390512607991695e-04 9.310910105705261230e-02 6.864633760415017605e-04 2.635706681758165359e-03 1.257559657096862793e-02
1.300000000000000000e+04 9.812045609578490257e-04 9.817769378423690796e-02 3.098086162935942411e-04 2.585134003311395645e-03 1.228038500994443893e-02 9.636197355575859547e-04 8.390946686267852783e-02 5.905445432290434837e-04 3.598920535296201706e-03 1.361368037760257721e-02
1.350000000000000000e+04 1.669016666710376740e-03 9.366135299205780029e-02 4.761885502375662327e-04 2.694563241675496101e-03 1.315889786928892136e-02 1.734873047098517418e-03 7.454136013984680176e-02 8.346527465619146824e-04 5.420545581728219986e-03 1.411160081624984741e-02
1.400000000000000000e+04 2.117678290233016014e-03 8.604702353477478027e-02 5.061269039288163185e-04 2.982547273859381676e-03 1.442997902631759644e-02 2.258777385577559471e-03 6.607794016599655151e-02 9.248140850104391575e-04 6.543687079101800919e-03 1.523571833968162537e-02
1.450000000000000000e+04 3.217707155272364616e-03 7.097300887107849121e-02 3.902812604792416096e-04 3.200071398168802261e-03 1.443370431661605835e-02 3.438516287133097649e-03 5.980716645717620850e-02 8.130652713589370251e-04 6.835094187408685684e-03 1.519122254103422165e-02
1.500000000000000000e+04 3.580522956326603889e-03 6.568196415901184082e-02 4.564592964015901089e-04 3.544671926647424698e-03 1.516293082386255264e-02 3.851212793961167336e-03 5.442748218774795532e-02 8.999996935017406940e-04 7.054015062749385834e-03 1.581766083836555481e-02
1.550000000000000000e+04 1.919998903758823872e-03 6.195480376482009888e-02 4.851220292039215565e-04 4.138453863561153412e-03 1.503478828817605972e-02 2.075881464406847954e-03 5.634246394038200378e-02 5.885222926735877991e-04 4.199444781988859177e-03 1.585759967565536499e-02
1.600000000000000000e+04 1.855813432484865189e-03 5.840352177619934082e-02 3.902268945239484310e-04 4.281436093151569366e-03 1.571921817958354950e-02 2.022904576733708382e-03 5.333099886775016785e-02 5.014975322410464287e-04 3.955080173909664154e-03 1.647395454347133636e-02
1.650000000000000000e+04 3.064452670514583588e-03 5.370976775884628296e-02 5.372890154831111431e-04 4.042065236717462540e-03 2.000523917376995087e-02 3.397988853976130486e-03 4.067412018775939941e-02 8.233759435825049877e-04 6.374710239470005035e-03 2.029021456837654114e-02
1.700000000000000000e+04 3.209186950698494911e-03 4.691709578037261963e-02 6.251119775697588921e-04 4.219708498567342758e-03 2.143430151045322418e-02 3.532840637490153313e-03 3.486495837569236755e-02 9.989558020606637001e-04 6.185089237987995148e-03 2.155815623700618744e-02
1.750000000000000000e+04 2.553370781242847443e-03 4.187590256333351135e-02 7.649547769688069820e-04 4.365097265690565109e-03 2.116154320538043976e-02 2.776606474071741104e-03 3.138531371951103210e-02 4.379774036351591349e-04 5.998668260872364044e-03 2.213110215961933136e-02
1.800000000000000000e+04 2.717146882787346840e-03 3.500755876302719116e-02 9.058068390004336834e-04 3.863924881443381310e-03 2.196945622563362122e-02 2.960361540317535400e-03 2.563373744487762451e-02 3.821954596787691116e-04 6.457296200096607208e-03 2.283538319170475006e-02
1.850000000000000000e+04 2.675029681995511055e-03 2.774759940803050995e-02 6.041787564754486084e-04 3.195524215698242188e-03 1.919958554208278656e-02 2.927456982433795929e-03 2.553432993590831757e-02 2.136429975507780910e-04 3.922116477042436600e-03 1.961992308497428894e-02
1.900000000000000000e+04 2.762139076367020607e-03 2.371823228895664215e-02 5.636196001432836056e-04 2.317147795110940933e-03 1.917660795152187347e-02 3.016008762642741203e-03 2.171870507299900055e-02 2.231298567494377494e-04 3.084992291405797005e-03 1.952902600169181824e-02
1.950000000000000000e+04 3.773643868044018745e-03 2.005887590348720551e-02 5.264087230898439884e-04 1.466189860366284847e-03 2.199512720108032227e-02 4.172009881585836411e-03 1.295586675405502319e-02 2.035736106336116791e-04 2.937087789177894592e-03 2.249052003026008606e-02
2.000000000000000000e+04 3.455059137195348740e-03 1.608522608876228333e-02 5.279100732877850533e-04 8.521540439687669277e-04 2.215944789350032806e-02 3.780321450904011726e-03 1.035843510180711746e-02 2.183843025704845786e-04 2.079901052638888359e-03 2.250947430729866028e-02
2.050000000000000000e+04 2.635829849168658257e-03 1.398338563740253448e-02 5.530439666472375393e-04 4.307335184421390295e-04 2.311881445348262787e-02 2.718699630349874496e-03 1.064248755574226379e-02 3.103665949311107397e-04 1.669153571128845215e-03 2.144785784184932709e-02
2.100000000000000000e+04 2.407345455139875412e-03 1.198299415409564972e-02 4.957738565281033516e-04 2.315603633178398013e-04 2.360586076974868774e-02 2.464105142280459404e-03 9.042736142873764038e-03 2.954432566184550524e-04 1.098916050978004932e-03 2.173844166100025177e-02
2.150000000000000000e+04 2.471160842105746269e-03 9.482773952186107635e-03 4.564744303934276104e-04 1.639553374843671918e-04 2.268835157155990601e-02 2.601460553705692291e-03 6.742283236235380173e-03 2.843148831743746996e-04 6.071109673939645290e-04 2.248515002429485321e-02
2.200000000000000000e+04 2.325362293049693108e-03 8.299775421619415283e-03 3.660701331682503223e-04 1.007618775474838912e-04 2.306506037712097168e-02 2.429661108180880547e-03 5.735663231462240219e-03 2.018836967181414366e-04 3.910798986908048391e-04 2.280636318027973175e-02
2.250000000000000000e+04 2.378979464992880821e-03 7.487396709620952606e-03 2.805661060847342014e-04 4.788342630490660667e-05 2.544100396335124969e-02 2.450732048600912094e-03 4.065163899213075638e-03 1.144907510024495423e-04 1.783917396096512675e-04 2.412642911076545715e-02
2.300000000000000000e+04 2.371075330302119255e-03 6.965687964111566544e-03 2.095948584610596299e-04 3.458917126408778131e-05 2.540990896522998810e-02 2.420901320874691010e-03 3.622022457420825958e-03 1.031507927109487355e-04 1.235699892276898026e-04 2.412005327641963959e-02
2.350000000000000000e+04 2.392854774370789528e-03 6.934870500117540359e-03 1.413269637851044536e-04 5.375615000957623124e-05 2.483846619725227356e-02 2.401298843324184418e-03 3.644694574177265167e-03 2.164879988413304090e-04 1.094091567210853100e-04 2.358850277960300446e-02
2.400000000000000000e+04 2.439818112179636955e-03 6.774416193366050720e-03 1.187707894132472575e-04 5.316042734193615615e-05 2.457968890666961670e-02 2.415359020233154297e-03 3.375112777575850487e-03 2.123610029229894280e-04 9.365890582557767630e-05 2.334566414356231689e-02
2.450000000000000000e+04 1.845054444856941700e-03 7.227140013128519058e-03 1.024499433697201312e-04 3.942935290979221463e-05 2.121440134942531586e-02 1.881928066723048687e-03 5.246500484645366669e-03 5.020535172661766410e-05 7.787461072439327836e-05 2.135858871042728424e-02
2.500000000000000000e+04 1.824724604375660419e-03 7.165125571191310883e-03 7.963231473695486784e-05 4.121823803870938718e-05 2.103435620665550232e-02 1.842304831370711327e-03 5.020545329898595810e-03 4.288294439902529120e-05 9.187919931719079614e-05 2.118527889251708984e-02
2.550000000000000000e+04 1.714369747787714005e-03 6.993388757109642029e-03 7.249474583659321070e-05 7.217327220132574439e-05 2.398712374269962311e-02 1.536139636300504208e-03 3.652696963399648666e-03 1.489555143052712083e-04 9.275235061068087816e-05 2.325494959950447083e-02
2.600000000000000000e+04 1.714789541438221931e-03 6.860649213194847107e-03 7.122978422557935119e-05 7.517197809647768736e-05 2.374427020549774170e-02 1.513444702140986919e-03 3.495363984256982803e-03 1.471706054871901870e-04 8.241283649113029242e-05 2.303457446396350861e-02
2.650000000000000000e+04 2.121389145031571388e-03 7.245493587106466293e-03 4.576097126118838787e-05 8.712300041224807501e-05 2.055637165904045105e-02 1.962786540389060974e-03 4.848552867770195007e-03 1.445586531190201640e-04 9.173274884233251214e-05 1.991964690387248993e-02
2.700000000000000000e+04 2.182226162403821945e-03 7.173900026828050613e-03 4.379744859761558473e-05 9.756364306667819619e-05 2.006112597882747650e-02 1.979641150683164597e-03 4.745817277580499649e-03 1.448659604648128152e-04 7.857399032218381763e-05 1.944070868194103241e-02
2.750000000000000000e+04 2.412798348814249039e-03 6.146007683128118515e-03 6.323202978819608688e-05 7.252476643770933151e-05 2.150600589811801910e-02 2.235742285847663879e-03 2.803257899358868599e-03 1.188305832329206169e-04 7.749221549602225423e-05 2.088630385696887970e-02
2.800000000000000000e+04 2.458164934068918228e-03 5.949037149548530579e-03 7.188153540482744575e-05 7.762810855638235807e-05 2.107924409210681915e-02 2.234897343441843987e-03 2.564663998782634735e-03 1.209413530887104571e-04 8.218688162742182612e-05 2.046062424778938293e-02
2.850000000000000000e+04 2.443948993459343910e-03 6.236786022782325745e-03 9.096825669985264540e-05 1.022632859530858696e-04 2.041429840028285980e-02 2.047613263130187988e-03 2.617700025439262390e-03 1.553674956085160375e-04 8.425507985521107912e-05 1.940065994858741760e-02
2.900000000000000000e+04 2.432387089356780052e-03 5.986471660435199738e-03 1.122637040680274367e-04 1.175304132630117238e-04 1.979217305779457092e-02 1.991891534999012947e-03 2.415239345282316208e-03 1.824397186283022165e-04 8.972071373136714101e-05 1.879555359482765198e-02
2.950000000000000000e+04 1.847751787863671780e-03 6.312384735792875290e-03 1.129177326220087707e-04 1.300778822042047977e-04 1.994682289659976959e-02 1.502053695730865002e-03 2.929062815383076668e-03 7.440239278366789222e-05 8.538722613593563437e-05 1.884613186120986938e-02
3.000000000000000000e+04 1.758922240696847439e-03 5.935546942055225372e-03 1.293482200708240271e-04 1.674396189628168941e-04 1.902798749506473541e-02 1.419766340404748917e-03 2.868871437385678291e-03 8.344793604919686913e-05 1.039163980749435723e-04 1.790953613817691803e-02
3.050000000000000000e+04 2.024817513301968575e-03 4.803079180419445038e-03 1.842392666731029749e-04 1.841247722040861845e-04 1.842444390058517456e-02 1.590567640960216522e-03 1.841784105636179447e-03 1.300850417464971542e-04 1.181294283014722168e-04 1.724419556558132172e-02
3.100000000000000000e+04 1.939363311976194382e-03 4.343697335571050644e-03 2.046614099526777864e-04 2.200609014835208654e-04 1.699348352849483490e-02 1.485501299612224102e-03 1.628765487112104893e-03 1.404917275067418814e-04 1.382259069941937923e-04 1.583136431872844696e-02
3.150000000000000000e+04 1.885741832666099072e-03 4.025395028293132782e-03 1.778149453457444906e-04 3.057013382203876972e-04 1.460288837552070618e-02 1.414345228113234043e-03 1.663878094404935837e-03 1.301798474742099643e-04 2.289882831973955035e-04 1.365724299103021622e-02
3.200000000000000000e+04 1.702602719888091087e-03 3.555191447958350182e-03 1.933405728777870536e-04 3.133213322144001722e-04 1.328250858932733536e-02 1.251540146768093109e-03 1.477134530432522297e-03 1.443123910576105118e-04 2.765610697679221630e-04 1.235319953411817551e-02
3.250000000000000000e+04 1.252922811545431614e-03 3.223604289814829826e-03 1.712392986519262195e-04 3.457452985458076000e-04 1.241268403828144073e-02 9.352727211080491543e-04 1.268237829208374023e-03 2.224188210675492883e-04 2.484511933289468288e-04 1.157738175243139267e-02
3.300000000000000000e+04 1.085227588191628456e-03 2.735779387876391411e-03 9.836150275077670813e-05 3.135274746455252171e-04 1.143205072730779648e-02 7.924749515950679779e-04 1.037525595165789127e-03 1.899388153105974197e-04 2.536971005611121655e-04 1.057039294391870499e-02
3.350000000000000000e+04 1.167485606856644154e-03 2.272457117214798927e-03 1.453773147659376264e-04 2.258918975712731481e-04 1.026733312755823135e-02 7.646640879102051258e-04 8.748236577957868576e-04 1.636751549085602164e-04 2.183197211707010865e-04 9.377328678965568542e-03
3.400000000000000000e+04 1.040605595335364342e-03 2.013627905398607254e-03 2.023710694629698992e-04 1.821412151912227273e-04 9.682560339570045471e-03 6.305770366452634335e-04 6.958229932934045792e-04 1.976789062609896064e-04 2.000244858209043741e-04 8.759605698287487030e-03
3.450000000000000000e+04 9.529088274575769901e-04 1.941959140822291374e-03 2.237588632851839066e-04 1.287041959585621953e-04 8.821918629109859467e-03 5.671285907737910748e-04 6.660156068392097950e-04 2.954752126242965460e-04 1.577127113705500960e-04 7.778619881719350815e-03
3.500000000000000000e+04 8.622343884781002998e-04 1.744855660945177078e-03 2.554030797909945250e-04 9.027293708641082048e-05 8.259051479399204254e-03 4.587620205711573362e-04 5.791443982161581516e-04 3.240132064092904329e-04 1.214984295074827969e-04 7.230473216623067856e-03
3.550000000000000000e+04 7.353099645115435123e-04 1.365398755297064781e-03 2.683344355318695307e-04 4.424934013513848186e-05 8.063362911343574524e-03 3.384304873179644346e-04 3.656967310234904289e-04 2.046535228146240115e-04 5.857096402905881405e-05 7.162473630160093307e-03
3.600000000000000000e+04 6.436922121793031693e-04 1.242333091795444489e-03 2.201582101406529546e-04 3.016664413735270500e-05 7.416293490678071976e-03 2.510822087060660124e-04 3.604291996452957392e-04 2.260586479678750038e-04 4.064743916387669742e-05 6.545304786413908005e-03
3.650000000000000000e+04 6.349366740323603153e-04 1.100390800274908543e-03 1.716647093417122960e-04 5.961252099950797856e-05 6.910644937306642532e-03 2.052803756669163704e-04 3.424484748393297195e-04 1.718554412946105003e-04 5.356150359148159623e-05 5.980787333101034164e-03
3.700000000000000000e+04 5.940394476056098938e-04 1.009394298307597637e-03 1.880719792097806931e-04 4.088833156856708229e-05 6.363954395055770874e-03 1.709366479190066457e-04 3.020020085386931896e-04 2.266825467813760042e-04 3.676996129797771573e-05 5.425670649856328964e-03
3.750000000000000000e+04 6.463537574745714664e-04 9.558804449625313282e-04 2.217184519395232201e-04 1.417455041519133374e-05 5.263968370854854584e-03 1.635373773751780391e-04 3.319767129141837358e-04 2.233867271570488811e-04 1.535484079795423895e-05 4.699175246059894562e-03
3.800000000000000000e+04 6.033254903741180897e-04 8.981439750641584396e-04 1.871522836154326797e-04 1.590160172781907022e-05 4.904103931039571762e-03 1.333857362624257803e-04 3.182647051289677620e-04 1.929443387780338526e-04 1.766650711942929775e-05 4.337894730269908905e-03
3.850000000000000000e+04 4.556269559543579817e-04 8.878334774635732174e-04 1.480249484302476048e-04 4.355482087703421712e-05 5.260631907731294632e-03 1.066562399500980973e-04 2.638493024278432131e-04 1.475562021369114518e-04 3.467243732302449644e-05 4.343597684055566788e-03
3.900000000000000000e+04 4.063077794853597879e-04 8.331763092428445816e-04 1.005756130325607955e-04 4.169281237409450114e-05 4.947178531438112259e-03 9.569639951223507524e-05 2.495524240657687187e-04 1.221711136167868972e-04 3.631183426477946341e-05 4.015207290649414062e-03
3.950000000000000000e+04 3.569122927729040384e-04 7.513330783694982529e-04 8.886005525710061193e-05 4.796946814167313278e-05 4.693858791142702103e-03 7.944148819660767913e-05 2.376002084929496050e-04 1.017235263134352863e-04 4.051145151606760919e-05 3.695708001032471657e-03
4.000000000000000000e+04 3.204693202860653400e-04 7.200730033218860626e-04 6.795219815103337169e-05 5.052559572504833341e-05 4.413011018186807632e-03 7.092990563251078129e-05 2.343183587072417140e-04 6.880581349832937121e-05 4.097026612726040184e-05 3.400256624445319176e-03
4.050000000000000000e+04 2.825843403115868568e-04 6.477527203969657421e-04 5.700991096091456711e-05 4.566407369566150010e-05 3.876992966979742050e-03 6.582764035556465387e-05 1.753663818817585707e-04 8.866470307111740112e-05 3.305327118141576648e-05 3.282812424004077911e-03
4.100000000000000000e+04 2.454624918755143881e-04 6.116530857980251312e-04 6.364647560985758901e-05 4.780845119967125356e-05 3.674195380881428719e-03 5.788686394225805998e-05 1.664853043621405959e-04 9.381542622577399015e-05 3.490536983008496463e-05 3.048570826649665833e-03
4.150000000000000000e+04 2.415748313069343567e-04 6.374500808306038380e-04 6.596462480956688523e-05 5.629992301692254841e-05 3.329123836010694504e-03 5.101177521282806993e-05 2.659283636603504419e-04 1.289474603254348040e-04 4.521099981502629817e-05 2.534584142267704010e-03
4.200000000000000000e+04 2.289868862135335803e-04 6.192799773998558521e-04 7.173067569965496659e-05 5.520350896404124796e-05 3.060214919969439507e-03 4.581425673677586019e-05 2.593159733805805445e-04 1.338246074737980962e-04 5.493655771715566516e-05 2.298034029081463814e-03
4.250000000000000000e+04 1.844945945776998997e-04 5.580473807640373707e-04 6.404720625141635537e-05 5.246242290013469756e-05 2.932924544438719749e-03 4.220409027766436338e-05 1.969042059499770403e-04 1.269386557396501303e-04 4.203538264846429229e-05 2.410981338471174240e-03
4.300000000000000000e+04 1.704713067738339305e-04 5.253631388768553734e-04 5.589916690951213241e-05 4.301609442336484790e-05 2.782793249934911728e-03 4.265919415047392249e-05 1.841320772655308247e-04 1.299347350141033530e-04 3.538457167451269925e-05 2.252192469313740730e-03
4.350000000000000000e+04 1.852101122494786978e-04 5.111077334731817245e-04 6.277925422182306647e-05 3.019002724613528699e-05 2.760440111160278320e-03 4.779573646374046803e-05 2.116099931299686432e-04 7.100067159626632929e-05 2.976013456645887345e-05 2.008055802434682846e-03
4.400000000000000000e+04 1.859131443779915571e-04 4.999724915251135826e-04 4.881224958808161318e-05 2.300780397490598261e-05 2.584012923762202263e-03 4.683866063714958727e-05 2.118844859069213271e-04 4.231213097227737308e-05 2.239538116555195302e-05 1.834697206504642963e-03
4.450000000000000000e+04 1.987662981264293194e-04 6.331239710561931133e-04 3.201992512913420796e-05 2.448718078085221350e-05 2.723450772464275360e-03 4.069850911037065089e-05 1.647165772737935185e-04 4.188280945527367294e-05 1.434330806660000235e-05 1.603403827175498009e-03
4.500000000000000000e+04 2.002021792577579618e-04 6.156627787277102470e-04 2.576108090579509735e-05 2.102225880662444979e-05 2.592288190498948097e-03 4.174880814389325678e-05 1.637108798604458570e-04 2.951818169094622135e-05 9.819082151807378978e-06 1.482042716816067696e-03
4.550000000000000000e+04 2.257220330648124218e-04 4.923630040138959885e-04 1.369415713270427659e-05 1.197301662614336237e-05 2.475848188623785973e-03 4.327773058321326971e-05 1.991143508348613977e-04 6.513913103844970465e-05 1.563850673846900463e-05 1.395397004671394825e-03
4.600000000000000000e+04 2.318828337593004107e-04 4.869335098192095757e-04 9.778495041246060282e-06 1.020620311464881524e-05 2.374512609094381332e-03 4.351542520453222096e-05 2.090016059810295701e-04 8.086641173576936126e-05 2.051889714493881911e-05 1.296288683079183102e-03
4.650000000000000000e+04 2.194011030951514840e-04 4.710869980044662952e-04 1.539133518235757947e-05 1.244966460944851860e-05 1.917234854772686958e-03 4.993394759367220104e-05 1.543340476928278804e-04 6.199472409207373857e-05 1.222020182467531413e-05 1.266117207705974579e-03
4.700000000000000000e+04 2.283001667819917202e-04 4.558654036372900009e-04 1.351888840872561559e-05 1.122475259762722999e-05 1.836849260143935680e-03 4.807550430996343493e-05 1.690674980636686087e-04 7.392560655716806650e-05 1.270925713470205665e-05 1.190136419609189034e-03
4.750000000000000000e+04 1.978322543436661363e-04 6.054277182556688786e-04 1.082727249013260007e-05 9.553898053127340972e-06 2.068659523501992226e-03 3.763197673833929002e-05 4.379842430353164673e-04 5.673300620401278138e-05 1.765499291650485247e-05 9.474545950070023537e-04
4.800000000000000000e+04 2.295938320457935333e-04 6.073280237615108490e-04 1.115171198762254789e-05 9.057964234671089798e-06 1.955841435119509697e-03 3.754507633857429028e-05 4.047672555316239595e-04 5.802248415420763195e-05 1.841433186200447381e-05 8.846556302160024643e-04
4.850000000000000000e+04 3.456096164882183075e-04 4.736366390716284513e-04 9.100228453462477773e-06 1.554053778818342835e-05 1.625142991542816162e-03 4.834899664274416864e-05 2.294632722623646259e-04 7.971389277372509241e-05 1.284916652366518974e-05 1.041663577780127525e-03
4.900000000000000000e+04 3.260746307205408812e-04 4.538592766039073467e-04 7.735537110420409590e-06 1.474826694902731106e-05 1.625919016078114510e-03 4.773284308612346649e-05 2.522183640394359827e-04 7.972866296768188477e-05 1.286114820686634630e-05 1.037175301462411880e-03
4.950000000000000000e+04 2.890510659199208021e-04 4.744726757053285837e-04 6.540182766912039369e-06 8.615510523668490350e-06 1.708218012936413288e-03 4.380385144031606615e-05 2.678137680049985647e-04 1.043375887093134224e-04 1.321045328950276598e-05 9.624170488677918911e-04
5.000000000000000000e+04 2.955785021185874939e-04 4.657110548578202724e-04 6.612208380829542875e-06 7.822548468539025635e-06 1.681060413829982281e-03 4.126798376091755927e-05 2.718942414503544569e-04 1.097347194445319474e-04 1.323114975093631074e-05 9.374872897751629353e-04
5.050000000000000000e+04 3.065247146878391504e-04 4.711235815193504095e-04 1.542028257972560823e-05 1.151099240814801306e-05 1.845911610871553421e-03 3.514713534968905151e-05 2.537042892072349787e-04 2.684251739992760122e-05 1.429855001333635300e-05 8.584052557125687599e-04
5.100000000000000000e+04 3.201820945832878351e-04 4.735592810902744532e-04 1.117844112741295248e-05 1.124636673921486363e-05 1.795289572328329086e-03 3.344515062053687871e-05 2.522208960726857185e-04 1.985146627703215927e-05 1.407520812790608034e-05 8.231846732087433338e-04
5.150000000000000000e+04 3.191605501342564821e-04 5.309163825586438179e-04 9.248414244211744517e-06 1.483469986851559952e-05 1.839538803324103355e-03 3.185008245054632425e-05 4.452301654964685440e-04 3.910776649718172848e-05 1.263405556528596207e-05 8.402843377552926540e-04
5.200000000000000000e+04 3.102975024376064539e-04 5.171497468836605549e-04 7.938886483316309750e-06 1.409680680808378384e-05 1.830262248404324055e-03 3.144844595226459205e-05 4.934416501782834530e-04 3.139209729852154851e-05 1.338191941613331437e-05 8.276579319499433041e-04
5.250000000000000000e+04 3.201788349542766809e-04 4.561198584269732237e-04 3.512426019369740970e-06 8.334804988407995552e-06 1.824782579205930233e-03 3.347536767250858247e-05 2.331723808310925961e-04 5.263022103463299572e-05 2.594136094558052719e-05 8.248410304076969624e-04
5.300000000000000000e+04 3.248923749197274446e-04 4.490394785534590483e-04 3.728015371962101199e-06 7.785424713802058250e-06 1.797984354197978973e-03 3.436771658016368747e-05 2.350162685615941882e-04 5.819061334477737546e-05 2.659919664438348264e-05 8.038406958803534508e-04
5.350000000000000000e+04 3.092478436883538961e-04 3.726368304342031479e-04 6.072787527955370024e-06 1.194227024825522676e-05 1.609417726285755634e-03 3.081632166868075728e-05 3.263656690251082182e-04 1.458425231248838827e-05 1.409814922226360068e-05 8.245669305324554443e-04
5.400000000000000000e+04 2.934977819677442312e-04 3.574200673028826714e-04 4.592207460518693551e-06 1.205104581458726898e-05 1.610120874829590321e-03 3.033356369996909052e-05 3.289597225375473499e-04 1.081710706785088405e-05 1.271926612389506772e-05 8.219388546422123909e-04
5.450000000000000000e+04 3.395556414034217596e-04 3.974229039158672094e-04 4.199878276267554611e-06 1.022073411149904132e-05 1.694504870101809502e-03 3.308811938040889800e-05 2.961408463306725025e-04 1.832313137128949165e-05 1.061655075318412855e-05 7.804070482961833477e-04
5.500000000000000000e+04 3.394693194422870874e-04 3.890449588652700186e-04 4.170908596279332414e-06 9.712165592645760626e-06 1.674014842137694359e-03 3.453470344538800418e-05 3.034829569514840841e-04 1.460425937693798915e-05 1.011521999316755682e-05 7.617787923663854599e-04
5.550000000000000000e+04 2.953738148789852858e-04 3.341961419209837914e-04 5.292565219860989600e-06 1.448544026061426848e-05 1.524718012660741806e-03 3.510048190946690738e-05 2.165964106097817421e-04 4.008061296190135181e-06 1.174261979031143710e-05 7.951824227347970009e-04
5.600000000000000000e+04 2.841818495653569698e-04 3.225587715860456228e-04 5.050319032307015732e-06 1.244279155798722059e-05 1.519529265351593494e-03 3.404602466616779566e-05 1.932355808094143867e-04 3.328931143187219277e-06 1.009427069220691919e-05 7.920503849163651466e-04
5.650000000000000000e+04 2.568135387264192104e-04 3.884309262502938509e-04 3.807666189459268935e-06 1.408063781127566472e-05 1.569409505464136600e-03 3.543246566550806165e-05 3.243546234443783760e-04 5.009851065551629290e-06 5.732865247409790754e-06 7.499684579670429230e-04
5.700000000000000000e+04 2.571651421021670103e-04 3.755196521524339914e-04 3.534102233970770612e-06 1.182103915198240429e-05 1.542525249533355236e-03 3.707618816406466067e-05 3.365047741681337357e-04 4.512865871220128611e-06 4.614445515471743420e-06 7.234765798784792423e-04
5.750000000000000000e+04 2.667118096724152565e-04 3.098133893217891455e-04 5.707462605641921982e-06 8.591739970142953098e-06 1.373114762827754021e-03 3.544729770510457456e-05 3.176333848387002945e-04 4.739858468383317813e-06 4.609177722159074619e-06 7.261540158651769161e-04
5.800000000000000000e+04 2.596785197965800762e-04 2.973972877953201532e-04 6.195619789650663733e-06 8.756445822655223310e-06 1.349837402813136578e-03 3.849320273729972541e-05 3.306108992546796799e-04 6.481310265371575952e-06 4.893951427220599726e-06 7.025851518847048283e-04
5.850000000000000000e+04 2.448348386678844690e-04 3.563890932127833366e-04 6.400536221917718649e-06 4.993584752810420468e-06 1.476346282288432121e-03 4.263992013875395060e-05 2.646130451466888189e-04 8.658001206640619785e-06 7.580144938401645049e-06 6.310867611318826675e-04
5.900000000000000000e+04 2.456597285345196724e-04 3.595909511204808950e-04 6.697131084365537390e-06 4.500065642787376419e-06 1.425993046723306179e-03 4.571166573441587389e-05 2.343941887374967337e-04 1.001134023681515828e-05 7.694265150348655879e-06 6.052824901416897774e-04
5.950000000000000000e+04 2.579180581960827112e-04 4.158352967351675034e-04 5.814104497403604910e-06 5.377966317610116675e-06 1.684395712800323963e-03 4.764217737829312682e-05 2.902141131926327944e-04 1.080992933566449210e-05 3.393650558791705407e-06 5.903814453631639481e-04
6.000000000000000000e+04 2.513518847990781069e-04 4.026230308227241039e-04 5.750815944338683039e-06 4.155531314609106630e-06 1.650959951803088188e-03 4.968222856405191123e-05 3.319112875033169985e-04 1.198371410282561556e-05 2.992150257341563702e-06 5.616583512164652348e-04
6.050000000000000000e+04 2.560488646849989891e-04 2.746692043729126453e-04 6.769351784896571189e-06 4.194693701720098034e-06 1.352794235572218895e-03 5.135414176038466394e-05 2.550803765188902617e-04 2.181469790230039507e-05 3.967813881899928674e-06 5.780718056485056877e-04
6.100000000000000000e+04 2.438101510051637888e-04 2.715081791393458843e-04 6.834507530584232882e-06 3.785027502090088092e-06 1.334733213298022747e-03 4.983640974387526512e-05 2.425882412353530526e-04 2.777613735815975815e-05 4.068436737725278363e-06 5.652155959978699684e-04
6.150000000000000000e+04 2.310613926965743303e-04 3.700025845319032669e-04 7.350762189162196591e-06 6.247127203096169978e-06 1.499674865044653416e-03 5.414882980403490365e-05 3.297521034255623817e-04 1.444317149434937164e-05 6.250338628888130188e-06 5.288336542434990406e-04
6.200000000000000000e+04 2.231145335827022791e-04 3.622723743319511414e-04 7.487719358323374763e-06 5.609844265563879162e-06 1.469727256335318089e-03 5.439254164230078459e-05 3.080419555772095919e-04 1.496516779297962785e-05 6.493584351119352505e-06 5.092664505355060101e-04
6.250000000000000000e+04 2.408352447673678398e-04 2.869294839911162853e-04 5.506701654667267576e-06 4.111543148610508069e-06 1.399238128215074539e-03 5.224968117545358837e-05 2.484411234036087990e-04 4.131063906243070960e-05 7.065030786179704592e-06 5.166329792700707912e-04
6.300000000000000000e+04 2.286222443217411637e-04 2.830471203196793795e-04 5.529101144929882139e-06 3.588619392758118920e-06 1.374521292746067047e-03 4.915083627565763891e-05 2.609430521260946989e-04 5.559495184570550919e-05 7.124638159439200535e-06 4.983030958101153374e-04
6.350000000000000000e+04 1.970633311429992318e-04 3.019346913788467646e-04 3.711074668899527751e-06 3.285751290604821406e-06 1.119903638027608395e-03 5.040524774813093245e-05 2.556899271439760923e-04 5.821021113661117852e-05 4.859996352024609223e-06 4.666370223276317120e-04
6.400000000000000000e+04 1.887838152470067143e-04 2.934270596597343683e-04 3.773628804992767982e-06 3.208380121577647515e-06 1.092489575967192650e-03 4.764231925946660340e-05 2.451539912726730108e-04 7.533999450970441103e-05 4.211090072203660384e-06 4.498003690969198942e-04
6.450000000000000000e+04 1.649646583246067166e-04 2.632992109283804893e-04 5.049506398790981621e-06 2.475092287568259053e-06 1.154642784968018532e-03 4.127292777411639690e-05 2.537115651648491621e-04 2.654282980074640363e-05 4.286130661057541147e-06 4.454462032299488783e-04
6.500000000000000000e+04 1.574120105942711234e-04 2.561733126640319824e-04 4.931725470669334754e-06 2.736670239755767398e-06 1.135271275416016579e-03 3.801129059866070747e-05 2.587948110885918140e-04 2.929091897385660559e-05 4.302462457417277619e-06 4.270058998372405767e-04
6.550000000000000000e+04 1.779095182428136468e-04 2.754419401753693819e-04 5.603131285170093179e-06 3.201130084562464617e-06 1.222224324010312557e-03 3.067820216529071331e-05 1.782209583325311542e-04 5.111533027957193553e-05 3.862649919028626755e-06 4.052229342050850391e-04
6.600000000000000000e+04 1.679900451563298702e-04 2.748677216004580259e-04 4.948998594045406207e-06 3.343244770803721622e-06 1.191991847008466721e-03 2.855249294952955097e-05 1.950415608007460833e-04 4.919225830235518515e-05 3.646910045063123107e-06 3.860584693029522896e-04
6.650000000000000000e+04 1.192977433674968779e-04 3.146062081214040518e-04 5.409142886492190883e-06 2.727051196416141465e-06 9.849524358287453651e-04 2.786058212222997099e-05 3.402986621949821711e-04 2.949905683635734022e-05 2.621876546982093714e-06 3.739129751920700073e-04
6.700000000000000000e+04 1.113488688133656979e-04 3.116050211247056723e-04 4.833506409340770915e-06 2.547775238781468943e-06 9.558993624523282051e-04 2.652337570907548070e-05 3.241205995436757803e-04 2.940539889095816761e-05 3.296034947197767906e-06 3.682007081806659698e-04
6.750000000000000000e+04 2.220267779193818569e-04 3.088982484769076109e-04 6.361899977491702884e-06 4.462878223421284929e-06 1.432709977962076664e-03 2.631201095937285572e-05 2.668490342330187559e-04 2.572837729530874640e-05 3.415970695641590282e-06 3.653631429187953472e-04
6.800000000000000000e+04 2.124633610947057605e-04 2.916986704804003239e-04 5.782022526545915753e-06 4.777412868861574680e-06 1.417782506905496120e-03 2.702150959521532059e-05 2.693812130019068718e-04 2.291269265697337687e-05 3.723365580299287103e-06 3.514809068292379379e-04
6.850000000000000000e+04 1.350860547972843051e-04 2.830862940754741430e-04 4.989990429749013856e-06 3.148778205286362208e-06 1.029623555950820446e-03 2.719043732213322073e-05 3.671904269140213728e-04 1.737404272716958076e-05 6.243578809517202899e-06 3.232321469113230705e-04
6.900000000000000000e+04 1.355241984128952026e-04 2.915716031566262245e-04 4.472989076020894572e-06 3.277651558164507151e-06 9.923520265147089958e-04 2.558867890911642462e-05 3.369489568285644054e-04 1.534610237285960466e-05 7.635303518327418715e-06 3.170530835632234812e-04
6.950000000000000000e+04 1.473764277761802077e-04 2.218042354797944427e-04 5.879608124814694747e-06 5.942348252574447542e-06 9.853626834228634834e-04 2.443710582156199962e-05 2.613325486890971661e-04 1.258572865481255576e-05 1.744749897625297308e-05 3.183072840329259634e-04
7.000000000000000000e+04 1.431209529982879758e-04 2.160621952498331666e-04 4.870263182965572923e-06 5.338742084859404713e-06 9.764454443939030170e-04 2.450879583193454891e-05 2.727831015363335609e-04 1.101144334825221449e-05 1.870362939371261746e-05 3.105224459432065487e-04
7.050000000000000000e+04 1.790009555406868458e-04 3.128088719677180052e-04 5.029710791859542951e-06 4.330718638811958954e-06 1.443728222511708736e-03 2.321821739315055311e-05 2.981432189699262381e-04 6.619303167099133134e-05 1.290861018787836656e-05 3.082970506511628628e-04
7.100000000000000000e+04 1.675108360359445214e-04 3.037958231288939714e-04 4.570253167912596837e-06 5.007284926250576973e-06 1.433844794519245625e-03 2.218664849351625890e-05 2.852700708899646997e-04 1.010338237392716110e-04 1.640178925299551338e-05 3.014474350493401289e-04
7.150000000000000000e+04 1.220461344928480685e-04 2.930333139374852180e-04 3.826743977697333321e-06 4.985701252735452726e-06 1.191457966342568398e-03 2.469992068654391915e-05 2.387407730566337705e-04 2.472373671480454504e-05 2.050846160273067653e-05 2.845744602382183075e-04
7.200000000000000000e+04 1.246775791514664888e-04 2.912505005951970816e-04 3.464558403720729984e-06 4.364115284261060879e-06 1.169932889752089977e-03 2.470165418344549835e-05 2.373282768530771136e-04 2.988338201248552650e-05 2.129468157363589853e-05 2.728303079493343830e-04
7.250000000000000000e+04 1.736439007800072432e-04 1.783799234544858336e-04 7.064834790071472526e-06 5.595771654043346643e-06 6.014825194142758846e-04 2.539079468988347799e-05 1.979592489078640938e-04 1.225156029249774292e-05 1.828853237384464592e-05 2.851177414413541555e-04
7.300000000000000000e+04 1.667764736339449883e-04 1.756935962475836277e-04 6.359352937579387799e-06 5.934418823017040268e-06 5.814466276206076145e-04 2.362729537708219141e-05 1.791281683836132288e-04 1.144330053648445755e-05 1.996218998101539910e-05 2.885567373596131802e-04
7.350000000000000000e+04 1.592981570865958929e-04 2.863705158233642578e-04 3.238940962546621449e-06 8.038096893869806081e-06 1.237020478583872318e-03 2.221053546236362308e-05 1.793318078853189945e-04 1.402202451572520658e-05 3.166339593008160591e-05 2.644078922457993031e-04
7.400000000000000000e+04 1.545319828437641263e-04 2.640462189447134733e-04 3.451803650023066439e-06 7.296624517039163038e-06 1.243007951416075230e-03 2.204921111115254462e-05 1.700935536064207554e-04 2.285240407218225300e-05 2.488373138476163149e-05 2.608773356769233942e-04
7.450000000000000000e+04 1.328049256699159741e-04 2.257856540381908417e-04 5.467386927193729207e-06 5.818168574478477240e-06 9.631402208469808102e-04 2.083556501020211726e-05 2.070299378829076886e-04 2.035408397205173969e-05 2.609846160339657217e-05 2.539739361964166164e-04
7.500000000000000000e+04 1.295416295761242509e-04 2.240514004370197654e-04 4.739255928143393248e-06 5.124483777763089165e-06 9.493670077063143253e-04 2.177440910600125790e-05 2.141206350643187761e-04 1.845106635300908238e-05 3.659612411865964532e-05 2.499630500096827745e-04
7.550000000000000000e+04 1.376532018184661865e-04 2.434612106299027801e-04 5.688655164703959599e-06 6.760310043318895623e-06 1.037133391946554184e-03 2.166006197512615472e-05 1.926747354445978999e-04 3.047441896342206746e-05 2.166158446925692260e-05 2.519278204999864101e-04
7.600000000000000000e+04 1.357655128231272101e-04 2.321425708942115307e-04 5.481071184476604685e-06 6.183103778312215582e-06 1.036983332596719265e-03 2.094610135827679187e-05 1.809662353480234742e-04 3.031165761058218777e-05 2.172321001125965267e-05 2.488770696800202131e-04
7.650000000000000000e+04 1.546508865430951118e-04 1.925660326378419995e-04 2.045679593720706180e-06 6.317102815955877304e-06 8.217683061957359314e-04 2.029198367381468415e-05 1.178538150270469487e-04 1.391060231981100515e-05 2.645518361532595009e-05 2.446245925966650248e-04
7.700000000000000000e+04 1.520597288617864251e-04 1.860796910477802157e-04 1.756746428327460308e-06 5.422408321464899927e-06 8.143653976731002331e-04 1.984831578738521785e-05 1.077968336176127195e-04 1.588417217135429382e-05 2.535252497182227671e-05 2.404803817626088858e-04
7.750000000000000000e+04 1.261109864572063088e-04 2.509549667593091726e-04 5.900528321944875643e-06 3.867578470817534253e-06 9.186501847580075264e-04 1.954358049260918051e-05 9.583889186615124345e-05 6.509110244223847985e-05 2.991289693454746157e-05 2.389008004684001207e-04
7.800000000000000000e+04 1.209998226840980351e-04 2.520901034586131573e-04 5.106692242407007143e-06 3.824813575192820281e-06 9.102503536269068718e-04 1.986053939617704600e-05 9.730954479891806841e-05 7.488796109100803733e-05 3.715783168445341289e-05 2.355044707655906677e-04
7.850000000000000000e+04 1.354178675683215261e-04 2.315737510798498988e-04 5.908728326176060364e-06 7.927123988338280469e-06 1.071146340109407902e-03 2.057830170087981969e-05 1.709015341475605965e-04 2.228552148153539747e-05 2.568698801042046398e-05 2.239932073280215263e-04
7.900000000000000000e+04 1.348457153653725982e-04 2.292610588483512402e-04 4.849403921980410814e-06 6.868475338706048205e-06 1.052572508342564106e-03 2.079801924992352724e-05 1.760011509759351611e-04 1.637593413761351258e-05 2.500719529052730650e-05 2.167423954233527184e-04
7.950000000000000000e+04 1.111572055378928781e-04 1.980637025553733110e-04 7.977957466209772974e-06 4.688693024945678189e-06 7.726929034106433392e-04 2.125695573340635747e-05 1.524702238384634256e-04 2.109184788423590362e-05 3.324065255583263934e-05 2.130806242348626256e-04
8.000000000000000000e+04 1.138587613240815699e-04 1.934864412760362029e-04 6.334245881589595228e-06 4.675882792071206495e-06 7.546273991465568542e-04 2.021622822212520987e-05 1.408141251886263490e-04 2.213433435827028006e-05 3.721428947756066918e-05 2.101198042510077357e-04
8.050000000000000000e+04 1.435092417523264885e-04 2.548139600548893213e-04 3.813541525232722051e-06 5.821827926411060616e-06 1.038494054228067398e-03 1.857074857980478555e-05 2.499459951650351286e-04 6.826409662608057261e-05 2.909339855250436813e-05 2.025623834924772382e-04
8.100000000000000000e+04 1.440919440938159823e-04 2.510961785446852446e-04 3.816437583736842498e-06 5.321407570590963587e-06 1.013631001114845276e-03 1.881236494227778167e-05 2.891886688303202391e-04 7.328491483349353075e-05 2.672709706530440599e-05 1.954366452991962433e-04
8.150000000000000000e+04 1.360827736789360642e-04 1.873625878943130374e-04 2.454686409691930749e-06 6.273718554439255968e-06 9.373471839353442192e-04 1.913472988235298544e-05 2.631670504342764616e-04 8.156331750797107816e-05 2.134272108378354460e-05 1.802751648938283324e-04
8.200000000000000000e+04 1.344064221484586596e-04 1.806142972782254219e-04 2.435396936562028714e-06 5.726919880544301122e-06 9.363722056150436401e-04 1.804537532734684646e-05 2.431733737466856837e-04 7.266153261298313737e-05 1.935194813995622098e-05 1.777783181751146913e-04
8.250000000000000000e+04 1.314446708420291543e-04 1.915234752232208848e-04 5.948584202997153625e-06 7.488015398848801851e-06 7.776120910421013832e-04 1.657790016906801611e-05 1.026588215609081089e-04 2.510001468181144446e-05 1.377145144942915067e-05 1.694247330306097865e-04
8.300000000000000000e+04 1.279721473110839725e-04 1.822957419790327549e-04 4.368517238617641851e-06 6.515718268929049373e-06 7.760686567053198814e-04 1.545606210129335523e-05 9.590747504262253642e-05 1.869337756943423301e-05 1.288811745325801894e-05 1.670511701377108693e-04
