# step, loss_train, loss_test, metrics_test
0.000000000000000000e+00 7.858038693666458130e-02 1.907022595405578613e-01 4.358430579304695129e-02 7.964871823787689209e-02 2.217522263526916504e-02 7.983646541833877563e-02 1.227980926632881165e-01 3.418898209929466248e-02 9.591931104660034180e-02 2.611271664500236511e-02
5.000000000000000000e+02 9.759489330463111401e-04 1.251474469900131226e-01 9.939386654878035188e-05 2.669002278707921505e-04 1.032630354166030884e-02 9.984226198866963387e-04 1.101125329732894897e-01 1.304412289755418897e-04 5.174179677851498127e-04 1.209040917456150055e-02
1.000000000000000000e+03 9.116117726080119610e-04 1.247247308492660522e-01 1.145053320215083659e-04 2.698579628486186266e-04 1.026218850165605545e-02 9.352687629871070385e-04 1.099620535969734192e-01 8.693298877915367484e-05 2.723368234001100063e-04 1.200855709612369537e-02
1.500000000000000000e+03 4.790354869328439236e-04 1.221805289387702942e-01 2.193001855630427599e-04 3.104658680967986584e-04 1.046108640730381012e-02 4.768421058543026447e-04 1.099822074174880981e-01 1.207453460665419698e-04 1.237885589944198728e-04 1.222553011029958725e-02
2.000000000000000000e+03 4.905841778963804245e-04 1.218655407428741455e-01 2.722985518630594015e-04 3.811801434494554996e-04 1.020146813243627548e-02 4.829094978049397469e-04 1.097130402922630310e-01 1.317065616603940725e-04 1.692981168162077665e-04 1.197050232440233231e-02
2.500000000000000000e+03 7.407016237266361713e-04 1.447813659906387329e-01 2.055340737570077181e-04 6.674540927633643150e-04 1.088476460427045822e-02 6.608188850805163383e-04 1.091950163245201111e-01 1.689946657279506326e-04 4.535901243798434734e-04 1.238297857344150543e-02
3.000000000000000000e+03 1.078011002391576767e-03 1.440802812576293945e-01 2.417170908302068710e-04 7.477815961465239525e-04 1.005336176604032516e-02 8.320054039359092712e-04 1.084973737597465515e-01 2.947288157884031534e-04 6.600652704946696758e-04 1.158645190298557281e-02
3.500000000000000000e+03 8.149826317094266415e-04 1.174121648073196411e-01 2.719701442401856184e-04 9.534378186799585819e-04 9.539798833429813385e-03 6.369795883074402809e-04 9.894964843988418579e-02 4.527191922534257174e-04 1.156399957835674286e-03 1.104670949280261993e-02
4.000000000000000000e+03 3.249655943363904953e-03 3.677364811301231384e-02 3.286215360276401043e-04 4.945553955622017384e-04 2.059533447027206421e-02 3.139448817819356918e-03 2.554478123784065247e-02 5.045254365541040897e-04 9.046745253726840019e-04 2.107099443674087524e-02
4.500000000000000000e+03 1.360945403575897217e-03 1.133866515010595322e-02 5.020587559556588531e-05 1.628953759791329503e-04 1.842213049530982971e-02 1.266654580831527710e-03 9.294919669628143311e-03 8.632666867924854159e-05 1.200265032821334898e-04 1.786771044135093689e-02
5.000000000000000000e+03 1.126441056840121746e-03 6.408581510186195374e-03 9.918852447299286723e-05 5.772537042503245175e-05 1.851296238601207733e-02 1.020044670440256596e-03 4.282595124095678329e-03 1.353030529571697116e-04 5.480140680447220802e-05 1.773311756551265717e-02
5.500000000000000000e+03 1.130928983911871910e-03 4.786708392202854156e-03 1.227241882588714361e-04 5.416463682195171714e-05 1.707219146192073822e-02 9.718050714582204819e-04 2.150560496374964714e-03 6.721549289068207145e-05 3.590533378883264959e-05 1.733445003628730774e-02
6.000000000000000000e+03 1.491308095864951611e-03 3.901233663782477379e-03 2.912726777140051126e-04 2.944130392279475927e-05 1.447531580924987793e-02 1.161644002422690392e-03 1.277120900340378284e-03 1.159217717940919101e-04 2.645019230840262026e-05 1.470893342047929764e-02
6.500000000000000000e+03 1.722071436233818531e-03 2.811856800690293312e-03 6.235780165297910571e-05 2.211004320997744799e-04 1.192885357886552811e-02 1.194462762214243412e-03 7.236067904159426689e-04 4.940847793477587402e-05 2.889456227421760559e-04 1.145806722342967987e-02
7.000000000000000000e+03 1.494305091910064220e-03 2.250961959362030029e-03 1.809393725125119090e-04 2.411750319879502058e-04 1.067278347909450531e-02 9.265970438718795776e-04 4.386943182907998562e-04 1.543548423796892166e-04 2.349203714402392507e-04 1.014414336532354355e-02
7.500000000000000000e+03 1.239234581589698792e-03 1.871341955848038197e-03 1.983465626835823059e-04 2.542085421737283468e-04 1.084851939231157303e-02 6.644501117989420891e-04 2.674182178452610970e-04 1.786194043233990669e-04 1.490817085141316056e-04 9.653721936047077179e-03
8.000000000000000000e+03 1.080354442819952965e-03 1.613501575775444508e-03 2.396777563262730837e-04 3.754199133254587650e-04 9.685791097581386566e-03 5.324289086274802685e-04 2.442750555928796530e-04 3.954190760850906372e-04 1.864916121121495962e-04 8.486855775117874146e-03
8.500000000000000000e+03 9.269995498470962048e-04 1.587356324307620525e-03 2.139443240594118834e-04 1.716284750727936625e-04 7.954001426696777344e-03 4.025700036436319351e-04 3.780976985581219196e-04 9.774044156074523926e-05 3.883247263729572296e-04 7.255923934280872345e-03
9.000000000000000000e+03 8.058439125306904316e-04 1.437890110537409782e-03 2.777471963781863451e-04 9.328511077910661697e-05 7.141957059502601624e-03 3.162668435834348202e-04 3.949116508010774851e-04 1.147651928476989269e-04 2.684044011402875185e-04 6.418678909540176392e-03
9.500000000000000000e+03 8.557174587622284889e-04 1.429541734978556633e-03 2.516265958547592163e-04 3.043876786250621080e-04 6.550941616296768188e-03 3.457990824244916439e-04 3.291765460744500160e-04 4.078808415215462446e-04 1.943941606441512704e-04 5.711259320378303528e-03
1.000000000000000000e+04 7.968441932462155819e-04 1.306022517383098602e-03 1.463721418986096978e-04 2.133099915226921439e-04 6.097344681620597839e-03 2.717372844927012920e-04 3.483488690108060837e-04 4.841075278818607330e-04 1.791419635992497206e-04 5.244081374257802963e-03
1.050000000000000000e+04 7.748247007839381695e-04 1.178622478619217873e-03 2.993776288349181414e-04 2.200411545345559716e-04 6.063078530132770538e-03 1.893878506962209940e-04 4.447452083695679903e-04 3.920178278349339962e-04 3.468755166977643967e-04 4.880744498223066330e-03
1.100000000000000000e+04 6.952256662771105766e-04 1.103947754018008709e-03 2.980663848575204611e-04 1.354747364530339837e-04 5.619831848889589310e-03 1.465951354475691915e-04 4.853015125263482332e-04 3.842544101644307375e-04 1.441844215150922537e-04 4.462915938347578049e-03
1.150000000000000000e+04 4.847052623517811298e-04 9.778033709153532982e-04 2.389020082773640752e-04 9.376744128530845046e-05 5.528783425688743591e-03 1.081114314729347825e-04 2.183193864766508341e-04 2.672268892638385296e-04 1.128752119257114828e-04 4.506909754127264023e-03
1.200000000000000000e+04 4.335358971729874611e-04 8.795697940513491631e-04 1.606449950486421585e-04 9.421185677638277411e-05 5.152667872607707977e-03 9.299352677771821618e-05 2.001601242227479815e-04 2.470064500812441111e-04 1.713119418127462268e-04 4.123479593545198441e-03
1.250000000000000000e+04 4.094496835023164749e-04 6.576377199962735176e-04 6.636611942667514086e-05 8.294226427096873522e-05 4.717913921922445297e-03 8.038182568270713091e-05 1.053049199981614947e-04 1.395832950947806239e-04 3.037223068531602621e-04 3.755083773285150528e-03
1.300000000000000000e+04 3.893085813615471125e-04 5.940382834523916245e-04 7.452942372765392065e-05 7.840663602109998465e-05 4.363159649074077606e-03 7.904434460215270519e-05 9.597856842447072268e-05 1.529485452920198441e-04 3.301071119494736195e-04 3.396054031327366829e-03
1.350000000000000000e+04 4.873380239587277174e-04 5.405332194641232491e-04 1.551320456201210618e-04 7.464782538590952754e-05 3.893626155331730843e-03 1.094640028895810246e-04 1.668640179559588432e-04 2.256837615277618170e-04 1.099296350730583072e-04 2.947401022538542747e-03
1.400000000000000000e+04 4.820578033104538918e-04 5.184428300708532333e-04 1.569021260365843773e-04 5.720581975765526295e-05 3.634066553786396980e-03 1.084917166735976934e-04 1.686651667114347219e-04 2.309203555341809988e-04 7.843662751838564873e-05 2.702898578718304634e-03
1.450000000000000000e+04 4.064116510562598705e-04 6.608909461647272110e-04 1.427000388503074646e-04 4.433661888469941914e-05 3.269271226599812508e-03 9.115571447182446718e-05 2.865603019017726183e-04 4.375403805170208216e-04 1.564391131978482008e-04 2.425293205305933952e-03
1.500000000000000000e+04 3.918985312338918447e-04 5.848577711731195450e-04 1.153408738900907338e-04 2.823185968736652285e-05 3.130249679088592529e-03 9.538755693938583136e-05 4.357786383479833603e-04 4.313785757403820753e-04 1.470726856496185064e-04 2.271208912134170532e-03
1.550000000000000000e+04 4.088222049176692963e-04 5.093525978736579418e-04 2.046158333541825414e-04 7.612204353790730238e-05 3.494714386761188507e-03 1.116745625040493906e-04 1.340715825790539384e-04 1.417210150975733995e-04 7.817703590262681246e-05 2.469535451382398605e-03
1.600000000000000000e+04 4.027536488138139248e-04 4.614323843270540237e-04 1.545419218018651009e-04 5.242600673227570951e-05 3.364663105458021164e-03 1.117997016990557313e-04 1.832301495596766472e-04 1.001643177005462348e-04 5.570697976509109139e-05 2.332407981157302856e-03
1.650000000000000000e+04 3.984755021519958973e-04 4.979499499313533306e-04 1.789606321835890412e-04 1.701737528492230922e-05 3.154227975755929947e-03 9.740305540617555380e-05 2.029977040365338326e-04 2.506689052097499371e-04 2.041927837126422673e-05 2.196966204792261124e-03
1.700000000000000000e+04 3.891518863383680582e-04 4.839218163397163153e-04 1.432589197065681219e-04 1.575462556502316147e-05 3.035636385902762413e-03 9.232060983777046204e-05 1.861667697085067630e-04 1.240091223735362291e-04 1.964387956832069904e-05 2.081945771351456642e-03
1.750000000000000000e+04 3.800740814767777920e-04 4.385093925520777702e-04 8.457923104288056493e-05 4.697807162301614881e-05 3.063932759687304497e-03 9.615126327844336629e-05 1.174139033537358046e-04 5.610449079540558159e-05 4.412698763189837337e-05 2.028881572186946869e-03
1.800000000000000000e+04 3.728857554960995913e-04 4.365963977761566639e-04 7.176197686931118369e-05 3.790608388953842223e-05 2.954214345663785934e-03 9.210871212417259812e-05 1.355169079033657908e-04 5.970463462290354073e-05 3.556598676368594170e-05 1.918506110087037086e-03
1.850000000000000000e+04 3.877932031173259020e-04 4.621079133357852697e-04 5.335400419426150620e-05 2.880160536733455956e-05 2.628208836540579796e-03 9.423338633496314287e-05 2.243107010144740343e-04 7.207354792626574636e-05 1.230910675076302141e-05 1.756447600200772285e-03
1.900000000000000000e+04 3.938794252462685108e-04 4.562204412650316954e-04 4.340628584031946957e-05 2.731812128331512213e-05 2.535460051149129868e-03 8.834782784106209874e-05 2.323820663150399923e-04 8.518081449437886477e-05 1.205936587211908773e-05 1.670864527113735676e-03
1.950000000000000000e+04 4.020719497930258512e-04 4.788080987054854631e-04 2.531692916818428785e-05 5.402943497756496072e-05 2.471399726346135139e-03 8.635517588118091226e-05 2.756126923486590385e-04 4.361833998700603843e-05 1.338881247647805139e-05 1.557345385663211346e-03
2.000000000000000000e+04 4.057594342157244682e-04 4.710324574261903763e-04 1.570004314999096096e-05 4.902882938040420413e-05 2.394906710833311081e-03 8.196828275686129928e-05 3.106525109615176916e-04 2.542038600950036198e-05 8.788047125563025475e-06 1.493060030043125153e-03
2.050000000000000000e+04 4.417487652972340584e-04 5.781629588454961777e-04 1.344076281384332106e-05 1.696406252449378371e-05 2.855108119547367096e-03 8.509620238328352571e-05 3.313491470180451870e-04 2.465987017785664648e-05 2.044435495918150991e-05 1.348120626062154770e-03
2.100000000000000000e+04 4.707042244262993336e-04 5.720159388147294521e-04 9.748109732754528522e-06 1.637503373785875738e-05 2.741598291322588921e-03 8.583013550378382206e-05 3.398265980649739504e-04 3.021933480340521783e-05 2.262907219119369984e-05 1.273161265999078751e-03
2.150000000000000000e+04 4.466343962121754885e-04 3.757325466722249985e-04 1.007320770440855995e-05 2.869501258828677237e-05 2.027448732405900955e-03 8.484391582896932960e-05 2.460857795085757971e-04 3.077695873798802495e-05 5.136726758792065084e-05 1.296055270358920097e-03
2.200000000000000000e+04 4.520385409705340862e-04 3.739581152331084013e-04 9.113614396483171731e-06 2.507062708900775760e-05 1.987145282328128815e-03 8.360417996300384402e-05 2.372713352087885141e-04 2.922348176070954651e-05 5.121441790834069252e-05 1.267675892449915409e-03
2.250000000000000000e+04 4.490393039304763079e-04 4.574489721562713385e-04 2.109927845594938844e-05 1.981771492864936590e-05 2.513136249035596848e-03 7.364754856098443270e-05 2.318960177944973111e-04 2.572723678895272315e-05 1.335167053184704855e-05 1.307050115428864956e-03
2.300000000000000000e+04 4.492190782912075520e-04 4.456977185327559710e-04 1.563094701850786805e-05 1.599913775862660259e-05 2.474386943504214287e-03 7.569805893581360579e-05 2.540297864470630884e-04 2.233256600447930396e-05 1.254608832823578268e-05 1.266786945052444935e-03
2.350000000000000000e+04 4.487536498345434666e-04 4.430616972967982292e-04 8.857975444698240608e-06 2.300273081345949322e-05 2.246603369712829590e-03 7.577318319818004966e-05 3.408598131500184536e-04 1.819966018956620246e-05 5.845509440405294299e-05 1.215804601088166237e-03
2.400000000000000000e+04 4.485242243390530348e-04 4.375978314783424139e-04 8.893968697520904243e-06 2.064791624434292316e-05 2.218306995928287506e-03 7.535438635386526585e-05 3.449284995440393686e-04 1.979204535018652678e-05 5.506706656888127327e-05 1.191002782434225082e-03
2.450000000000000000e+04 3.904789336957037449e-04 4.137353971600532532e-04 1.093872378987725824e-05 2.715194023039657623e-05 2.244762377813458443e-03 7.788847869960591197e-05 3.272740577813237906e-04 6.092669991630828008e-06 9.143319766735658050e-05 1.216854318045079708e-03
2.500000000000000000e+04 3.943710471503436565e-04 3.945551870856434107e-04 1.686314135440625250e-05 2.326504909433424473e-05 2.222237177193164825e-03 7.610652392031624913e-05 4.052834992762655020e-04 1.507083834439981729e-05 9.789630712475627661e-05 1.187912537716329098e-03
2.550000000000000000e+04 4.347013600636273623e-04 3.028210776392370462e-04 8.537563189747743309e-06 1.351614537270506844e-05 1.877273316495120525e-03 6.778400711482390761e-05 6.229158025234937668e-04 2.015877907979302108e-05 9.135347499977797270e-05 1.224023173563182354e-03
2.600000000000000000e+04 4.283534653950482607e-04 2.973259543068706989e-04 8.376348887395579368e-06 1.195644199469825253e-05 1.853709225542843342e-03 6.774174107704311609e-05 6.589782424271106720e-04 2.246444091724697500e-05 7.797293801559135318e-05 1.201070030219852924e-03
2.650000000000000000e+04 4.398110031615942717e-04 4.484330420382320881e-04 9.439798304811120033e-06 2.442876211716793478e-05 1.971333753317594528e-03 8.765602979110553861e-05 4.064983222633600235e-04 1.223185336129972711e-05 2.110024615831207484e-05 9.808812756091356277e-04
2.700000000000000000e+04 4.509499995037913322e-04 4.479149065446108580e-04 1.039185190165881068e-05 2.342287916690111160e-05 1.913689193315804005e-03 9.038301504915580153e-05 3.794943622779101133e-04 1.389269073115428910e-05 2.170618608943186700e-05 9.492775425314903259e-04
2.750000000000000000e+04 3.917432914022356272e-04 3.193601733073592186e-04 1.333816908299922943e-05 1.718090970825869590e-05 1.655924133956432343e-03 7.511693547712638974e-05 3.387482429388910532e-04 1.714069912850391120e-05 2.479700378898996860e-05 1.016131602227687836e-03
2.800000000000000000e+04 3.936708089895546436e-04 3.200715291313827038e-04 1.220515969180269167e-05 1.458842416468542069e-05 1.623528311029076576e-03 7.446803647326305509e-05 3.480637387838214636e-04 1.784569940355140716e-05 3.444751200731843710e-05 9.928471408784389496e-04
2.850000000000000000e+04 4.388205124996602535e-04 3.706265706568956375e-04 7.890653250797186047e-06 1.441420408809790388e-05 1.852173591032624245e-03 7.907932013040408492e-05 2.705846854951232672e-04 1.778521618689410388e-05 2.025953108386602253e-05 9.839433478191494942e-04
2.900000000000000000e+04 4.304432950448244810e-04 3.677606873679906130e-04 7.722041118540801108e-06 1.307502679992467165e-05 1.839363365434110165e-03 8.129423076752573252e-05 2.558798005338758230e-04 2.327718357264529914e-05 1.759934457368217409e-05 9.702795068733394146e-04
2.950000000000000000e+04 4.439380136318504810e-04 3.370187187101691961e-04 1.523930313851451501e-05 1.373080795019632205e-05 1.904533593915402889e-03 7.785809430060908198e-05 5.086730816401541233e-04 2.776232395262923092e-05 1.692421938059851527e-05 9.827922331169247627e-04
3.000000000000000000e+04 4.424091894179582596e-04 3.248163266107439995e-04 1.405274542776169255e-05 1.352927938569337130e-05 1.887717982754111290e-03 8.030564640648663044e-05 5.716666346415877342e-04 2.218522968178149313e-05 1.678552871453575790e-05 9.663616074249148369e-04
3.050000000000000000e+04 4.616563674062490463e-04 3.651981824077665806e-04 1.340151266049360856e-05 1.064162097463849932e-05 2.015203470364212990e-03 9.063284960575401783e-05 2.759624039754271507e-04 3.660437869257293642e-05 2.334101918677333742e-05 9.878580458462238312e-04
3.100000000000000000e+04 4.543659160844981670e-04 3.412601072341203690e-04 8.602109119237866253e-06 9.942568794940598309e-06 2.012780867516994476e-03 9.087822400033473969e-05 3.012724919244647026e-04 1.878373768704477698e-05 2.563467933214269578e-05 9.758365340530872345e-04
3.150000000000000000e+04 3.783156280405819416e-04 3.289353044237941504e-04 8.946574780566152185e-06 9.295826203015167266e-06 1.707392628304660320e-03 8.980853453977033496e-05 2.160014410037547350e-04 3.032915446965489537e-05 3.874809408443979919e-05 8.894254569895565510e-04
3.200000000000000000e+04 3.865380422212183475e-04 3.290871973149478436e-04 9.598342330718878657e-06 9.295409654441755265e-06 1.668705255724489689e-03 8.698584133526310325e-05 2.192022511735558510e-04 3.540796387824229896e-05 4.238725523464381695e-05 8.632167009636759758e-04
3.250000000000000000e+04 4.464268276933580637e-04 2.662959159351885319e-04 1.462238833482842892e-05 1.199213329527992755e-05 1.707119285129010677e-03 7.840999023756012321e-05 5.724505172111093998e-04 2.944108746305573732e-05 1.923921627167146653e-05 9.532293188385665417e-04
3.300000000000000000e+04 4.319731669966131449e-04 2.705081424210220575e-04 8.927474482334218919e-06 9.809156836126931012e-06 1.687857205979526043e-03 8.053427154663950205e-05 4.713661328423768282e-04 4.220186019665561616e-05 1.598180642758961767e-05 9.387116879224777222e-04
3.350000000000000000e+04 4.614889039658010006e-04 3.799872065428644419e-04 1.100549434340791777e-05 6.442468475142959505e-06 1.791230402886867523e-03 9.121114271692931652e-05 2.673850103747099638e-04 2.092858085234183818e-05 6.129978282842785120e-05 8.266689837910234928e-04
3.400000000000000000e+04 4.619390820153057575e-04 3.906128113158047199e-04 1.224730021931463853e-05 1.122342655435204506e-05 1.756703364662826061e-03 9.176905587082728744e-05 2.228675730293616652e-04 1.665023592067882419e-05 8.389852155232802033e-05 8.101779967546463013e-04
3.450000000000000000e+04 3.721349057741463184e-04 3.855346876662224531e-04 8.608516509411856532e-06 5.215563760430086404e-06 1.722634886391460896e-03 8.282707858597859740e-05 4.192628839518874884e-04 2.003643385251052678e-05 1.698063533694949001e-05 7.983847754076123238e-04
3.500000000000000000e+04 3.735737409442663193e-04 3.839701530523598194e-04 8.345580681634601206e-06 5.176788818062050268e-06 1.700293389149010181e-03 8.222991164075210690e-05 4.435956943780183792e-04 2.494955333531834185e-05 1.649195837671868503e-05 7.819305174052715302e-04
3.550000000000000000e+04 4.146155843045562506e-04 2.717289025895297527e-04 8.608848474978003651e-06 9.961110663425642997e-06 1.504365005530416965e-03 7.122926035663112998e-05 3.524873754940927029e-04 2.315398887731134892e-05 1.721112130326218903e-05 8.472388144582509995e-04
3.600000000000000000e+04 3.958425950258970261e-04 2.651277754921466112e-04 8.372551747015677392e-06 8.576828804507385939e-06 1.507464796304702759e-03 7.096595072653144598e-05 3.330025938339531422e-04 2.199855771323200315e-05 1.957437962119001895e-05 8.444469422101974487e-04
3.650000000000000000e+04 4.125323903281241655e-04 3.577996103558689356e-04 5.997248536004917696e-06 1.104497823689598590e-05 1.655529020354151726e-03 8.011015597730875015e-05 1.840102340793237090e-04 1.675502062425948679e-05 1.400660858053015545e-05 7.732139201834797859e-04
3.700000000000000000e+04 4.086498811375349760e-04 3.501504252199083567e-04 5.735944341722643003e-06 1.060280010278802365e-05 1.640755916014313698e-03 7.538990757893770933e-05 1.895458117360249162e-04 1.951513877429533750e-05 1.328302641923073679e-05 7.613570196554064751e-04
3.750000000000000000e+04 3.856799448840320110e-04 2.499770489521324635e-04 7.996627573447767645e-06 7.073119377309922129e-06 1.155326375737786293e-03 6.803465657867491245e-05 2.422633406240493059e-04 2.743269033089745790e-05 2.940484773716889322e-05 7.227886817418038845e-04
3.800000000000000000e+04 3.930237435270100832e-04 2.488010213710367680e-04 6.633074917772319168e-06 6.344201665342552587e-06 1.127177616581320763e-03 6.220392970135435462e-05 2.486214216332882643e-04 2.751611464191228151e-05 2.844805931090377271e-05 7.093148306012153625e-04
3.850000000000000000e+04 3.875561815220862627e-04 3.072665713261812925e-04 7.554129751952132210e-06 1.733753197186160833e-05 1.667954260483384132e-03 5.769920244347304106e-05 2.626507484819740057e-04 1.612540290807373822e-05 3.803483195952139795e-05 7.719838758930563927e-04
3.900000000000000000e+04 3.852626541629433632e-04 2.991933433804661036e-04 7.956173249112907797e-06 1.597767368366476148e-05 1.656505395658314228e-03 6.063656837795861065e-05 2.616223937366157770e-04 1.662611794017720968e-05 4.400300167617388070e-05 7.614787900820374489e-04
3.950000000000000000e+04 3.713665355462580919e-04 3.173844888806343079e-04 8.318265827256254852e-06 7.858025128371082246e-06 1.607261714525520802e-03 6.611631397390738130e-05 1.796877186279743910e-04 7.480718068109126762e-06 1.901954237837344408e-05 7.199549581855535507e-04
4.000000000000000000e+04 3.660227521322667599e-04 3.245572443120181561e-04 8.220644303946755826e-06 8.062642336881253868e-06 1.584972022101283073e-03 6.278105138335376978e-05 1.412101119058206677e-04 7.240134436869993806e-06 1.852911736932583153e-05 7.041663047857582569e-04
4.050000000000000000e+04 3.484145272523164749e-04 2.588783099781721830e-04 8.102979336399585009e-06 7.797982107149437070e-06 1.510456320829689503e-03 5.423606489785015583e-05 2.203640469815582037e-04 1.711785444058477879e-05 1.937562228704337031e-05 7.194820209406316280e-04
4.100000000000000000e+04 3.468773502390831709e-04 2.564858004916459322e-04 7.572984031867235899e-06 7.656465641048271209e-06 1.497851917520165443e-03 5.420539309852756560e-05 2.266873052576556802e-04 1.959169458132237196e-05 1.885909296106547117e-05 7.094735046848654747e-04
4.150000000000000000e+04 3.101928159594535828e-04 2.563114685472100973e-04 6.649430815741652623e-06 1.104995135392528027e-05 1.099400105886161327e-03 5.298039832268841565e-05 2.507255121599882841e-04 1.550110937387216836e-05 8.297560270875692368e-05 6.473949761129915714e-04
4.200000000000000000e+04 3.151142736896872520e-04 2.516476379241794348e-04 6.417904387490125373e-06 1.092859656637301669e-05 1.075188745744526386e-03 5.072736894362606108e-05 2.684690116439014673e-04 1.823912862164434046e-05 1.086137053789570928e-04 6.294334307312965393e-04
4.250000000000000000e+04 3.873879904858767986e-04 2.122380828950554132e-04 8.700370017322711647e-06 1.209883430419722572e-05 1.236698939464986324e-03 5.203850378165952861e-05 2.345295069972053170e-04 2.091885653499048203e-05 4.131225068704225123e-05 6.907786009833216667e-04
4.300000000000000000e+04 3.723685222212225199e-04 2.048994210781529546e-04 7.638869647053070366e-06 9.804444744077045470e-06 1.242519007064402103e-03 5.259997851680964231e-05 2.371731825405731797e-04 2.847167888830881566e-05 3.954371641157194972e-05 6.948580266907811165e-04
4.350000000000000000e+04 3.816798562183976173e-04 2.477488887961953878e-04 6.303195277723716572e-06 8.062355846050195396e-06 1.216929173097014427e-03 4.805732896784320474e-05 3.866771876346319914e-04 7.227493824757402763e-06 5.910632171435281634e-05 6.340446416288614273e-04
4.400000000000000000e+04 3.805852029472589493e-04 2.492299245204776525e-04 5.970614438410848379e-06 7.229086349980207160e-06 1.197406789287924767e-03 4.446774255484342575e-05 3.861215373035520315e-04 6.852896149212028831e-06 5.462512490339577198e-05 6.231263978406786919e-04
4.450000000000000000e+04 3.474245604593306780e-04 3.777070669457316399e-04 5.888621672056615353e-06 1.761109524522908032e-05 1.574827125295996666e-03 4.109111978323198855e-05 2.115283132297918200e-04 1.272073131985962391e-05 1.444183271814836189e-05 6.281494279392063618e-04
4.500000000000000000e+04 3.436366096138954163e-04 3.727193688973784447e-04 5.183631401450838894e-06 1.581745709700044245e-05 1.566427294164896011e-03 4.011558121419511735e-05 1.982389949262142181e-04 1.094756316888378933e-05 1.422213790647219867e-05 6.169815897010266781e-04
4.550000000000000000e+04 4.088695568498224020e-04 3.032001841347664595e-04 4.961626927979523316e-06 5.526368568098405376e-06 1.466137357056140900e-03 4.519279900705441833e-05 2.431468310533091426e-04 1.688297015789430588e-05 2.049562681349925697e-05 5.905554280616343021e-04
4.600000000000000000e+04 4.145672428421676159e-04 2.988815831486135721e-04 4.066610927111469209e-06 5.246316959528485313e-06 1.444848254323005676e-03 4.508463462116196752e-05 2.413468464510515332e-04 2.107894943037535995e-05 1.851351225923281163e-05 5.826785927638411522e-04
4.650000000000000000e+04 3.353762440383434296e-04 2.410176093690097332e-04 6.591081728402059525e-06 8.862380127538926899e-06 1.207549241371452808e-03 3.661806476884521544e-05 3.059019509237259626e-04 1.283507936022942886e-05 3.086196375079452991e-05 6.327799055725336075e-04
4.700000000000000000e+04 3.263076650910079479e-04 2.395816554781049490e-04 5.678632533090421930e-06 8.028338015719782561e-06 1.197854173369705677e-03 3.546942025423049927e-05 2.761448267847299576e-04 1.744288965710438788e-05 3.018614370375871658e-05 6.257977802306413651e-04
4.750000000000000000e+04 3.709183947648853064e-04 3.187869442626833916e-04 4.663349500333424658e-06 8.063901987043209374e-06 1.184781780466437340e-03 4.134661139687523246e-05 2.219105517724528909e-04 1.196248376800213009e-05 5.143644739291630685e-05 5.566818290390074253e-04
4.800000000000000000e+04 4.001503402832895517e-04 3.106377844233065844e-04 5.505074568645795807e-06 8.382675332541111857e-06 1.130671706050634384e-03 4.403059938340447843e-05 3.094329731538891792e-04 1.458752922189887613e-05 2.494352338544558734e-05 5.428912700153887272e-04
4.850000000000000000e+04 3.374446823727339506e-04 2.059341641142964363e-04 4.634771812561666593e-06 8.251413419202435762e-06 1.080836053006350994e-03 4.145562343182973564e-05 2.989194472320377827e-04 2.966738793475087732e-05 1.971320307347923517e-05 5.572212394326925278e-04
4.900000000000000000e+04 3.258931974414736032e-04 1.989633019547909498e-04 4.670980160881299525e-06 7.405954875139286742e-06 1.080112764611840248e-03 4.041177453473210335e-05 3.208072157576680183e-04 1.956076994247268885e-05 2.126191975548863411e-05 5.514843505807220936e-04
4.950000000000000000e+04 3.565304505173116922e-04 2.927509485743939877e-04 5.035867616243194789e-06 4.831113074033055454e-06 1.189642818644642830e-03 3.787425157497636974e-05 2.281099004903808236e-04 1.977949614229146391e-05 8.613357749709393829e-06 5.364097887650132179e-04
5.000000000000000000e+04 3.441464796196669340e-04 2.902650739997625351e-04 4.622456344804959372e-06 4.197311682219151407e-06 1.186582143418490887e-03 3.601848948164843023e-05 2.145556936739012599e-04 1.968945980479475111e-05 6.361172381730284542e-06 5.339037743397057056e-04
5.050000000000000000e+04 3.276077623013406992e-04 3.067969810217618942e-04 6.328557901724707335e-06 6.503787972178542987e-06 1.244018785655498505e-03 3.560270124580711126e-05 1.067610864993184805e-04 1.167066511698067188e-05 1.434892419638345018e-05 5.011050961911678314e-04
5.100000000000000000e+04 3.401121066417545080e-04 3.111554542556405067e-04 5.987023087072884664e-06 5.927658548898762092e-06 1.202919869683682919e-03 3.794015719904564321e-05 1.044136879500001669e-04 8.259195965365506709e-06 2.581127591838594526e-05 4.846540105063468218e-04
5.150000000000000000e+04 3.566770756151527166e-04 3.060246526729315519e-04 4.162677669228287414e-06 6.546811164298560470e-06 1.325641991570591927e-03 3.793097494053654373e-05 3.415001847315579653e-04 1.155746758740860969e-05 6.945819677639519796e-06 4.953055758960545063e-04
5.200000000000000000e+04 3.510935348458588123e-04 2.926013548858463764e-04 4.504357548285042867e-06 5.799440714326919988e-06 1.322169555351138115e-03 3.785303852055221796e-05 3.689219302032142878e-04 1.361227168672485277e-05 5.683165454684058204e-06 4.938199417665600777e-04
5.250000000000000000e+04 3.228569694329053164e-04 3.163974615745246410e-04 5.975856765871867537e-06 5.511902145372005180e-06 1.374545157887041569e-03 3.534192364895716310e-05 1.377300359308719635e-04 6.676443717879010364e-06 1.135491675086086616e-05 5.029686726629734039e-04
5.300000000000000000e+04 3.179815830662846565e-04 3.159962943755090237e-04 5.573000180447706953e-06 4.645965418603736907e-06 1.362451701425015926e-03 3.577200914151035249e-05 1.131534663727506995e-04 5.569844233832554892e-06 1.207610603159992024e-05 4.943622625432908535e-04
5.350000000000000000e+04 3.017772105522453785e-04 2.128319465555250645e-04 5.576552212005481124e-06 5.427718861028552055e-06 1.162840984761714935e-03 4.219255060888826847e-05 1.606055739102885127e-04 1.777833313099108636e-05 1.916945984703488648e-05 4.796525463461875916e-04
5.400000000000000000e+04 3.053678665310144424e-04 2.145694743376225233e-04 5.362938281905371696e-06 4.997844825993524864e-06 1.142583438195288181e-03 4.394119241624139249e-05 1.592243206687271595e-04 1.938205969054251909e-05 1.955834522959776223e-05 4.687825276050716639e-04
5.450000000000000000e+04 3.865232574753463268e-04 2.249214303446933627e-04 6.746201961504993960e-06 3.923664280591765419e-06 1.223981846123933792e-03 4.264544259058311582e-05 2.149816573364660144e-04 1.240408437297446653e-05 1.494779735367046669e-05 4.576005158014595509e-04
5.500000000000000000e+04 3.801719576586037874e-04 2.215104905189946294e-04 5.726323252019938082e-06 3.298143155916477554e-06 1.214641379192471504e-03 4.331359377829357982e-05 2.160424046451225877e-04 1.269770200451603159e-05 1.459243412682553753e-05 4.491595609579235315e-04
5.550000000000000000e+04 3.396707179490476847e-04 2.126244507962837815e-04 8.004156370589043945e-06 3.722914698300883174e-06 1.115130144171416759e-03 4.642008570954203606e-05 1.765229681041091681e-04 2.923369720519986004e-05 1.260920544154942036e-05 4.681288264691829681e-04
5.600000000000000000e+04 3.337727684993296862e-04 2.188567013945430517e-04 5.185200279811397195e-06 2.724259957176400349e-06 1.081736059859395027e-03 4.515156615525484085e-05 9.538802260067313910e-05 3.495044438750483096e-05 1.523815535620087758e-05 4.603391862474381924e-04
5.650000000000000000e+04 3.152424469590187073e-04 2.173422835767269135e-04 4.868807536695385352e-06 7.676256245758850127e-06 1.170702627860009670e-03 4.210842962493188679e-05 1.344974880339577794e-04 8.821897608868312091e-06 6.825014224887127057e-06 4.538581124506890774e-04
5.700000000000000000e+04 3.167941758874803782e-04 2.128774649463593960e-04 4.203225671517429873e-06 6.504490556835662574e-06 1.152220298536121845e-03 4.030689160572364926e-05 1.361713948426768184e-04 1.907308251247741282e-05 6.497172762465197593e-06 4.431771521922200918e-04
5.750000000000000000e+04 3.027299244422465563e-04 2.106684405589476228e-04 6.095736807765206322e-06 3.124166596535360441e-06 1.008616061881184578e-03 3.650402868515811861e-05 2.113037189701572061e-04 1.604716999281663448e-05 1.143835834227502346e-05 4.367764049675315619e-04
5.800000000000000000e+04 2.952391223516315222e-04 2.099781413562595844e-04 5.524099378817481920e-06 2.604341034384560771e-06 1.002991455607116222e-03 3.566118175513111055e-05 2.070673363050445914e-04 2.088524342980235815e-05 1.038376558426534757e-05 4.320314037613570690e-04
5.850000000000000000e+04 2.924302825704216957e-04 2.673650451470166445e-04 5.681020866177277640e-06 2.386637106610578485e-06 1.063456758856773376e-03 3.820838537649251521e-05 1.399088796461001039e-04 1.577737202751450241e-05 1.211137805512407795e-05 4.209532053209841251e-04
5.900000000000000000e+04 2.963646838907152414e-04 2.719199983403086662e-04 6.241795290407026187e-06 2.146410452041891403e-06 1.035250723361968994e-03 3.697458669194020331e-05 1.326579949818551540e-04 1.940411129908170551e-05 1.174011231341864914e-05 4.158878000453114510e-04
5.950000000000000000e+04 3.165250236634165049e-04 3.323816636111587286e-04 6.193648914631921798e-06 5.225762834015768021e-06 1.358933630399405956e-03 3.570057742763310671e-05 1.503867533756420016e-04 1.959333894774317741e-05 1.348934165434911847e-05 3.989760880358517170e-04
6.000000000000000000e+04 3.166095993947237730e-04 3.212997980881482363e-04 5.762948603660333902e-06 4.778463789989473298e-06 1.342852017842233181e-03 3.742285844055004418e-05 1.333854888798668981e-04 1.961605084943585098e-05 1.446033002139301971e-05 3.882729506585747004e-04
6.050000000000000000e+04 3.367500612512230873e-04 1.987667928915470839e-04 3.493010581223643385e-06 3.382498334758565761e-06 1.050962368026375771e-03 3.397561886231414974e-05 1.002620992949232459e-04 4.175738649792037904e-05 1.983204856514930725e-05 3.994673606939613819e-04
6.100000000000000000e+04 3.323552082292735577e-04 1.982815447263419628e-04 3.600415084292762913e-06 3.133499831164954230e-06 1.038014772348105907e-03 3.185576497344300151e-05 9.446412150282412767e-05 5.438749576569534838e-05 1.759316728566773236e-05 3.956712898798286915e-04
6.150000000000000000e+04 3.084459167439490557e-04 2.737238828558474779e-04 6.380401373462518677e-06 4.890025593340396881e-06 1.164869870990514755e-03 3.696570274769328535e-05 1.557013019919395447e-04 4.491069921641610563e-05 9.159358342003542930e-06 3.801920684054493904e-04
6.200000000000000000e+04 3.066954377572983503e-04 2.646736102178692818e-04 5.500586667039897293e-06 4.524377345660468563e-06 1.149485586211085320e-03 3.690088851726613939e-05 1.769724622135981917e-04 3.649348946055397391e-05 9.082373253477271646e-06 3.715135680977255106e-04
6.250000000000000000e+04 3.422205045353621244e-04 2.183683536713942885e-04 6.454539288824889809e-06 3.791958761212299578e-06 1.085737720131874084e-03 3.177677353960461915e-05 6.861253496026620269e-05 2.761185351118911058e-05 1.069810241460800171e-05 3.670564328785985708e-04
6.300000000000000000e+04 3.406854521017521620e-04 2.107926848111674190e-04 5.876731847820337862e-06 3.521139888107427396e-06 1.073449850082397461e-03 3.001895311172120273e-05 7.318632560782134533e-05 2.226177639386150986e-05 9.413451152795460075e-06 3.589526168070733547e-04
6.350000000000000000e+04 2.936236560344696045e-04 2.007358125410974026e-04 5.344802048057317734e-06 2.326352841919288039e-06 8.501823176629841328e-04 2.659723759279586375e-05 1.152673285105265677e-04 1.137939398176968098e-05 1.363153569400310516e-05 3.343457356095314026e-04
6.400000000000000000e+04 2.909162139985710382e-04 1.997774234041571617e-04 5.364233402360696346e-06 2.194999979110434651e-06 8.350769057869911194e-04 2.536220563342794776e-05 1.155657300841994584e-04 1.003563465928891674e-05 1.592885746504180133e-05 3.276269417256116867e-04
6.450000000000000000e+04 2.908773894887417555e-04 1.845944061642512679e-04 6.090951046644477174e-06 4.386070941109210253e-06 9.496893035247921944e-04 2.705013503145892173e-05 1.342632021987810731e-04 1.338338734058197588e-05 9.270230293623171747e-06 3.335712535772472620e-04
6.500000000000000000e+04 2.821357338689267635e-04 1.964372349902987480e-04 5.579518074227962643e-06 4.264994004188338295e-06 9.301194222643971443e-04 2.542890251788776368e-05 8.886366413207724690e-05 1.856507151387631893e-05 1.072799386747647077e-05 3.293694171588867903e-04
6.550000000000000000e+04 3.084399504587054253e-04 2.575914841145277023e-04 4.795704171556280926e-06 3.214601292711449787e-06 1.079741166904568672e-03 2.449289786454755813e-05 9.168913675239309669e-05 4.085439650225453079e-05 8.219475603254977614e-06 3.488646470941603184e-04
6.600000000000000000e+04 2.994174137711524963e-04 2.555120736360549927e-04 4.229833393765147775e-06 3.254280954934074543e-06 1.073494320735335350e-03 2.356110599066596478e-05 8.405146945733577013e-05 4.607992377714253962e-05 7.596022896905196831e-06 3.473364049568772316e-04
6.650000000000000000e+04 2.180982410209253430e-04 2.216404536738991737e-04 4.948665264237206429e-06 2.524109731893986464e-06 8.795902831479907036e-04 2.185907578677870333e-05 1.195365839521400630e-04 1.929576501424890012e-05 1.157315909949829802e-05 3.394672821741551161e-04
6.700000000000000000e+04 2.147199702449142933e-04 2.230110985692590475e-04 4.649562015401897952e-06 2.374134282945306040e-06 8.497787639498710632e-04 2.162344571843277663e-05 1.068775163730606437e-04 1.685184724919963628e-05 8.868900295055937022e-06 3.369903715793043375e-04
6.750000000000000000e+04 3.405328607186675072e-04 2.582019951660186052e-04 4.396694748720619828e-06 2.215307858932646923e-06 1.325073186308145523e-03 2.248021337436512113e-05 9.723984840093180537e-05 2.332431904505938292e-05 1.156455800810363144e-05 3.213670279365032911e-04
6.800000000000000000e+04 3.283472033217549324e-04 2.491722698323428631e-04 4.127657120989169925e-06 2.638929800014011562e-06 1.314067980274558067e-03 2.190246959798969328e-05 9.201210923492908478e-05 2.234571365988813341e-05 1.415280985384015366e-05 3.192921867594122887e-04
6.850000000000000000e+04 2.526954631321132183e-04 2.443022385705262423e-04 5.378758942242711782e-06 4.153060672251740471e-06 8.291649864986538887e-04 2.340499850106425583e-05 1.217370227095670998e-04 9.424386007594875991e-06 1.725457696011289954e-05 3.340491966810077429e-04
6.900000000000000000e+04 2.556350373197346926e-04 2.561768633313477039e-04 5.366068762668874115e-06 3.494037400741945021e-06 7.957372581586241722e-04 2.023033266596030444e-05 1.203800202347338200e-04 1.187468751595588401e-05 1.652432001719716936e-05 3.345258010085672140e-04
6.950000000000000000e+04 2.968867192976176739e-04 2.242016780655831099e-04 4.462629931367700920e-06 4.756112048198701814e-06 8.547285688109695911e-04 1.828642598411533982e-05 1.017312533804215491e-04 1.046146735461661592e-05 1.776526733010541648e-05 3.087976656388491392e-04
7.000000000000000000e+04 2.812005404848605394e-04 2.222038456238806248e-04 4.286909643269609660e-06 4.699071268987609074e-06 8.547874749638140202e-04 1.809115747164469212e-05 9.848926856648176908e-05 1.296740902034798637e-05 2.461009535181801766e-05 3.116406733170151711e-04
7.050000000000000000e+04 2.842488174792379141e-04 3.284818667452782393e-04 5.074390628578839824e-06 2.064911086563370191e-06 1.304166973568499088e-03 1.987269752135034651e-05 9.427899203728884459e-05 1.074806932592764497e-04 1.219742534885881469e-05 3.157175960950553417e-04
7.100000000000000000e+04 2.762595249805599451e-04 3.273423644714057446e-04 4.355482360551832244e-06 2.094921228490420617e-06 1.287516206502914429e-03 1.953156061063054949e-05 9.098625014303252101e-05 1.431836135452613235e-04 1.217816043208586052e-05 3.133885911665856838e-04
7.150000000000000000e+04 2.181766758440062404e-04 2.757032634690403938e-04 4.954567430104361847e-06 4.471075044421013445e-06 1.076925895176827908e-03 1.804376734071411192e-05 7.163792179198935628e-05 1.893715489131864160e-05 2.594006946310400963e-05 2.897867525462061167e-04
7.200000000000000000e+04 2.226229698862880468e-04 2.748155675362795591e-04 4.144087597524048761e-06 3.164385589116136543e-06 1.057431567460298538e-03 1.688852717052213848e-05 6.436337571358308196e-05 1.612815867702011019e-05 3.164058944093994796e-05 2.809738507494330406e-04
7.250000000000000000e+04 2.274006110383197665e-04 1.245016319444403052e-04 9.641774340707343072e-06 5.092784249427495524e-06 5.396909546107053757e-04 2.013028642977587879e-05 9.622846118872985244e-05 2.015911923081148416e-05 7.310284217965090647e-06 3.278258664067834616e-04
7.300000000000000000e+04 2.212768740719184279e-04 1.315086556132882833e-04 5.578629497904330492e-06 3.590660753616248257e-06 5.021668621338903904e-04 1.846390841819811612e-05 8.584703027736395597e-05 1.885038545879069716e-05 6.873337952129077166e-06 3.407647891435772181e-04
7.350000000000000000e+04 2.556529943831264973e-04 2.580530999694019556e-04 2.866385329980403185e-06 3.164988356729736552e-06 1.205193228088319302e-03 1.522364891570759937e-05 1.334091357421129942e-04 2.668160414032172412e-05 1.091990725399227813e-05 2.794348401948809624e-04
7.400000000000000000e+04 2.382013626629486680e-04 2.410059823887422681e-04 2.653406681929482147e-06 3.899488547176588327e-06 1.211734372191131115e-03 1.621755109226796776e-05 1.374330895487219095e-04 3.123786154901608825e-05 1.213692848978098482e-05 2.807660493999719620e-04
7.450000000000000000e+04 2.217009605374187231e-04 2.247572992928326130e-04 4.148165317019447684e-06 2.915521463364711963e-06 8.908888557925820351e-04 1.676069769018795341e-05 1.094901963369920850e-04 9.689147191238589585e-06 5.577576757787028328e-06 2.689842367544770241e-04
7.500000000000000000e+04 2.202352479798719287e-04 2.178358990931883454e-04 3.598698413043166511e-06 2.603637085485388525e-06 8.805197430774569511e-04 1.568866173329297453e-05 9.750184835866093636e-05 7.950923645694274455e-06 7.926898433652240783e-06 2.637449942994862795e-04
7.550000000000000000e+04 2.213977277278900146e-04 2.070166956400498748e-04 3.192493068127078004e-06 2.624855142130400054e-06 9.600383928045630455e-04 1.585330755915492773e-05 8.831573359202593565e-05 1.431769487680867314e-05 1.449910632800310850e-05 2.706182422116398811e-04
7.600000000000000000e+04 2.193736145272850990e-04 2.067007444566115737e-04 2.716027893256978132e-06 2.294193791385623626e-06 9.490385418757796288e-04 1.598516246303915977e-05 9.282281826017424464e-05 1.484324457123875618e-05 1.390656507282983512e-05 2.674676070455461740e-04
7.650000000000000000e+04 2.351933508180081844e-04 1.576982031110674143e-04 4.162657660344848409e-06 4.496882411331171170e-06 7.730669458396732807e-04 1.547553983982652426e-05 8.866267307894304395e-05 3.309506791993044317e-05 1.200899714604020119e-05 2.424328849883750081e-04
7.700000000000000000e+04 2.344055246794596314e-04 1.544703118270263076e-04 3.572702780729741789e-06 4.132972208026330918e-06 7.610918837599456310e-04 1.513281495135743171e-05 8.244646596722304821e-05 2.778455564111936837e-05 1.582321783644147217e-05 2.354169118916615844e-04
7.750000000000000000e+04 2.057424280792474747e-04 2.182430471293628216e-04 3.073389962082728744e-06 3.724673433680436574e-06 8.188270730897784233e-04 1.395940216752933338e-05 7.245066808536648750e-05 5.718768079532310367e-05 8.362713742826599628e-06 2.420313830953091383e-04
7.800000000000000000e+04 2.037881204159930348e-04 2.145799953723326325e-04 2.956395746878115460e-06 2.695487637538462877e-06 8.100351551547646523e-04 1.370520021737320349e-05 7.909615669632330537e-05 4.690926652983762324e-05 8.388467904296703637e-06 2.391087618889287114e-04
7.850000000000000000e+04 2.270105906063690782e-04 1.981659734155982733e-04 3.857113824778934941e-06 4.409764187585096806e-06 9.613315341994166374e-04 1.298552342632319778e-05 5.973212319076992571e-05 2.514456173230428249e-05 1.475905355619033799e-05 2.316404425073415041e-04
7.900000000000000000e+04 2.215985296061262488e-04 1.990337623283267021e-04 3.596989927245886065e-06 3.488795755401952192e-06 9.501893073320388794e-04 1.297663311561336741e-05 5.958557085250504315e-05 2.670391222636681050e-05 1.653989056649152189e-05 2.278464817209169269e-04
7.950000000000000000e+04 1.757085410645231605e-04 1.562975521665066481e-04 3.133812469968688674e-06 2.788554184007807635e-06 6.721252575516700745e-04 1.557186260470189154e-05 5.469789175549522042e-05 1.579226773174013942e-05 2.331740142835769802e-05 2.321068313904106617e-04
8.000000000000000000e+04 1.750202354742214084e-04 1.557617069920524955e-04 2.835881332430290058e-06 2.845887138391844928e-06 6.559795001521706581e-04 1.490141130489064381e-05 4.879435437032952905e-05 1.546574094390962273e-05 2.318099723197519779e-05 2.305296657141298056e-04
8.050000000000000000e+04 2.205509954364970326e-04 2.577494888100773096e-04 2.475773499099886976e-06 4.301838544051861390e-06 9.669061983004212379e-04 1.391124260408105329e-05 8.453070040559396148e-05 3.541813930496573448e-05 4.459687988855876029e-05 2.345665852772071958e-04
8.100000000000000000e+04 2.135406684828922153e-04 2.487733436282724142e-04 2.468279717504628934e-06 3.917453796020708978e-06 9.544764179736375809e-04 1.403078022121917456e-05 9.483993926551192999e-05 3.659517460619099438e-05 4.690910645877011120e-05 2.353569871047511697e-04
8.150000000000000000e+04 1.953805622179061174e-04 1.816159056033939123e-04 2.597298589535057545e-06 4.388928118714829907e-06 8.867325959727168083e-04 1.307941784034483135e-05 9.553005656925961375e-05 3.830826608464121819e-05 2.801326991175301373e-05 2.069155598292127252e-04
8.200000000000000000e+04 1.867461542133241892e-04 1.770862727425992489e-04 2.622746933411690407e-06 4.474700745049631223e-06 8.854170446284115314e-04 1.258287556993309408e-05 1.097106724046170712e-04 4.453044311958365142e-05 2.494270120223518461e-05 2.055349032161757350e-04
8.250000000000000000e+04 1.797900622477754951e-04 1.979545486392453313e-04 3.594469035306246951e-06 6.987768301769392565e-06 7.808668306097388268e-04 1.316264115303056315e-05 8.218822767958045006e-05 6.225256220204755664e-05 2.758755181275773793e-05 2.074779622489586473e-04
8.300000000000000000e+04 1.645252341404557228e-04 1.918929046951234341e-04 3.334661869303090498e-06 6.524413947772700340e-06 7.834048592485487461e-04 1.281812001252546906e-05 9.093296830542385578e-05 5.436264109448529780e-05 2.605993904580827802e-05 2.065799344563856721e-04
