# step, loss_train, loss_test, metrics_test
0.000000000000000000e+00 1.872589439153671265e-02 2.268946021795272827e-01 2.074260963127017021e-03 1.645061303861439228e-03 9.782988345250487328e-04 1.878122054040431976e-02 2.350597828626632690e-01 1.282814075239002705e-03 1.589008606970310211e-03 3.895007306709885597e-03
5.000000000000000000e+02 1.834388007409870625e-03 9.594047814607620239e-02 3.169689443893730640e-04 2.556406660005450249e-03 1.248032320290803909e-02 1.859614509157836437e-03 8.004818111658096313e-02 2.999296702910214663e-04 4.124555271118879318e-03 1.393820997327566147e-02
1.000000000000000000e+03 2.992874942719936371e-04 1.006236998364329338e-03 2.982117621286306530e-05 2.149849024135619402e-05 5.457764491438865662e-03 1.623313582967966795e-04 5.355442990548908710e-04 6.403474981198087335e-05 1.819830140448175371e-05 3.825490362942218781e-03
1.500000000000000000e+03 1.850686239777132869e-04 4.245961899869143963e-04 1.032806449074996635e-05 1.234326464327750728e-05 2.280793152749538422e-03 4.432723653735592961e-05 2.216272987425327301e-04 2.084644802380353212e-05 9.920558113662991673e-06 1.319471746683120728e-03
2.000000000000000000e+03 1.766750938259065151e-04 2.724189253058284521e-04 5.814931682834867388e-06 7.179439762694528326e-06 1.823115977458655834e-03 1.413965492247371003e-05 1.187957241199910641e-04 1.546594285173341632e-05 4.047490074299275875e-05 8.756231982260942459e-04
2.500000000000000000e+03 1.516285410616546869e-04 2.407407155260443687e-04 8.457353942503686994e-06 6.603244401048868895e-06 1.788943889550864697e-03 1.485900247644167393e-05 1.186680019600316882e-04 9.034134563989937305e-06 2.610306364658754319e-05 5.532556097023189068e-04
3.000000000000000000e+03 1.673049264354631305e-04 2.071875351248309016e-04 3.015191396116279066e-06 5.120837158756330609e-06 1.587747829034924507e-03 2.641710307216271758e-05 1.142247274401597679e-04 4.901537067780736834e-06 1.343005897069815546e-05 3.803873842116445303e-04
3.500000000000000000e+03 1.607356534805148840e-04 1.880285126389935613e-04 3.143259164062328637e-06 6.135313014965504408e-06 1.165150199085474014e-03 2.415382732579018921e-05 7.566691056126728654e-05 3.536706799422972836e-06 3.494731936370953918e-05 3.122378839179873466e-04
4.000000000000000000e+03 1.369576493743807077e-04 2.014890342252328992e-04 2.152269416910712607e-06 4.689764864451717585e-06 1.030192943289875984e-03 1.802226688596419990e-05 8.548080950276926160e-05 5.119032266520662233e-06 3.870491127599962056e-05 2.482010459061712027e-04
4.500000000000000000e+03 1.424993097316473722e-04 2.217012515757232904e-04 3.639669330368633382e-06 3.060597691728617065e-06 7.903136429376900196e-04 1.777969009708613157e-05 1.192706840811297297e-04 1.734764919092413038e-05 3.369658224983140826e-05 2.306081296410411596e-04
5.000000000000000000e+03 1.248443586518988013e-04 2.147079940186813474e-04 3.644182697826181538e-06 2.386718961133738048e-06 6.120524485595524311e-04 1.422298555553425103e-05 1.447011163691058755e-04 1.226778294949326664e-05 4.365780114312656224e-05 2.640180173330008984e-04
5.500000000000000000e+03 8.110520138870924711e-05 1.194303695228882134e-04 3.225936325179645792e-06 1.044802274918765761e-06 5.160227883607149124e-04 8.994991731015034020e-06 1.954540057340636849e-04 1.026342433760873973e-04 2.413385664112865925e-05 1.089311699615791440e-04
6.000000000000000000e+03 7.355328125413507223e-05 1.009920233627781272e-04 2.338191279704915360e-06 7.885633976911776699e-07 4.604067944455891848e-04 1.008401795843383297e-05 1.370727841276675463e-04 6.182335346238687634e-05 2.768813283182680607e-05 9.173111175186932087e-05
6.500000000000000000e+03 6.554300489369779825e-05 1.865772501332685351e-04 2.956124944830662571e-06 1.257606299986946397e-06 4.454983863979578018e-04 1.487731969973538071e-05 8.510651241522282362e-05 2.406340718152932823e-05 1.124554692069068551e-04 3.468935610726475716e-04
7.000000000000000000e+03 6.207462865859270096e-05 1.316467678407207131e-04 3.854650458379182965e-06 1.055721554621413816e-06 3.871727094519883394e-04 1.441600943508092314e-05 5.924064316786825657e-05 2.205173768743406981e-05 6.748116720700636506e-05 4.190766485407948494e-04
7.500000000000000000e+03 5.663547563017345965e-05 1.246124156750738621e-04 2.042394498857902363e-06 1.156135795099544339e-06 4.928426351398229599e-04 1.031976989906979725e-05 9.838694677455350757e-05 3.535887299221940339e-05 1.150273692474002019e-05 1.193623465951532125e-04
8.000000000000000000e+03 5.168185089132748544e-05 1.021369607769884169e-04 1.774605266291473527e-06 7.829906962797394954e-07 4.366435459814965725e-04 9.596238669473677874e-06 7.008161628618836403e-05 3.345097138662822545e-05 1.575243913976009935e-05 1.263346784980967641e-04
8.500000000000000000e+03 4.345073830336332321e-05 1.222006831085309386e-04 2.013062839978374541e-06 9.284508450946304947e-07 3.624924574978649616e-04 8.388434252992738038e-06 3.286219362053088844e-05 2.069081347144674510e-05 1.015076759358635172e-05 1.536347990622743964e-04
9.000000000000000000e+03 3.906433994416147470e-05 8.889315358828753233e-05 2.881254431486013345e-06 7.425028343277517706e-07 3.330330946482717991e-04 8.025053830351680517e-06 2.901335938076954335e-05 2.700580262171570212e-05 1.705802787910215557e-05 1.696355902822688222e-04
9.500000000000000000e+03 3.696860585478134453e-05 8.516811067238450050e-05 1.305177534050017130e-06 1.838374714679957833e-06 3.137568419333547354e-04 6.556314929184736684e-06 2.734226654865778983e-05 5.747387331211939454e-05 1.583418998052366078e-05 1.226421154569834471e-04
1.000000000000000000e+04 3.173285585944540799e-05 6.416409451048821211e-05 1.198674681290867738e-06 9.482681093686551321e-07 2.779462374746799469e-04 5.679934929503360763e-06 2.435175520076882094e-05 3.377172106411308050e-05 9.335841241409070790e-06 1.107227581087499857e-04
1.050000000000000000e+04 4.442560748429968953e-05 7.657222886336967349e-05 7.859053425818274263e-07 2.726737648117705248e-06 1.849763502832502127e-04 7.184069545473903418e-06 3.479222505120560527e-05 4.986104977433569729e-05 3.831292815448250622e-06 4.056336765643209219e-04
1.100000000000000000e+04 3.421221481403335929e-05 6.247269629966467619e-05 4.453476378785126144e-07 1.634284672036301345e-06 1.509972935309633613e-04 5.953878826403524727e-06 3.032577660633251071e-05 5.595070615527220070e-05 2.211392938988865353e-06 5.066819721832871437e-04
1.150000000000000000e+04 3.136483792332001030e-05 5.525520828086882830e-05 8.358729246538132429e-07 1.175696411337412428e-06 1.719779247650876641e-04 4.772751253767637536e-06 1.247571708518080413e-05 1.992358011193573475e-05 4.521850314631592482e-06 1.905781246023252606e-04
1.200000000000000000e+04 2.698097523534670472e-05 4.461327625904232264e-05 1.462309910493786447e-06 2.783581521725864150e-06 1.498053898103535175e-04 4.570095825329190120e-06 1.279342086490942165e-05 2.752472391875926405e-05 4.915335921396035701e-06 2.203266922151669860e-04
1.250000000000000000e+04 2.369153844483662397e-05 8.597716077929362655e-05 4.887600653091794811e-07 2.129917220372590236e-06 2.894642530009150505e-04 4.874327260040445253e-06 1.414723374182358384e-05 9.758480700838845223e-06 5.372191935748560354e-06 1.554261543788015842e-04
1.300000000000000000e+04 1.786716347851324826e-05 6.816818495281040668e-05 3.480446082448906964e-07 1.656084236856258940e-06 2.647095825523138046e-04 3.989724064012989402e-06 1.185205746878637001e-05 8.267313205578830093e-06 2.208271553172380663e-06 1.711494987830519676e-04
1.350000000000000000e+04 2.127020889020059258e-05 2.084014886349905282e-05 5.152262474439339712e-07 5.698340146409464069e-07 1.953782157215755433e-05 3.727300509126507677e-06 1.836921910580713302e-05 2.957648803203483112e-06 1.274201167689170688e-06 1.660704961977899075e-03
1.400000000000000000e+04 1.582036384206730872e-05 1.747616988723166287e-05 3.723043562331440626e-07 3.671043202757573454e-07 1.428665564162656665e-05 3.160635742460726760e-06 1.879441333585418761e-05 7.639727300556842238e-06 1.936504759214585647e-06 1.888619852252304554e-03
1.450000000000000000e+04 1.973578400793485343e-05 5.403222894528880715e-05 5.159187139724963345e-07 3.345353718486876460e-07 2.459922689013183117e-04 2.716790504564414732e-06 1.854382571764290333e-05 4.984201950719580054e-06 7.361654297710629180e-06 7.893993461038917303e-05
1.500000000000000000e+04 1.643020550545770675e-05 3.392901635379530489e-05 4.854095436712668743e-07 2.734357167355483398e-07 2.239384775748476386e-04 2.551270881667733192e-06 1.759341648721601814e-05 5.255493761069374159e-06 7.897887371655087918e-06 6.287902215262874961e-05
1.550000000000000000e+04 1.832491398090496659e-05 5.831413363921456039e-05 8.339218879882537294e-07 1.661088504079089034e-06 2.153583045583218336e-04 3.686403033498208970e-06 3.774319702642969787e-05 2.690172732400242239e-05 1.666001298872288316e-05 7.225143781397491693e-05
1.600000000000000000e+04 1.460995554225519300e-05 2.266802584927063435e-05 4.608641575032379478e-07 7.307784812837780919e-07 1.543606194900348783e-04 3.616243702708743513e-06 7.836121767468284816e-06 1.029466784530086443e-05 3.272742105764336884e-05 1.592556509422138333e-04
1.650000000000000000e+04 1.352473482256755233e-04 3.009775246027857065e-04 3.232247763662599027e-06 1.083742154150968418e-05 1.327980542555451393e-03 1.839994547481182963e-05 7.336313865380361676e-05 3.269695298513397574e-06 3.068708247155882418e-05 6.843887385912239552e-04
1.700000000000000000e+04 9.521220636088401079e-05 2.027450682362541556e-04 5.789901479147374630e-06 3.089407300649327226e-06 8.034485508687794209e-04 8.385595720028504729e-06 8.571117359679192305e-05 3.728599267560639419e-06 2.315672027179971337e-04 3.305343270767480135e-04
1.750000000000000000e+04 5.775878889835439622e-05 1.561763347126543522e-04 2.106757392539293505e-06 2.455361254760646261e-06 6.793628563173115253e-04 7.186292805272387341e-06 3.431598088354803622e-05 7.673447726119775325e-06 5.296607923810370266e-05 1.639740803511813283e-04
1.800000000000000000e+04 4.626028749044053257e-05 2.276721788803115487e-04 4.166075996181461960e-06 2.157385324608185329e-06 6.007317570038139820e-04 6.406972715922165662e-06 1.370022655464708805e-04 9.474822945776395500e-06 3.225669570383615792e-05 1.801048201741650701e-04
1.850000000000000000e+04 3.891700544045306742e-05 8.095578959910199046e-05 1.191879732687084470e-06 1.740357788548863027e-06 3.559032047633081675e-04 4.016879756818525493e-06 1.291154330829158425e-05 1.265259288629749790e-05 1.041641280608018860e-05 1.715502585284411907e-04
1.900000000000000000e+04 3.132580604869872332e-05 5.932205385761335492e-05 1.002837279884261079e-06 7.293005523933970835e-07 2.489965118002146482e-04 3.148952600895427167e-06 1.081811751646455377e-05 1.869838342827279121e-05 1.118144973588641733e-05 2.546579344198107719e-04
1.950000000000000000e+04 1.920125032484065741e-05 6.040343942004255950e-05 1.004184809971775394e-06 5.098124233882117551e-07 1.809718087315559387e-04 2.327719585082377307e-06 1.109076401917263865e-05 1.164621835414436646e-06 7.568859291495755315e-05 3.984075447078794241e-04
2.000000000000000000e+04 1.791343493096064776e-05 6.584601942449808121e-05 8.229539503190608229e-07 5.916913323744665831e-07 1.612262567505240440e-04 2.124480715792742558e-06 2.890088762796949595e-05 5.416612225417338777e-07 1.144035268225707114e-04 4.560855741146951914e-04
2.050000000000000000e+04 2.175019471906125546e-05 3.853635644190944731e-05 4.351320797013613628e-07 1.220192871187464334e-06 8.643803448649123311e-05 2.687795131350867450e-06 2.137209958164021373e-05 4.636347057385137305e-06 2.894261797337094322e-06 1.178078702650964260e-03
2.100000000000000000e+04 1.574424095451831818e-05 2.517293251003138721e-05 3.392249254829948768e-07 7.609011163367540576e-07 5.628145299851894379e-05 2.832724476320436224e-06 1.701527071418240666e-05 7.465336693712742999e-06 1.360802571070962586e-06 1.463967375457286835e-03
2.150000000000000000e+04 2.002459405048284680e-05 3.016908158315345645e-05 5.570022381107264664e-07 6.017434657223930117e-07 9.285228588851168752e-05 2.303852170371101238e-06 1.053692176355980337e-05 2.728132585616549477e-06 5.312535336088330951e-07 7.929980638436973095e-04
2.200000000000000000e+04 1.340689323114929721e-05 2.320740895811468363e-05 4.206914923088334035e-07 2.902882272337592440e-07 7.963822281453758478e-05 2.056942776107462123e-06 9.650469110056292266e-06 1.554975938233837951e-06 2.431183247608714737e-06 9.487671777606010437e-04
2.250000000000000000e+04 1.816187432268634439e-05 5.395469270297326148e-05 1.416902222217686358e-07 1.563357301392898080e-07 2.238397137261927128e-04 2.318145334356813692e-06 1.430714019079459831e-05 3.063094709432334639e-06 9.263774700229987502e-05 2.164224279113113880e-04
2.300000000000000000e+04 1.607672129466664046e-05 3.910708619514480233e-05 1.308706742975118686e-07 1.586338385095587000e-07 1.697004627203568816e-04 2.402301788606564514e-06 1.481343406339874491e-05 4.185041234450181946e-06 6.083076004870235920e-05 3.138029715046286583e-04
2.350000000000000000e+04 1.352916387986624613e-05 1.325061202805954963e-05 1.857962388385203667e-07 7.009468561136600329e-08 2.398121796431951225e-05 1.984597702175960876e-06 1.619582690182141960e-05 2.475384462741203606e-05 1.759952169777534436e-06 1.520346966572105885e-03
2.400000000000000000e+04 9.599459190212655813e-06 9.664491699368227273e-06 1.414719292824884178e-07 5.769972943880929961e-08 1.694357888482045382e-05 1.626555103939608671e-06 1.184947814181214198e-05 2.084596599161159247e-05 1.980172328330809250e-06 1.687055337242782116e-03
2.450000000000000000e+04 9.758477972354739904e-06 9.221594154951162636e-06 3.562325616712769261e-07 2.309415236823042505e-07 1.719287138257641345e-05 1.646102077756950166e-06 7.433709470205940306e-06 1.306372723774984479e-06 3.642261162895010784e-06 1.203553169034421444e-03
2.500000000000000000e+04 7.584656032122438774e-06 7.053952231217408553e-06 2.442741617869614856e-07 1.159668343575503968e-07 1.276531747862463817e-05 1.295056790695525706e-06 6.783263415854889899e-06 1.721666762932727579e-06 1.568001721352629829e-06 1.339155831374228001e-03
2.550000000000000000e+04 2.421617864456493407e-05 3.848551205010153353e-05 6.005412274134869222e-07 3.395582552911946550e-07 2.611995150800794363e-04 1.830096039157069754e-06 9.359740943182259798e-06 1.272446866096288431e-06 5.347909564079600386e-07 4.007793904747813940e-05
2.600000000000000000e+04 1.616529516468290240e-05 2.502629831724334508e-05 3.854048884477379033e-07 1.648815697308236849e-07 1.262751902686432004e-04 1.359706971015839372e-06 8.591259756940416992e-06 5.501443411048967391e-06 6.203121074577211402e-07 1.416040759067982435e-04
2.650000000000000000e+04 8.062896085903048515e-06 1.632226849324069917e-05 7.022647992016572971e-07 1.763832955248290091e-07 5.611692176898941398e-05 1.230291786669113208e-06 1.004232308332575485e-05 1.903628572108573280e-06 2.073157503446054761e-07 1.008600462228059769e-03
2.700000000000000000e+04 6.209682396729476750e-06 1.136743594543077052e-05 3.941430861686967546e-07 1.268778646590362769e-07 4.557192369247786701e-05 1.007559149002190679e-06 7.789064511598553509e-06 2.427929985060472973e-06 9.098936004647839582e-08 1.261756289750337601e-03
2.750000000000000000e+04 5.349650564312469214e-06 1.171550047729397193e-05 1.594455483200363233e-07 1.534309177486647968e-07 2.875453355954959989e-05 6.769998890376882628e-07 7.908657607913482934e-06 4.782760356647486333e-07 1.605838951945770532e-05 1.254766830243170261e-03
2.800000000000000000e+04 4.054237251693848521e-06 4.965090283803874627e-06 9.304325487846654141e-08 9.749626173061187728e-08 2.046463123406283557e-05 5.246331511443713680e-07 4.035114670841721818e-06 3.043371066269173753e-07 1.363473802484804764e-05 1.494096009992063046e-03
2.850000000000000000e+04 2.516705171728972346e-05 1.098423454095609486e-04 4.565381459542550147e-07 4.406261098210961791e-07 5.339885829016566277e-04 1.814175561776210088e-06 7.240462764457333833e-06 9.205713240589830093e-07 4.245994205120950937e-06 6.228904385352507234e-05
2.900000000000000000e+04 1.959137807716615498e-05 8.382089436054229736e-05 2.715849802825687220e-07 3.731180981958459597e-07 4.096924385521560907e-04 1.223613935508183204e-06 1.143163080996600911e-05 2.175554072891827673e-06 2.405722170806257054e-06 7.075287430780008435e-05
2.950000000000000000e+04 1.533197428216226399e-05 8.215892012231051922e-05 2.769145908132486511e-07 1.773411923977619153e-07 1.905462559079751372e-04 9.225345252161787357e-07 1.986514507734682411e-05 1.290953150601126254e-06 1.281069330616446678e-07 3.611125575844198465e-04
3.000000000000000000e+04 1.235562831425340846e-05 6.660325743723660707e-05 1.414945387523403042e-07 2.781466719170566648e-07 1.269009662792086601e-04 7.646262929483782500e-07 1.845731458161026239e-05 1.086855831999855582e-06 9.362726132167153992e-07 5.199948791414499283e-04
3.050000000000000000e+04 1.683180562395136803e-05 4.342670945334248245e-05 2.950930024780973326e-07 4.357669638466177275e-07 1.172119591501541436e-04 6.751423597961547785e-07 1.169100323750171810e-05 6.990835004216933157e-07 1.063861418515443802e-05 1.646146120037883520e-04
3.100000000000000000e+04 1.274340411328012124e-05 2.347653753531631082e-05 1.172182422237710853e-07 1.818455785951300641e-07 5.058854731032624841e-05 6.765576472389511764e-07 1.316573798249009997e-05 7.440238505296292715e-07 7.041456683509750292e-06 3.936197026632726192e-04
3.150000000000000000e+04 8.031286597542930394e-06 6.800352821301203221e-06 9.613621898552082712e-08 2.098963420849031536e-07 7.272523816936882213e-06 6.642586640737135895e-07 9.061289347300771624e-06 2.897349133945681388e-07 8.129106277010578196e-07 1.669474528171122074e-03
3.200000000000000000e+04 6.044153906259452924e-06 4.944441570842172951e-06 9.369489362143212929e-08 1.302395133961908869e-07 4.821444690605858341e-06 5.444649104902055115e-07 7.805720997566822916e-06 2.664134797214501305e-07 6.166533239593263716e-07 1.931530074216425419e-03
3.250000000000000000e+04 2.030679206654895097e-05 5.765747118857689202e-05 6.159643248793145176e-07 4.895703114016214386e-07 7.487855327781289816e-05 1.051330627888091840e-06 8.484104910166934133e-06 4.125340637983754277e-06 1.926390780226938659e-07 8.759682532399892807e-04
3.300000000000000000e+04 9.883296115731354803e-06 2.851484168786555529e-05 1.567176326489061466e-07 1.984861910386825912e-07 2.737519753281958401e-05 5.673005034623201936e-07 8.775539754424244165e-06 4.190865638520335779e-06 1.740401216920872685e-06 1.449681818485260010e-03
3.350000000000000000e+04 9.312220754509326071e-06 1.372427414025878534e-05 1.299430749668317731e-07 1.255436217206806759e-07 2.772385596472304314e-05 4.179375139301555464e-07 6.083573225623695180e-06 2.160265239581349306e-06 4.733577441129455110e-07 8.122304570861160755e-04
3.400000000000000000e+04 2.783915624604560435e-05 6.816348468419164419e-05 2.484288188497885130e-07 2.191465000578318723e-07 3.228121204301714897e-05 4.471340560030512279e-07 7.610196917084977031e-05 3.854049737128661945e-07 9.868867891782429069e-07 8.662939071655273438e-04
3.450000000000000000e+04 5.803249223390594125e-06 4.409627763379830867e-06 9.974729664463666268e-08 1.172015942074722261e-07 7.443934919137973338e-06 4.185133661849249620e-07 9.236578080162871629e-06 7.679150826334080193e-07 4.985543455404695123e-06 1.926135155372321606e-03
3.500000000000000000e+04 4.236058430251432583e-06 2.687787400645902380e-06 5.071045805493668013e-08 5.572357153482698777e-08 5.343511929822852835e-06 4.303439595787494909e-07 5.339235485735116526e-06 6.566393153661920223e-07 5.308783784130355343e-06 2.101550577208399773e-03
3.550000000000000000e+04 4.454403097042813897e-06 3.833432856481522322e-06 9.637080466973202419e-08 1.324685996451080428e-07 1.071304541255813092e-05 3.457972184151003603e-07 3.228834884794196114e-06 1.525773853927603341e-07 7.454385013261344284e-06 1.995070604607462883e-03
3.600000000000000000e+04 3.520943209878169000e-06 2.480072225807816721e-06 6.840910771188646322e-08 1.001511193976512004e-07 8.392297786485869437e-06 3.836034636606200365e-07 2.867983312171418220e-06 3.830232060408889083e-07 6.041504548193188384e-06 2.110653789713978767e-03
3.650000000000000000e+04 4.711829205916728824e-06 5.071176929050125182e-06 6.357823423286390607e-08 1.268384153263468761e-07 1.416155009792419150e-05 4.241337023813684937e-07 4.682607595896115527e-06 1.318950069162383443e-07 7.858981916797347367e-06 1.400945824570953846e-03
3.700000000000000000e+04 3.723764848473365419e-06 2.589943960629170761e-06 4.536819275813286367e-08 9.076557461185075226e-08 9.313238479080609977e-06 4.693911819231288973e-07 3.827414275292539969e-06 1.243649307980376761e-07 7.621287750225747004e-06 1.645483775064349174e-03
3.750000000000000000e+04 6.218614998942939565e-06 3.199978664270020090e-06 1.019530415646840993e-07 3.680549198747939954e-08 2.160555368391214870e-06 4.914832061331253499e-07 5.473476903716800734e-06 9.261810873795184307e-08 5.037688424636144191e-06 2.413001842796802521e-03
3.800000000000000000e+04 4.890152013103943318e-06 4.120063294976716861e-06 1.003363507834365009e-07 3.615326704675680958e-08 1.833954797803016845e-06 4.669275028845731867e-07 5.320329364622011781e-06 1.631281207892243401e-07 5.389913894759956747e-06 2.543081296607851982e-03
3.850000000000000000e+04 4.508559868554584682e-06 3.185095238222857006e-06 1.018063287006043538e-07 1.025204383608979697e-07 1.015240195556543767e-05 6.192367436597123742e-07 3.500463208183646202e-06 2.776066594378789887e-07 2.051327828667126596e-05 1.458246842958033085e-03
3.900000000000000000e+04 3.223142812203150243e-06 1.651607021813106257e-06 6.961305842878573458e-08 6.528252072257600958e-08 6.173247129481751472e-06 5.366618438529258128e-07 3.386685193618177436e-06 2.521116755360708339e-07 1.634140608075540513e-05 1.751813921146094799e-03
3.950000000000000000e+04 4.420167442731326446e-06 1.171542680822312832e-05 5.933922153644743958e-08 9.440246628855675226e-08 6.967043009353801608e-05 4.245536331382027129e-07 3.832490165223134682e-06 4.696263715686654905e-07 3.126438343770132633e-07 3.703223483171314001e-04
4.000000000000000000e+04 4.511080533120548353e-06 4.264866583980619907e-05 1.085366037045787380e-07 9.186098992586266831e-08 7.449252007063478231e-05 4.469131908990675583e-07 2.828094147844240069e-05 1.174668454950733576e-06 1.571779364439862547e-07 3.571236156858503819e-04
4.050000000000000000e+04 7.255317086674040183e-06 1.316171164944535121e-05 7.129421675244884682e-08 2.442001800773141440e-07 1.936766057042405009e-05 4.365842869447078556e-07 6.362542990245856345e-06 7.928742888907436281e-07 4.413532792568730656e-07 1.210272428579628468e-03
4.100000000000000000e+04 4.432454716152278706e-06 1.058127236319705844e-05 5.953624082621900016e-08 1.748278180002671434e-07 1.621701812837272882e-05 3.582375711630447768e-07 4.317267666920088232e-06 1.882743418946120073e-07 2.993816963225981453e-07 1.332632731646299362e-03
4.150000000000000000e+04 3.262854306740337051e-06 1.324681306869024411e-06 1.348971920833719196e-07 2.658297830748779234e-07 2.943940216937335208e-06 3.420982181978615699e-07 3.081907834712183103e-06 6.333892997645307332e-06 3.239438797209004406e-07 8.770428248681128025e-04
4.200000000000000000e+04 2.509707655917736702e-06 9.464007462156587280e-07 8.361845260651534772e-08 1.839321015495443135e-07 2.067376499326201156e-06 3.155375338792509865e-07 2.719265239647938870e-06 4.616475962393451482e-06 1.772429953916798695e-07 1.039672875776886940e-03
4.250000000000000000e+04 1.582397271704394370e-05 1.146134218288352713e-05 2.689409086542582372e-07 3.506690973154036328e-07 2.102967300743330270e-05 7.833459676476195455e-07 3.040829142264556140e-06 6.937540319995605387e-07 1.442927100470114965e-06 2.220307476818561554e-03
4.300000000000000000e+04 5.824245363328373060e-06 3.825594376394292340e-06 1.044031705532688648e-07 1.456107980857268558e-07 2.904600933106848970e-06 4.132312767524126684e-07 2.357390712859341875e-06 4.242649538355180994e-07 1.243740541667648358e-07 2.802074654027819633e-03
4.350000000000000000e+04 4.408116637932835147e-06 1.591572186043777037e-06 5.832728433574629889e-08 1.718839968134489027e-07 1.079885350918630138e-06 3.640626005108060781e-07 3.801445700446492992e-06 2.462996633312286576e-07 1.597688452648071689e-07 3.006814513355493546e-03
4.400000000000000000e+04 2.863417194021167234e-06 1.025498931994661689e-06 3.170421081222229986e-08 1.269591223262978019e-07 8.172448815457755700e-07 2.684203082026215270e-07 2.970461764562060125e-06 1.740914967740536667e-07 1.705944896457367577e-07 3.067862009629607201e-03
4.450000000000000000e+04 5.296218660078011453e-06 5.929789494985016063e-06 1.417511015233685612e-07 1.699561806844940293e-07 3.640007662397692911e-06 3.053113459827727638e-07 1.716646920613129623e-06 1.644538087930413894e-06 1.910539424443413736e-07 1.878398819826543331e-03
4.500000000000000000e+04 3.826707143161911517e-06 3.200164428562857211e-06 1.045340596306232328e-07 1.289147206762208953e-07 2.295505282745580189e-06 2.538633054882666329e-07 3.208155021638958715e-06 1.386043891216104385e-06 1.007485792570150807e-07 1.919767004437744617e-03
4.550000000000000000e+04 2.494061845936812460e-06 1.036829075928835664e-06 3.441130047576734796e-08 7.806017521261310321e-08 1.053620849233993795e-06 2.714797915359667968e-07 2.561767132647219114e-06 9.248083756574487779e-07 1.045635144691914320e-06 2.723249373957514763e-03
4.600000000000000000e+04 1.964571310963947326e-06 8.218113975999585818e-07 2.486494388165283453e-08 7.296807780221570283e-08 6.675067538708390202e-07 2.562217673585109878e-07 2.384727622484206222e-06 8.805023412605805788e-07 1.267224206458195113e-06 2.837443957105278969e-03
4.650000000000000000e+04 2.397405751253245398e-06 3.002443008881527930e-06 2.300157753154508100e-08 4.875926151726162061e-08 5.873595910088624805e-06 2.327970065607587458e-07 1.681662411101569887e-06 2.260802375531056896e-06 2.845516291927197017e-06 1.913546817377209663e-03
4.700000000000000000e+04 1.806389036573818885e-06 2.544803237469750457e-06 1.297604956818076971e-08 4.281786658566488768e-08 3.936399934900691733e-06 2.350504928472219035e-07 2.610907586131361313e-06 2.665376769073191099e-06 4.479438302951166406e-06 1.984465634450316429e-03
4.750000000000000000e+04 1.815438281482784078e-06 9.085119359042437281e-07 5.101951927599657211e-08 3.776444401637490955e-08 1.002365820568229537e-06 2.268216832135294680e-07 1.546534349472494796e-06 2.205122655141167343e-06 3.216146524209761992e-06 3.055083798244595528e-03
4.800000000000000000e+04 1.379122977596125565e-06 5.493133130585192703e-07 2.603565540937324840e-08 2.466244097831804538e-08 6.490823807325796224e-07 2.171061055378231686e-07 1.404517774972191546e-06 2.102726057273685001e-06 3.027182856385479681e-06 3.035680856555700302e-03
4.850000000000000000e+04 2.133897396561224014e-06 1.008564026960812043e-06 3.308385387867929239e-08 1.909768521102250816e-08 3.594361714931437746e-06 2.032533075180253945e-07 7.918338269519153982e-07 5.092300057185639162e-07 5.619145895252586342e-07 1.665939111262559891e-03
4.900000000000000000e+04 1.691638999545830302e-06 6.880573550915869419e-07 3.404202786327914509e-08 1.728226273201016738e-08 2.449647354296757840e-06 1.991533196132877492e-07 7.857116770537686534e-07 3.157454386837343918e-07 6.325574872789729852e-07 1.756237586960196495e-03
4.950000000000000000e+04 2.581591843409114517e-06 1.484978270127612632e-06 5.085655274683631433e-08 3.175317075942984957e-08 2.089726422127569094e-06 2.349489847119912156e-07 1.662384875089628622e-06 9.726841199153568596e-08 3.660517904791049659e-06 2.489676233381032944e-03
5.000000000000000000e+04 1.810697881410305854e-06 8.754097962082596496e-07 2.329519688260006660e-08 2.361196571598611627e-08 1.167763002740684897e-06 1.989440079341875389e-07 1.323225205851485953e-06 3.228094413998405798e-08 5.642281848849961534e-06 2.642663428559899330e-03
5.050000000000000000e+04 2.615468292788136750e-05 4.819836976821534336e-05 5.532102704819408245e-07 3.377243444901978364e-07 7.244211155921220779e-05 6.040060043233097531e-07 1.273470843443647027e-05 1.351850755781924818e-06 2.450675992804463021e-06 1.166371861472725868e-03
5.100000000000000000e+04 1.143482768384274095e-05 1.594691457285080105e-05 3.583584486932522850e-07 1.398589972723129904e-07 7.429394372593378648e-06 3.921724385236302624e-07 2.707347221075906418e-06 1.103432282434368972e-06 2.692288035177625716e-06 2.109043532982468605e-03
5.150000000000000000e+04 4.840261681238189340e-06 6.373949418048141524e-06 8.352667890676457318e-08 2.115591826168383704e-07 1.130667078541591763e-05 1.579660846573460731e-07 1.249171646122704260e-06 1.105911906051915139e-06 6.755180947948247194e-07 2.114279661327600479e-03
5.200000000000000000e+04 2.439924628561129794e-06 2.702595111259142868e-06 2.194778758735083102e-08 7.237666466153314104e-08 3.866316546918824315e-06 1.183453832709346898e-07 2.609051534818718210e-06 1.121617174248967785e-06 1.833615215218742378e-07 2.447477309033274651e-03
5.250000000000000000e+04 4.401919795782305300e-06 1.220923149958252907e-05 8.563622344581744983e-08 7.133562718308894546e-08 2.893348937504924834e-05 1.566408798225893406e-07 2.201482857344672084e-06 4.722950961877359077e-06 2.294193706120495335e-07 9.331965702585875988e-04
5.300000000000000000e+04 3.548203721948084421e-06 4.890757554676383734e-05 7.946086810761698871e-08 6.942429564560370636e-08 2.762018630164675415e-05 1.897299028996712877e-07 1.879731644294224679e-05 5.404636794992256910e-06 2.134396481778821908e-07 8.846823475323617458e-04
5.350000000000000000e+04 1.999906316996202804e-06 1.537230900794384070e-06 6.398496310566770262e-08 4.566560463103996881e-08 2.064212594632408582e-06 1.873576849220626173e-07 1.770078483787074219e-06 3.666941381652577547e-07 2.402763676911945367e-08 2.778885187581181526e-03
5.400000000000000000e+04 1.595826120137644466e-06 1.050940340974193532e-06 4.284097343543180614e-08 1.958851036931719136e-08 9.980448112401063554e-07 1.596942098558429279e-07 1.535382466499868315e-06 3.568720501334610162e-07 1.278139372118403116e-08 2.824629191309213638e-03
5.450000000000000000e+04 8.454007911495864391e-05 1.163225460913963616e-04 4.681978396092745243e-07 1.957938593477592804e-06 2.407901774859055877e-04 1.708255354060383979e-06 6.248539284570142627e-05 9.678641390564735048e-07 3.040011506527662277e-06 4.673851944971829653e-04
5.500000000000000000e+04 4.423374048201367259e-05 7.674092194065451622e-05 2.588749907772580627e-07 1.135423872256069444e-06 1.511218288214877248e-04 1.060521867657371331e-06 4.223750875098630786e-05 1.491540729148255195e-06 2.898671709772315808e-06 6.406257161870598793e-04
5.550000000000000000e+04 2.347973349969834089e-05 5.356754263630136847e-05 4.498073451486561680e-07 1.891291276479023509e-06 8.663497283123433590e-05 8.812642704469908495e-07 1.425718346581561491e-05 6.353993171615002211e-07 3.821689915639581159e-06 9.421562426723539829e-04
5.600000000000000000e+04 1.728919232846237719e-05 3.928545993403531611e-05 4.273958893463714048e-07 1.069630116035114042e-06 5.007371146348305047e-05 6.306000273070822004e-07 7.540590559074189514e-06 5.689086606253113132e-07 2.521908982089371420e-06 1.234473427757620811e-03
5.650000000000000000e+04 1.518888166174292564e-05 4.745354090118780732e-05 2.729596531025890727e-07 2.707422765979572432e-07 1.009553961921483278e-04 6.048799718882946763e-07 8.250647624663542956e-06 1.468812934035668150e-05 7.090552571753505617e-07 5.844905390404164791e-04
5.700000000000000000e+04 1.108245123759843409e-05 3.810197085840627551e-05 1.245289098505963921e-07 2.595054979792621452e-07 7.047416875138878822e-05 7.341333798649429809e-07 4.358672413218300790e-06 2.272930578328669071e-05 2.031541498581646010e-06 7.864965009503066540e-04
5.750000000000000000e+04 1.371235248370794579e-05 2.139036587323062122e-05 1.234806603633842315e-07 2.281958160210706410e-07 2.800825677695684135e-05 3.385043214620964136e-07 4.664458629122236744e-06 1.014464373838563915e-06 2.399675850028870627e-06 9.387109894305467606e-04
5.800000000000000000e+04 7.869447472330648452e-06 1.189345221064286307e-05 6.972885557843255810e-08 1.286943671630069730e-07 1.234580668096896261e-05 2.798071250253997277e-07 4.963207175023853779e-06 9.202030355481838342e-07 3.345450068081845529e-06 1.349766389466822147e-03
