# step, loss_train, loss_test, metrics_test
0.000000000000000000e+00 4.598394781351089478e-02 3.988136649131774902e-01 6.999429315328598022e-02 3.828113526105880737e-02 1.930886879563331604e-02 4.672440513968467712e-02 4.600053727626800537e-01 6.121055036783218384e-02 2.894070744514465332e-02 2.378271333873271942e-02
5.000000000000000000e+02 1.359146554023027420e-03 1.267077326774597168e-01 6.963433406781405210e-05 1.499950594734400511e-04 9.278433397412300110e-03 1.296152477152645588e-03 1.107173040509223938e-01 1.106217823689803481e-04 6.710786692565307021e-05 1.116021350026130676e-02
1.000000000000000000e+03 9.654854657128453255e-04 1.248145699501037598e-01 1.037056135828606784e-04 2.774831373244524002e-04 1.038244832307100296e-02 9.334465139545500278e-04 1.101216673851013184e-01 7.513165473937988281e-05 1.233445364050567150e-04 1.211823150515556335e-02
1.500000000000000000e+03 5.527105531655251980e-04 1.222935989499092102e-01 2.138496638508513570e-04 3.285671991761773825e-04 1.059473212808370590e-02 5.315855378285050392e-04 1.101938560605049133e-01 8.304607763420790434e-05 1.644204312469810247e-04 1.235459744930267334e-02
2.000000000000000000e+03 5.540676065720617771e-04 1.220181956887245178e-01 2.671851252671331167e-04 4.333742836024612188e-04 1.042484305799007416e-02 5.408370052464306355e-04 1.099189072847366333e-01 1.138412771979346871e-04 2.123414742527529597e-04 1.218885555863380432e-02
2.500000000000000000e+03 7.361784228123724461e-04 1.446752697229385376e-01 2.399813383817672729e-04 7.895528106018900871e-04 1.141262799501419067e-02 7.028477266430854797e-04 1.090619564056396484e-01 2.482441195752471685e-04 5.627496866509318352e-04 1.288503687828779221e-02
3.000000000000000000e+03 8.510545012541115284e-04 1.440521925687789917e-01 3.593309666030108929e-04 1.151998178102076054e-03 1.093784812837839127e-02 7.584781851619482040e-04 1.083211973309516907e-01 4.784419725183397532e-04 9.676869958639144897e-04 1.243678480386734009e-02
3.500000000000000000e+03 8.252167026512324810e-04 1.237649321556091309e-01 6.915587582625448704e-04 1.241588848643004894e-03 1.031994540244340897e-02 7.286929176189005375e-04 1.056006401777267456e-01 9.554059361107647419e-04 1.487872563302516937e-03 1.190113089978694916e-02
4.000000000000000000e+03 2.275287173688411713e-03 6.882779300212860107e-02 4.599326930474489927e-04 2.027638955041766167e-03 2.175811678171157837e-02 2.141604432836174965e-03 4.921170324087142944e-02 5.057450616732239723e-04 5.663411226123571396e-03 2.273105084896087646e-02
4.500000000000000000e+03 3.812853246927261353e-03 2.249769866466522217e-02 4.653162613976746798e-04 3.049017686862498522e-04 1.801474206149578094e-02 3.448533359915018082e-03 1.812610961496829987e-02 4.172812041360884905e-04 1.183048472739756107e-03 1.818624325096607208e-02
5.000000000000000000e+03 2.856067381799221039e-03 8.585803210735321045e-03 3.926610952476039529e-05 1.307840284425765276e-04 1.576643623411655426e-02 2.492166357114911079e-03 5.377741064876317978e-03 2.824955481628421694e-05 1.376739965053275228e-04 1.529018674045801163e-02
5.500000000000000000e+03 1.219703233800828457e-03 3.160502528771758080e-03 5.620123192784376442e-05 1.366531505482271314e-04 1.292682532221078873e-02 9.785062866285443306e-04 1.066413475200533867e-03 9.017414413392543793e-05 1.920388167491182685e-04 1.299712713807821274e-02
6.000000000000000000e+03 6.399747217074036598e-04 1.643084571696817875e-03 4.897964390693232417e-05 3.325108264107257128e-05 9.848574176430702209e-03 3.617508336901664734e-04 2.515917003620415926e-04 8.331726712640374899e-05 1.089957440854050219e-04 9.655014611780643463e-03
6.500000000000000000e+03 7.067085243761539459e-04 1.156748970970511436e-03 9.024173778016120195e-05 2.885284084186423570e-05 6.908886600285768509e-03 2.515709784347563982e-04 1.931111764861270785e-04 7.323214231291785836e-05 2.175857080146670341e-04 6.140319164842367172e-03
7.000000000000000000e+03 4.925426328554749489e-04 8.252287516370415688e-04 5.370378494262695312e-05 1.370771224173950031e-05 5.274723749607801437e-03 1.435768790543079376e-04 1.667841570451855659e-04 8.867144060786813498e-05 8.427950524492189288e-05 4.417553078383207321e-03
7.500000000000000000e+03 2.412273170193657279e-04 6.356802769005298615e-04 5.952599894953891635e-05 2.124062484654132277e-05 4.891202319413423538e-03 6.774077337468042970e-05 1.176583027699962258e-04 6.779949035262688994e-05 5.850386150996200740e-05 3.673960221931338310e-03
8.000000000000000000e+03 1.441445347154513001e-04 5.399089423008263111e-04 3.603966251830570400e-05 2.334269447601400316e-05 3.954358864575624466e-03 3.238586941733956337e-05 1.022290962282568216e-04 5.072909334558062255e-05 5.059897739556618035e-05 2.787790028378367424e-03
8.500000000000000000e+03 1.045372700900770724e-04 4.670530324801802635e-04 1.080256788554834202e-05 9.643546945881098509e-06 2.932940609753131866e-03 2.014025449170731008e-05 1.075638938345946372e-04 9.568893801770173013e-06 4.250719211995601654e-05 2.053816337138414383e-03
9.000000000000000000e+03 1.210977570735849440e-04 4.270725767128169537e-04 8.586556759837549180e-06 8.493211680615786463e-06 2.458848757669329643e-03 2.919945654866751283e-05 1.211409107781946659e-04 9.916303497448097914e-06 2.801332630042452365e-05 1.579456962645053864e-03
9.500000000000000000e+03 1.472019503125920892e-04 4.542110837064683437e-04 7.527941761509282514e-06 6.652031061094021425e-06 2.186112804338335991e-03 2.672154005267657340e-05 7.987942808540537953e-05 7.144608389353379607e-05 8.909594725992064923e-06 1.215704134665429592e-03
1.000000000000000000e+04 1.728313509374856949e-04 4.183326382189989090e-04 7.231471045088255778e-06 5.161833996680798009e-06 1.958884764462709427e-03 2.171189407818019390e-05 8.222686301451176405e-05 6.828919140389189124e-05 7.185054982983274385e-06 1.010850886814296246e-03
1.050000000000000000e+04 1.805258361855521798e-04 3.728329902514815331e-04 1.063895433617290109e-05 4.537906988844042644e-06 1.741505693644285202e-03 3.469098373898304999e-05 1.718906569294631481e-04 3.405518873478285968e-05 1.673026054049842060e-05 8.595787803642451763e-04
1.100000000000000000e+04 1.684032758930698037e-04 3.265039122197777033e-04 7.818681297067087144e-06 6.133358056104043499e-06 1.560174743644893169e-03 5.152138328412547708e-05 1.283183664781972766e-04 3.204172389814630151e-05 1.642216375330463052e-05 7.195037323981523514e-04
1.150000000000000000e+04 1.682842994341626763e-04 2.835445338860154152e-04 8.008422810235060751e-06 9.421692993782926351e-06 1.667534932494163513e-03 4.367359724710695446e-05 4.484801684156991541e-05 5.102934665046632290e-05 2.819423571054358035e-05 6.575126899406313896e-04
1.200000000000000000e+04 1.452698197681456804e-04 2.522156282793730497e-04 9.626926839700900018e-06 7.654334694962017238e-06 1.528723398223519325e-03 3.285296043031848967e-05 3.043070137209724635e-05 7.185312279034405947e-05 3.137029852950945497e-05 5.485257715918123722e-04
1.250000000000000000e+04 1.447728573111817241e-04 2.022902044700458646e-04 8.574142157158348709e-06 1.041395353240659460e-05 1.400824403390288353e-03 2.136514376616105437e-05 4.544129114947281778e-05 4.922394509776495397e-05 3.911054955096915364e-05 4.500404465943574905e-04
1.300000000000000000e+04 1.399259635945782065e-04 1.987632713280618191e-04 7.726354851911310107e-06 5.848221007909160107e-06 1.281660515815019608e-03 1.538912147225346416e-05 4.239824920659884810e-05 4.415818693814799190e-05 4.881918357568792999e-05 3.702795365825295448e-04
1.350000000000000000e+04 1.469044655095785856e-04 1.878608891274780035e-04 7.369773811660706997e-06 6.474282599810976535e-06 9.213613811880350113e-04 1.435413651051931083e-05 2.955019226646982133e-05 1.214118237840011716e-04 2.969617526105139405e-05 3.184904635418206453e-04
1.400000000000000000e+04 1.490695285610854626e-04 1.682146103121340275e-04 5.077372861705953255e-06 4.441092187335016206e-06 8.124407613649964333e-04 1.444445388187887147e-05 4.547029675450176001e-05 1.084391988115385175e-04 2.392182250332552940e-05 2.953898801933974028e-04
1.450000000000000000e+04 1.274326496059074998e-04 2.095237432513386011e-04 4.682917733589420095e-06 2.140810238415724598e-06 9.365399600937962532e-04 1.302489454246824607e-05 7.108709542080760002e-05 3.525580905261449516e-05 1.411285575159126893e-05 2.749400155153125525e-04
1.500000000000000000e+04 1.109204167732968926e-04 1.994613121496513486e-04 3.467816668489831500e-06 1.472346980335714761e-06 9.077496943064033985e-04 1.335529577772831544e-05 5.568728010985068977e-05 2.496914930816274136e-05 1.367722234135726467e-05 2.561489818617701530e-04
1.550000000000000000e+04 9.097139263758435845e-05 2.146648184861987829e-04 4.252961844031233341e-06 1.897502329484268557e-06 1.042084302753210068e-03 1.586259895702823997e-05 4.235330561641603708e-05 3.049577389901969582e-05 6.992658654780825600e-06 2.136247494490817189e-04
1.600000000000000000e+04 8.594125392846763134e-05 2.075081283692270517e-04 3.692140580824343488e-06 1.940937863764702342e-06 9.858036646619439125e-04 1.746947054925840348e-05 4.171540422248654068e-05 1.807733315217774361e-05 5.464841251523466781e-06 1.853198045864701271e-04
1.650000000000000000e+04 9.988971578422933817e-05 1.669603807386010885e-04 3.555420107659301721e-06 2.575067355792270973e-06 7.908241241239011288e-04 1.890434941742569208e-05 2.919274993473663926e-05 9.915052032738458365e-06 8.520190021954476833e-06 1.672435755608603358e-04
1.700000000000000000e+04 9.590961417416110635e-05 1.581660326337441802e-04 3.368020543348393403e-06 1.959310111487866379e-06 7.444568909704685211e-04 2.013318226090632379e-05 2.438796036585699767e-05 8.337434337590821087e-06 1.496960612712427974e-05 1.552365138195455074e-04
1.750000000000000000e+04 1.032565851346589625e-04 1.402793132001534104e-04 2.322251248187967576e-06 2.374925770709523931e-06 8.597709238529205322e-04 2.264441536681260914e-05 3.207742338418029249e-05 7.926574653538409621e-06 1.739921935950405896e-05 1.318190479651093483e-04
1.800000000000000000e+04 9.849273192230612040e-05 1.317263668170198798e-04 1.193744446936761960e-05 2.271238827233901247e-06 8.239104645326733589e-04 2.297172613907605410e-05 3.835410461761057377e-05 4.006726612715283409e-06 1.778708247002214193e-05 1.201763952849432826e-04
1.850000000000000000e+04 8.630486991023644805e-05 1.636591186979785562e-04 2.218997224190388806e-06 3.010969749084324576e-06 6.901416345499455929e-04 1.704525311652105302e-05 2.783135460049379617e-05 3.905746416421607137e-05 8.416896889684721828e-06 1.175913348561152816e-04
1.900000000000000000e+04 8.050301403272897005e-05 1.598186790943145752e-04 1.025024539558216929e-05 2.881710997826303355e-06 6.618261104449629784e-04 1.462763430026825517e-05 2.383660103078000247e-05 4.159090894972905517e-05 9.983117706724442542e-06 1.108726210077293217e-04
1.950000000000000000e+04 8.393917960347607732e-05 1.142564433393999934e-04 2.031073108810232952e-06 1.591836849001992960e-06 4.988003056496381760e-04 1.317173519055359066e-05 2.517719985917210579e-05 2.323178159713279456e-05 9.679691174824256450e-06 1.593390334164723754e-04
2.000000000000000000e+04 7.944349636090919375e-05 1.122675894293934107e-04 2.003531562877469696e-06 1.131198018811119255e-06 4.589269519783556461e-04 1.176282876258483157e-05 3.164211375406011939e-05 2.609765033412259072e-05 1.047626574290916324e-05 1.747483474900946021e-04
2.050000000000000000e+04 8.099943079287186265e-05 1.945766271091997623e-04 1.569683035995694809e-06 2.785578544717282057e-06 5.639636656269431114e-04 1.191892079077661037e-05 5.505493027158081532e-05 2.078334728139452636e-05 6.068893526389729232e-06 2.536013198550790548e-04
2.100000000000000000e+04 7.747049676254391670e-05 1.833317801356315613e-04 1.387322413393121678e-06 2.263680244141141884e-06 5.177797866053879261e-04 1.012842767522670329e-05 6.448849308071658015e-05 2.194187254644930363e-05 6.806816145399352536e-06 2.740409399848431349e-04
2.150000000000000000e+04 7.030375127214938402e-05 1.018778712023049593e-04 1.625824893380922731e-06 2.603057509986683726e-06 3.685815318021923304e-04 8.621545930509455502e-06 4.152106703259050846e-05 1.261137276742374524e-05 5.950142167421290651e-06 1.876159803941845894e-04
2.200000000000000000e+04 6.259873771341517568e-05 9.496486018178984523e-05 1.231000965162820648e-06 2.520324187571532093e-06 3.362950519658625126e-04 8.057166269281879067e-06 3.294392809038981795e-05 1.012429856928065419e-05 5.191377113078488037e-06 2.341996150789782405e-04
2.250000000000000000e+04 7.317937706829980016e-05 1.495519682066515088e-04 1.766421632964920718e-06 1.594571926943899598e-06 6.802374264225363731e-04 7.551040653197560459e-06 3.640475188149139285e-05 2.873732682928675786e-06 1.191459796245908365e-05 8.839062502374872565e-05
2.300000000000000000e+04 6.340074469335377216e-05 1.430084812454879284e-04 1.494202251706155948e-06 1.478245621910900809e-06 6.671408191323280334e-04 7.643991011718753725e-06 3.532892151270061731e-05 2.649738007676205598e-06 1.366246488032629713e-05 9.070484520634636283e-05
2.350000000000000000e+04 5.170985605218447745e-05 1.407856907462701201e-04 1.146679096564184874e-06 9.612425628802157007e-07 5.283172358758747578e-04 8.920226719055790454e-06 4.970316877006553113e-05 5.325380243448307738e-06 7.724162060185335577e-06 1.396714214934036136e-04
2.400000000000000000e+04 4.827834345633164048e-05 1.388982636854052544e-04 8.434972187387757003e-07 9.455715712647361215e-07 4.993607872165739536e-04 8.344450179720297456e-06 5.492488344316370785e-05 7.318856205529300496e-06 8.934938705351669341e-06 1.552109606564044952e-04
2.450000000000000000e+04 7.283091690624132752e-05 1.150378084275871515e-04 1.705624754322343506e-06 8.202049457395332865e-07 5.088406032882630825e-04 7.801450919941999018e-06 5.410374433267861605e-05 3.094425892413710244e-06 6.157132702355738729e-06 1.118095024139620364e-04
2.500000000000000000e+04 6.714163464494049549e-05 1.094746330636553466e-04 1.369205961054831278e-06 8.369180477529880591e-07 4.645143635571002960e-04 8.518966751580592245e-06 5.534317824640311301e-05 2.257630740132299252e-06 6.073266831663204357e-06 1.257954863831400871e-04
2.550000000000000000e+04 5.983251321595162153e-05 5.927998427068814635e-05 1.797262825675716158e-06 1.268282289856870193e-06 3.895146364811807871e-04 9.055425834958441556e-06 5.618562863674014807e-05 5.169900305190822110e-06 1.057080044120084494e-05 4.445413287612609565e-05
2.600000000000000000e+04 4.985328268958255649e-05 5.721944762626662850e-05 1.430557063031301368e-06 9.420581932317872997e-07 3.747567825485020876e-04 8.544859156245365739e-06 5.388784848037175834e-05 3.816366188402753323e-06 6.905505870236083865e-06 4.921840081806294620e-05
2.650000000000000000e+04 4.111904854653403163e-05 1.124948175856843591e-04 2.261906047351658344e-06 1.302180635320837609e-06 2.928570320364087820e-04 9.041005796461831778e-06 5.788846465293318033e-05 3.795451266341842711e-05 2.650157739481073804e-06 3.089336969424039125e-04
2.700000000000000000e+04 3.823796942015178502e-05 1.060584254446439445e-04 1.804919520509429276e-06 1.193144612443575170e-06 2.624003100208938122e-04 8.007981705304700881e-06 5.517079989658668637e-05 4.684639498009346426e-05 1.993999603655538522e-06 3.584727237466722727e-04
2.750000000000000000e+04 4.030448326375335455e-05 9.274469630327075720e-05 1.909225829876959324e-06 1.413520635651366320e-06 2.686567604541778564e-04 6.143787231849273667e-06 3.433475285419262946e-05 3.254092007409781218e-06 2.895278612413676456e-06 2.171585656469687819e-04
2.800000000000000000e+04 3.753141209017485380e-05 8.256813453044742346e-05 1.256717382602801081e-06 9.688875479696434923e-07 2.490294573362916708e-04 5.526090262719662860e-06 2.996034891111776233e-05 4.020762844447745010e-06 2.957038759632268921e-06 2.621161984279751778e-04
2.850000000000000000e+04 4.387452645460143685e-05 1.299639407079666853e-04 1.139294113272626419e-06 7.033400493128283415e-07 4.788586811628192663e-04 5.555352345254505053e-06 2.520494126656558365e-05 1.441137283109128475e-05 2.603198254291783087e-06 1.017378162941895425e-04
2.900000000000000000e+04 3.955664215027354658e-05 1.177001468022353947e-04 1.043914949150348548e-06 6.273689336921961512e-07 4.676139215007424355e-04 5.286045961838681251e-06 2.535527164582163095e-05 1.636995511944405735e-05 1.713073174869350623e-06 1.039041235344484448e-04
2.950000000000000000e+04 3.279958764323964715e-05 1.105774645111523569e-04 1.374970224787830375e-06 8.222551741710049100e-07 3.209699061699211597e-04 5.392324510467005894e-06 4.117679782211780548e-05 7.083452601364115253e-06 5.646835234074387699e-06 2.728145336732268333e-04
3.000000000000000000e+04 3.145789378322660923e-05 1.100515000871382654e-04 1.135572119892458431e-06 6.174755071697290987e-07 3.013333771377801895e-04 5.635998604702763259e-06 3.789583206526003778e-05 7.706538781349081546e-06 5.759597115684300661e-06 2.981471770908683538e-04
3.050000000000000000e+04 4.057499609189108014e-05 1.227876491611823440e-04 1.175533157038444187e-06 8.556227726330689620e-07 4.492882872000336647e-04 5.442692781798541546e-06 3.179375562467612326e-05 7.896328497736249119e-06 1.030006615110323764e-06 1.136662685894407332e-04
3.100000000000000000e+04 3.727741204784251750e-05 1.174282806459814310e-04 1.125855646932905074e-06 7.779303246024937835e-07 4.303687310311943293e-04 5.416808107838733122e-06 3.082843613810837269e-05 1.080204856407362968e-05 1.720817863315460272e-06 1.204146974487230182e-04
3.150000000000000000e+04 3.004903192049823701e-05 4.443489888217300177e-05 1.750965566316153854e-06 8.145953529492544476e-07 1.257403346244245768e-04 5.980236437608255073e-06 3.106774238403886557e-05 3.322802058391971514e-06 2.893438022510963492e-06 3.249918809160590172e-04
3.200000000000000000e+04 2.667293483682442456e-05 4.312572127673774958e-05 1.439170205230766442e-06 7.289209520422446076e-07 1.165396752185188234e-04 5.813162715639919043e-06 3.264648694312199950e-05 4.276156232663197443e-06 2.581556827863096260e-06 3.433065139688551426e-04
3.250000000000000000e+04 3.800913327722810209e-05 6.434737588278949261e-05 1.776666863406717312e-06 1.300338453802396543e-06 4.021567001473158598e-04 5.390454134612809867e-06 3.209013448213227093e-05 3.598113835323601961e-06 8.314154001709539443e-06 8.920930122258141637e-05
3.300000000000000000e+04 3.355232911417260766e-05 6.385476444847881794e-05 1.508551463302865159e-06 7.522083365074649919e-07 3.825483436230570078e-04 5.230191618466051295e-06 3.131532503175549209e-05 4.530412752501433715e-06 1.480228274886030704e-05 1.035254535963758826e-04
3.350000000000000000e+04 4.475175592233426869e-05 9.615335875423625112e-05 1.078816580957209226e-06 6.001906740493723191e-07 2.425524435238912702e-04 5.757371582149062306e-06 2.014960773522034287e-05 5.162113666301593184e-06 6.801649760745931417e-06 2.459338284097611904e-04
3.400000000000000000e+04 4.035441816085949540e-05 8.767304098000749946e-05 9.884878409138764255e-07 5.694341211892606225e-07 2.215852873632684350e-04 5.345887529983883724e-06 1.744752626109402627e-05 2.388683924436918460e-06 3.815928721451200545e-06 2.719580370467156172e-04
3.450000000000000000e+04 3.970825491705909371e-05 8.199855074053630233e-05 1.268200435333710629e-06 8.056616707108332776e-07 2.091927890432998538e-04 5.200762188906082883e-06 3.801608545472845435e-05 2.696285946512944065e-06 1.222806304213008843e-06 3.306909638922661543e-04
3.500000000000000000e+04 3.650546568678691983e-05 7.405009819194674492e-05 1.052577545124222524e-06 7.867840281505777966e-07 1.961885573109611869e-04 5.361450803320622072e-06 3.908768121618777514e-05 2.726535512920236215e-06 1.098251232178881764e-06 3.543503116816282272e-04
3.550000000000000000e+04 2.854090598702896386e-05 7.610173634020611644e-05 6.316362828329147305e-07 7.670690820305026136e-07 2.109915221808478236e-04 4.297413397580385208e-06 2.466708428983110934e-05 4.025859198009129614e-06 3.524841758917318657e-06 2.337309124413877726e-04
3.600000000000000000e+04 2.626457899168599397e-05 7.603942503919824958e-05 7.259427547978702933e-06 7.885165018706175033e-07 1.988924341276288033e-04 4.313486897444818169e-06 2.200919698225334287e-05 7.702225957473274320e-06 3.101640004388173111e-06 2.665314823389053345e-04
3.650000000000000000e+04 2.941171442216727883e-05 9.022880112752318382e-05 4.631345120742480503e-07 5.531750275622471236e-07 2.429300075164064765e-04 4.621453626896254718e-06 2.040502840827684850e-05 7.497886826968169771e-07 2.766788156804977916e-06 2.230121463071554899e-04
3.700000000000000000e+04 2.689379107323475182e-05 8.799148054094985127e-05 4.289377670829708222e-07 5.249863761491724290e-07 2.307545073563233018e-04 4.595395694195758551e-06 2.070606751658488065e-05 4.781325628755439539e-07 2.502183178876293823e-06 2.379412326263263822e-04
3.750000000000000000e+04 3.412868318264372647e-05 1.782593244570307434e-05 1.065601509253610857e-06 7.350654414040036500e-07 1.640707341721281409e-05 5.576227067649597302e-06 1.496780987508827820e-05 1.924237949424423277e-06 1.830798396440513898e-06 1.672282582148909569e-03
3.800000000000000000e+04 2.977633994305506349e-05 1.588708073541056365e-05 6.805421435274183750e-07 5.979297270641836803e-07 1.311587948293890804e-05 5.043839792051585391e-06 1.344144311588024721e-05 3.813007651842781343e-06 2.408608224868657999e-06 1.803452265448868275e-03
3.850000000000000000e+04 3.431180812185630202e-05 9.826443420024588704e-05 7.206605801002297085e-07 1.156832809101615567e-06 2.669155073817819357e-04 4.060118953930214047e-06 2.433761255815625191e-05 6.548914825543761253e-06 1.334586704615503550e-05 1.502716913819313049e-04
3.900000000000000000e+04 2.816883352352306247e-05 8.288331446237862110e-05 5.360491854844440240e-07 8.844220360515464563e-07 2.573558595031499863e-04 3.862535777443554252e-06 2.117145413649268448e-05 6.250183560041477904e-06 1.629234429856296629e-05 1.638409448787570000e-04
3.950000000000000000e+04 3.180210842401720583e-05 6.986848893575370312e-05 7.374774781965243164e-07 5.963980242995603476e-07 3.044180048163980246e-04 3.336700729050789960e-06 1.667441574682015926e-05 1.003203010441211518e-06 3.430168135309941135e-06 9.197647159453481436e-05
4.000000000000000000e+04 2.917399069701787084e-05 5.652378240483812988e-05 9.218518925990792923e-07 6.773297513973375317e-07 2.843138645403087139e-04 3.570588660295470618e-06 1.371273265249328688e-05 2.199769824073882774e-06 3.084465561187244020e-06 8.462322875857353210e-05
4.050000000000000000e+04 2.678351665963418782e-05 4.957679993822239339e-05 3.340341208968311548e-06 7.571783271487220190e-07 1.882092037703841925e-04 3.482510919639025815e-06 1.625250115466769785e-05 9.277528079110197723e-06 1.455080905543582048e-06 3.214097814634442329e-04
4.100000000000000000e+04 2.503686300769913942e-05 4.456385795492678881e-05 1.142074665949621703e-06 6.263696263886231463e-07 1.711952209006994963e-04 3.465098870947258547e-06 1.864915429905522615e-05 4.478178198041860014e-06 1.594084096723236144e-06 3.700144006870687008e-04
4.150000000000000000e+04 2.768594094959553331e-05 3.668173303594812751e-05 4.737268284316087374e-07 9.498401709606696386e-07 9.429144120076671243e-05 3.764622988455812447e-06 1.997591061808634549e-05 1.051117487804731354e-05 1.202639577968511730e-05 2.036043151747435331e-04
4.200000000000000000e+04 2.425328966637607664e-05 3.035378358617890626e-05 3.604124856337875826e-07 6.202772055985406041e-07 8.195852569770067930e-05 3.782755811698734760e-06 1.747504575178027153e-05 1.270385928364703432e-05 1.233348393725464121e-05 2.489300968591123819e-04
4.250000000000000000e+04 2.321752981515601277e-05 5.035251888330094516e-05 6.042652103133150376e-07 5.377419824981188867e-07 1.445896778022870421e-04 3.747123400898999535e-06 1.735936348268296570e-05 6.789055078115779907e-06 7.617437859153142199e-06 4.989971639588475227e-04
4.300000000000000000e+04 1.984686787181999534e-05 5.014340422349050641e-05 5.271175496091018431e-07 3.783433726312068757e-07 1.359526359010487795e-04 3.380566568012000062e-06 1.801511098165065050e-05 3.808533392657409422e-06 4.983214694220805541e-06 5.476924707181751728e-04
4.350000000000000000e+04 2.223455157945863903e-05 2.237836451968178153e-05 5.644686211780935992e-07 5.184129463486897293e-07 5.533057628781534731e-05 3.261932761233765632e-06 1.797018194338306785e-05 3.227771912861499004e-06 3.099104333159630187e-06 7.399049936793744564e-04
4.400000000000000000e+04 1.918112502607982606e-05 2.652282091730739921e-05 2.108485659846337512e-06 7.738148610769712832e-07 4.642397107090801001e-05 3.512692046570009552e-06 2.142768607882317156e-05 3.593402880142093636e-06 1.735386717882647645e-06 8.468102314509451389e-04
4.450000000000000000e+04 2.690501787583343685e-05 6.346658483380451798e-05 7.301050573005340993e-07 8.826630732983176131e-07 2.413872134638950229e-04 2.986627123391372152e-06 7.593873760924907401e-06 3.809004056165576912e-06 1.365757839266734663e-06 2.507970202714204788e-04
4.500000000000000000e+04 2.192894498875830323e-05 6.790401675971224904e-05 6.784163701922807377e-07 6.631572659898665734e-07 2.124643069691956043e-04 2.902661435655318201e-06 5.557402801059652120e-06 2.994112264786963351e-06 2.099395260302117094e-06 3.008676285389810801e-04
4.550000000000000000e+04 2.780535578494891524e-05 6.558720633620396256e-05 8.296863711620972026e-07 1.368037715110403951e-06 1.090175792342051864e-04 2.998731361003592610e-06 1.222315222548786551e-05 4.712016561825294048e-06 6.641988875344395638e-06 6.985765066929161549e-04
4.600000000000000000e+04 2.172748827433679253e-05 5.176892591407522559e-05 6.157055736366601195e-07 1.000642555482045282e-06 1.023863442242145538e-04 3.190268898833892308e-06 1.322754542343318462e-05 4.965332209394546226e-06 7.234751592477550730e-06 7.421091431751847267e-04
4.650000000000000000e+04 2.325331297470256686e-05 4.754124529426917434e-05 5.094522066428908147e-07 4.294080611089157173e-07 1.669142657192423940e-04 2.794514102788525634e-06 1.049099955707788467e-05 7.643316166650038213e-06 1.062069986801361665e-05 1.290670916205272079e-04
4.700000000000000000e+04 2.113444497808814049e-05 4.219682887196540833e-05 2.374045607211883180e-06 4.162118898420885671e-07 1.610963226994499564e-04 2.774457925625029020e-06 8.815804903861135244e-06 3.979136636189650744e-06 7.513598575314972550e-06 1.331310486420989037e-04
4.750000000000000000e+04 1.952453931153286248e-05 2.519511872378643602e-05 4.147257470776821719e-07 4.027184843380382517e-07 8.748436812311410904e-05 2.995227760038687848e-06 1.234062347066355869e-05 2.216389475506730378e-06 1.639175707168760709e-06 8.607907220721244812e-04
4.800000000000000000e+04 1.732834607537370175e-05 2.234361636510584503e-05 8.754683449296862818e-07 3.873086313888052246e-07 7.694633677601814270e-05 2.863868985514272936e-06 1.136836635851068422e-05 2.605483587103663012e-06 1.591772502251842525e-06 9.990613907575607300e-04
