# step, loss_train, loss_test, metrics_test
0.000000000000000000e+00 5.470575019717216492e-02 1.488844454288482666e-01 9.163813083432614803e-04 5.731825251132249832e-03 7.731134537607431412e-04 5.514908581972122192e-02 1.085834056138992310e-01 2.992601832374930382e-03 4.463017918169498444e-03 3.954433836042881012e-03
5.000000000000000000e+02 3.556255018338561058e-03 1.312541216611862183e-01 3.621767391450703144e-04 4.397094598971307278e-04 9.519228711724281311e-03 3.397869179025292397e-03 1.123055741190910339e-01 4.304594185668975115e-04 9.518907609162852168e-05 1.160257775336503983e-02
1.000000000000000000e+03 2.000429667532444000e-03 1.254111230373382568e-01 4.078210331499576569e-04 8.691843249835073948e-04 9.165813215076923370e-03 1.818248536437749863e-03 1.102809235453605652e-01 3.528890374582260847e-04 1.213475698023103178e-04 1.104961242526769638e-02
1.500000000000000000e+03 1.036776578985154629e-03 1.216230466961860657e-01 6.412272341549396515e-04 1.254363218322396278e-03 9.953000582754611969e-03 8.788433042354881763e-04 1.099565625190734863e-01 5.241181352175772190e-04 6.384822772815823555e-04 1.176962535828351974e-02
2.000000000000000000e+03 8.920470136217772961e-04 1.214056983590126038e-01 6.439333083108067513e-04 1.200429978780448437e-03 9.838983416557312012e-03 7.751464145258069038e-04 1.094904392957687378e-01 5.845403065904974937e-04 6.491605890914797783e-04 1.165115181356668472e-02
2.500000000000000000e+03 9.254945907741785049e-04 1.442946940660476685e-01 4.384291823953390121e-04 1.251124427653849125e-03 1.100391149520874023e-02 8.204891346395015717e-04 1.083611100912094116e-01 6.375643424689769745e-04 5.877633229829370975e-04 1.249893754720687866e-02
3.000000000000000000e+03 8.816670160740613937e-04 1.441107094287872314e-01 4.411724221426993608e-04 1.226065098308026791e-03 1.075526513159275055e-02 7.723598973825573921e-04 1.081106439232826233e-01 7.065822719596326351e-04 6.601126515306532383e-04 1.225882954895496368e-02
3.500000000000000000e+03 7.020172197371721268e-04 1.254516839981079102e-01 4.229666956234723330e-04 1.118374639190733433e-03 1.027248520404100418e-02 5.714047583751380444e-04 1.083654761314392090e-01 5.988840712234377861e-04 4.794416599906980991e-04 1.185692287981510162e-02
4.000000000000000000e+03 7.978971698321402073e-04 1.252002269029617310e-01 4.375145363155752420e-04 9.981531184166669846e-04 9.888599626719951630e-03 6.216675974428653717e-04 1.080520078539848328e-01 5.866494029760360718e-04 5.109961493872106075e-04 1.147783827036619186e-02
4.500000000000000000e+03 1.242914935573935509e-03 1.046990007162094116e-01 3.917138383258134127e-04 6.007109186612069607e-04 6.443761289119720459e-03 9.907728526741266251e-04 1.076602488756179810e-01 5.562477163039147854e-04 7.782233878970146179e-04 8.288106881082057953e-03
5.000000000000000000e+03 1.271634711883962154e-03 1.030357927083969116e-01 4.725167527794837952e-04 5.922150448895990849e-04 5.792900454252958298e-03 9.467931813560426235e-04 1.060283482074737549e-01 6.217494956217706203e-04 1.122326590120792389e-03 7.587966974824666977e-03
5.500000000000000000e+03 4.679982084780931473e-04 1.007245481014251709e-01 6.508710794150829315e-04 1.109965029172599316e-03 5.380648653954267502e-03 3.551362606231123209e-04 1.005761399865150452e-01 5.811115843243896961e-04 1.422803848981857300e-03 6.994154304265975952e-03
6.000000000000000000e+03 5.852776812389492989e-04 6.885284185409545898e-02 1.159002655185759068e-03 3.176780883222818375e-03 7.001878693699836731e-03 4.515765176620334387e-04 6.576094776391983032e-02 1.056308276019990444e-03 6.335569079965353012e-03 8.075599558651447296e-03
6.500000000000000000e+03 1.637273002415895462e-03 3.978784382343292236e-02 4.150658205617219210e-04 3.674601670354604721e-03 1.000144239515066147e-02 1.199195045046508312e-03 3.337876871228218079e-02 4.577771760523319244e-04 4.795814864337444305e-03 1.045287307351827621e-02
7.000000000000000000e+03 1.470921561121940613e-03 2.154678851366043091e-02 5.246139480732381344e-04 2.055892255157232285e-03 7.858287543058395386e-03 9.243641979992389679e-04 1.744396984577178955e-02 1.883340592030435801e-04 1.153210410848259926e-03 7.901235483586788177e-03
7.500000000000000000e+03 9.660404175519943237e-04 9.680001996457576752e-03 2.227429940830916166e-04 6.799468537792563438e-04 7.699857465922832489e-03 4.069730639457702637e-04 9.190796874463558197e-03 7.452318823197856545e-05 6.734881899319589138e-04 6.770068779587745667e-03
8.000000000000000000e+03 6.125426152721047401e-04 4.705570172518491745e-03 2.371572918491438031e-04 4.328664799686521292e-04 6.507853046059608459e-03 1.497352786827832460e-04 4.322600550949573517e-03 8.211554086301475763e-05 5.853004404343664646e-04 5.430140532553195953e-03
8.500000000000000000e+03 5.291060660965740681e-04 2.122398233041167259e-03 9.874340321402996778e-05 2.981593715958297253e-04 5.078621674329042435e-03 1.031867723213508725e-04 1.528094406239688396e-03 8.815001638140529394e-05 6.506828940473496914e-04 4.232270177453756332e-03
9.000000000000000000e+03 4.075675969943404198e-04 1.063993549905717373e-03 9.046028571901842952e-05 2.135346439899876714e-04 4.216214176267385483e-03 7.387012738035991788e-05 6.045016343705356121e-04 9.484064503340050578e-05 5.028999294154345989e-04 3.340841969475150108e-03
9.500000000000000000e+03 2.715520386118441820e-04 9.149491670541465282e-04 8.300482295453548431e-05 1.483352098148316145e-04 3.543158527463674545e-03 5.597700510406866670e-05 3.115051367785781622e-04 7.219599501695483923e-05 1.696260442258790135e-04 2.582979155704379082e-03
1.000000000000000000e+04 2.209151716670021415e-04 6.985171930864453316e-04 4.211541454424150288e-05 8.098518446786329150e-05 3.050400875508785248e-03 3.554977593012154102e-05 1.858605683082714677e-04 3.995056613348424435e-05 8.972337673185393214e-05 2.096675802022218704e-03
1.050000000000000000e+04 1.930511352838948369e-04 5.540970014408230782e-04 3.999418549938127398e-05 3.999733598902821541e-05 2.741346834227442741e-03 2.762326221272815019e-05 4.036744358018040657e-04 2.682637023099232465e-05 4.252652070135809481e-05 1.739770290441811085e-03
1.100000000000000000e+04 1.901995128719136119e-04 4.896069294773042202e-04 3.921012830687686801e-05 1.480903301853686571e-05 2.396508818492293358e-03 2.450284591759555042e-05 4.368577501736581326e-04 3.901412128470838070e-05 1.588336999702733010e-05 1.432535704225301743e-03
1.150000000000000000e+04 2.006426366278901696e-04 4.581438261084258556e-04 3.451945303822867572e-05 8.323205292981583625e-06 2.272725570946931839e-03 2.562010377005208284e-05 2.076433011097833514e-04 5.308878826326690614e-05 8.053044439293444157e-06 1.277950359508395195e-03
1.200000000000000000e+04 2.408527652733027935e-04 4.515829205047339201e-04 2.420996497676242143e-05 6.280421530391322449e-06 2.086462220177054405e-03 2.361397855565883219e-05 2.507017925381660461e-04 4.070571230840869248e-05 4.722373887489084154e-06 1.107009360566735268e-03
1.250000000000000000e+04 3.410984645597636700e-04 3.798028919845819473e-04 1.034028446156298742e-05 3.128813887087744661e-06 1.974296290427446365e-03 2.295082595082931221e-05 2.415744529571384192e-04 2.455843241477850825e-05 5.668935955327469856e-06 1.009740633890032768e-03
1.300000000000000000e+04 3.508155059535056353e-04 3.696727799251675606e-04 8.206074198824353516e-06 2.559679614932974800e-06 1.893477980047464371e-03 1.856592098192777485e-05 2.620258310344070196e-04 2.105212115566246212e-05 6.520825081679504365e-06 9.371592313982546329e-04
1.350000000000000000e+04 3.020782605744898319e-04 4.059506463818252087e-04 7.520114195358473808e-06 3.556051296982332133e-06 1.663446775637567043e-03 1.480737500969553366e-05 6.438294658437371254e-04 2.710845728870481253e-05 5.300490556692238897e-06 8.242062176577746868e-04
1.400000000000000000e+04 3.027684579137712717e-04 3.820126585196703672e-04 6.311462584562832490e-06 3.659100229924661107e-06 1.566951046697795391e-03 1.259255259355995804e-05 6.485724588856101036e-04 2.425210186629556119e-05 5.415321538748685271e-06 7.584709092043340206e-04
1.450000000000000000e+04 2.611492527648806572e-04 3.944599302485585213e-04 8.053569217736367136e-06 2.267985564685659483e-06 1.442704931832849979e-03 1.172789689007913694e-05 6.454590475186705589e-04 1.654456900723744184e-05 2.614492359498399310e-06 7.204100838862359524e-04
1.500000000000000000e+04 2.421621611574664712e-04 3.770146577153354883e-04 6.695497631881153211e-06 2.035273155343020335e-06 1.383611117489635944e-03 1.464252454752568156e-05 5.863498081453144550e-04 1.614477332623209804e-05 2.954088131446042098e-06 6.643402739427983761e-04
1.550000000000000000e+04 2.430576278129592538e-04 3.698125947266817093e-04 1.502106260886648670e-05 9.734473678690847009e-06 1.636410597711801529e-03 1.492894716648152098e-05 2.875670907087624073e-04 1.029451868816977367e-05 8.978246114565990865e-06 6.521668983623385429e-04
1.600000000000000000e+04 2.272003621328622103e-04 3.692541504278779030e-04 1.372437509417068213e-05 1.088719182007480413e-05 1.561226206831634045e-03 1.673373662924859673e-05 2.555992396082729101e-04 7.141231890273047611e-06 1.294551293540280312e-05 5.944316508248448372e-04
1.650000000000000000e+04 2.666382351890206337e-04 3.585960075724869967e-04 1.257744497706880793e-05 4.080089183844393119e-06 1.369252218864858150e-03 1.897747279144823551e-05 2.880801912397146225e-04 9.732124453876167536e-06 6.495592060673516244e-06 5.429774755612015724e-04
1.700000000000000000e+04 2.453830675221979618e-04 3.497259749565273523e-04 1.279557363886851817e-05 4.249632183928042650e-06 1.317769987508654594e-03 1.977116698981262743e-05 2.840998931787908077e-04 1.165384946943959221e-05 6.785222012695157900e-06 4.993614275008440018e-04
1.750000000000000000e+04 1.798087760107591748e-04 3.575472510419785976e-04 9.145996045845095068e-06 4.868941232416545972e-06 1.415677717886865139e-03 1.750337105477228761e-05 3.495494311209768057e-04 1.053529013006482273e-05 4.566351435641990975e-06 4.577334329951554537e-04
1.800000000000000000e+04 1.390546967741101980e-04 3.404630115255713463e-04 8.496338523400481790e-06 4.861093657382298261e-06 1.328188227489590645e-03 1.424115907866507769e-05 3.648856363724917173e-04 1.025947949528926983e-05 5.288399279379518703e-06 3.838818811345845461e-04
1.850000000000000000e+04 1.484795793658122420e-04 3.343991702422499657e-04 4.593772700900444761e-06 9.277538083551917225e-06 1.117242150940001011e-03 1.254028666153317317e-05 4.514607135206460953e-04 7.635088877577800304e-06 9.933553883456625044e-06 3.409892669878900051e-04
1.900000000000000000e+04 1.534852199256420135e-04 3.197454207111150026e-04 3.489727077976567671e-06 6.295489129115594551e-06 1.052134553901851177e-03 9.976942237699404359e-06 3.956627915613353252e-04 7.035665475996211171e-06 9.210764801537152380e-06 3.021065494976937771e-04
1.950000000000000000e+04 1.603073033038526773e-04 2.478344540577381849e-04 3.578590849429019727e-06 5.188245268072932959e-06 9.422418661415576935e-04 8.539778718841262162e-06 2.710710396058857441e-04 6.779869181627873331e-06 2.191946259699761868e-05 2.363669918850064278e-04
2.000000000000000000e+04 1.682473375694826245e-04 2.304698573425412178e-04 3.014361482200911269e-06 3.863171968987444416e-06 8.697336306795477867e-04 8.401413651881739497e-06 2.429706655675545335e-04 4.041489319206448272e-06 2.008921001106500626e-05 2.052906202152371407e-04
2.050000000000000000e+04 1.979938242584466934e-04 3.318288945592939854e-04 2.482236141077009961e-06 5.759990017395466566e-06 1.071152393706142902e-03 1.197954952658619732e-05 3.492029500193893909e-04 2.778818952720030211e-06 1.350312322756508365e-05 2.132964727934449911e-04
2.100000000000000000e+04 1.949758880073204637e-04 3.235832264181226492e-04 2.488807240297319368e-06 6.935316378076095134e-06 9.641496581025421619e-04 1.359472298645414412e-05 3.409823693800717592e-04 3.819518951786449179e-06 1.604496719664894044e-05 2.114240633090957999e-04
2.150000000000000000e+04 1.833765418268740177e-04 2.344058302696794271e-04 2.311633352292119525e-06 4.033825916849309579e-06 6.215690518729388714e-04 1.170803534478181973e-05 2.214533888036385179e-04 6.088279860705370083e-06 6.416514224838465452e-06 2.197737339884042740e-04
2.200000000000000000e+04 1.716763072181493044e-04 2.180172450607642531e-04 2.170201014450867660e-06 3.109080807917052880e-06 5.774094024673104286e-04 1.364179843221791089e-05 2.017016086028888822e-04 6.155044047773117200e-06 4.008339146821526811e-06 2.226561773568391800e-04
2.250000000000000000e+04 1.977942592930048704e-04 2.726203529164195061e-04 3.271725972808781080e-06 1.837533091020304710e-06 9.282380924560129642e-04 1.152148797700647265e-05 1.747170608723536134e-04 8.932250239013228565e-06 4.183197688689688221e-06 1.633260544622316957e-04
2.300000000000000000e+04 1.849375548772513866e-04 2.587531344033777714e-04 2.273313157274969853e-06 1.636664819670841098e-06 9.125232463702559471e-04 1.201144004880916327e-05 1.609330502105876803e-04 1.043975498760119081e-05 5.745369435317115858e-06 1.548112923046573997e-04
2.350000000000000000e+04 1.644000585656613111e-04 1.982026296900585294e-04 1.799499273147375789e-06 1.836457499848620500e-06 7.831394905224442482e-04 1.764662920322734863e-05 1.825191138777881861e-04 1.589446219441015273e-05 5.207912636251421645e-06 1.502235390944406390e-04
2.400000000000000000e+04 1.577933726366609335e-04 1.942514500115066767e-04 1.600766040610324126e-06 2.140953029083902948e-06 7.471225108020007610e-04 1.746774250932503492e-05 1.903650409076362848e-04 1.592535045347176492e-05 6.849949386378284544e-06 1.437202881788834929e-04
2.450000000000000000e+04 1.565794227644801140e-04 2.053691860055550933e-04 4.409398115967633203e-06 3.306043709017103538e-06 8.014893392100930214e-04 1.720542240946087986e-05 2.053509961115196347e-04 6.061054136807797477e-06 6.585747996723512188e-06 1.271381042897701263e-04
2.500000000000000000e+04 1.455692836316302419e-04 1.959503424586728215e-04 3.699227136166882701e-06 3.317099753985530697e-06 7.566944113932549953e-04 1.676264037087094039e-05 1.937732158694416285e-04 4.697518761531682685e-06 6.848834800621261820e-06 1.220483682118356228e-04
2.550000000000000000e+04 1.522367674624547362e-04 1.500590442446991801e-04 2.701812718441942707e-06 2.802071321639232337e-06 5.388358258642256260e-04 1.244981740455841646e-05 2.514354418963193893e-04 4.043503849970875308e-06 3.113400453003123403e-06 9.395123925060033798e-05
2.600000000000000000e+04 1.353761181235313416e-04 1.379949389956891537e-04 2.618866119519225322e-06 2.451695536365150474e-06 5.317226750776171684e-04 1.141054599429480731e-05 2.322127984371036291e-04 2.904127541114576161e-06 2.392853048149845563e-06 8.814255852485075593e-05
2.650000000000000000e+04 1.034372326103039086e-04 1.631643099244683981e-04 4.400411853566765785e-06 3.214168373233405873e-06 5.319094634614884853e-04 1.292702108912635595e-05 1.260684657609090209e-04 3.122004955002921633e-06 2.756342610155115835e-06 2.051365445367991924e-04
2.700000000000000000e+04 9.496709390077739954e-05 1.565989659866318107e-04 3.842232672468526289e-06 3.188643631801824085e-06 4.859033797401934862e-04 1.017763133859261870e-05 1.250940404133871198e-04 2.424521881039254367e-06 2.544986955399508588e-06 2.307681133970618248e-04
2.750000000000000000e+04 8.107713802019134164e-05 1.478142658015713096e-04 1.224962147716723848e-06 1.826686570893798489e-06 4.233864892739802599e-04 8.999343663163017482e-06 1.271758374059572816e-04 1.150724870058184024e-06 2.640919319674139842e-06 1.545049744891002774e-04
2.800000000000000000e+04 7.513799209846183658e-05 1.373957929899916053e-04 1.104577677324414253e-06 1.771568122421740554e-06 3.959503665100783110e-04 7.795212695782538503e-06 1.199926919071003795e-04 1.266606204808340408e-06 2.041578454736736603e-06 1.744656619848683476e-04
2.850000000000000000e+04 1.203799984068609774e-04 1.885295496322214603e-04 1.606797582098806743e-06 1.943993538588983938e-06 6.361982086673378944e-04 7.115161224646726623e-06 9.684065298642963171e-05 1.827841856538725551e-06 1.322517505286668893e-06 1.021690914058126509e-04
2.900000000000000000e+04 9.910644439514726400e-05 1.798819721443578601e-04 1.535792421236692462e-06 2.180533101636683568e-06 6.199044873937964439e-04 7.293384442164096981e-06 9.074070840142667294e-05 2.272935034852707759e-06 1.084371660908800550e-06 9.857989789452403784e-05
2.950000000000000000e+04 5.343212615116499364e-05 1.583705598022788763e-04 2.054470542134367861e-06 1.773019562278932426e-06 4.919846542179584503e-04 7.294849183381302282e-06 1.186240624519996345e-04 2.836789690263685770e-06 7.572765525765134953e-07 1.672609942033886909e-04
3.000000000000000000e+04 5.359345232136547565e-05 1.496869226684793830e-04 2.190056648032623343e-06 1.715667281132482458e-06 4.673982621170580387e-04 6.920190116943558678e-06 1.186511581181548536e-04 2.797791239572688937e-06 9.533652018944849260e-07 1.760481245582923293e-04
3.050000000000000000e+04 8.812216401565819979e-05 1.716260303510352969e-04 2.168090986742754467e-06 2.781293460429878905e-06 6.070855306461453438e-04 7.248527708725305274e-06 1.197642632178030908e-04 3.120441078863223083e-06 2.270425511596840806e-06 8.916441584005951881e-05
3.100000000000000000e+04 8.125709427986294031e-05 1.643671712372452021e-04 1.931889300976763479e-06 1.822225272007926833e-06 5.980924470350146294e-04 5.692294053005753085e-06 1.126482675317674875e-04 3.456243803157121874e-06 4.458324838196858764e-06 8.847108256304636598e-05
3.150000000000000000e+04 7.264425948960706592e-05 1.000436313915997744e-04 2.408467707937234081e-06 1.497981315878860187e-06 2.584894828032702208e-04 5.452150162454927340e-06 8.470911416225135326e-05 4.094003998034168035e-06 3.992617166659329087e-06 1.910529972519725561e-04
3.200000000000000000e+04 6.789065082557499409e-05 9.569519897922873497e-05 2.298256958965794183e-06 1.534464900032617152e-06 2.319436607649549842e-04 5.406413038144819438e-06 9.262588719138875604e-05 5.112070994073292241e-06 6.388402198354015127e-06 2.026559232035651803e-04
3.250000000000000000e+04 8.525582234142348170e-05 9.440226131118834019e-05 5.690145826520165429e-06 2.719460781008820049e-06 5.086155724711716175e-04 5.357239388104062527e-06 9.741666872287169099e-05 3.473350489002768882e-06 4.524303676589624956e-06 7.444113725796341896e-05
3.300000000000000000e+04 7.892133726272732019e-05 9.308251901529729366e-05 4.480138613871531561e-06 1.907076921270345338e-06 4.996117786504328251e-04 5.105510354042053223e-06 8.773770241532474756e-05 3.758351112992386334e-06 3.956681666750228032e-06 8.017319487407803535e-05
3.350000000000000000e+04 8.143047307385131717e-05 1.619694521650671959e-04 2.678480768736335449e-06 2.241353740828344598e-06 3.992107813246548176e-04 4.403821549203712493e-06 8.331248682225123048e-05 1.480526179875596426e-06 8.394109499931801111e-06 1.578805386088788509e-04
3.400000000000000000e+04 7.829678361304104328e-05 1.488555280957370996e-04 2.386428832323872484e-06 2.752646878434461541e-06 3.673289902508258820e-04 4.518879450188251212e-06 7.543421088485047221e-05 1.724201752040244173e-06 1.213368705066386610e-05 1.711481745587661862e-04
3.450000000000000000e+04 7.041489880066365004e-05 1.487249392084777355e-04 2.972504034914891236e-06 1.930605321831535548e-06 3.565326042007654905e-04 4.883791007159743458e-06 8.808787970338016748e-05 1.488628072365827393e-06 6.128655513748526573e-06 2.103393489960581064e-04
3.500000000000000000e+04 6.847666372777894139e-05 1.383618364343419671e-04 1.953550963662564754e-06 1.841331368268583901e-06 3.381158458068966866e-04 5.276325737213483080e-06 8.894098573364317417e-05 1.544198539704666473e-06 1.933987186930608004e-05 2.202306932304054499e-04
3.550000000000000000e+04 8.143280865624547005e-05 9.929481166182085872e-05 2.329920334886992350e-06 2.566089506217394955e-06 3.233429451938718557e-04 4.429923592397244647e-06 9.720256639411672950e-05 7.736840643701725639e-07 6.236053650354733691e-06 1.545021077618002892e-04
3.600000000000000000e+04 7.170002209022641182e-05 9.913305984809994698e-05 2.000168024096637964e-06 1.726227310427930206e-06 3.129281394649296999e-04 3.837693839159328490e-06 9.273931209463626146e-05 6.772997380721790250e-07 4.563298716675490141e-06 1.703346351860091090e-04
3.650000000000000000e+04 6.062074317014776170e-05 1.231415371876209974e-04 1.884660719042585697e-06 1.643437940401781816e-06 3.792221250478178263e-04 4.219413767714286223e-06 8.729068213142454624e-05 5.526360951080278028e-07 1.370382051391061395e-06 1.494950411142781377e-04
3.700000000000000000e+04 6.087905057938769460e-05 1.157337392214685678e-04 1.697983634585398249e-06 1.512030280537146609e-06 3.560862387530505657e-04 5.051304015069035813e-06 8.205445192288607359e-05 6.458873258452513255e-07 6.244352789508411661e-06 1.630897022550925612e-04
3.750000000000000000e+04 6.832443614257499576e-05 4.118707511224783957e-05 1.657117422837472986e-06 1.004948330773913767e-06 7.193046621978282928e-05 5.185992449696641415e-06 5.780279752798378468e-05 1.338841457254602574e-06 1.753085780364926904e-05 9.866472100839018822e-04
3.800000000000000000e+04 5.931733903707936406e-05 4.016997263533994555e-05 1.289154397454694845e-06 1.022221681523660664e-06 6.417156691895797849e-05 4.882370376435574144e-06 5.919563045608811080e-05 1.137869844569650013e-06 2.024631066888105124e-05 1.057373825460672379e-03
3.850000000000000000e+04 7.435670704580843449e-05 1.405782822985202074e-04 1.981875811907229945e-06 5.074787168268812820e-06 3.480578889138996601e-04 4.708644155471120030e-06 7.306394400075078011e-05 7.227253604469296988e-07 2.001530992856714875e-05 1.296750706387683749e-04
3.900000000000000000e+04 7.055084279272705317e-05 1.201855266117490828e-04 1.669130369919002987e-06 3.332682126711006276e-06 3.366670280229300261e-04 4.403825187182519585e-06 6.396986282197758555e-05 1.089135821530362591e-06 1.916865039675030857e-05 1.371616090182214975e-04
3.950000000000000000e+04 6.813243817305192351e-05 1.225522719323635101e-04 1.620539251234731637e-06 2.228655148428515531e-06 3.986010269727557898e-04 3.718183279488584958e-06 7.598997035529464483e-05 1.559420411467726808e-06 5.914717803534585983e-06 1.087348573491908610e-04
4.000000000000000000e+04 6.767216109437867999e-05 1.110991288442164660e-04 1.509267917754186783e-06 1.937558863573940471e-06 3.794998920056968927e-04 3.426910097914515063e-06 7.251180795719847083e-05 1.417269231751561165e-06 3.864868176606250927e-06 1.106527051888406277e-04
4.050000000000000000e+04 7.222558633657172322e-05 1.020727650029584765e-04 1.625057052478950936e-06 2.283564072058652528e-06 3.367123426869511604e-04 4.294121481507318094e-06 7.868737884564325213e-05 2.114649987561278977e-06 2.135063596142572351e-06 1.857704774010926485e-04
4.100000000000000000e+04 6.775467045372352004e-05 8.685480133863165975e-05 1.470280267312773503e-06 1.719331294225412421e-06 3.102690097875893116e-04 6.146976829768391326e-06 7.512110460083931684e-05 2.838642103597521782e-06 2.488942982381558977e-06 2.199563023168593645e-04
4.150000000000000000e+04 5.212231189943850040e-05 7.717931293882429600e-05 3.065359123866073787e-06 5.396425422077300027e-06 1.587504812050610781e-04 5.026990947953891009e-06 8.010908641153946519e-05 2.184064214816316962e-06 1.180244112219952513e-06 1.899137278087437153e-04
4.200000000000000000e+04 4.803194315172731876e-05 6.615264283027499914e-05 1.647397880333301146e-06 5.013524514652090147e-06 1.425865630153566599e-04 4.136799361731391400e-06 9.401457646163180470e-05 1.451263074159214739e-06 5.644343445965205319e-07 2.181085874326527119e-04
4.250000000000000000e+04 6.288302392931655049e-05 7.873382128309458494e-05 1.497106495662592351e-06 6.486392294391407631e-07 2.508502220734953880e-04 4.135024028073530644e-06 7.903984078438952565e-05 1.216952796312398277e-06 7.919612471596337855e-06 2.544478338677436113e-04
4.300000000000000000e+04 5.601664815912954509e-05 7.802583422744646668e-05 1.202350404128083028e-06 5.874936732652713545e-07 2.357782213948667049e-04 4.232163064443739131e-06 6.702724931528791785e-05 9.252015615857089870e-07 8.653098120703361928e-06 2.886646543629467487e-04
4.350000000000000000e+04 6.626524555031210184e-05 6.366639718180522323e-05 1.310522407038661186e-06 1.309519348069443367e-06 1.483264932176098228e-04 4.346478817751631141e-06 9.985242650145664811e-05 9.504151989858655725e-07 3.954972726205596700e-06 3.388379991520196199e-04
4.400000000000000000e+04 5.997017797199077904e-05 6.422070146072655916e-05 1.259729060620884411e-06 1.157756173597590532e-06 1.379135501338168979e-04 4.374285254016285762e-06 1.092214588425122201e-04 1.010581627269857563e-06 4.556638941721757874e-06 3.717513463925570250e-04
4.450000000000000000e+04 6.603958900086581707e-05 1.121922759921289980e-04 1.305510750171379186e-06 3.821689006144879386e-06 4.019578918814659119e-04 4.216126399114727974e-06 1.073615785571746528e-04 7.767686156512354501e-07 4.357277248345781118e-06 1.540336961625143886e-04
4.500000000000000000e+04 6.274468614719808102e-05 1.088921926566399634e-04 1.319508896813204046e-06 2.963350425488897599e-06 3.857349511235952377e-04 4.425241058925166726e-06 1.100854642572812736e-04 8.421384904977458064e-07 2.988257165270624682e-06 1.632906642043963075e-04
4.550000000000000000e+04 6.447902705986052752e-05 1.019065384753048420e-04 1.958710981853073463e-06 1.391072942169557791e-06 2.095386880682781339e-04 5.072664407634874806e-06 1.118822328862734139e-04 2.250903207823284902e-06 8.775657988735474646e-06 5.492229829542338848e-04
4.600000000000000000e+04 6.160540215205401182e-05 9.446591138839721680e-05 1.841534754021267872e-06 1.262841010429838207e-06 1.926595577970147133e-04 5.140368557476904243e-06 1.045627068378962576e-04 2.705600763874826953e-06 1.106868785427650437e-05 6.260768277570605278e-04
4.650000000000000000e+04 5.917338057770393789e-05 7.284423918463289738e-05 9.479587106397957541e-07 1.041721247929672245e-06 2.494328655302524567e-04 5.037948994868202135e-06 1.127629657275974751e-04 1.379967443426721729e-06 7.606961389683419839e-06 9.693874017102643847e-05
4.700000000000000000e+04 4.835420622839592397e-05 6.646173278568312526e-05 1.010851860883121844e-06 7.345902872657461558e-07 2.386753476457670331e-04 3.891585947712883353e-06 9.923349716700613499e-05 7.887660444794164505e-07 1.085389340005349368e-05 9.830026829149574041e-05
4.750000000000000000e+04 4.302098750486038625e-05 7.279760029632598162e-05 1.160968281510577071e-06 8.820475727588927839e-07 1.337245921604335308e-04 4.180910309514729306e-06 8.906360744731500745e-05 1.304631723542115651e-06 2.760471943474840373e-05 7.563685649074614048e-04
4.800000000000000000e+04 3.964985808124765754e-05 6.662149826297536492e-05 1.183751919597852975e-06 6.010628794683725573e-07 1.239846169482916594e-04 4.299811280361609533e-06 7.890944107202813029e-05 1.317160581493226346e-06 2.170630614273250103e-05 8.384278626181185246e-04
