# step, loss_train, loss_test, metrics_test
0.000000000000000000e+00 2.851944603025913239e-02 2.711937725543975830e-01 1.292656809091567993e-01 2.295625582337379456e-02 3.707521036267280579e-02 2.954441867768764496e-02 1.798923164606094360e-01 6.558562070131301880e-02 3.275372833013534546e-02 4.191033169627189636e-02
5.000000000000000000e+02 1.387828495353460312e-03 1.229168772697448730e-01 4.834107530768960714e-04 1.772199873812496662e-03 8.394226431846618652e-03 1.401793095283210278e-03 1.077878102660179138e-01 5.474438075907528400e-04 1.330823753960430622e-03 1.022284198552370071e-02
1.000000000000000000e+03 8.651092648506164551e-04 1.024383231997489929e-01 1.692190882749855518e-03 2.344814594835042953e-03 3.637015586718916893e-03 5.067604943178594112e-04 9.166715294122695923e-02 7.180863176472485065e-04 1.385244308039546013e-03 4.902427550405263901e-03
1.500000000000000000e+03 3.588044783100485802e-04 1.019535236991941929e-03 1.288864732487127185e-04 1.003170182229951024e-04 3.360526869073510170e-03 5.834535841131582856e-05 7.937978371046483517e-04 1.303235621890053153e-04 1.332613901467993855e-04 2.395815216004848480e-03
2.000000000000000000e+03 3.595998277887701988e-04 7.082949741743505001e-04 2.225904245278798044e-05 4.746737977256998420e-05 2.196109853684902191e-03 4.415172952576540411e-05 6.673517054878175259e-04 2.978599695779848844e-05 4.190832987660542130e-05 1.257084310054779053e-03
2.500000000000000000e+03 2.505515876691788435e-04 5.620275624096393585e-04 2.461545409460086375e-05 1.777983015927020460e-05 2.116690622642636299e-03 4.307179915485903621e-05 7.112318999134004116e-04 8.849717414705082774e-05 6.571644917130470276e-06 9.036864503286778927e-04
3.000000000000000000e+03 2.136170078301802278e-04 5.570257198996841908e-04 1.517395139671862125e-05 1.024341327138245106e-05 1.821793848648667336e-03 3.920874223695136607e-05 5.680460599251091480e-04 6.096210563555359840e-05 7.567137345176888630e-06 6.566424272023141384e-04
3.500000000000000000e+03 2.299556508660316467e-04 3.419723070692270994e-04 1.102776059269672260e-05 1.388871896779164672e-05 1.403177157044410706e-03 4.102423190488480031e-05 2.667080261744558811e-04 2.649197813298087567e-05 2.041382140305358917e-05 5.085087032057344913e-04
4.000000000000000000e+03 1.996249338844791055e-04 2.696281007956713438e-04 8.928937859309371561e-06 8.273409548564814031e-06 1.199376536533236504e-03 3.796380042331293225e-05 1.800337195163592696e-04 2.159193172701634467e-05 2.852692159649450332e-05 3.649761492852121592e-04
4.500000000000000000e+03 1.853682915680110455e-04 2.700906770769506693e-04 4.944100510329008102e-06 2.474793973306077532e-06 9.731862228363752365e-04 2.542594302212819457e-05 1.759128499543294311e-04 2.835195300576742738e-05 3.243794344598427415e-05 2.827145217452198267e-04
5.000000000000000000e+03 1.452890865039080381e-04 2.628818328958004713e-04 4.357557372713927180e-06 3.815810941887320951e-06 7.706575561314821243e-04 1.381489892082754523e-05 1.788669032976031303e-04 2.343224878131877631e-05 1.734974466671701521e-05 2.738886978477239609e-04
5.500000000000000000e+03 8.436192001681774855e-05 1.812894042814150453e-04 2.174258270315476693e-06 2.663973873495706357e-06 5.987510667182505131e-04 6.144467533886199817e-06 2.720793127082288265e-04 1.188374244520673528e-05 8.382447958865668625e-06 1.666857133386656642e-04
6.000000000000000000e+03 7.235183875309303403e-05 1.557172072352841496e-04 1.048694002747652121e-06 1.814080292206199374e-06 5.269926623441278934e-04 3.467921942501561716e-06 1.844454382080584764e-04 8.137642907968256623e-06 7.986965101736132056e-06 1.302782620768994093e-04
6.500000000000000000e+03 6.090251918067224324e-05 2.189234946854412556e-04 4.438391442818101496e-06 1.858317091318895109e-06 4.895844613201916218e-04 2.961604877782519907e-06 1.294278044952079654e-04 4.209378403174923733e-06 8.611734301666729152e-06 3.154005971737205982e-04
7.000000000000000000e+03 5.575261093326844275e-05 1.604513963684439659e-04 2.671968559297965840e-06 1.735750856823869981e-06 4.195584915578365326e-04 2.324819888599449769e-06 7.738932617940008640e-05 4.042747434596094536e-07 7.255072887346614152e-06 3.824623127002269030e-04
7.500000000000000000e+03 5.806937770103104413e-05 1.392788253724575043e-04 1.063963395608880091e-06 1.228438009093224537e-06 4.740339063573628664e-04 2.420195642116595991e-06 7.851124973967671394e-05 6.074533757782774046e-06 5.084452823211904615e-06 1.069507634383626282e-04
8.000000000000000000e+03 4.788093428942374885e-05 9.806403249967843294e-05 7.738687486380513292e-07 1.354879373138828669e-06 4.065847315359860659e-04 2.139322532457299531e-06 5.128889824845828116e-05 3.308952045699697919e-06 2.863964255084283650e-06 9.505671914666891098e-05
8.500000000000000000e+03 7.439701585099101067e-05 7.983249815879389644e-05 1.165389790003246162e-06 6.541425250361498911e-07 4.677641263697296381e-04 2.087011807816452347e-06 3.736000144272111356e-05 1.771272536643664353e-06 5.452957793750101700e-06 6.522121839225292206e-05
9.000000000000000000e+03 6.556689913850277662e-05 6.943132029846310616e-05 6.754506216566369403e-07 5.016048021388996858e-07 3.979753528255969286e-04 1.843573500082129613e-06 3.099479363299906254e-05 5.664631999025004916e-07 2.373642928432673216e-06 8.230801176978275180e-05
9.500000000000000000e+03 4.958783392794430256e-05 9.784008580027148128e-05 3.095331351232744055e-07 4.078961410414194688e-06 3.356914967298507690e-04 2.213338120782282203e-06 2.043834865617100149e-05 7.459368021045520436e-07 6.396988737833453342e-06 1.004311852739192545e-04
1.000000000000000000e+04 4.733604146167635918e-05 8.135132520692422986e-05 4.155544957029633224e-07 2.308426701347343624e-06 3.046244091819971800e-04 1.975809709620079957e-06 1.733345379761885852e-05 8.299493288177473005e-07 2.484882998032844625e-06 9.713921463117003441e-05
1.050000000000000000e+04 5.220655657467432320e-05 9.380467236042022705e-05 1.480558353250671644e-06 3.404111112104146741e-06 2.560109132900834084e-04 2.067176410491811112e-06 4.607120354194194078e-05 4.557558440865250304e-06 1.031658030115067959e-06 2.033071068581193686e-04
1.100000000000000000e+04 6.927845242898911238e-05 8.264165080618113279e-05 9.898001280816970393e-07 2.360866119488491677e-06 2.252275007776916027e-04 2.116346649927436374e-06 7.268667832249775529e-05 2.461965323163894936e-06 1.063156901182082947e-06 2.287033421453088522e-04
1.150000000000000000e+04 4.533394894679076970e-05 4.345916386228054762e-05 8.862384106578247156e-07 1.439353923160524573e-06 1.727930066408589482e-04 2.027252321568084881e-06 2.184116965509019792e-05 7.530041443715163041e-07 1.307303136854898185e-06 1.242243306478485465e-04
1.200000000000000000e+04 3.824718078249134123e-05 3.406601899769157171e-05 4.716573869245621609e-07 1.064862203747907188e-06 1.428401737939566374e-04 1.534437387817888521e-06 1.444802546757273376e-05 2.824438922743865987e-07 1.521514946034585591e-06 1.461074280086904764e-04
1.250000000000000000e+04 9.410035272594541311e-05 1.620206603547558188e-04 1.035645141200802755e-06 3.084215904891607352e-06 8.198252180591225624e-04 2.321102556379628368e-06 3.338073292979970574e-05 1.277402952837292105e-05 4.982714472134830430e-06 1.050327700795605779e-04
1.300000000000000000e+04 8.870299643604084849e-05 1.416480081388726830e-04 3.132011215711827390e-06 2.652513558132341132e-06 4.588813462760299444e-04 2.800027687044348568e-06 2.509633304725866765e-05 1.686392533883918077e-05 1.887696384983428288e-06 1.052367442753165960e-04
1.350000000000000000e+04 5.135840910952538252e-05 5.467830123961903155e-05 1.056822156897396781e-06 1.206402771458670031e-06 5.930071347393095493e-05 1.959716428245883435e-06 4.121768142795190215e-05 1.128068106481805444e-06 2.333354132133536041e-06 1.021750271320343018e-03
1.400000000000000000e+04 4.051010182593017817e-05 3.949104939238168299e-05 4.365775509995728498e-07 1.244427039637230337e-06 4.461235585040412843e-05 1.489339751969964709e-06 3.265006307628937066e-05 4.076567563515709480e-07 1.504575948274577968e-06 1.234614290297031403e-03
1.450000000000000000e+04 4.993569382349960506e-05 6.260348163777962327e-05 5.151648565515642986e-07 8.497360113324248232e-07 2.870582684408873320e-04 1.997858362301485613e-06 1.859082658484112471e-05 6.298777179836179130e-07 2.877937959055998363e-06 6.067859430913813412e-05
1.500000000000000000e+04 3.447721246629953384e-05 3.858332274830900133e-05 3.504862036152189830e-07 9.143263923760969192e-07 2.755103923846036196e-04 1.739957156132732052e-06 1.574584712216164917e-05 6.842164452791621443e-07 8.053642886807210743e-06 4.419749166117981076e-05
1.550000000000000000e+04 2.769990896922536194e-05 4.464494850253686309e-05 1.526199071122391615e-06 1.144451857726380695e-06 2.489430771674960852e-04 1.475348085477889981e-06 1.496388449595542625e-05 1.531016437184007373e-06 3.349664211782510392e-06 5.620396404992789030e-05
1.600000000000000000e+04 2.171545747842174023e-05 4.699340934166684747e-05 6.686406095468555577e-07 5.349918978936329950e-07 2.096536918543279171e-04 1.089459601644193754e-06 1.253934715350624174e-05 2.342599600524408743e-06 2.007180682994658127e-06 7.675135566387325525e-05
1.650000000000000000e+04 7.293473754543811083e-05 1.681630383245646954e-04 7.298244327103020623e-06 3.047535074074403383e-06 6.421981379389762878e-04 3.693728558573639020e-06 3.897864735336042941e-05 3.059405116800917313e-06 2.465271109031164087e-06 1.642847346374765038e-04
1.700000000000000000e+04 6.522451440105214715e-05 1.472648291382938623e-04 5.293658432492520660e-06 1.617967427591793239e-06 3.346347948536276817e-04 1.230360794579610229e-06 2.093499097099993378e-05 9.922111985360970721e-07 1.922020828715176322e-06 2.621940220706164837e-04
1.750000000000000000e+04 3.748467133846133947e-05 8.799500938039273024e-05 1.140788981501827948e-06 1.942575408975244500e-06 2.612840326037257910e-04 5.994003458908991888e-06 2.156801929231733084e-05 1.780044954102777410e-06 1.272060217161197215e-06 1.462685904698446393e-04
1.800000000000000000e+04 2.865999340428970754e-05 4.329946023062802851e-05 5.110109100314730313e-07 1.088407543647917919e-06 1.977385545615106821e-04 2.954664751086966135e-06 1.516402153356466442e-05 1.839692345129151363e-06 2.212217395936022513e-07 1.102934256778098643e-04
1.850000000000000000e+04 2.914275319199077785e-05 4.433290450833737850e-05 7.916572144495148677e-07 1.349161152575106826e-06 1.312395615968853235e-04 9.824722155826748349e-07 1.419370164512656629e-05 6.265063916544022504e-07 4.236549671077227686e-07 2.255414583487436175e-04
1.900000000000000000e+04 2.443776793370489031e-05 3.935196582460775971e-05 6.737845978932455182e-07 1.372745828120969236e-06 1.090721489163115621e-04 7.657343417122319806e-07 1.294492085435194895e-05 2.421770943783485563e-07 3.367208591953385621e-07 2.814317704178392887e-04
1.950000000000000000e+04 1.757525569701101631e-05 3.120643305010162294e-05 4.773721684614429250e-07 5.704470140699413605e-07 9.120653703575953841e-05 1.140136419053305872e-06 8.457918738713487983e-06 2.528544484903250122e-07 1.321251261288125534e-06 2.426226419629529119e-04
2.000000000000000000e+04 1.435766262147808447e-05 2.657551704032812268e-05 3.811796887021046132e-07 4.727752127564599505e-07 8.205362973967567086e-05 9.935718026099493727e-07 6.950789156690007076e-06 2.071946170190130943e-07 6.982656373111240100e-07 2.788578858599066734e-04
2.050000000000000000e+04 2.770891478576231748e-05 2.027047776209656149e-05 9.655504129568726057e-08 3.949980111883633072e-07 3.742346234503202140e-05 8.479906341563037131e-07 2.026808033406268805e-05 5.741135851167200599e-07 4.643882789423514623e-07 1.061163959093391895e-03
2.100000000000000000e+04 2.153088280465453863e-05 1.655707819736562669e-05 1.303544223674180103e-07 2.966014847061160253e-07 2.344028689549304545e-05 5.915902079323132057e-07 2.143507845175918192e-05 6.855023571006313432e-07 3.796879468609404285e-07 1.469691167585551739e-03
2.150000000000000000e+04 1.811352922231890261e-05 2.648691952344961464e-05 1.462348819813996670e-07 4.334288234986161115e-07 4.360152524895966053e-05 6.323895149762392975e-07 1.346331464446848258e-05 7.169001037254929543e-08 1.071439214683778118e-06 5.986000760458409786e-04
2.200000000000000000e+04 1.316743782808771357e-05 2.003218833124265075e-05 1.132639866341378365e-07 3.596335886868473608e-07 4.150468157604336739e-05 5.780442506875260733e-07 1.025486653816187754e-05 1.618471543451960315e-07 1.020957483888196293e-06 6.200898205861449242e-04
2.250000000000000000e+04 2.459522511344403028e-05 2.802775088639464229e-05 2.582598881417652592e-07 1.310901325268787332e-07 1.135625061579048634e-04 7.998152682375803124e-07 1.449024694011313841e-05 2.260129122078069486e-06 4.660344075091416016e-06 1.449363189749419689e-04
2.300000000000000000e+04 2.027368464041501284e-05 3.781077612075023353e-05 1.783577232572497451e-07 7.326720918854334741e-08 7.776065467623993754e-05 7.720504413555318024e-07 8.411552698817104101e-06 1.853250637395831291e-06 6.448682597692823038e-06 2.588845090940594673e-04
2.350000000000000000e+04 2.023672641371376812e-05 1.791193426470272243e-05 5.073151854162460950e-08 4.066418171078112209e-07 1.760633494996000081e-05 6.694089620395970996e-07 7.990300218807533383e-06 2.145516191376373172e-06 4.248354628089145990e-07 1.284554717130959034e-03
2.400000000000000000e+04 1.578664523549377918e-05 1.382916707370895892e-05 3.607178555853352009e-08 3.124198713067016797e-07 1.324207369179930538e-05 5.142899226484587416e-07 6.793586180720012635e-06 1.824564037633535918e-06 5.811544383504951838e-07 1.517102238722145557e-03
2.450000000000000000e+04 1.330555369349895045e-05 7.631329026480671018e-06 3.901031959685496986e-07 2.424520459953782847e-07 1.204918680741684511e-05 5.432061129795329180e-07 4.563068614515941590e-06 4.397180930482136318e-07 7.496810212614946067e-07 8.941583801060914993e-04
2.500000000000000000e+04 1.032931686495430768e-05 6.392358500306727365e-06 2.585589982118108310e-07 1.952288783968469943e-07 9.339012649434152991e-06 3.966103179209312657e-07 3.656263288576155901e-06 5.286412374516658019e-07 8.122204349092498887e-07 9.928495856001973152e-04
2.550000000000000000e+04 3.141591514577157795e-05 4.262218863004818559e-05 5.006378955840773415e-07 1.646942905608739238e-06 2.964798186440020800e-04 4.621400080395687837e-07 1.071217775461263955e-05 2.231168565458574449e-07 2.231657845186418854e-06 2.535188286856282502e-05
2.600000000000000000e+04 2.141815093636978418e-05 2.681091609701979905e-05 1.707741006384821958e-07 7.863241080485749990e-07 6.592989666387438774e-05 7.366525096585974097e-07 1.252432775800116360e-05 2.484511696820845827e-06 6.206637976902129594e-07 4.421361954882740974e-04
2.650000000000000000e+04 1.956813684955704957e-05 2.502583629393484443e-05 5.963860303381807171e-07 5.742098778682702687e-07 6.313795165624469519e-05 3.733582900622423040e-07 4.277037078281864524e-06 2.233155328212887980e-06 6.221154649210802745e-07 7.364523480646312237e-04
2.700000000000000000e+04 1.684240851318463683e-05 2.041422521870117635e-05 3.789891991345939459e-07 4.456165356714336667e-07 5.309061452862806618e-05 2.934309861757355975e-07 4.478891696635400876e-06 1.968725428014295176e-06 6.165298032101418357e-07 8.931910269893705845e-04
2.750000000000000000e+04 1.153162975242594257e-05 7.698993613303173333e-06 1.001619054363800387e-07 2.746939458120323252e-07 1.243879250978352502e-05 2.672411767434823560e-07 6.981218575674574822e-06 4.599054079790221294e-07 3.302884351796819828e-06 1.848636311478912830e-03
2.800000000000000000e+04 9.493249308434315026e-06 7.242966148623963818e-06 7.284035064003546722e-08 2.032180645983316936e-07 1.011470430967165157e-05 2.097440869874844793e-07 7.190053565864218399e-06 2.711048807668703375e-07 3.575847813408472575e-06 1.958970446139574051e-03
2.850000000000000000e+04 1.539532968308776617e-05 3.124809518340043724e-05 4.286911803319526371e-07 5.405500473898428027e-07 1.670339115662500262e-04 3.378728763436811278e-07 9.754262464412022382e-06 1.143746771958831232e-06 7.363204872490314301e-07 3.781946725212037563e-05
2.900000000000000000e+04 1.298246570513583720e-05 7.819963684596586972e-06 1.500540918186743511e-07 3.995429835867980728e-07 1.749937218846753240e-04 2.470088986683549592e-07 1.049316233547870070e-05 7.067269507388118654e-07 4.564289781683328329e-07 1.385796440445119515e-05
2.950000000000000000e+04 7.907769031589850783e-06 9.066363418241962790e-06 3.360060532031639013e-07 2.674291863513644785e-07 1.481386698287678882e-05 1.609150075410070713e-07 7.118285793694667518e-06 4.773859245688072406e-07 3.290620043117087334e-07 1.756093115545809269e-03
3.000000000000000000e+04 6.771986136300256476e-06 6.321485216176370159e-06 3.210078034499019850e-07 1.988134812336284085e-07 1.027230700856307521e-05 1.278928039027960040e-07 6.700967333017615601e-06 3.483660577785485657e-07 4.670841349252441432e-07 1.976690953597426414e-03
3.050000000000000000e+04 9.941463758877944201e-06 1.685956340224947780e-05 1.181455999699210224e-07 3.058949573642166797e-07 1.450592026230879128e-05 1.710937453935912345e-07 6.007398496876703575e-06 1.845853461190927192e-07 2.568783656897721812e-07 8.659640443511307240e-04
3.100000000000000000e+04 8.464816346531733871e-06 1.236751904798438773e-05 1.225901229418013827e-07 1.896657266797774355e-07 1.081250502465991303e-05 1.576607644437899580e-07 4.887662271357839927e-06 2.218015566768372082e-07 3.805236872267414583e-07 9.576590382494032383e-04
3.150000000000000000e+04 7.471580829587765038e-06 4.110150712222093716e-06 1.018047868228677544e-07 3.855530792407080298e-07 1.506735202383424621e-06 7.937549639791541267e-08 4.478689334064256400e-06 4.655144607568217907e-07 4.345162665231327992e-07 2.258938737213611603e-03
3.200000000000000000e+04 5.894874448131304234e-06 2.948472911157296039e-06 1.029949956432574254e-07 2.778836289962782757e-07 1.184752250082965475e-06 6.864786428195657209e-08 4.081217866769293323e-06 4.388104173358442495e-07 2.516414951969636604e-07 2.379768062382936478e-03
3.250000000000000000e+04 8.756422175792977214e-06 6.828338428022107109e-06 2.009747959164087661e-07 2.148541540236692526e-07 5.451298875414067879e-06 1.626724355219266727e-07 5.276215233607217669e-06 7.644040351806324907e-07 8.786738021626661066e-07 1.997729996219277382e-03
3.300000000000000000e+04 6.129277608124539256e-06 5.178030278329970315e-06 9.551941104746219935e-08 1.713364525812721695e-07 3.066044200750184245e-06 1.523500827715906780e-07 4.230761078360956162e-06 4.954004566570802126e-07 1.556333586449909490e-06 2.227249089628458023e-03
3.350000000000000000e+04 9.486733688390813768e-06 7.800013918313197792e-06 8.470249923675510217e-08 1.703868832692023716e-07 1.460737439629156142e-05 1.230131942975276615e-07 3.255725005146814510e-06 1.009031507237523329e-06 7.880465773268952034e-07 8.029810269363224506e-04
3.400000000000000000e+04 7.549393103545298800e-06 5.930023235123371705e-06 4.231764805240345595e-08 1.531272175725462148e-07 1.165834419225575402e-05 8.116969496541059925e-08 3.976806056016357616e-06 6.887556196488731075e-07 7.052409500829526223e-07 8.952588541433215141e-04
3.450000000000000000e+04 7.327488674491178244e-06 3.870625278068473563e-06 6.683187336875562323e-08 2.060925083924303181e-07 3.198499598511261865e-06 9.347964891048832214e-08 4.341873136581853032e-06 2.109251511228649179e-07 3.144747040551010286e-07 2.078645164147019386e-03
3.500000000000000000e+04 5.707257059839321300e-06 2.689975644898368046e-06 8.125608275122431223e-08 1.404257119475005311e-07 2.336781562917167321e-06 6.048129819191672141e-08 3.731927108674426563e-06 2.193686441387399100e-07 4.350585243173554773e-07 2.183692529797554016e-03
3.550000000000000000e+04 6.482525350293144584e-06 4.266139512765221298e-06 1.551378971953454311e-07 1.121991672903277504e-07 9.315121133113279939e-06 4.886928905989407212e-08 4.697145868703955784e-06 5.509609763976186514e-07 9.133412390838202555e-07 2.765181008726358414e-03
3.600000000000000000e+04 5.602649707725504413e-06 3.111225623797508888e-06 1.104399487417140335e-07 1.191839018588325416e-07 8.132178663800004870e-06 4.312228796266026620e-08 3.953263330913614482e-06 3.179086434101918712e-07 7.656655611754104029e-07 2.783411648124456406e-03
3.650000000000000000e+04 1.153579523816006258e-05 7.940700015751644969e-06 9.285428603789114277e-08 2.076135245943078189e-07 1.035170407703844830e-05 6.684092568320920691e-08 9.996885637519881129e-06 3.579921212804038078e-07 5.110488245918531902e-07 1.303078606724739075e-03
3.700000000000000000e+04 6.302061592577956617e-06 3.731283868546597660e-06 7.684722191925175139e-08 2.131882155254061217e-07 7.061888936732430011e-06 7.975954474659374682e-08 6.920647138031199574e-06 3.438588294102373766e-07 5.787283612335158978e-07 1.571002881973981857e-03
3.750000000000000000e+04 2.235641237348318100e-03 8.319897460751235485e-04 3.334331995574757457e-05 3.271761306677944958e-05 4.115079995244741440e-03 5.222939216764643788e-05 6.831256323494017124e-04 8.024828275665640831e-05 1.660470115893986076e-05 3.956119529902935028e-03
3.800000000000000000e+04 1.286795828491449356e-03 2.584336616564542055e-04 2.005658279813360423e-05 2.044217580987606198e-05 3.167224582284688950e-03 1.843226527853403240e-05 4.213966021779924631e-04 2.716863491514232010e-05 1.451362277293810621e-05 2.946174470707774162e-03
3.850000000000000000e+04 6.926048081368207932e-04 2.760707284323871136e-04 3.518079392961226404e-05 2.314989433216396719e-05 3.136304207146167755e-03 1.234186584042618051e-05 2.944681909866631031e-04 4.287983756512403488e-06 5.620940100925508887e-06 2.289942465722560883e-03
3.900000000000000000e+04 5.071040359325706959e-04 2.763274533208459616e-04 1.373107352264923975e-05 1.070509006240172312e-05 2.311124233528971672e-03 1.207256445923121646e-05 2.660731843207031488e-04 8.306975360028445721e-06 1.384526694891974330e-05 1.829148735851049423e-03
3.950000000000000000e+04 3.178629558533430099e-04 4.151536850258708000e-04 8.776709364610724151e-06 1.188044279842870310e-05 1.372486469335854053e-03 2.342646803299430758e-05 2.355794276809319854e-04 7.440492936439113691e-06 3.391379868844524026e-05 9.882394224405288696e-04
4.000000000000000000e+04 2.182780735893175006e-04 3.091977850999683142e-04 7.919395102362614125e-06 1.054533458955120295e-05 8.070765179581940174e-04 2.012712866417132318e-05 1.449124392820522189e-04 1.381038600811734796e-05 2.891890108003281057e-05 5.391301237978041172e-04
4.050000000000000000e+04 2.017055521719157696e-04 1.365967618767172098e-04 8.953821634349878877e-06 9.060470802069175988e-06 8.548220503143966198e-04 1.173619511973811314e-05 1.377475855406373739e-04 1.054129484145960305e-06 9.893401511362753808e-06 1.320890005445107818e-04
4.100000000000000000e+04 1.301339216297492385e-04 9.486034832661971450e-05 4.106721917196409777e-06 4.498743237490998581e-06 5.160103319212794304e-04 1.089761099137831479e-05 9.609076369088143110e-05 5.006048013456165791e-06 5.271328973321942613e-06 3.267372376285493374e-04
4.150000000000000000e+04 6.008697891957126558e-05 4.485997487790882587e-05 2.954091087303822860e-06 2.519873760320479050e-06 1.226145832333713770e-04 7.279617875610711053e-06 8.740548219066113234e-05 4.441114924702560529e-06 2.750208977886359207e-06 5.929357721470296383e-04
4.200000000000000000e+04 3.557023956091143191e-05 2.551377474446780980e-05 2.005300075325067155e-06 1.300719191021926235e-06 5.698236054740846157e-05 4.886714577878592536e-06 6.373087671818211675e-05 5.571886049438035116e-06 2.691573854463058524e-06 9.675888577476143837e-04
