# step, loss_train, loss_test, metrics_test
0.000000000000000000e+00 9.078873554244637489e-04 1.514643877744674683e-01 4.476207494735717773e-02 6.068113259971141815e-03 7.730095647275447845e-03 8.041102555580437183e-04 1.307737082242965698e-01 3.300770372152328491e-02 7.128252647817134857e-03 1.006209943443536758e-02
5.000000000000000000e+02 1.243139151483774185e-03 1.250104308128356934e-01 1.169255483546294272e-04 3.504208580125123262e-04 1.016416866332292557e-02 1.210602116771042347e-03 1.099486574530601501e-01 1.885601959656924009e-04 3.786683664657175541e-04 1.193001214414834976e-02
1.000000000000000000e+03 1.110504497773945332e-03 1.233394369482994080e-01 3.373568761162459850e-04 7.210434996522963047e-04 8.591813035309314728e-03 1.095482730306684971e-03 1.084100753068923950e-01 3.376290842425078154e-04 5.495131481438875198e-04 1.039092242717742920e-02
1.500000000000000000e+03 1.114918733946979046e-03 1.206934154033660889e-01 5.701012560166418552e-04 4.850276745855808258e-04 8.244150318205356598e-03 8.770343847572803497e-04 1.085585877299308777e-01 5.340961506590247154e-04 2.461255062371492386e-04 1.006481423974037170e-02
2.000000000000000000e+03 1.034786808304488659e-03 1.186107695102691650e-01 7.407133816741406918e-04 5.205384804867208004e-04 7.061167620122432709e-03 7.753637619316577911e-04 1.078906729817390442e-01 2.766576653812080622e-04 3.428692580200731754e-04 8.849073201417922974e-03
2.500000000000000000e+03 1.611285377293825150e-03 1.047159824520349503e-02 4.877892497461289167e-04 7.936657639220356941e-04 1.871028728783130646e-02 1.693707308731973171e-03 7.763755507767200470e-03 2.304105320945382118e-03 9.287524153478443623e-04 1.727863773703575134e-02
3.000000000000000000e+03 1.161781605333089828e-03 1.914195017889142036e-03 2.876871731132268906e-04 1.758794096531346440e-04 1.066518202424049377e-02 7.098096539266407490e-04 8.216343121603131294e-04 7.162053370848298073e-04 1.438839681213721633e-04 9.041428565979003906e-03
3.500000000000000000e+03 5.883062840439379215e-04 9.806138696148991585e-04 5.832850365550257266e-05 7.727408956270664930e-05 5.674842279404401779e-03 1.495968754170462489e-04 6.438978598453104496e-04 8.728653483558446169e-05 1.405311650160001591e-05 5.051367450505495071e-03
4.000000000000000000e+03 3.718266380019485950e-04 6.664998945780098438e-04 3.821514474111609161e-05 5.485385554493404925e-05 3.698205575346946716e-03 3.543633647495880723e-05 4.533714673016220331e-04 5.037571099819615483e-05 3.729413947439752519e-05 2.846340881660580635e-03
4.500000000000000000e+03 3.710488672368228436e-04 6.363804568536579609e-04 1.559465090394951403e-05 5.397350832936353981e-05 2.798801520839333534e-03 3.763731729122810066e-05 3.684306575451046228e-04 1.368222910969052464e-05 9.169981785817071795e-05 1.728669740259647369e-03
5.000000000000000000e+03 3.396057581994682550e-04 5.807550041936337948e-04 8.536989298590924591e-06 3.694036786328069866e-05 2.329128561541438103e-03 4.315053593018092215e-05 3.786760207731276751e-04 2.276690429425798357e-05 1.005429512588307261e-04 1.276960829272866249e-03
5.500000000000000000e+03 2.759159251581877470e-04 4.741122538689523935e-04 8.906145012588240206e-06 2.404184670012909919e-05 1.654653693549335003e-03 3.754266799660399556e-05 4.074330499861389399e-04 5.457151928567327559e-05 4.381505641504190862e-05 1.078654429875314236e-03
6.000000000000000000e+03 2.814317995216697454e-04 4.287569609005004168e-04 8.241815521614626050e-06 1.940375295816920698e-05 1.475089928135275841e-03 3.037517126358579844e-05 4.099140933249145746e-04 3.567410021787509322e-05 4.046121830469928682e-05 9.062308236025273800e-04
6.500000000000000000e+03 2.601795422378927469e-04 4.985177656635642052e-04 4.826862550544319674e-06 1.480206719861598685e-05 1.459990511648356915e-03 2.339002276130486280e-05 4.333085671532899141e-04 1.372270980937173590e-05 2.063998726953286678e-05 7.041178760118782520e-04
7.000000000000000000e+03 2.543181471992284060e-04 4.630073963198810816e-04 3.839389592030784115e-06 1.471303949074354023e-05 1.383395399898290634e-03 2.005390888371039182e-05 3.950644168071448803e-04 4.909394192509353161e-06 2.235497231595218182e-05 6.401587743312120438e-04
7.500000000000000000e+03 2.412369794910773635e-04 4.300009459257125854e-04 5.375711680244421586e-06 1.992325815081130713e-05 1.554755843244493008e-03 1.942771814356092364e-05 4.218678514007478952e-04 7.386835932265967131e-06 2.494909313099924475e-05 6.096470751799643040e-04
8.000000000000000000e+03 2.005274000111967325e-04 3.824962768703699112e-04 4.943012754665687680e-06 1.856067319749854505e-05 1.422008732333779335e-03 2.191450585087295622e-05 3.916822315659373999e-04 1.196914581669261679e-05 1.829853499657474458e-05 5.194604163989424706e-04
8.500000000000000000e+03 2.170780207961797714e-04 3.002585726790130138e-04 2.317612370461574756e-06 3.068145133511279710e-06 1.242897706106305122e-03 1.874800182122271508e-05 3.583477810025215149e-04 1.646235068619716913e-05 2.104563463944941759e-05 4.535902698989957571e-04
9.000000000000000000e+03 2.047082671197131276e-04 2.992927620653063059e-04 3.762395181183819659e-06 2.250147417726111598e-06 1.163601526059210300e-03 1.647152384975925088e-05 3.203839005436748266e-04 1.992116995097603649e-05 2.332137410121504217e-05 3.953483246732503176e-04
9.500000000000000000e+03 1.788688823580741882e-04 3.027764032594859600e-04 3.441910621404531412e-06 1.559685551910661161e-05 1.072256360203027725e-03 1.714552854537032545e-05 1.826931547839194536e-04 5.165158290765248239e-05 1.871485255833249539e-05 3.212282608728855848e-04
1.000000000000000000e+04 1.535398769192397594e-04 2.869012532755732536e-04 3.071051878578145988e-06 1.023835193336708471e-05 9.721291135065257549e-04 1.243260248884325847e-05 1.722708693705499172e-04 9.467570635024458170e-05 1.761511703080032021e-05 2.630420785862952471e-04
1.050000000000000000e+04 1.225115847773849964e-04 2.999331627506762743e-04 5.331259217200567946e-06 7.429870038322405890e-06 8.729015244171023369e-04 1.223388881044229493e-05 3.156777529511600733e-04 7.709951205470133573e-06 1.677785076026339084e-05 2.603358880151063204e-04
1.100000000000000000e+04 1.093912360374815762e-04 2.829410077538341284e-04 3.503394964354811236e-06 7.331440883717732504e-06 8.188588544726371765e-04 8.339225132658611983e-06 2.846972492989152670e-04 1.769121263350825757e-05 1.202588373416801915e-05 2.382662205491214991e-04
1.150000000000000000e+04 1.199532780447043478e-04 2.460869727656245232e-04 3.928995738533558324e-06 4.674818683270132169e-06 9.792502969503402710e-04 8.496465852658730000e-06 1.832647103583440185e-04 3.726851355168037117e-05 5.566716026805806905e-06 1.880332420114427805e-04
1.200000000000000000e+04 1.186540976050309837e-04 2.353724412387236953e-04 4.063419964950298890e-06 3.833099526673322544e-06 9.285331470891833305e-04 7.512702723033726215e-06 1.847541570896282792e-04 5.363934542401693761e-05 4.040557087137131020e-06 1.640093105379492044e-04
1.250000000000000000e+04 9.806405432755127549e-05 2.239895402453839779e-04 2.204801376137766056e-06 1.426647941116243601e-06 8.619992295280098915e-04 7.521744009864050895e-06 1.140391832450404763e-04 9.959712770069018006e-05 3.815317177213728428e-05 1.374226267216727138e-04
1.300000000000000000e+04 9.484379552304744720e-05 2.149371430277824402e-04 2.102079179167049006e-06 1.079804974324360956e-06 8.250507526099681854e-04 9.340667929791379720e-06 1.005361627903766930e-04 9.688240970717743039e-05 4.927993359160609543e-05 1.255174138350412250e-04
1.350000000000000000e+04 8.717959281057119370e-05 2.017993829213082790e-04 2.867360763048054650e-06 1.734419242893636692e-06 4.311746743042021990e-04 1.364255513180978596e-05 1.831576228141784668e-04 3.219514474039897323e-05 1.074612646334571764e-05 2.819766232278198004e-04
1.400000000000000000e+04 8.651574171381071210e-05 1.865401281975209713e-04 2.424346575935487635e-06 1.403253691023564897e-06 3.642569645307958126e-04 1.544486622151453048e-05 1.461834763176739216e-04 2.797144043142907321e-05 9.656922884460072964e-06 3.346600860822945833e-04
1.450000000000000000e+04 1.143943154602311552e-04 1.843494246713817120e-04 2.268116759296390228e-06 1.575719466018199455e-06 6.582787609659135342e-04 1.082315702660707757e-05 8.635468111606314778e-05 1.661240457906387746e-05 1.348234218312427402e-05 1.366900251014158130e-04
1.500000000000000000e+04 9.779384708963334560e-05 1.724340254440903664e-04 1.615276005395571701e-06 9.271039402847236488e-07 6.410472560673952103e-04 1.079883713828166947e-05 6.193410808918997645e-05 4.468523547984659672e-05 6.399568064807681367e-06 1.376194850308820605e-04
1.550000000000000000e+04 9.444927854929119349e-05 1.749074435792863369e-04 2.362929308219463564e-06 9.092736377169785555e-07 6.984564824961125851e-04 9.567226697981823236e-06 6.206012039911001921e-05 7.821193867130205035e-05 3.685050387502997182e-06 9.398379188496619463e-05
1.600000000000000000e+04 9.366704034619033337e-05 1.520937512395903468e-04 2.592001237644581124e-06 1.145221290244080592e-06 6.719197263009846210e-04 8.183444151654839516e-06 4.887812247034162283e-05 6.116288568591699004e-05 3.245061407142202370e-06 8.878858352545648813e-05
1.650000000000000000e+04 9.375510126119479537e-05 1.582973782205954194e-04 2.937792032753350213e-06 5.517344447980576660e-07 5.507884779945015907e-04 8.797373993729706854e-06 4.411812915350310504e-05 1.401769259246066213e-05 3.760521849471842870e-06 1.285736361751332879e-04
1.700000000000000000e+04 8.988428453449159861e-05 1.516071642981842160e-04 2.034236331382999197e-06 4.615220916548423702e-07 5.117213586345314980e-04 5.692145350622013211e-06 4.572134639602154493e-05 9.643818884796928614e-06 5.242632141744252294e-06 1.402452326146885753e-04
1.750000000000000000e+04 9.355959628010168672e-05 1.397437590640038252e-04 1.041480913954728749e-06 6.412409447875688784e-07 5.713180871680378914e-04 4.019483185402350500e-06 4.819275272893719375e-05 1.267619063582969829e-05 5.082210350337845739e-07 1.062751907738856971e-04
1.800000000000000000e+04 8.861465175868943334e-05 1.364619674859568477e-04 1.269648123525257688e-06 4.957552164341905154e-07 5.352405132725834846e-04 3.674985919133177958e-06 4.679738412960432470e-05 1.606154182809405029e-05 4.949479261995293200e-07 1.139887317549437284e-04
1.850000000000000000e+04 9.519515879219397902e-05 1.198813406517729163e-04 1.283924916606338229e-06 7.558384709227539133e-07 4.814141429960727692e-04 4.483436896407511085e-06 4.089576032129116356e-05 8.225458441302180290e-05 2.173706974417655147e-07 8.703137427801266313e-05
1.900000000000000000e+04 8.913635247154161334e-05 1.038040063576772809e-04 1.156452867689949926e-06 6.606460374314337969e-07 4.321946762502193451e-04 5.295330083754379302e-06 3.745376670849509537e-05 6.256985216168686748e-05 3.257541720813605934e-07 8.863129914971068501e-05
1.950000000000000000e+04 6.776858208468183875e-05 9.744676935952156782e-05 1.440059236301749479e-06 1.377610715280752629e-06 2.942114078905433416e-04 4.951558821630897000e-06 2.567352748883422464e-05 5.543049155676271766e-06 1.987681116588646546e-06 2.271251869387924671e-04
2.000000000000000000e+04 6.064465196686796844e-05 9.353250061394646764e-05 1.058350903804239351e-06 1.238810568793269340e-06 2.794993633870035410e-04 4.553158305498072878e-06 2.183771721320226789e-05 3.075512495342991315e-06 3.014286903635365888e-06 2.413712936686351895e-04
2.050000000000000000e+04 7.498644845327362418e-05 1.653011713642627001e-04 2.569717480582767166e-06 1.156099756371986587e-06 3.336826048325747252e-04 7.728334821877069771e-06 4.558193541015498340e-05 1.347698889730963856e-05 1.440345727132807951e-06 3.617311303969472647e-04
2.100000000000000000e+04 7.325016485992819071e-05 1.483272062614560127e-04 1.870066853371099569e-06 1.046941520144173410e-06 2.867969742510467768e-04 7.650859515706542879e-06 3.588032268453389406e-05 1.551018976897466928e-05 2.022771241172449663e-06 4.010452830698341131e-04
2.150000000000000000e+04 5.864529157406650484e-05 5.714110739063471556e-05 1.669906509960128460e-06 2.922803332694456913e-06 1.688594929873943329e-04 4.790287221112521365e-06 2.652189868967980146e-05 5.551319190999493003e-06 1.530570557406463195e-06 4.406152875162661076e-04
2.200000000000000000e+04 5.097659959574230015e-05 5.226026769378222525e-05 1.135498337134777103e-06 2.099848870784626342e-06 1.529696310171857476e-04 4.403337243275018409e-06 2.280344233440700918e-05 3.994408416474470869e-06 9.454541327613696922e-07 5.010709282942116261e-04
2.250000000000000000e+04 7.605877181049436331e-05 1.199377584271132946e-04 2.050039483947330154e-06 3.188423818301089341e-07 4.935947945341467857e-04 4.405994786793598905e-06 2.610212868603412062e-05 1.835597799981769640e-06 4.566904863168019801e-06 8.991859067464247346e-05
2.300000000000000000e+04 6.559756729984655976e-05 1.078991190297529101e-04 1.885486199171282351e-06 2.625853880999784451e-07 4.818009911105036736e-04 4.314264515414834023e-06 2.562646295700687915e-05 2.046865802185493521e-06 7.562312475783983245e-06 9.087912621907889843e-05
2.350000000000000000e+04 7.221259147627279162e-05 1.002335920929908752e-04 1.756006554387568031e-06 5.235426101535267662e-07 2.991531218867748976e-04 7.668694706808310002e-06 3.876131086144596338e-05 6.331875738396774977e-06 3.296814384157187305e-06 2.320189814781770110e-04
2.400000000000000000e+04 7.369880768237635493e-05 9.244056127499789000e-05 1.863267584667482879e-06 5.423444804364407901e-07 2.580511791165918112e-04 6.602424491575220600e-06 3.969663885072804987e-05 7.701170034124515951e-06 5.462420631374698132e-06 2.861603861674666405e-04
2.450000000000000000e+04 9.301693353336304426e-05 8.148403867380693555e-05 2.347822146475664340e-06 1.280249307455960661e-06 2.206438948633149266e-04 4.933086984237888828e-06 1.980594424821902066e-05 1.875051202659960836e-05 1.000503925752127543e-05 1.995311904465779662e-04
2.500000000000000000e+04 8.156039257301017642e-05 7.371890387730672956e-05 2.183643573516746983e-06 1.463171088289527688e-06 1.880457421066239476e-04 6.532536644954234362e-06 2.120187491527758539e-05 2.011849028349388391e-05 1.320795672654639930e-05 2.284829970449209213e-04
2.550000000000000000e+04 8.058388630161061883e-05 5.078400499769486487e-05 2.858027073671109974e-06 2.287721372340456583e-06 2.067593013634905219e-04 7.050349722703685984e-06 5.002005855203606188e-05 3.926339559257030487e-06 1.261839952348964289e-05 7.445488881785422564e-05
2.600000000000000000e+04 6.708315049763768911e-05 4.550184166873805225e-05 1.724179696793726180e-06 2.309453066118294373e-06 1.936442131409421563e-04 4.936511231790063903e-06 4.983975668437778950e-05 4.591542619891697541e-06 7.701731192355509847e-06 7.670417835470288992e-05
2.650000000000000000e+04 6.060528176021762192e-05 9.275511547457426786e-05 1.838287971622776240e-06 1.329042902398214210e-06 1.614228531252592802e-04 6.071933512430405244e-06 3.337974703754298389e-05 7.516185632994165644e-06 2.200986045863828622e-06 3.835646493826061487e-04
2.700000000000000000e+04 5.344549572328105569e-05 7.791363168507814407e-05 1.949658326338976622e-06 1.388086047882097773e-06 1.442112261429429054e-04 5.495770437846658751e-06 3.027231832675170153e-05 5.564593266171868891e-06 1.873000314844830427e-06 4.215007647871971130e-04
2.750000000000000000e+04 4.389156310935504735e-05 3.164834924973547459e-05 1.423873072781134397e-06 2.577467967057600617e-06 1.152588083641603589e-04 3.406190444366075099e-06 2.063551073661074042e-05 2.457391701682354324e-06 1.219439400301780552e-05 4.653609648812562227e-04
2.800000000000000000e+04 3.765390647458843887e-05 2.334142845938913524e-05 1.129095835494808853e-06 1.513230927230324596e-06 9.853999654296785593e-05 2.924038199125789106e-06 1.881267598946578801e-05 1.625258960302744526e-06 1.049721777235390618e-05 5.443239351734519005e-04
2.850000000000000000e+04 7.011674460954964161e-05 6.751123146386817098e-05 6.566401111740560737e-07 2.015704467339674011e-06 3.425893664825707674e-04 3.339576778671471402e-06 2.652524199220351875e-05 9.564695346853113733e-07 1.873466089818975888e-06 3.755256693693809211e-05
2.900000000000000000e+04 6.189962732605636120e-05 5.862332545802928507e-05 4.721685229469585465e-07 1.489151372879859991e-06 3.358992398716509342e-04 3.446567006903933361e-06 2.444640813337173313e-05 6.444265068239474203e-07 1.306291778746526688e-06 3.403710434213280678e-05
2.950000000000000000e+04 6.358038081089034677e-05 8.288936078315600753e-05 2.001179154831334017e-06 2.092085424010292627e-06 1.801685139071196318e-04 3.932230356440413743e-06 2.583840614533983171e-05 5.497523034136975184e-06 1.352566982859570999e-06 3.309037128929048777e-04
3.000000000000000000e+04 6.035864498699083924e-05 7.412641571136191487e-05 1.355096173938363791e-06 1.885436063275847118e-06 1.580656680744141340e-04 3.977986580139258876e-06 2.107309228449594229e-05 6.925525667611509562e-06 1.591101977282960434e-06 3.906335041392594576e-04
3.050000000000000000e+04 5.626959682558663189e-05 6.334997306112200022e-05 1.532719920760428067e-06 2.376889142396976240e-06 2.130982902599498630e-04 4.655934844777220860e-06 3.065336932195350528e-05 9.597421922080684453e-06 8.973313015303574502e-06 1.387733500450849533e-04
3.100000000000000000e+04 4.778592483489774168e-05 5.753504956373944879e-05 1.016867713587998878e-06 1.629683538340032101e-06 1.920523791341111064e-04 4.522314611676847562e-06 2.680502802832052112e-05 9.275392585550434887e-06 7.255615400936221704e-06 1.592554472154006362e-04
3.150000000000000000e+04 4.550776066025719047e-05 2.623347972985357046e-05 5.850138791174686048e-07 1.198922518597100861e-06 4.413539136294275522e-05 4.608833478414453566e-06 2.503980431356467307e-05 1.741810251587594394e-06 6.302337851593620144e-07 5.991955404169857502e-04
3.200000000000000000e+04 3.856577313854359090e-05 2.330983079446014017e-05 4.401008197874034522e-07 7.694591772633430082e-07 3.507317160256206989e-05 3.713943897309945896e-06 2.448851410008501261e-05 3.063554231630405411e-06 7.812380431460042018e-07 7.043170626275241375e-04
3.250000000000000000e+04 4.184179488220252097e-05 6.177125760586932302e-05 3.028819264727644622e-06 1.799213691811019089e-06 2.073453215416520834e-04 3.439556166995316744e-06 3.006921178894117475e-05 2.817480435624020174e-06 2.584287585705169477e-06 2.381013327976688743e-04
3.300000000000000000e+04 3.463213579379953444e-05 5.741867789765819907e-05 1.950539854078670032e-06 1.825199660743237473e-06 1.876468741102144122e-04 3.463984285190235823e-06 2.593987119325902313e-05 2.249352519356762059e-06 2.797847628244198859e-06 2.861917309928685427e-04
3.350000000000000000e+04 5.690969919669441879e-05 9.367111488245427608e-05 1.428304358341847546e-06 9.220889864991477225e-07 1.316954585490748286e-04 3.848878805001731962e-06 1.951735430338885635e-05 4.320160314819077030e-06 2.164417765015969053e-06 2.868282317649573088e-04
3.400000000000000000e+04 5.300557677401229739e-05 8.096741657936945558e-05 1.146120894190971740e-06 1.028172960104711819e-06 1.174519929918460548e-04 3.009585952895577066e-06 1.905875251395627856e-05 2.076952569041168317e-06 2.956626076411339454e-06 3.045529883820563555e-04
3.450000000000000000e+04 4.804626223631203175e-05 3.966158328694291413e-05 1.024128437165927608e-06 1.032482032314874232e-06 7.540579827036708593e-05 3.643087666205246933e-06 3.378749897819943726e-05 3.891832420777063817e-06 2.600660309326485731e-06 6.737463991157710552e-04
3.500000000000000000e+04 4.038138649775646627e-05 3.060758172068744898e-05 6.759327675354143139e-07 9.787272574612870812e-07 6.638523336732760072e-05 2.777120471364469267e-06 2.413301444903481752e-05 4.006682502222247422e-06 4.194895609543891624e-06 8.111905190162360668e-04
3.550000000000000000e+04 3.795825250563211739e-05 5.257527664070948958e-05 7.188233439592295326e-07 2.926235765698947944e-06 1.058802954503335059e-04 3.625623776315478608e-06 1.534268631075974554e-05 3.069861804760876112e-06 7.245085726026445627e-06 5.005475250072777271e-04
3.600000000000000000e+04 3.386195749044418335e-05 4.891984281130135059e-05 5.350868832465494052e-07 2.524441924833809026e-06 9.182240319205448031e-05 3.014950834767660126e-06 1.633945248613599688e-05 2.658887524376041256e-06 4.791670107806567103e-06 5.521965213119983673e-04
3.650000000000000000e+04 3.931421815650537610e-05 8.840433292789384723e-05 1.080619426829798613e-06 1.792606781236827374e-06 1.351321116089820862e-04 3.817323431576369330e-06 2.256788502563722432e-05 5.228085683484096080e-06 2.151295802832464688e-06 3.943346673622727394e-04
3.700000000000000000e+04 3.721347457030788064e-05 7.678978727199137211e-05 6.976035251682333183e-07 1.488493353463127278e-06 1.201232807943597436e-04 4.179677489446476102e-06 2.233362829429097474e-05 7.671683306398335844e-06 1.848228066592128016e-06 4.350802337285131216e-04
3.750000000000000000e+04 3.665615076897665858e-05 9.813207725528627634e-06 2.340281071155914105e-06 8.008622671695775352e-07 8.531277671863790601e-06 4.693150913226418197e-06 1.596861693542450666e-05 7.390840892185224220e-06 2.787971880024997517e-06 1.733227632939815521e-03
3.800000000000000000e+04 2.913844218710437417e-05 8.291108315461315215e-06 1.513837446509569418e-06 6.060082000658439938e-07 5.748825969931203872e-06 4.052693384437588975e-06 1.511124901298899204e-05 4.042983164254110307e-06 2.271861603730940260e-06 1.954088220372796059e-03
3.850000000000000000e+04 3.430759534239768982e-05 4.860622721025720239e-05 1.156120220002776477e-06 2.269571723445551470e-06 1.611863262951374054e-04 3.450648137004463933e-06 1.793679075490217656e-05 2.924586851804633625e-06 2.054198830592213199e-06 2.007615112233906984e-04
3.900000000000000000e+04 2.577322993602138013e-05 4.019744301331229508e-05 6.654395292571280152e-07 2.170588686567498371e-06 1.467679685447365046e-04 3.359196625751792453e-06 1.166823130915872753e-05 3.325185616631642915e-06 1.553095785311597865e-06 2.274014696013182402e-04
3.950000000000000000e+04 2.840972229023464024e-05 2.755319474090356380e-05 4.538575808510358911e-07 6.612835932173766196e-07 1.859628100646659732e-04 2.989334689118550159e-06 1.347865782008739188e-05 3.751007398022920825e-06 1.263196395484555978e-06 6.753633351763710380e-05
4.000000000000000000e+04 2.393016438873019069e-05 2.256191328342538327e-05 2.859714527403411921e-07 5.347995397642080206e-07 1.766269997460767627e-04 2.666993623279267922e-06 1.264782167709199712e-05 2.736890110099921003e-06 9.260514275410969276e-07 7.813224510755389929e-05
4.050000000000000000e+04 4.584560883813537657e-05 3.330740946694277227e-05 1.172652559944253881e-06 1.060908402905624826e-06 9.892335947370156646e-05 2.268064235977362841e-06 1.574588532093912363e-05 1.974109864022466354e-06 2.262468797198380344e-06 4.322052409406751394e-04
4.100000000000000000e+04 3.563273639883846045e-05 2.535221938160248101e-05 8.214933018280135002e-07 9.871463362287613563e-07 8.129787602229043841e-05 2.638569640112109482e-06 1.481750587117858231e-05 1.169592565020138863e-06 1.946037400557543151e-06 5.791453877463936806e-04
4.150000000000000000e+04 2.951533133455086499e-05 2.939071782748214900e-05 1.015546331473160535e-06 3.248141638323431835e-06 6.080308230593800545e-05 3.611565034589148127e-06 1.401457848260179162e-05 2.505315933376550674e-06 9.648911145632155240e-07 1.535724150016903877e-04
4.200000000000000000e+04 2.805892472679261118e-05 2.321175088582094759e-05 9.448861533201124985e-07 2.706669647523085587e-06 4.705532410298474133e-05 3.173464619976584800e-06 1.416654049535281956e-05 2.869304125852067955e-06 1.161613909061998129e-06 2.291436103405430913e-04
4.250000000000000000e+04 3.442765591898933053e-05 3.604595622164197266e-05 1.231778128385485616e-06 7.453317039107787423e-07 8.432142203673720360e-05 3.109665840383968316e-06 1.527963286207523197e-05 1.933527528308331966e-06 2.153906052626552992e-06 7.275579846464097500e-04
4.300000000000000000e+04 2.996916191477794200e-05 3.473956166999414563e-05 1.062818228092510253e-06 6.663972840215137694e-07 7.037397881504148245e-05 3.567234898582682945e-06 1.684158996795304120e-05 2.298814706591656432e-06 1.921654302350361831e-06 8.891487377695739269e-04
4.350000000000000000e+04 3.210283102816902101e-05 1.037323636410292238e-05 1.257508529306505807e-06 4.453389408354269108e-07 1.125999733631033450e-05 2.841069090209202841e-06 1.450958188797812909e-05 1.742410972838115413e-06 1.624285346224496607e-06 1.483513507992029190e-03
4.400000000000000000e+04 2.777031113510020077e-05 9.590736226527951658e-06 8.244572882176726125e-07 4.035769336496741744e-07 8.603419701103121042e-06 2.776715973595855758e-06 1.002639783109771088e-05 1.194237370327755343e-06 1.493956688136677258e-06 1.622725161723792553e-03
4.450000000000000000e+04 3.445881520747207105e-05 5.031098771723918617e-05 8.965468509813945275e-07 1.341438292001839727e-06 8.785622776485979557e-05 4.276627805666066706e-06 1.406854971719440073e-05 3.881777047354262322e-06 8.062425536081718747e-07 5.574346287176012993e-04
4.500000000000000000e+04 3.110593388555571437e-05 5.083866926725022495e-05 7.468242984032258391e-07 1.135823595177498646e-06 6.788750033592805266e-05 3.883990757458377630e-06 1.554385562485549599e-05 1.839866627051378600e-06 1.078677883015188854e-06 6.760829128324985504e-04
4.550000000000000000e+04 3.195956378476694226e-05 1.896738103823736310e-05 1.381520974064187612e-06 1.828172003115469124e-06 3.658280184026807547e-05 2.364842202950967476e-06 2.218613917648326606e-05 3.435656310557533288e-07 2.725027570704696700e-06 1.092356396839022636e-03
4.600000000000000000e+04 2.454517380101606250e-05 1.437706487195100635e-05 9.029844818542187568e-07 1.148019919128273614e-06 2.902222331613302231e-05 2.190330405937856995e-06 2.013904304476454854e-05 9.156832447843044065e-07 2.009331183217000216e-06 1.259867916814982891e-03
4.650000000000000000e+04 2.138273521268274635e-05 3.748742165043950081e-05 5.104937486066773999e-07 3.475239793715445558e-07 6.865849718451499939e-05 2.391700718362699263e-06 1.133119712903862819e-05 1.025815322464040946e-06 1.664658157096710056e-06 4.355024138931185007e-04
4.700000000000000000e+04 1.692954356258269399e-05 3.027917409781366587e-05 3.234108021388237830e-07 3.338342935421678703e-07 6.264809780986979604e-05 2.441551487208926119e-06 1.038105892803287134e-05 1.516197585260670166e-06 1.281363097405119333e-06 4.358809383120387793e-04
4.750000000000000000e+04 1.494629395892843604e-05 7.023357738944469020e-06 3.840240765384805854e-07 1.765787487784109544e-06 3.422207737457938492e-05 2.230447535112034529e-06 1.712826269795186818e-05 1.029839381772035267e-06 1.122621711147075985e-06 1.602767850272357464e-03
4.800000000000000000e+04 1.383329163218149915e-05 5.400863756221951917e-06 3.252636417983012507e-07 9.356462555842881557e-07 2.666126965777948499e-05 2.029536290137912147e-06 1.523853188700741157e-05 1.335980300609662663e-06 1.042961343955539633e-06 1.858435920439660549e-03
