# step, loss_train, loss_test, metrics_test
0.000000000000000000e+00 1.904127001762390137e-02 2.036134302616119385e-01 1.508169341832399368e-02 1.092181168496608734e-02 8.939361199736595154e-03 1.904647611081600189e-02 2.076505720615386963e-01 1.297200284898281097e-02 1.101855281740427017e-02 1.137556694447994232e-02
5.000000000000000000e+02 3.604078665375709534e-03 1.526335775852203369e-01 2.163655590265989304e-03 7.085828110575675964e-04 6.030865479260683060e-03 3.672447521239519119e-03 1.234026998281478882e-01 1.531324931420385838e-03 4.497554909903556108e-04 8.534992113709449768e-03
1.000000000000000000e+03 5.862238351255655289e-03 1.426349580287933350e-01 6.840347195975482464e-04 6.566102092619985342e-05 6.820042617619037628e-03 5.955576896667480469e-03 1.162888407707214355e-01 3.428668715059757233e-04 3.109161525571835227e-06 9.196535684168338776e-03
1.500000000000000000e+03 3.671485232189297676e-03 1.362509131431579590e-01 4.362612671684473753e-04 4.342497777543030679e-05 7.605627644807100296e-03 3.681127913296222687e-03 1.152949556708335876e-01 1.725982729112729430e-04 1.383424887535511516e-06 9.844545274972915649e-03
2.000000000000000000e+03 2.648435067385435104e-03 1.318609565496444702e-01 2.710771223064512014e-04 2.799307003442663699e-05 7.788908202201128006e-03 2.637239173054695129e-03 1.138404682278633118e-01 8.041205728659406304e-05 7.808188456692732871e-06 9.923725388944149017e-03
2.500000000000000000e+03 2.323009073734283447e-03 1.525164544582366943e-01 1.477170735597610474e-04 5.221278479439206421e-05 9.026132524013519287e-03 2.276711864396929741e-03 1.118304431438446045e-01 8.590724064561072737e-06 4.399534736876375973e-05 1.088175084441900253e-02
3.000000000000000000e+03 1.617563189938664436e-03 1.493424028158187866e-01 9.024165046866983175e-05 9.777576633496209979e-05 9.997197426855564117e-03 1.561071956530213356e-03 1.111293435096740723e-01 4.924588097310333978e-07 7.073119923006743193e-05 1.168971974402666092e-02
3.500000000000000000e+03 7.897370378486812115e-04 1.289211660623550415e-01 2.792903796944301575e-05 1.589118473930284381e-04 1.076979190111160278e-02 7.405987707898020744e-04 1.112239807844161987e-01 5.885166501684579998e-06 9.755029168445616961e-05 1.240444462746381760e-02
4.000000000000000000e+03 6.311365868896245956e-04 1.279093623161315918e-01 2.766433499346021563e-05 2.085062005789950490e-04 1.152827031910419464e-02 5.807525594718754292e-04 1.109350100159645081e-01 6.394219781213905662e-06 1.253514055861160159e-04 1.309444848448038101e-02
4.500000000000000000e+03 8.300347253680229187e-04 1.067602187395095825e-01 4.720425931736826897e-05 1.839897449826821685e-04 9.163456037640571594e-03 7.938303169794380665e-04 1.116730198264122009e-01 3.221261522412532941e-06 1.305708283325657248e-04 1.088714506477117538e-02
5.000000000000000000e+03 8.510007755830883980e-04 1.069063544273376465e-01 6.151333218440413475e-05 1.906408433569595218e-04 8.825880475342273712e-03 8.291843696497380733e-04 1.116194128990173340e-01 6.529405709443381056e-06 1.410444237990304828e-04 1.058153901249170303e-02
5.500000000000000000e+03 2.370319416513666511e-04 1.112561449408531189e-01 5.855070048710331321e-05 1.616144872969016433e-04 8.293361403048038483e-03 2.236525469925254583e-04 1.134155839681625366e-01 1.277910723729291931e-05 7.472160359611734748e-05 1.007315889000892639e-02
6.000000000000000000e+03 2.302591019542887807e-04 1.112354099750518799e-01 6.200301868375390768e-05 1.692162913968786597e-04 8.243808522820472717e-03 2.189610240748152137e-04 1.133004873991012573e-01 2.276227496622595936e-05 6.266677519306540489e-05 1.002607587724924088e-02
6.500000000000000000e+03 7.449743570759892464e-04 1.105509549379348755e-01 1.280550350202247500e-04 1.797782897483557463e-04 8.378369733691215515e-03 7.235974189825356007e-04 1.115705519914627075e-01 5.427447831607423723e-05 6.824700540164485574e-05 1.014435477554798126e-02
7.000000000000000000e+03 7.275913958437740803e-04 1.104575097560882568e-01 1.407381350873038173e-04 1.924851385410875082e-04 8.306326344609260559e-03 7.120901136659085751e-04 1.113920509815216064e-01 6.816715176682919264e-05 6.832443614257499576e-05 1.007576193660497665e-02
7.500000000000000000e+03 6.030324730090796947e-04 1.302777677774429321e-01 1.121899331337772310e-04 3.547662054188549519e-04 1.048630755394697189e-02 6.028233328834176064e-04 1.102459058165550232e-01 4.980831363354809582e-05 1.433740399079397321e-04 1.207096502184867859e-02
8.000000000000000000e+03 6.110822432674467564e-04 1.301619559526443481e-01 1.287445920752361417e-04 3.961722832173109055e-04 1.036848500370979309e-02 6.146204541437327862e-04 1.101021021604537964e-01 6.910912634339183569e-05 1.611243060324341059e-04 1.195839606225490570e-02
8.500000000000000000e+03 8.334321901202201843e-04 1.155301928520202637e-01 1.112155368900857866e-04 2.829557633958756924e-04 7.205521222203969955e-03 8.505883160978555679e-04 1.109492778778076172e-01 1.374057756038382649e-04 1.461519714212045074e-04 9.102273732423782349e-03
9.000000000000000000e+03 8.324120426550507545e-04 1.152880787849426270e-01 1.264343009097501636e-04 3.297571674920618534e-04 7.106969133019447327e-03 8.434862829744815826e-04 1.105581298470497131e-01 1.878656476037576795e-04 1.730182120809331536e-04 9.007372893393039703e-03
9.500000000000000000e+03 7.894031004980206490e-04 1.025124043226242065e-01 1.698706328170374036e-04 4.215569642838090658e-04 5.998692009598016739e-03 7.840303587727248669e-04 1.114940419793128967e-01 1.631499762879684567e-04 1.517713972134515643e-04 8.014451712369918823e-03
1.000000000000000000e+04 8.518334361724555492e-04 1.023855581879615784e-01 1.836050068959593773e-04 4.591470642480999231e-04 5.831188522279262543e-03 8.206350612454116344e-04 1.111623197793960571e-01 1.943364768521860242e-04 1.759037404553964734e-04 7.857110351324081421e-03
1.050000000000000000e+04 7.494663586840033531e-04 1.041397452354431152e-01 2.325641980860382318e-04 4.914317978546023369e-04 8.271898142993450165e-03 6.686741835437715054e-04 1.097050160169601440e-01 2.555961837060749531e-04 1.747300702845677733e-04 9.863208048045635223e-03
1.100000000000000000e+04 8.307332172989845276e-04 1.040770933032035828e-01 2.635110868141055107e-04 4.958456847816705704e-04 8.096844889223575592e-03 7.157133659347891808e-04 1.095565631985664368e-01 3.084839845541864634e-04 1.678192056715488434e-04 9.699163958430290222e-03
1.150000000000000000e+04 1.104964409023523331e-03 1.180291101336479187e-01 3.442753513809293509e-04 3.662537492346018553e-04 8.017456158995628357e-03 9.653166634961962700e-04 1.092856824398040771e-01 4.333024553488940001e-04 2.003323024837300181e-04 9.758942760527133942e-03
1.200000000000000000e+04 1.261732075363397598e-03 1.179225370287895203e-01 3.769952454604208469e-04 3.333742206450551748e-04 7.758916355669498444e-03 1.055896515026688576e-03 1.091898083686828613e-01 5.176312406547367573e-04 1.734530087560415268e-04 9.512941353023052216e-03
1.250000000000000000e+04 1.397116691805422306e-03 1.225595176219940186e-01 2.990209031850099564e-04 5.826888373121619225e-04 7.854422554373741150e-03 1.100560999475419521e-03 1.087446287274360657e-01 4.664579464588314295e-04 2.677043958101421595e-04 9.684464894235134125e-03
1.300000000000000000e+04 1.442101551219820976e-03 1.223733648657798767e-01 2.836559724528342485e-04 6.273236358538269997e-04 7.600215729326009750e-03 1.109949080273509026e-03 1.087420284748077393e-01 4.006773815490305424e-04 3.088452504016458988e-04 9.435327723622322083e-03
1.350000000000000000e+04 2.486855257302522659e-03 1.225431859493255615e-01 2.643334155436605215e-04 7.968909339979290962e-04 7.103496231138706207e-03 1.929501537233591080e-03 1.092235147953033447e-01 2.971425710711628199e-04 6.360633997246623039e-04 8.878158405423164368e-03
1.400000000000000000e+04 2.586246468126773834e-03 1.220881044864654541e-01 2.790115249808877707e-04 7.277563563548028469e-04 6.625056732445955276e-03 1.953724771738052368e-03 1.090979352593421936e-01 3.644132229965180159e-04 6.547760567627847195e-04 8.411197923123836517e-03
1.450000000000000000e+04 3.173063741996884346e-03 1.109249815344810486e-01 4.629336472135037184e-04 4.194923676550388336e-04 4.992579109966754913e-03 2.364188898354768753e-03 1.083275228738784790e-01 7.808365626260638237e-04 2.812808670569211245e-04 6.799239199608564377e-03
1.500000000000000000e+04 3.108273260295391083e-03 1.097727864980697632e-01 6.025450420565903187e-04 4.691982176154851913e-04 4.527267534285783768e-03 2.247796393930912018e-03 1.074288785457611084e-01 9.280475205741822720e-04 3.205470566172152758e-04 6.313393358141183853e-03
1.550000000000000000e+04 8.846767595969140530e-04 1.017737388610839844e-01 7.637189701199531555e-04 3.884672187268733978e-04 4.999038297683000565e-03 6.118160672485828400e-04 1.076400652527809143e-01 7.794554112479090691e-04 1.241898571606725454e-04 6.712922360748052597e-03
1.600000000000000000e+04 7.927592960186302662e-04 1.006870716810226440e-01 8.689500391483306885e-04 5.772617878392338753e-04 4.754990339279174805e-03 5.375729524530470371e-04 1.068366020917892456e-01 8.281872724182903767e-04 2.020261745201423764e-04 6.431149784475564957e-03
1.650000000000000000e+04 1.092179329134523869e-03 1.142225489020347595e-01 1.420867047272622585e-03 8.850594167597591877e-04 5.407034419476985931e-03 7.311603403650224209e-04 1.026886776089668274e-01 1.258955919183790684e-03 5.722358473576605320e-04 6.796817760914564133e-03
1.700000000000000000e+04 1.212076516821980476e-03 1.095314323902130127e-01 1.988798379898071289e-03 1.467936905100941658e-03 5.233825184404850006e-03 8.499900577589869499e-04 9.784121811389923096e-02 1.489595510065555573e-03 1.274173380807042122e-03 6.550565361976623535e-03
1.750000000000000000e+04 9.260936640202999115e-04 1.032047048211097717e-01 1.770931179635226727e-03 2.372326562181115150e-03 4.587669391185045242e-03 6.674522301182150841e-04 9.356454014778137207e-02 1.097190892323851585e-03 1.206203247420489788e-03 6.099964492022991180e-03
1.800000000000000000e+04 1.014709472656250000e-03 9.662470221519470215e-02 1.903863740153610706e-03 2.528078854084014893e-03 5.188618786633014679e-03 7.614232017658650875e-04 8.617213368415832520e-02 1.249015913344919682e-03 1.611810061149299145e-03 6.598187144845724106e-03
1.850000000000000000e+04 8.147351327352225780e-04 7.656379044055938721e-02 1.777049154043197632e-03 1.617530127987265587e-03 5.358809139579534531e-03 5.836575292050838470e-04 8.241401612758636475e-02 1.240744022652506828e-03 1.193154370412230492e-03 6.549265701323747635e-03
1.900000000000000000e+04 8.195417467504739761e-04 7.257242500782012939e-02 1.490820082835853100e-03 1.484278705902397633e-03 5.745453294366598129e-03 5.760256899520754814e-04 7.665789127349853516e-02 1.042650314047932625e-03 1.364859752357006073e-03 6.855237763375043869e-03
1.950000000000000000e+04 1.747998991049826145e-03 8.127543330192565918e-02 1.627228339202702045e-03 1.861808123067021370e-03 7.032677065581083298e-03 1.351828104816377163e-03 6.531173735857009888e-02 1.220003818161785603e-03 4.403062630444765091e-03 8.101519197225570679e-03
2.000000000000000000e+04 2.021242631599307060e-03 7.541287690401077271e-02 1.055162982083857059e-03 2.020782092586159706e-03 7.320293691009283066e-03 1.479955855756998062e-03 5.916920676827430725e-02 1.060850336216390133e-03 5.748428869992494583e-03 8.334621787071228027e-03
2.050000000000000000e+04 1.561062294058501720e-03 6.410135328769683838e-02 5.271444679237902164e-04 2.029861556366086006e-03 8.133578114211559296e-03 1.034843968227505684e-03 5.561697483062744141e-02 4.665866144932806492e-04 5.261895246803760529e-03 8.644014596939086914e-03
2.100000000000000000e+04 1.630247104912996292e-03 5.970917642116546631e-02 5.802647792734205723e-04 2.044979715719819069e-03 8.414654061198234558e-03 1.052939449436962605e-03 5.115013942122459412e-02 3.758435195777565241e-04 5.909219384193420410e-03 8.782199583947658539e-03
2.150000000000000000e+04 2.252056961879134178e-03 5.662246048450469971e-02 7.286033942364156246e-04 1.895348774269223213e-03 7.171419914811849594e-03 1.464237575419247150e-03 4.652373492717742920e-02 7.063268567435443401e-04 3.777036676183342934e-03 7.925142534077167511e-03
2.200000000000000000e+04 2.406784333288669586e-03 5.103730782866477966e-02 7.781616295687854290e-04 1.672700862400233746e-03 7.382298354059457779e-03 1.530315843410789967e-03 4.104082286357879639e-02 7.039094343781471252e-04 3.789417678490281105e-03 8.038702420890331268e-03
2.250000000000000000e+04 2.919787308201193810e-03 4.844833910465240479e-02 1.043540076352655888e-03 1.436267746612429619e-03 9.771210141479969025e-03 1.817807555198669434e-03 3.352245315909385681e-02 7.198114180937409401e-04 7.621471770107746124e-03 9.732317179441452026e-03
2.300000000000000000e+04 2.944696461781859398e-03 4.057614877820014954e-02 1.003754441626369953e-03 1.329533173702657223e-03 1.011993363499641418e-02 1.803572871722280979e-03 2.767457999289035797e-02 6.744889542460441589e-04 6.440173834562301636e-03 9.897429496049880981e-03
2.350000000000000000e+04 2.737263916060328484e-03 3.415299579501152039e-02 8.354018209502100945e-04 1.331767067313194275e-03 9.777528233826160431e-03 1.719383290037512779e-03 2.216133661568164825e-02 4.502221127040684223e-04 2.939163008704781532e-03 9.746350347995758057e-03
2.400000000000000000e+04 2.559292595833539963e-03 2.648573927581310272e-02 6.098144804127514362e-04 1.181564875878393650e-03 1.038976944983005524e-02 1.671933801844716072e-03 1.696887984871864319e-02 3.511184768285602331e-04 1.869277912192046642e-03 1.013682875782251358e-02
2.450000000000000000e+04 1.793789444491267204e-03 1.831725984811782837e-02 4.305246693547815084e-04 1.254017464816570282e-03 9.781811386346817017e-03 1.286173006519675255e-03 1.395561825484037399e-02 3.667604760266840458e-04 1.442753011360764503e-03 1.015139836817979813e-02
2.500000000000000000e+04 1.675284001976251602e-03 1.465747132897377014e-02 3.136016603093594313e-04 1.236983807757496834e-03 1.027153991162776947e-02 1.266545150429010391e-03 1.092667691409587860e-02 2.785689139273017645e-04 1.241151825524866581e-03 1.049186382442712784e-02
2.550000000000000000e+04 1.293664914555847645e-03 1.244376413524150848e-02 1.813728595152497292e-04 1.293284702114760876e-03 1.184874121099710464e-02 9.904522448778152466e-04 8.890988305211067200e-03 3.768434107769280672e-04 8.010535384528338909e-04 1.133540458977222443e-02
2.600000000000000000e+04 1.237720018252730370e-03 9.603919461369514465e-03 1.748646463965997100e-04 1.262016012333333492e-03 1.209734007716178894e-02 9.665513061918318272e-04 6.769260391592979431e-03 4.186296428088098764e-04 8.352118893526494503e-04 1.151284389197826385e-02
2.650000000000000000e+04 1.376232947222888470e-03 7.516564335674047470e-03 1.554327318444848061e-04 8.930960320867598057e-04 1.048189681023359299e-02 1.080450485460460186e-03 6.071166601032018661e-03 5.350218270905315876e-04 6.265087868086993694e-04 9.842037223279476166e-03
2.700000000000000000e+04 1.347820390947163105e-03 6.724473088979721069e-03 1.428863906767219305e-04 7.259705453179776669e-04 1.003535278141498566e-02 1.030521467328071594e-03 5.028412211686372757e-03 5.589002394117414951e-04 5.094632506370544434e-04 9.369730018079280853e-03
2.750000000000000000e+04 1.504799467511475086e-03 6.000198889523744583e-03 1.350072125205770135e-04 6.973408744670450687e-04 1.052828691899776459e-02 1.102586626075208187e-03 3.863221732899546623e-03 2.746646059677004814e-04 4.146797582507133484e-04 9.652690030634403229e-03
2.800000000000000000e+04 1.359010464511811733e-03 5.145973060280084610e-03 1.297764829359948635e-04 4.865413065999746323e-04 1.013781782239675522e-02 9.584482177160680294e-04 3.200251376256346703e-03 2.364417159697040915e-04 2.700891927815973759e-04 9.217665530741214752e-03
2.850000000000000000e+04 1.274763722904026508e-03 4.218931775540113449e-03 1.234515948453918099e-04 2.877796650864183903e-04 9.519112296402454376e-03 7.896634633652865887e-04 2.558818086981773376e-03 2.775963221210986376e-04 1.967888965737074614e-04 8.541038259863853455e-03
2.900000000000000000e+04 1.145707676187157631e-03 3.735757665708661079e-03 1.174937788164243102e-04 2.241425827378407121e-04 8.880337700247764587e-03 6.629775161854922771e-04 2.218332840129733086e-03 2.689468383323401213e-04 1.592712651472538710e-04 7.904784753918647766e-03
2.950000000000000000e+04 7.680068956688046455e-04 3.650716040283441544e-03 1.536935160402208567e-04 2.170040243072435260e-04 8.595899678766727448e-03 4.627174930647015572e-04 2.030304633080959320e-03 2.046602312475442886e-04 1.375076681142672896e-04 7.625778671354055405e-03
3.000000000000000000e+04 6.658704951405525208e-04 3.261583158746361732e-03 1.243122242158278823e-04 2.146236220141872764e-04 8.025756105780601501e-03 3.742133558262139559e-04 1.793762319721281528e-03 1.530334120616316795e-04 1.532621245132759213e-04 7.035222835838794708e-03
3.050000000000000000e+04 6.391798960976302624e-04 2.744093770161271095e-03 9.725436393637210131e-05 2.322275249753147364e-04 7.782876957207918167e-03 3.002384328283369541e-04 1.600998919457197189e-03 8.621600863989442587e-05 1.717414415907114744e-04 6.627508439123630524e-03
3.100000000000000000e+04 5.404644762165844440e-04 2.428579609841108322e-03 8.044077549129724503e-05 2.016608050325885415e-04 7.236835081130266190e-03 2.265320363221690059e-04 1.425228547304868698e-03 6.601934001082554460e-05 1.887533726403489709e-04 6.059959065169095993e-03
3.150000000000000000e+04 5.503429565578699112e-04 2.134023699909448624e-03 2.577381928858812898e-05 1.116385901696048677e-04 6.169927306473255157e-03 1.887227990664541721e-04 1.343943062238395214e-03 4.653757059713825583e-05 1.281994482269510627e-04 5.253678187727928162e-03
3.200000000000000000e+04 4.765430057886987925e-04 1.933027524501085281e-03 3.065747296204790473e-05 9.751952165970578790e-05 5.702644586563110352e-03 1.413037243764847517e-04 1.207130495458841324e-03 4.322317181504331529e-05 1.572719338582828641e-04 4.774021450430154800e-03
3.250000000000000000e+04 3.397232794668525457e-04 1.825473620556294918e-03 6.688755092909559608e-05 1.234769733855500817e-04 5.456649698317050934e-03 9.965875506168231368e-05 9.366790181957185268e-04 8.610837539890781045e-05 5.128521588630974293e-04 4.581649787724018097e-03
3.300000000000000000e+04 3.025022160727530718e-04 1.621119561605155468e-03 7.090095459716394544e-05 1.051517756422981620e-04 5.031820852309465408e-03 7.775351696182042360e-05 8.357418118976056576e-04 9.354460053145885468e-05 4.738291318062692881e-04 4.167869221419095993e-03
3.350000000000000000e+04 3.520129539538174868e-04 1.445175148546695709e-03 4.687717955675907433e-05 7.027401443338021636e-05 4.704590421169996262e-03 6.757052324246615171e-05 7.915906608104705811e-04 7.258608093252405524e-05 3.905473568011075258e-04 3.547901753336191177e-03
3.400000000000000000e+04 3.108250384684652090e-04 1.339775044471025467e-03 3.769835893763229251e-05 6.469361687777563930e-05 4.387873690575361252e-03 5.403790419222787023e-05 7.329250220209360123e-04 5.851425885339267552e-05 3.194776363670825958e-04 3.222225001081824303e-03
3.450000000000000000e+04 2.612130774650722742e-04 1.196669531054794788e-03 6.018107887939549983e-05 7.434847793774679303e-05 3.855212824419140816e-03 4.396227450342848897e-05 6.179370102472603321e-04 6.943660264369100332e-05 1.264598249690607190e-04 2.897521480917930603e-03
3.500000000000000000e+04 2.438969677314162254e-04 1.082863193005323410e-03 4.370190072222612798e-05 5.495765435625799000e-05 3.611443331465125084e-03 3.983271017204970121e-05 5.698983441106975079e-04 5.397073618951253593e-05 1.046239776769652963e-04 2.634893637150526047e-03
3.550000000000000000e+04 2.025346329901367426e-04 8.909207535907626152e-04 2.517211578378919512e-05 2.437173861835617572e-05 3.249564906582236290e-03 3.641763396444730461e-05 5.596824339590966702e-04 1.948919452843256295e-05 4.171819455223158002e-05 2.566037932410836220e-03
3.600000000000000000e+04 1.860300690168514848e-04 8.332573343068361282e-04 2.020905594690702856e-05 2.191094426962081343e-05 3.034674329683184624e-03 3.537321026669815183e-05 5.224599735811352730e-04 1.161327145382529125e-05 2.939993464678991586e-05 2.347579691559076309e-03
3.650000000000000000e+04 2.025576395681127906e-04 9.106678771786391735e-04 3.161667336826212704e-05 2.897623562603257596e-05 3.217952558770775795e-03 3.527021544869057834e-05 5.607960629276931286e-04 1.178751244879094884e-05 4.486121542868204415e-05 2.084495034068822861e-03
3.700000000000000000e+04 1.970608282135799527e-04 8.536833338439464569e-04 2.432732071611098945e-05 2.221606519015040249e-05 3.003942314535379410e-03 3.490227391012012959e-05 5.051764310337603092e-04 1.207413060910766944e-05 3.577938696253113449e-05 1.893122564069926739e-03
3.750000000000000000e+04 1.825155632104724646e-04 7.834652788005769253e-04 1.585721111041493714e-05 2.246559051855001599e-05 2.274371217936277390e-03 2.967879117932170630e-05 4.186390724498778582e-04 4.896269092569127679e-05 6.576481973752379417e-05 1.662213820964097977e-03
3.800000000000000000e+04 1.905648241518065333e-04 7.247501052916049957e-04 1.669837547524366528e-05 2.069951369776390493e-05 2.120121615007519722e-03 3.149021722492761910e-05 3.673672617878764868e-04 5.543165025301277637e-05 6.482034223154187202e-05 1.518099685199558735e-03
3.850000000000000000e+04 2.299618936376646161e-04 7.010597037151455879e-04 1.008255730994278565e-05 1.440033429389586672e-05 2.462503500282764435e-03 4.405805884744040668e-05 3.453990211710333824e-04 2.410797060292679816e-05 2.507429780962411314e-05 1.527966815046966076e-03
3.900000000000000000e+04 2.279091568198055029e-04 6.684273248538374901e-04 7.858529897930566221e-06 1.192002855532336980e-05 2.369338180869817734e-03 4.218029062030836940e-05 3.457514103502035141e-04 3.173324148519895971e-05 2.206987119279801846e-05 1.429436029866337776e-03
3.950000000000000000e+04 2.078282414004206657e-04 6.245399126783013344e-04 9.619755473977420479e-06 1.146822341979714110e-05 2.268046839162707329e-03 3.669485886348411441e-05 3.029385698027908802e-04 1.176153182314010337e-05 1.622483068786095828e-05 1.296100206673145294e-03
4.000000000000000000e+04 2.292625140398740768e-04 6.068154470995068550e-04 7.970379556354600936e-06 1.104337570723146200e-05 2.160484204068779945e-03 3.751308031496591866e-05 2.845062117557972670e-04 8.670335773786064237e-06 1.628916470508556813e-05 1.198158948682248592e-03
4.050000000000000000e+04 2.234525745734572411e-04 5.971005302853882313e-04 8.513956345268525183e-06 1.161960972240194678e-05 1.955429092049598694e-03 3.788331014220602810e-05 3.019779396709054708e-04 1.287351278733694926e-05 1.857324059528764337e-05 1.159414416179060936e-03
4.100000000000000000e+04 2.237293665530160069e-04 5.654090782627463341e-04 8.336713108292315155e-06 1.042285202856874093e-05 1.907655387185513973e-03 3.482693864498287439e-05 3.006320330314338207e-04 9.662674528954084963e-06 2.070252048724796623e-05 1.103736110962927341e-03
4.150000000000000000e+04 2.268369862576946616e-04 5.057652597315609455e-04 6.562737780768657103e-06 9.165841220237780362e-06 1.560921315103769302e-03 2.901998232118785381e-05 3.850752254948019981e-04 7.931792424642480910e-06 4.687170076067559421e-05 9.786145528778433800e-04
4.200000000000000000e+04 2.423180412733927369e-04 4.851700796280056238e-04 6.499267783510731533e-06 7.936289875942748040e-06 1.483394065871834755e-03 2.785532524285372347e-05 3.609529812820255756e-04 1.906250872707460076e-05 4.741504017147235572e-05 9.132521227002143860e-04
4.250000000000000000e+04 3.253312606830149889e-04 4.377191653475165367e-04 5.197052360017551109e-06 7.814272976247593760e-06 1.594719244167208672e-03 3.411406578379683197e-05 2.123704180121421814e-04 2.140947617590427399e-05 2.605591907922644168e-05 1.007667393423616886e-03
4.300000000000000000e+04 2.818133798427879810e-04 3.933658008463680744e-04 5.837796379637438804e-06 8.653554687043651938e-06 1.595637411810457706e-03 2.821950874931644648e-05 2.197358990088105202e-04 1.862241879280190915e-05 2.049783870461396873e-05 9.998736204579472542e-04
4.350000000000000000e+04 2.373649331275373697e-04 4.247655742801725864e-04 3.975329036620678380e-06 8.868716577126178890e-06 1.637655193917453289e-03 2.223730916739441454e-05 3.681323432829231024e-04 7.423142960760742426e-06 1.755664197844453156e-05 9.019072749651968479e-04
4.400000000000000000e+04 2.268331736559048295e-04 3.991377307102084160e-04 4.270456884114537388e-06 8.335291568073444068e-06 1.591059495694935322e-03 1.932383747771382332e-05 3.409493074286729097e-04 1.426410017302259803e-05 1.824716673581860960e-05 8.620714070275425911e-04
4.450000000000000000e+04 2.011514006881043315e-04 4.864454676862806082e-04 8.462909136142116040e-06 1.118777981901075691e-05 1.870064530521631241e-03 1.579743548063561320e-05 2.355470496695488691e-04 8.117204743030015379e-06 2.019951534748543054e-05 7.925929385237395763e-04
4.500000000000000000e+04 1.955259067472070456e-04 4.716525145340710878e-04 6.806880264775827527e-06 8.935725418268702924e-06 1.826756983064115047e-03 1.419658474333118647e-05 2.179202274419367313e-04 1.129796237364644185e-05 2.028993003477808088e-05 7.580455858260393143e-04
4.550000000000000000e+04 1.755473931552842259e-04 4.320075677242130041e-04 4.537675522442441434e-06 8.751719178690109402e-06 1.812025671824812889e-03 1.253149548574583605e-05 2.783541858661919832e-04 6.523067713715136051e-05 3.434853351791389287e-05 7.322651217691600323e-04
4.600000000000000000e+04 1.569060405017808080e-04 4.067640984430909157e-04 5.059985141997458413e-06 7.458489108103094622e-06 1.781115890480577946e-03 1.188396254292456433e-05 2.454407222103327513e-04 7.399578316835686564e-05 4.016794264316558838e-05 7.037391187623143196e-04
4.650000000000000000e+04 1.609597529750317335e-04 2.911353949457406998e-04 7.184148216765606776e-06 4.695623829320538789e-06 1.348063466139137745e-03 1.280392552871489897e-05 1.202368439408019185e-04 6.980593752814456820e-05 6.527575169457122684e-05 7.304699975065886974e-04
4.700000000000000000e+04 1.434014848200604320e-04 2.685895306058228016e-04 6.491381554951658472e-06 5.071155555924633518e-06 1.315690577030181885e-03 1.186875579151092097e-05 1.327605568803846836e-04 9.487308125244453549e-05 1.038044429151341319e-04 6.953906849958002567e-04
4.750000000000000000e+04 1.048486010404303670e-04 4.383662599138915539e-04 7.370882940449519083e-06 7.070534138620132580e-06 1.500425860285758972e-03 9.591780326445586979e-06 2.993399975821375847e-04 1.971701203729026020e-05 9.324511484010145068e-05 5.598495481535792351e-04
4.800000000000000000e+04 1.177851299871690571e-04 4.294658720027655363e-04 6.721108093188377097e-06 5.936784418736351654e-06 1.410317607223987579e-03 9.780998880160041153e-06 2.496312081348150969e-04 1.554689333715941757e-05 1.042906296788714826e-04 5.254563293419778347e-04
4.850000000000000000e+04 1.511220907559618354e-04 2.591404190752655268e-04 3.560256573109654710e-06 1.215265183418523520e-05 1.209569047205150127e-03 1.183790209324797615e-05 1.170742762042209506e-04 1.894897468446288258e-05 6.902834866195917130e-05 6.036801496520638466e-04
4.900000000000000000e+04 1.233348302775993943e-04 2.342686639167368412e-04 3.511305976644507609e-06 9.379010407428722829e-06 1.211893511936068535e-03 1.273526504519395530e-05 1.210894552059471607e-04 2.324737397429998964e-05 6.512847176054492593e-05 5.992506630718708038e-04
4.950000000000000000e+04 1.303518074564635754e-04 2.934288932010531425e-04 6.235278760868823156e-06 7.156115316320210695e-06 1.312032225541770458e-03 1.176371733890846372e-05 1.299803552683442831e-04 8.698962483322247863e-05 8.446823630947619677e-05 5.440743407234549522e-04
5.000000000000000000e+04 1.236381795024499297e-04 2.822896349243819714e-04 5.621786840492859483e-06 6.881128228997113183e-06 1.283071003854274750e-03 1.127673658629646525e-05 1.255540555575862527e-04 1.113138787331990898e-04 9.720582602312788367e-05 5.247268709354102612e-04
5.050000000000000000e+04 1.034976812661625445e-04 3.033110988326370716e-04 1.474346481700195000e-05 4.257108230376616120e-06 1.378126442432403564e-03 1.126093138736905530e-05 1.081633672583848238e-04 2.276966915815137327e-05 2.118924021488055587e-04 4.744041361846029758e-04
5.100000000000000000e+04 1.046350444084964693e-04 3.046187630388885736e-04 1.438980689272284508e-05 4.006890776508953422e-06 1.325220568105578423e-03 1.164116838481277227e-05 1.223881263285875320e-04 2.279280488437507302e-05 2.597128623165190220e-04 4.486073739826679230e-04
5.150000000000000000e+04 1.293606765102595091e-04 2.663960331119596958e-04 6.407577984646195546e-06 1.264569709746865556e-05 1.372654805891215801e-03 1.286236965825082734e-05 1.498542842455208302e-04 6.716312782373279333e-05 4.221229391987435520e-05 4.463790100999176502e-04
5.200000000000000000e+04 1.255746901733800769e-04 2.565635950304567814e-04 6.436667717935051769e-06 1.028764108923496678e-05 1.341485767625272274e-03 1.248331773240352049e-05 1.578805386088788509e-04 8.272037666756659746e-05 3.148254472762346268e-05 4.225711745675653219e-04
5.250000000000000000e+04 1.273520028917118907e-04 2.783287200145423412e-04 5.614013844024157152e-06 5.900766609556740150e-06 1.324589364230632782e-03 1.246958890988025814e-05 1.594073110027238727e-04 8.706953667569905519e-05 3.410636418266221881e-05 4.154368070885539055e-04
5.300000000000000000e+04 1.244229642907157540e-04 2.729955303948372602e-04 4.440248176251770929e-06 4.683221504819812253e-06 1.295402878895401955e-03 1.238570530404103920e-05 1.697820262052118778e-04 9.573340503266081214e-05 2.698055686778388917e-05 3.940078313462436199e-04
5.350000000000000000e+04 9.161532943835482001e-05 2.365055115660652518e-04 6.040259449946461245e-06 3.847600055451039225e-06 1.124910777434706688e-03 1.261018041986972094e-05 2.274762227898463607e-04 8.846676792018115520e-06 1.402920952386921272e-05 3.692803147714585066e-04
5.400000000000000000e+04 9.179149492410942912e-05 2.288293035235255957e-04 4.971898306393995881e-06 3.627408204920357093e-06 1.093072467483580112e-03 1.153221819549798965e-05 2.244995557703077793e-04 9.649546882428694516e-06 1.402620364387985319e-05 3.471666423138231039e-04
5.450000000000000000e+04 1.339878217549994588e-04 2.431556786177679896e-04 5.447698640637099743e-06 2.730904498093877919e-06 1.116295577958226204e-03 1.141069424193119630e-05 1.547613792354241014e-04 7.947244012029841542e-05 6.717126962030306458e-05 3.254187176935374737e-04
5.500000000000000000e+04 1.296235277550294995e-04 2.401686506345868111e-04 3.905942321580369025e-06 1.742203266985598020e-06 1.081145717762410641e-03 1.107400748878717422e-05 1.619905378902330995e-04 9.209798736264929175e-05 9.386292367707937956e-05 3.076207358390092850e-04
5.550000000000000000e+04 1.148997762356884778e-04 2.190347731811925769e-04 3.505173026496777311e-06 4.553331109491409734e-06 1.004519988782703876e-03 1.093916853278642520e-05 1.548550208099186420e-04 3.965794894611462951e-05 4.776975401910021901e-06 2.967213804367929697e-04
5.600000000000000000e+04 1.109943841584026814e-04 2.121887664543464780e-04 2.939194700957159512e-06 3.143748472211882472e-06 9.845363674685359001e-04 1.047705700329970568e-05 1.474970631534233689e-04 3.225208274670876563e-05 4.017522769572678953e-06 2.849107258953154087e-04
5.650000000000000000e+04 1.082526796380989254e-04 2.160318254027515650e-04 5.806222816318040714e-06 3.453633098615682684e-06 1.012815628200769424e-03 1.063703257386805490e-05 2.494487562216818333e-04 6.197444599820300937e-05 1.310599964199354872e-05 2.767181140370666981e-04
5.700000000000000000e+04 1.081719965441152453e-04 2.104840386891737580e-04 4.674127467296784744e-06 3.172322976752184331e-06 9.869391797110438347e-04 9.924392543325666338e-06 2.800696529448032379e-04 7.231823838083073497e-05 1.266123035748023540e-05 2.617598511278629303e-04
5.750000000000000000e+04 1.013303990475833416e-04 1.763315667631104589e-04 3.356988145242212340e-06 2.820972895278828219e-06 8.483490091748535633e-04 9.415973181603476405e-06 2.470504259690642357e-04 2.841017339960671961e-05 9.982823030441068113e-06 2.551929792389273643e-04
5.800000000000000000e+04 9.870356007013469934e-05 1.720747532090172172e-04 2.920795395766617730e-06 2.071843937301309779e-06 8.341863285750150681e-04 8.652224096294958144e-06 2.434715861454606056e-04 2.661205689946655184e-05 7.918031769804656506e-06 2.461542317178100348e-04
5.850000000000000000e+04 9.959526505554094911e-05 2.438829251332208514e-04 8.330195669259410352e-06 1.846268560257158242e-06 9.094994165934622288e-04 9.584421604813542217e-06 2.125809842254966497e-04 5.382889503380283713e-05 2.583384457466308959e-06 2.464355202391743660e-04
5.900000000000000000e+04 9.929787483997642994e-05 2.426663995720446110e-04 5.965339369140565395e-06 1.707939759398868773e-06 8.875755011104047298e-04 9.679503818915691227e-06 2.132955414708703756e-04 4.364705455373041332e-05 2.360899316045106389e-06 2.404333936283364892e-04
5.950000000000000000e+04 1.085359908756799996e-04 2.526752941776067019e-04 1.306763465436233673e-06 3.385443051229231060e-06 1.106089563108980656e-03 8.497309863741975278e-06 2.324488450540229678e-04 3.906696656486019492e-05 1.396789798491226975e-06 2.072914212476462126e-04
6.000000000000000000e+04 1.129297743318602443e-04 2.439784439047798514e-04 1.212281631524092518e-06 2.808809995258343406e-06 1.080151996575295925e-03 7.792402357154060155e-06 2.400909143034368753e-04 3.429267599130980670e-05 7.699678121753095184e-07 1.954793115146458149e-04
6.050000000000000000e+04 1.069634527084417641e-04 1.869809639174491167e-04 4.284486294636735693e-06 1.603602299837803002e-06 8.696913137100636959e-04 7.865364750614389777e-06 2.992426161654293537e-04 8.783012162894010544e-05 2.568548097769962624e-06 2.004924172069877386e-04
6.100000000000000000e+04 1.016080641420558095e-04 1.917285262607038021e-04 3.021956217708066106e-06 1.306346234741795342e-06 8.481816621497273445e-04 8.005665222299285233e-06 3.252801252529025078e-04 1.012284337775781751e-04 3.898616796504938975e-06 1.972182071767747402e-04
6.150000000000000000e+04 9.595981100574135780e-05 2.602606255095452070e-04 3.273496986366808414e-06 1.826821858230687212e-06 9.575241128914058208e-04 7.533497409895062447e-06 1.550535525893792510e-04 1.089349279936868697e-05 4.657693182252842234e-07 1.829615503083914518e-04
6.200000000000000000e+04 9.868603228824213147e-05 2.428235457045957446e-04 2.822089754772605374e-06 1.275212412110704463e-06 9.361589909531176090e-04 6.486689926532562822e-06 1.264354650629684329e-04 7.714001185377128422e-06 3.166215094552171649e-07 1.798451121430844069e-04
6.250000000000000000e+04 1.195118456962518394e-04 1.681057183304801583e-04 2.196029981860192493e-06 1.072178065442130901e-06 8.897687075659632683e-04 6.381522325682453811e-06 2.052833006018772721e-04 6.880492583150044084e-05 9.337351798421877902e-07 1.651506900088861585e-04
6.300000000000000000e+04 1.139980086009018123e-04 1.707436167635023594e-04 1.791814383977907710e-06 1.013155269902199507e-06 8.758780895732343197e-04 6.317534371191868559e-06 2.344675885979086161e-04 8.520959818270057440e-05 1.320997284892655443e-06 1.615547225810587406e-04
6.350000000000000000e+04 1.105559349525719881e-04 2.036360237980261445e-04 2.017611677729291841e-06 1.157466726908751298e-06 6.756276125088334084e-04 5.813898496853653342e-06 2.033975179074332118e-04 1.574303023517131805e-04 2.066794195343391038e-06 1.807532971724867821e-04
6.400000000000000000e+04 1.026123863994143903e-04 1.952089514816179872e-04 1.418097667738038581e-06 1.080478341464186087e-06 6.716768839396536350e-04 6.540013146150158718e-06 1.848230458563193679e-04 1.658999826759099960e-04 2.147611894542933442e-06 1.822727062972262502e-04
6.450000000000000000e+04 1.058259222190827131e-04 1.779114973032847047e-04 2.961819745905813761e-06 1.938204150064848363e-06 7.857167511247098446e-04 7.722829650447238237e-06 1.961997186299413443e-04 1.405850071023451164e-05 2.891190206355531700e-06 1.668440963840112090e-04
6.500000000000000000e+04 1.042703152052126825e-04 1.735539117362350225e-04 2.426107357678120025e-06 1.703328734947717749e-06 7.763009634800255299e-04 7.825791726645547897e-06 1.927267730934545398e-04 1.097659787774318829e-05 2.762787971732905135e-06 1.636184460949152708e-04
6.550000000000000000e+04 1.005819285637699068e-04 1.827693777158856392e-04 1.329203541899914853e-06 6.081958758841210511e-07 8.406172273680567741e-04 7.736324732832144946e-06 1.852628629421815276e-04 8.375908691959921271e-06 6.162619570204697084e-07 1.481201034039258957e-04
6.600000000000000000e+04 1.011366621241904795e-04 1.819702010834589601e-04 9.758692840478033759e-07 6.627932975789008196e-07 8.197099086828529835e-04 7.476523478544550017e-06 1.996201608562842011e-04 9.702750503493007272e-06 4.975424303665931802e-07 1.413294812664389610e-04
6.650000000000000000e+04 8.645459456602111459e-05 1.814475253922864795e-04 1.631870304663607385e-06 2.090416046485188417e-06 6.618186598643660545e-04 7.990503945620730519e-06 1.475839089835062623e-04 9.176866115012671798e-06 3.859152911900309846e-06 1.603243872523307800e-04
6.700000000000000000e+04 8.599035936640575528e-05 1.741281885188072920e-04 1.649040996198891662e-06 1.869889274530578405e-06 6.405227468349039555e-04 7.882396857894491404e-06 1.205457738251425326e-04 8.010665624169632792e-06 4.653874384530354291e-06 1.647872704779729247e-04
6.750000000000000000e+04 1.301916054217144847e-04 2.080545818898826838e-04 2.440089474475826137e-06 2.208327032349188812e-06 1.035221735946834087e-03 7.231919425976229832e-06 1.672378566581755877e-04 5.643520125886425376e-06 3.186565436408272944e-06 1.306900667259469628e-04
6.800000000000000000e+04 1.221177953993901610e-04 1.981707900995388627e-04 1.403077476425096393e-06 2.024170726144802757e-06 1.028680824674665928e-03 7.020710199867608026e-06 1.832577254390344024e-04 3.999191449111094698e-06 1.955555944732623175e-06 1.294108951697126031e-04
6.850000000000000000e+04 9.518489969195798039e-05 2.041442494373768568e-04 2.065190528810489923e-06 1.839815354287566151e-06 6.909460062161087990e-04 8.261007678811438382e-06 1.454184675822034478e-04 3.453097860983689316e-06 1.438875301573716570e-06 1.817560259951278567e-04
6.900000000000000000e+04 8.903341222321614623e-05 2.162871824111789465e-04 1.609154992365802173e-06 1.409663695994822774e-06 6.669872673228383064e-04 8.388708010897971690e-06 1.491143048042431474e-04 4.001998604508116841e-06 8.007814926713763271e-07 1.883505901787430048e-04
6.950000000000000000e+04 1.029398408718407154e-04 1.635057269595563412e-04 7.825951797713059932e-07 2.121807938237907365e-06 6.807694444432854652e-04 6.995350304350722581e-06 1.601592230144888163e-04 2.285045610506131197e-07 1.200003111989644822e-06 1.407717063557356596e-04
7.000000000000000000e+04 9.799352119443938136e-05 1.583679986651986837e-04 4.528963302163901972e-07 1.442028519704763312e-06 6.796058150939643383e-04 6.801552899560192600e-06 1.603125274414196610e-04 1.950994885646650800e-07 1.388075361319351941e-06 1.410430995747447014e-04
7.050000000000000000e+04 9.831817442318424582e-05 2.383981045568361878e-04 3.037427859453600831e-06 1.029830059451342095e-06 1.088701770640909672e-03 6.662761279585538432e-06 1.996186765609309077e-04 1.972855716303456575e-05 2.018311988649656996e-06 1.350787642877548933e-04
7.100000000000000000e+04 9.862324077403172851e-05 2.358141500735655427e-04 2.786516915875836276e-06 9.404931233802926727e-07 1.072176266461610794e-03 6.869704066048143432e-06 2.104794984916225076e-04 2.507552562747150660e-05 1.610393155715428293e-06 1.327631325693801045e-04
7.150000000000000000e+04 8.101986168185248971e-05 1.908101548906415701e-04 1.102170813283009920e-06 2.986295157825225033e-06 8.915137150324881077e-04 8.089305083558429033e-06 1.299842260777950287e-04 1.614143343431351241e-06 7.726861440460197628e-06 1.166026268037967384e-04
7.200000000000000000e+04 8.205409540096297860e-05 1.859047333709895611e-04 9.167867460746492725e-07 2.174107521568657830e-06 8.769563864916563034e-04 8.511931810062378645e-06 1.253879308933392167e-04 2.317198095624917187e-06 1.171995882032206282e-05 1.119389416999183595e-04
7.250000000000000000e+04 6.490278610726818442e-05 1.288875209866091609e-04 3.244077333874884062e-06 1.310326183556753676e-06 3.678687207866460085e-04 9.283201507059857249e-06 1.541743113193660975e-04 1.651642037359124515e-06 7.863313840061891824e-07 2.369600697420537472e-04
7.300000000000000000e+04 6.121912883827462792e-05 1.285347680095583200e-04 2.458164317431510426e-06 1.013197106658481061e-06 3.470227529760450125e-04 8.734604307392146438e-06 1.389418903272598982e-04 1.396084144289488904e-06 9.564881793266977184e-07 2.635036071296781301e-04
7.350000000000000000e+04 1.281495642615482211e-04 2.268254174850881100e-04 2.089440158670186065e-06 1.245407702299416997e-06 9.254983742721378803e-04 7.523863587266532704e-06 2.584233006928116083e-04 1.409051151313178707e-06 2.795652562781469896e-06 1.094445688067935407e-04
7.400000000000000000e+04 1.155583886429667473e-04 1.943868992384523153e-04 1.794176569092087448e-06 1.075885506907070521e-06 9.432740043848752975e-04 7.411454589600907639e-06 2.367684064665809274e-04 9.534743412586976774e-07 1.789190605450130533e-06 1.098768334486521780e-04
7.450000000000000000e+04 7.968862337293103337e-05 1.772375835571438074e-04 9.727586984809022397e-07 7.142425602069124579e-07 7.187339360825717449e-04 7.738598469586577266e-06 1.483883388573303819e-04 5.799046789434214588e-07 5.679682089976267889e-06 1.140751701314002275e-04
7.500000000000000000e+04 7.778735016472637653e-05 1.733656099531799555e-04 8.280150609607517254e-07 8.769371788730495609e-07 7.101144292391836643e-04 7.761503184156026691e-06 1.409343240084126592e-04 5.670286213899089489e-07 1.324308050243416801e-05 1.146911090472713113e-04
7.550000000000000000e+04 8.567893382860347629e-05 1.684214803390204906e-04 4.206710855214623734e-07 6.043807729838590603e-07 7.867875392548739910e-04 8.912208613764960319e-06 1.274071837542578578e-04 2.061921577478642575e-06 1.636073648114688694e-06 1.142625696957111359e-04
7.600000000000000000e+04 8.209826773963868618e-05 1.646140735829249024e-04 4.398173132358351722e-07 5.330369390321720857e-07 7.784307235851883888e-04 9.370027328259311616e-06 1.295534020755439997e-04 3.337665930303046480e-06 1.971412302737007849e-06 1.132078250520862639e-04
7.650000000000000000e+04 1.048514241119846702e-04 1.285740581806749105e-04 5.899777306694886647e-07 5.207330104894936085e-06 5.719492328353226185e-04 9.673089152784086764e-06 1.203893625643104315e-04 4.274344007626496023e-07 1.765230763339786790e-06 1.069740537786856294e-04
7.700000000000000000e+04 9.649997082306072116e-05 1.212553106597624719e-04 5.757767098657495808e-07 4.018655090476386249e-06 5.705293733626604080e-04 9.895515177049674094e-06 1.130498567363247275e-04 8.105794790935760830e-07 2.338030981263727881e-06 1.073107996489852667e-04
7.750000000000000000e+04 6.932357791811227798e-05 1.570075692143291235e-04 7.735883400528109632e-07 8.702895684109535068e-07 6.829380290582776070e-04 9.650216270529199392e-06 8.043502748478204012e-05 4.374649904548277846e-07 7.836233635316602886e-06 1.162890112027525902e-04
7.800000000000000000e+04 6.638495688093826175e-05 1.556363131385296583e-04 4.873276679973059800e-07 7.364174052781891078e-07 6.663670064881443977e-04 9.907857929647434503e-06 8.832570165395736694e-05 6.697719641124422196e-07 1.329555925622116774e-05 1.149085874203592539e-04
7.850000000000000000e+04 7.284252205863595009e-05 1.806656218832358718e-04 1.129968723034835421e-06 1.132727106778474990e-06 7.322476012632250786e-04 1.025075926008867100e-05 9.985222277464345098e-05 8.127679393510334194e-06 8.175064976967405528e-06 1.321256568189710379e-04
7.900000000000000000e+04 7.335703412536531687e-05 1.807122462196275592e-04 7.167728881540824659e-07 1.239500306837726384e-06 7.050957065075635910e-04 1.121279001381481066e-05 9.982327901525422931e-05 1.238782260770676658e-05 9.032607522385660559e-06 1.335768174612894654e-04
7.950000000000000000e+04 6.035535261617042124e-05 1.463737571612000465e-04 2.281769184264703654e-06 1.814773895603138953e-06 4.945206455886363983e-04 1.264873753825668246e-05 6.792853673687204719e-05 1.024952666739409324e-06 2.071744711429346353e-05 1.600232499185949564e-04
8.000000000000000000e+04 5.789743590867146850e-05 1.382322370773181319e-04 1.658255428083066363e-06 1.243403175976709463e-06 4.795810091309249401e-04 1.243526639882475138e-05 5.255403812043368816e-05 1.947699956872384064e-06 2.274964026582892984e-05 1.686632895143702626e-04
8.050000000000000000e+04 8.652664109831675887e-05 1.822139747673645616e-04 2.230184236395871267e-06 1.572355927237367723e-06 7.065637037158012390e-04 1.101266479963669553e-05 9.754255734151229262e-05 1.425274945177079644e-06 2.379505895078182220e-05 1.214638978126458824e-04
8.100000000000000000e+04 8.283000352093949914e-05 1.783755287760868669e-04 1.649164005357306451e-06 1.332824581368186045e-06 6.784775177948176861e-04 1.065249853127170354e-05 1.277689589187502861e-04 6.128556151452357881e-07 3.107003067270852625e-05 1.270922657568007708e-04
8.150000000000000000e+04 7.656730304006487131e-05 1.369636156596243382e-04 1.010145069813006558e-06 2.290268412252771668e-06 6.565149524249136448e-04 1.034981323755346239e-05 1.576474314788356423e-04 2.151401076844194904e-06 1.449805768061196432e-05 7.985674892552196980e-05
8.200000000000000000e+04 7.279394776560366154e-05 1.285685575567185879e-04 9.115266266235266812e-07 1.841214043452055193e-06 6.545458454638719559e-04 1.004443220153916627e-05 1.499156496720388532e-04 2.740210675256093964e-06 1.332092506345361471e-05 7.742077286820858717e-05
8.250000000000000000e+04 6.389307964127510786e-05 1.224245061166584492e-04 8.780424991527979728e-07 2.223447381766163744e-06 5.560262943617999554e-04 1.070285998139297590e-05 1.690448698354884982e-04 7.390818609565030783e-06 4.892402102996129543e-06 6.751915498171001673e-05
8.300000000000000000e+04 6.042433233233168721e-05 1.112510435632430017e-04 7.999514082257519476e-07 2.177290525651187636e-06 5.465390859171748161e-04 1.020415402308572084e-05 1.427868701284751296e-04 8.121409337036311626e-06 4.441996225068578497e-06 6.527235382236540318e-05
