# step, loss_train, loss_test, metrics_test
0.000000000000000000e+00 1.927155070006847382e-02 2.131017446517944336e-01 9.735996834933757782e-03 5.650859791785478592e-03 6.593840662389993668e-03 1.942295953631401062e-02 2.206919789314270020e-01 8.660956285893917084e-03 6.601911503821611404e-03 9.167573414742946625e-03
5.000000000000000000e+02 2.832946483977138996e-04 9.806887246668338776e-04 1.082680319086648524e-04 6.864989700261503458e-05 2.729005413129925728e-03 1.774025076883845031e-05 1.297520124353468418e-03 6.314777419902384281e-05 6.344209396047517657e-05 1.337318215519189835e-03
1.000000000000000000e+03 1.302678865613415837e-04 2.189941471442580223e-03 2.065783974103396758e-06 2.479524482623673975e-06 8.774969610385596752e-04 2.898454340538592078e-06 1.506236148998141289e-03 1.690943577159487177e-06 5.165606580703752115e-06 3.685937263071537018e-04
1.500000000000000000e+03 1.100976587622426450e-04 2.058480895357206464e-04 9.961819159798324108e-06 2.536515239626169205e-06 9.714359766803681850e-04 4.282587269699433818e-06 2.846353454515337944e-04 4.767484369949670509e-06 2.977076064780703746e-06 1.402978232363238931e-04
2.000000000000000000e+03 6.947483052499592304e-05 1.956779015017673373e-04 2.639247441038605757e-06 8.037424663598358165e-07 7.962324889376759529e-04 3.230701395295909606e-06 2.981610305141657591e-04 1.941931031979038380e-06 1.321734089287929237e-06 5.487144881044514477e-05
2.500000000000000000e+03 7.285219908226281404e-05 2.688539680093526840e-04 3.034492920050979592e-06 7.329246614062867593e-07 5.429391749203205109e-04 2.911615410994272679e-06 1.504711544839665294e-04 6.261259841267019510e-05 3.294899215688928962e-06 1.444370864192023873e-04
3.000000000000000000e+03 1.847338135121390224e-04 4.831263504456728697e-04 7.336471298913238570e-06 2.365115869906730950e-05 8.029924356378614902e-04 5.550532478082459420e-06 6.487079081125557423e-04 1.685367351456079632e-05 2.938407305919099599e-05 2.171174564864486456e-04
3.500000000000000000e+03 2.983854756166692823e-05 6.176443275762721896e-05 2.646586153787211515e-06 9.515238161839079112e-07 1.935106702148914337e-04 6.312729965429753065e-07 3.750387622858397663e-05 1.704216060716134962e-06 8.154243573699204717e-07 2.716510498430579901e-04
4.000000000000000000e+03 2.279441396240144968e-04 3.207531699445098639e-04 1.053691266861278564e-05 1.720377667879802175e-06 1.441332395188510418e-03 3.952985707655898295e-07 4.579374217428267002e-04 1.199930647999281064e-05 4.375923197130759945e-07 5.305541562847793102e-04
4.500000000000000000e+03 1.172733100247569382e-04 2.115360402967780828e-04 2.229775191153748892e-06 2.143311121471924707e-06 3.595952875912189484e-04 6.788316113670589402e-07 2.361722436035051942e-04 1.983814854611409828e-06 1.490928070779773407e-06 3.899749135598540306e-04
5.000000000000000000e+03 8.904807327780872583e-05 2.799503854475915432e-04 6.110819299465219956e-07 8.664080155540432315e-07 1.875532907433807850e-04 9.493243737779266667e-07 3.762519045267254114e-04 4.679051471612183377e-06 5.317259592629852705e-07 6.891440716572105885e-04
5.500000000000000000e+03 2.344490167160984129e-05 3.910285595338791609e-04 1.364254558211541735e-07 2.753001524524734123e-07 5.874119597137905657e-05 8.302794753944908734e-07 4.000316839665174484e-04 1.386845411843751208e-07 1.790069887874778942e-07 9.277814533561468124e-04
6.000000000000000000e+03 1.492660612711915746e-05 8.288817480206489563e-05 1.847364359264247469e-07 2.241608569875097601e-07 2.076804230455309153e-05 5.767546440438309219e-07 1.204584041261114180e-04 2.425176148790342268e-07 2.577070290499250405e-07 1.389619312249124050e-03
6.500000000000000000e+03 4.087911453098058701e-03 7.700997591018676758e-02 1.293185749091207981e-03 3.795475000515580177e-03 2.868695650249719620e-03 3.007649138453416526e-05 7.122257351875305176e-02 4.588361662172246724e-06 6.171469110995531082e-03 4.438581410795450211e-03
7.000000000000000000e+03 1.340429414995014668e-03 6.381792947649955750e-03 2.750372550508473068e-05 1.055019165505655110e-04 3.399835200980305672e-03 1.554818845761474222e-05 9.518134407699108124e-03 8.913480087358038872e-06 3.401947033125907183e-04 1.874225330539047718e-03
7.500000000000000000e+03 2.586114278528839350e-04 1.160414190962910652e-03 9.495614904153626412e-06 4.231702405377291143e-06 1.226031221449375153e-03 1.938065906870178878e-05 8.995666285045444965e-04 1.015749785437947139e-05 1.017792965285480022e-05 5.703505594283342361e-04
8.000000000000000000e+03 1.914404710987582803e-04 7.157722138799726963e-04 7.450628345395671204e-06 7.819755410309880972e-06 9.763141279108822346e-04 1.801626967790070921e-05 5.278835305944085121e-04 1.048676404025172815e-05 4.492073003348195925e-06 3.918216098099946976e-04
8.500000000000000000e+03 4.685232997871935368e-04 5.443988484330475330e-04 1.951083049789303914e-06 2.774439508357318118e-06 1.533497706986963749e-03 9.074237823369912803e-06 4.770541563630104065e-04 4.819896730623440817e-06 2.719117946980986744e-05 5.023670382797718048e-04
9.000000000000000000e+03 2.203110925620421767e-04 4.135595518164336681e-04 2.637650595715967938e-06 2.806224529194878414e-06 1.110841287299990654e-03 6.241005849005887285e-06 3.388465556781738997e-04 4.537246695690555498e-06 1.220590365846874192e-05 2.548757765907794237e-04
9.500000000000000000e+03 1.134231424657627940e-04 5.900356918573379517e-04 2.999302523676306009e-06 7.024781098152743652e-06 5.888955784030258656e-04 3.158130084557342343e-06 4.298794374335557222e-04 4.895456186204683036e-06 1.256905420632392634e-06 2.343288506381213665e-04
1.000000000000000000e+04 1.317097485298290849e-04 6.774161010980606079e-04 1.293281115977151785e-06 2.677366182979312725e-06 7.758564897812902927e-04 1.293772129429271445e-06 6.851040525361895561e-04 1.709676439531904180e-06 6.869905064377235249e-06 8.931685442803427577e-05
1.050000000000000000e+04 1.009044644888490438e-04 1.556921750307083130e-03 1.978816499104141258e-06 9.559030331729445606e-06 2.640148450154811144e-04 4.082581881448277272e-07 7.854072609916329384e-04 1.569720438965305220e-06 2.566489911259850487e-06 7.069828570820391178e-04
1.100000000000000000e+04 9.114746353588998318e-05 1.866526145022362471e-04 1.717615646157355513e-06 1.626488597139541525e-06 2.981389116030186415e-04 4.203641879030328710e-07 2.121772413374856114e-04 1.282971538785204757e-06 1.245189309884153772e-06 4.345970519352704287e-04
1.150000000000000000e+04 1.090836522052995861e-04 5.304509541019797325e-04 5.950370223217760213e-07 6.898327455928665586e-07 4.792608960997313261e-04 2.602279778329830151e-07 3.581152996048331261e-04 8.160247375599283259e-07 1.031226730674461578e-07 8.770009299041703343e-05
1.200000000000000000e+04 5.832943497807718813e-05 9.953600820153951645e-04 4.257410068930767011e-07 1.631219106457137968e-06 1.508639834355562925e-04 5.814850396745896433e-07 2.783327945508062840e-04 1.685201141299330629e-06 2.581062403805844951e-07 7.073223823681473732e-04
1.250000000000000000e+04 2.297653409186750650e-04 4.999879165552556515e-04 5.553836672334000468e-06 6.521518571389606223e-06 1.396071631461381912e-03 1.862428348431421909e-06 4.200839612167328596e-04 9.279169717046897858e-06 4.604263722285395488e-06 3.941828035749495029e-04
1.300000000000000000e+04 9.515681449556723237e-05 3.497664001770317554e-04 6.995622243266552687e-06 1.460771841266250703e-06 7.573689799755811691e-04 1.547175315863569267e-06 1.577033835928887129e-04 1.238790264324052259e-05 4.863726985604444053e-07 1.882701617432758212e-04
1.350000000000000000e+04 7.287352491402998567e-05 3.452601376920938492e-04 2.074278654617955908e-06 5.507516789293731563e-07 1.929993304656818509e-04 2.227509412477957085e-06 3.728839801624417305e-04 1.939405137818539515e-06 6.153351250759442337e-07 7.138360524550080299e-04
1.400000000000000000e+04 5.836267519043758512e-05 6.918956059962511063e-04 1.346650947198213544e-06 3.942724049466050928e-07 8.776232425589114428e-05 1.813824496821325738e-06 5.542946746572852135e-04 1.546010935271624476e-06 5.049855076322273817e-07 1.279038027860224247e-03
1.450000000000000000e+04 4.838261156692169607e-05 5.047310260124504566e-04 2.064601858364767395e-06 2.686748246105707949e-07 3.759937244467437267e-04 4.754652138672099682e-07 2.476637309882789850e-04 3.957428816647734493e-06 3.850440464248094941e-07 2.301282074768096209e-04
1.500000000000000000e+04 4.158305455348454416e-05 7.657209062017500401e-04 1.032710656545532402e-06 8.914259552739167702e-08 2.830964804161339998e-04 1.903495956412371015e-07 3.265084815211594105e-04 2.026962192758219317e-06 8.636033044240321033e-08 2.826261043082922697e-04
1.550000000000000000e+04 6.887777271913364530e-05 1.423725159838795662e-03 1.001269652078917716e-06 1.127513314713723958e-06 6.434899405576288700e-04 7.270360811162390746e-07 6.908068899065256119e-04 8.356938678844016977e-07 2.393292106717126444e-07 5.357872214517556131e-05
1.600000000000000000e+04 3.379336703801527619e-05 7.702677976340055466e-05 2.068746738359550363e-07 3.273856066243752139e-07 2.058565441984683275e-04 5.215421765569772106e-07 4.573495971271768212e-05 3.208711518709606025e-07 2.717157769893674413e-07 2.666429500095546246e-04
