# step, loss_train, loss_test, metrics_test
0.000000000000000000e+00 1.063043251633644104e-02 1.681674569845199585e-01 3.742230765055865049e-04 2.388724715274292976e-05 8.316150633618235588e-04 1.067112293094396591e-02 1.281949281692504883e-01 3.311885811854153872e-04 4.554755651042796671e-05 3.866760060191154480e-03
5.000000000000000000e+02 1.461171079427003860e-03 1.238365769386291504e-01 2.366839908063411713e-04 2.938401885330677032e-04 8.785423822700977325e-03 1.237599179148674011e-03 1.097033470869064331e-01 2.329537383047863841e-04 6.007418414810672402e-05 1.059906277805566788e-02
1.000000000000000000e+03 2.065296983346343040e-03 1.232568100094795227e-01 3.498185251373797655e-04 4.524840624071657658e-04 7.243472617119550705e-03 1.561407581903040409e-03 1.089583709836006165e-01 3.873168898280709982e-04 3.758438688237220049e-04 9.119431488215923309e-03
1.500000000000000000e+03 1.153214252553880215e-03 7.900779694318771362e-02 8.677596342749893665e-04 2.067767549306154251e-03 1.087701227515935898e-02 1.012170570902526379e-03 6.917778402566909790e-02 3.640987270046025515e-04 4.852790385484695435e-03 1.192376948893070221e-02
2.000000000000000000e+03 9.157340973615646362e-04 7.116126827895641327e-03 1.062249139067716897e-04 1.296448026550933719e-04 2.066481485962867737e-02 8.249521488323807716e-04 4.825448151677846909e-03 1.162837215815670788e-04 7.846850348869338632e-05 1.989208161830902100e-02
2.500000000000000000e+03 1.436291960999369621e-03 5.106378812342882156e-03 5.298422547639347613e-05 1.252669753739610314e-04 1.989030651748180389e-02 1.313814311288297176e-03 2.317268168553709984e-03 1.198489480884745717e-04 6.119599129306152463e-05 1.804638467729091644e-02
3.000000000000000000e+03 2.394339768216013908e-03 4.237536340951919556e-03 3.778375321417115629e-05 1.039328053593635559e-04 1.568158902227878571e-02 1.889641513116657734e-03 7.843109779059886932e-04 2.659359051904175431e-05 6.728943117195740342e-05 1.411123666912317276e-02
3.500000000000000000e+03 1.776528195478022099e-03 3.050071652978658676e-03 2.680423676792997867e-05 8.439020894002169371e-05 1.167281530797481537e-02 1.413294929079711437e-03 5.505515728145837784e-04 1.429745043424190953e-05 7.891839049989357591e-05 1.117042358964681625e-02
4.000000000000000000e+03 1.022979966364800930e-03 1.907173660583794117e-03 2.647866676852572709e-05 5.901613258174620569e-05 9.611661545932292938e-03 7.678709225729107857e-04 3.601554490160197020e-04 3.167565955664031208e-05 4.512930900091305375e-05 8.963090367615222931e-03
4.500000000000000000e+03 8.434245828539133072e-04 1.672449754551053047e-03 5.707756372430594638e-06 3.203915912308730185e-05 8.675172924995422363e-03 5.811091978102922440e-04 3.805788874160498381e-04 4.312919827498262748e-06 1.859400254033971578e-05 7.661552634090185165e-03
5.000000000000000000e+03 7.750230142846703529e-04 1.496323151513934135e-03 5.651138053508475423e-06 3.086254946538247168e-05 8.331128396093845367e-03 4.572072648443281651e-04 3.139388863928616047e-04 4.903002718492643908e-06 2.580954242148436606e-05 7.321686949580907822e-03
5.500000000000000000e+03 5.854709888808429241e-04 1.266289502382278442e-03 8.616962986707221717e-06 3.521648250170983374e-05 7.981217466294765472e-03 2.924047585111111403e-04 2.240583853563293815e-04 8.547133802494499832e-06 2.921843042713589966e-05 7.507128641009330750e-03
6.000000000000000000e+03 6.031438824720680714e-04 1.222331891767680645e-03 7.648179234820418060e-06 3.482296961010433733e-05 7.617000024765729904e-03 2.717410679906606674e-04 2.303958317497745156e-04 7.588866083096945658e-06 2.619020779093261808e-05 7.138470187783241272e-03
6.500000000000000000e+03 8.203711477108299732e-04 1.218285295180976391e-03 1.766552122717257589e-05 2.272842903039418161e-05 6.989923771470785141e-03 3.381743154022842646e-04 3.322632983326911926e-04 3.586375896702520549e-05 4.517077104537747800e-05 6.286647170782089233e-03
7.000000000000000000e+03 8.572206716053187847e-04 1.308817765675485134e-03 4.272476144251413643e-05 6.505376222776249051e-05 6.522487848997116089e-03 3.280864330008625984e-04 1.780478341970592737e-04 4.531451850198209286e-05 1.265350438188761473e-04 5.852425470948219299e-03
7.500000000000000000e+03 7.837691809982061386e-04 1.148748444393277168e-03 8.008720215002540499e-06 2.862489600374829024e-05 6.845812778919935226e-03 2.858814259525388479e-04 3.316127404104918242e-04 6.709730769216548651e-06 1.477335990784922615e-05 5.665605887770652771e-03
8.000000000000000000e+03 7.482998771592974663e-04 1.075577689334750175e-03 1.077711021935101599e-05 2.814256185956764966e-05 6.355267483741044998e-03 2.549455384723842144e-04 3.562971833162009716e-04 1.220395097334403545e-05 1.583161429152823985e-05 5.187408067286014557e-03
8.500000000000000000e+03 6.423363811336457729e-04 1.521843019872903824e-03 2.692035923246294260e-05 1.078086188499582931e-05 5.342183634638786316e-03 2.264030044898390770e-04 2.837748616002500057e-04 1.661695023358333856e-05 4.398962482810020447e-05 4.656310658901929855e-03
9.000000000000000000e+03 5.772570730186998844e-04 9.879155550152063370e-04 2.253147613373585045e-05 3.690519633892108686e-06 4.912715870887041092e-03 1.757830032147467136e-04 3.542539488989859819e-04 1.290633917960803956e-05 2.906453482864890248e-05 4.139423836022615433e-03
9.500000000000000000e+03 5.684770294465124607e-04 9.679565555416047573e-04 3.715954153449274600e-05 4.191681000520475209e-05 4.578157328069210052e-03 1.565948332427069545e-04 2.590691728983074427e-04 2.458422386553138494e-05 1.889699524326715618e-05 3.712030826136469841e-03
1.000000000000000000e+04 5.224915221333503723e-04 8.526521851308643818e-04 4.587238800013437867e-05 3.338801616337150335e-05 4.369021393358707428e-03 1.338960864813998342e-04 2.550106728449463844e-04 2.699888500501401722e-05 3.940536407753825188e-05 3.473225049674510956e-03
1.050000000000000000e+04 5.515439552254974842e-04 7.253508083522319794e-04 6.125406798673793674e-05 5.209285882301628590e-05 4.281795583665370941e-03 1.204185828100889921e-04 3.094677522312849760e-04 2.908426176873035729e-05 4.695893585449084640e-05 3.161146072670817375e-03
1.100000000000000000e+04 5.004839622415602207e-04 6.687087006866931915e-04 3.100363537669181824e-04 3.579111362341791391e-04 3.886506659910082817e-03 1.092737438739277422e-04 4.877018800470978022e-04 2.842693065758794546e-04 1.827357627917081118e-04 2.776882611215114594e-03
1.150000000000000000e+04 3.660609945654869080e-04 5.839766818098723888e-04 2.717428105825092643e-05 7.555000775028020144e-05 3.663542214781045914e-03 8.688920934218913317e-05 2.008939191000536084e-04 2.469200444465968758e-05 1.301323500229045749e-04 2.629448659718036652e-03
1.200000000000000000e+04 3.383253642823547125e-04 5.165459588170051575e-04 2.477965426805894822e-05 8.264448115369305015e-05 3.535437863320112228e-03 8.078247628873214126e-05 3.270235611125826836e-04 4.131505920668132603e-05 1.159611056209541857e-04 2.472024876624345779e-03
1.250000000000000000e+04 3.452370292507112026e-04 4.240613197907805443e-04 3.298629235359840095e-05 6.158118048915639520e-05 3.345107426866889000e-03 9.576254524290561676e-05 2.515196101740002632e-04 1.049812053679488599e-04 1.930051075760275126e-04 2.331538591533899307e-03
1.300000000000000000e+04 3.437066625338047743e-04 4.877127939835190773e-04 5.113074439577758312e-05 6.757087248843163252e-05 3.123763948678970337e-03 1.121114764828234911e-04 6.078892693039961159e-05 1.630004553589969873e-04 2.560339926276355982e-04 2.143447054550051689e-03
1.350000000000000000e+04 3.564646176528185606e-04 4.222406132612377405e-04 2.633875010360497981e-05 4.565290873870253563e-05 2.826144453138113022e-03 1.115488994400948286e-04 3.545119543559849262e-04 1.117382780648767948e-04 9.335088543593883514e-05 1.909424783661961555e-03
1.400000000000000000e+04 3.543395432643592358e-04 4.004956281278282404e-04 2.139193748007528484e-05 4.364436972537077963e-05 2.712179673835635185e-03 1.093074315576814115e-04 3.499121521599590778e-04 9.354131907457485795e-05 1.015052985167130828e-04 1.808448345400393009e-03
1.450000000000000000e+04 2.867820148821920156e-04 4.420406476128846407e-04 2.570145989011507481e-05 5.092568244435824454e-05 2.539585577324032784e-03 8.663088374305516481e-05 3.845003375317901373e-04 6.162420322652906179e-05 1.209683687193319201e-04 1.712160068564116955e-03
1.500000000000000000e+04 2.773992600850760937e-04 4.226416058372706175e-04 1.904767668747808784e-05 3.987276795669458807e-05 2.435580827295780182e-03 8.823554526316002011e-05 2.984679595101624727e-04 4.544692274066619575e-05 8.051549230003729463e-05 1.618611626327037811e-03
1.550000000000000000e+04 2.844956761691719294e-04 3.729431191459298134e-04 1.391787645843578503e-05 3.499430022202432156e-05 2.679164521396160126e-03 8.785501995589584112e-05 1.328567886957898736e-04 3.567147723515518010e-05 9.146351658273488283e-05 1.668556127697229385e-03
1.600000000000000000e+04 2.665712672751396894e-04 3.590078267734497786e-04 9.295656127505935729e-06 1.998764673771802336e-05 2.611443400382995605e-03 7.998789806151762605e-05 1.045397657435387373e-04 2.234960629721172154e-05 4.403430284583009779e-05 1.606716308742761612e-03
1.650000000000000000e+04 2.680745965335518122e-04 3.153153229504823685e-04 1.762879765010438859e-05 9.802378372114617378e-06 2.483096905052661896e-03 6.366970046656206250e-05 9.416418470209464431e-05 1.981758578040171415e-05 1.648756551730912179e-05 1.541666453704237938e-03
1.700000000000000000e+04 2.658445737324655056e-04 3.361517156008630991e-04 9.830037924984935671e-06 8.002315553312655538e-06 2.396912313997745514e-03 6.504404882434755564e-05 2.437996408843901008e-05 8.920456821215339005e-06 1.232713293575216085e-05 1.480249222368001938e-03
1.750000000000000000e+04 2.199464797740802169e-04 3.504066553432494402e-04 3.213716126992949285e-06 2.090399721055291593e-05 2.536015352234244347e-03 5.891735418117605150e-05 7.869191176723688841e-05 2.884363539124024101e-06 1.709750722511671484e-05 1.463187276385724545e-03
1.800000000000000000e+04 2.114707167493179440e-04 3.530512622091919184e-04 8.825184522720519453e-06 1.880704621726181358e-05 2.482602605596184731e-03 4.813960185856558383e-05 5.333710578270256519e-05 6.827222932770382613e-06 2.196462082793004811e-05 1.419625943526625633e-03
1.850000000000000000e+04 2.123583108186721802e-04 3.423054877202957869e-04 3.217685161871486343e-06 1.574403177073691040e-05 2.201444935053586960e-03 4.376438664621673524e-05 5.161941953701898456e-05 5.942250027146656066e-06 5.294619768392294645e-06 1.330238534137606621e-03
1.900000000000000000e+04 2.125924074789509177e-04 3.371435741428285837e-04 3.302769755464396439e-06 1.409845754096750170e-05 2.150179119780659676e-03 4.259019624441862106e-05 4.467301187105476856e-05 1.089530724129872397e-05 4.393607923702802509e-06 1.285782200284302235e-03
1.950000000000000000e+04 2.242260525235906243e-04 3.115449799224734306e-04 8.111240276775788516e-06 9.599832083040382713e-06 2.134286332875490189e-03 4.368170993984676898e-05 4.260180503479205072e-05 2.125979790434939787e-06 3.109665703959763050e-05 1.216777134686708450e-03
2.000000000000000000e+04 2.259093307657167315e-04 3.095562569797039032e-04 7.423569513775873929e-06 8.552940016670618206e-06 2.075986936688423157e-03 4.508040001383051276e-05 4.293800157029181719e-05 2.806720431181020103e-06 3.388753248145803809e-05 1.168598071672022343e-03
2.050000000000000000e+04 3.306436410639435053e-04 3.934082633350044489e-04 4.823255494557088241e-06 2.336753459530882537e-05 2.395381685346364975e-03 7.119699148461222649e-05 8.335223537869751453e-05 6.857947482785675675e-06 6.579544333362719044e-06 1.078915782272815704e-03
2.100000000000000000e+04 3.652024315670132637e-04 3.848864871542900801e-04 5.295958089845953509e-06 2.238071647298056632e-05 2.240252913907170296e-03 6.784074503229930997e-05 7.905309030320495367e-05 1.148950741480803117e-05 8.215568414016161114e-06 1.044939272105693817e-03
2.150000000000000000e+04 2.419640950392931700e-04 2.952490467578172684e-04 6.475390819105086848e-06 2.947832763311453164e-05 1.745645306073129177e-03 5.402590613812208176e-05 4.384928251965902746e-05 6.543882591358851641e-06 2.362245595577405766e-06 1.040717819705605507e-03
2.200000000000000000e+04 2.341197250643745065e-04 3.262912214267998934e-04 9.118433808907866478e-06 3.200267747160978615e-05 1.805678242817521095e-03 6.484452023869380355e-05 1.593278284417465329e-04 9.642802069720346481e-06 9.941027201421093196e-06 1.061292598024010658e-03
2.250000000000000000e+04 2.130880311597138643e-04 3.211959847249090672e-04 3.685257979668676853e-06 6.408677108993288130e-06 2.154467860236763954e-03 4.209362668916583061e-05 3.715533603099174798e-05 2.390241934335790575e-05 9.081893949769437313e-06 1.021658536046743393e-03
2.300000000000000000e+04 2.152214001398533583e-04 3.311293548904359341e-04 7.738384738331660628e-05 1.845285441959276795e-04 2.217453205958008766e-03 5.726587187382392585e-05 1.957398490048944950e-04 1.569827727507799864e-04 1.870075939223170280e-04 1.057274639606475830e-03
2.350000000000000000e+04 2.431947214063256979e-04 2.895953075494617224e-04 5.932345175096997991e-06 4.565137260215124115e-06 1.896357047371566296e-03 4.061234722030349076e-05 5.179959407541900873e-05 1.059235546563286334e-05 1.078600398614071310e-04 9.394724038429558277e-04
2.400000000000000000e+04 2.426613355055451393e-04 2.833724138326942921e-04 1.842588790168520063e-05 1.827382948249578476e-05 1.856215181760489941e-03 3.781587292905896902e-05 5.268897439236752689e-05 3.976566949859261513e-05 1.338555302936583757e-04 9.208513074554502964e-04
2.450000000000000000e+04 2.220836904598399997e-04 2.883871202357113361e-04 7.374973847618093714e-06 1.017319573293207213e-05 1.942769857123494148e-03 3.649688369478099048e-05 6.625396054005250335e-05 8.573197192163206637e-06 8.491178596159443259e-05 9.162723436020314693e-04
2.500000000000000000e+04 2.157667622668668628e-04 2.820605295710265636e-04 6.456285973399644718e-06 8.204682671930640936e-06 1.912955893203616142e-03 3.542202466633170843e-05 6.374664371833205223e-05 9.020058314490597695e-06 8.901051478460431099e-05 8.909889729693531990e-04
2.550000000000000000e+04 1.842542114900425076e-04 1.928796555148437619e-04 8.249733582488261163e-06 7.838707460905425251e-06 1.588590326718986034e-03 3.043869401153642684e-05 3.236421252950094640e-05 1.007023965939879417e-04 8.778093615546822548e-05 9.248926071450114250e-04
2.600000000000000000e+04 1.738591818138957024e-04 1.837547897594049573e-04 7.386588094959734008e-06 6.177539489726768807e-06 1.563245081342756748e-03 2.828937249432783574e-05 3.200276478310115635e-05 1.247437467100098729e-04 1.040183051372878253e-04 9.024479659274220467e-04
2.650000000000000000e+04 1.964261755347251892e-04 3.074143023695796728e-04 6.432339887396665290e-06 1.313458596996497363e-05 1.745697925798594952e-03 4.188344246358610690e-05 8.385312685277312994e-05 4.167969018453732133e-05 1.699546010058838874e-05 7.748352363705635071e-04
2.700000000000000000e+04 2.012330951401963830e-04 3.043339238502085209e-04 6.025333732395665720e-06 1.130883811129024252e-05 1.692388555966317654e-03 4.424486178322695196e-05 8.099230763036757708e-05 4.849058677791617811e-05 1.326629535469692200e-05 7.430904079228639603e-04
2.750000000000000000e+04 2.063154242932796478e-04 3.105219511780887842e-04 4.769693532580276951e-06 1.266423896595370024e-05 1.252489746548235416e-03 3.699631270137615502e-05 1.031457504723221064e-04 2.678551027202047408e-05 7.349303632508963346e-05 8.126823231577873230e-04
2.800000000000000000e+04 1.971586025319993496e-04 2.380464284215122461e-04 3.219241534679895267e-06 8.206921847886405885e-06 1.204381813295185566e-03 3.348563768668100238e-05 5.810782386106438935e-05 2.272865640406962484e-05 7.453474245266988873e-05 7.976665510796010494e-04
2.850000000000000000e+04 1.555898343212902546e-04 2.580688451416790485e-04 4.160795288044027984e-05 2.462430165905971080e-05 1.645009499043226242e-03 3.393057704670354724e-05 8.176958363037556410e-05 4.637087840819731355e-05 5.327280814526602626e-05 7.293329690583050251e-04
2.900000000000000000e+04 1.591317559359595180e-04 2.570448268670588732e-04 9.374497494718525559e-06 8.999048077384941280e-06 1.596489455550909042e-03 3.318895687698386610e-05 7.143385300878435373e-05 3.707416908582672477e-05 2.837913052644580603e-05 7.012515561655163765e-04
2.950000000000000000e+04 2.255713770864531398e-04 2.273458812851458788e-04 7.455403647327329963e-06 8.828342288325075060e-06 1.417579594999551773e-03 3.238343560951761901e-05 7.313762034755200148e-05 3.553839633241295815e-05 3.393133010831661522e-05 7.382265175692737103e-04
3.000000000000000000e+04 2.361952501814812422e-04 3.757581871468573809e-04 1.095156949304509908e-05 1.637897912587504834e-05 1.362502458505332470e-03 3.507628571242094040e-05 1.611951884115114808e-04 4.836646985495463014e-05 5.463036359287798405e-05 8.188028004951775074e-04
3.050000000000000000e+04 2.195811248384416103e-04 2.457977388985455036e-04 1.321523450314998627e-05 5.952219908067490906e-06 1.523238373920321465e-03 2.613630203995853662e-05 6.365623994497582316e-05 8.790813444647938013e-05 5.985088137094862759e-05 7.482537766918540001e-04
3.100000000000000000e+04 2.262411144329234958e-04 2.384885592618957162e-04 1.238065851794090122e-05 5.238561698206467554e-06 1.456226920709013939e-03 2.349381793464999646e-05 7.248957263072952628e-05 1.053092564688995481e-04 6.785716686863452196e-05 7.477641338482499123e-04
3.150000000000000000e+04 1.790053647710010409e-04 2.311582793481647968e-04 6.380509603332029656e-06 1.118858835980063304e-05 1.341013936325907707e-03 2.507040881027933210e-05 6.845233292551711202e-05 2.073644463962409645e-05 2.619246879476122558e-05 6.405799067579209805e-04
3.200000000000000000e+04 1.825018553063273430e-04 2.270432160003110766e-04 6.164449587231501937e-06 9.696003871795255691e-06 1.306356396526098251e-03 2.509627120161894709e-05 7.258620462380349636e-05 2.004881025641225278e-05 3.203612504876218736e-05 6.275614141486585140e-04
3.250000000000000000e+04 1.543750258861109614e-04 1.869992411229759455e-04 2.985852233905461617e-06 1.476485795137705281e-05 1.339403912425041199e-03 2.290881457156501710e-05 4.425054794410243630e-05 2.543926893849857152e-05 2.553059857746120542e-05 6.384021253325045109e-04
3.300000000000000000e+04 1.491163275204598904e-04 1.707904593786224723e-04 2.713374215090880170e-06 1.276263355975970626e-05 1.327457139268517494e-03 2.067111199721693993e-05 5.315340604283846915e-05 3.704290793393738568e-05 3.521846156218089163e-05 6.317667430266737938e-04
3.350000000000000000e+04 1.497807679697871208e-04 2.589297655504196882e-04 6.614030553464544937e-06 6.022899924573721364e-06 1.430675969459116459e-03 2.230890459031797945e-05 8.860041998559609056e-05 4.855641236645169556e-05 6.817935354774817824e-05 5.559950950555503368e-04
3.400000000000000000e+04 1.745796616887673736e-04 5.108502227813005447e-04 1.006417514872737229e-04 8.153133239829912782e-05 1.378141343593597412e-03 3.263444159529171884e-05 3.835218376480042934e-04 2.237642183899879456e-04 1.680111308814957738e-04 5.841387901455163956e-04
3.450000000000000000e+04 2.703352947719395161e-04 5.467681330628693104e-04 2.681516161828767508e-05 1.588658233231399208e-05 1.175001380033791065e-03 4.428779357112944126e-05 3.943647316191345453e-04 5.842252357979305089e-05 8.268326928373426199e-05 8.354314486496150494e-04
3.500000000000000000e+04 2.557771513238549232e-04 2.093594666803255677e-04 9.217930710292421281e-06 8.583932867622934282e-06 1.041634706780314445e-03 2.290292650286573917e-05 8.572218212066218257e-05 2.146171573258470744e-05 2.698681419133208692e-05 8.259270689450204372e-04
3.550000000000000000e+04 1.438390754628926516e-04 1.775291893864050508e-04 8.850545782479457557e-06 5.518329089682083577e-06 1.174862612970173359e-03 1.764460830600000918e-05 7.617552182637155056e-05 2.089533700200263411e-05 3.775320146814920008e-05 5.241541657596826553e-04
3.600000000000000000e+04 1.422996283508837223e-04 1.704023161437362432e-04 6.732862402714090422e-06 4.724523932964075357e-06 1.165931345894932747e-03 1.642485949560068548e-05 6.923629553057253361e-05 2.602012864372227341e-05 4.162434925092384219e-05 5.180063890293240547e-04
3.650000000000000000e+04 1.830309338402003050e-04 2.518097462598234415e-04 8.405617336393333972e-06 1.157275892182951793e-05 1.266465871594846249e-03 2.231467624369543046e-05 1.509784779045730829e-04 2.349530950596090406e-05 1.514644645794760436e-05 5.480206455104053020e-04
3.700000000000000000e+04 1.883663353510200977e-04 2.378936624154448509e-04 7.261006885528331622e-06 1.069654445018386468e-05 1.239817822352051735e-03 2.255238359794020653e-05 1.535219926154240966e-04 2.117556323355529457e-05 1.359224734187591821e-05 5.368621204979717731e-04
3.750000000000000000e+04 1.600941468495875597e-04 1.765579509083181620e-04 1.027164489642018452e-05 9.118627531279344112e-06 8.675658609718084335e-04 2.034332101175095886e-05 8.724705548956990242e-05 7.292244117707014084e-05 1.982804133149329573e-05 4.776713612955063581e-04
3.800000000000000000e+04 1.664086448727175593e-04 2.176768757635727525e-04 1.151354081230238080e-05 1.059531496139243245e-05 8.845022530294954777e-04 2.596018566691782326e-05 1.692395599093288183e-04 5.724325819755904377e-05 1.473140127927763388e-05 4.792536492459475994e-04
3.850000000000000000e+04 2.184738114010542631e-04 2.413867623545229435e-04 8.103980690066237003e-06 5.826754204463213682e-06 1.052811043336987495e-03 2.115291135851293802e-05 9.500684245722368360e-05 8.789975254330784082e-06 1.190749535453505814e-04 6.889604846946895123e-04
3.900000000000000000e+04 1.999490777961909771e-04 2.233592967968434095e-04 7.648315659025683999e-06 4.746286322188097984e-06 1.031539519317448139e-03 1.765570959832984954e-05 1.129500451497733593e-04 8.779244126344565302e-06 1.443311339244246483e-04 7.741501322016119957e-04
3.950000000000000000e+04 1.431139971828088164e-04 2.890553732868283987e-04 1.141324628406437114e-05 6.501047209894750267e-06 1.129576703533530235e-03 1.579538547957781702e-05 1.068723649950698018e-04 2.885562753363046795e-05 2.947555367427412421e-05 5.669569363817572594e-04
4.000000000000000000e+04 1.444791269022971392e-04 3.041345626115798950e-04 1.029473150992998853e-05 5.435186722024809569e-06 1.065849559381604195e-03 1.578103547217324376e-05 9.883201710181310773e-05 3.420801294851116836e-05 3.242060847696848214e-05 5.797460325993597507e-04
4.050000000000000000e+04 1.152907643700018525e-04 1.941490190802142024e-04 9.144896466750651598e-06 1.195159711642190814e-05 1.177673810161650181e-03 1.706371949694585055e-05 9.332939225714653730e-05 2.354169555474072695e-05 3.404784365557134151e-05 4.381790349725633860e-04
4.100000000000000000e+04 1.330515078734606504e-04 1.879980845842510462e-04 8.079140570771414787e-06 9.372639397042803466e-06 1.144040259532630444e-03 1.518583758297609165e-05 1.032470099744386971e-04 2.526852586015593261e-05 3.319025927339680493e-05 4.419175675138831139e-04
4.150000000000000000e+04 1.515146141173318028e-04 2.151190856238827109e-04 1.199366761284181848e-05 8.577373591833747923e-06 7.173247286118566990e-04 1.460051134927198291e-05 1.954005419975146651e-04 1.974128099391236901e-04 2.042703854385763407e-04 5.432207835838198662e-04
4.200000000000000000e+04 1.550016459077596664e-04 2.114859380526468158e-04 1.044634882418904454e-05 8.046396033023484051e-06 6.907186470925807953e-04 1.377146418235497549e-05 1.894318993436172605e-04 2.732877910602837801e-04 2.384801628068089485e-04 5.391036393120884895e-04
4.250000000000000000e+04 1.246413303306326270e-04 1.466240501031279564e-04 4.362460003903834149e-06 6.000608209433266893e-06 9.579816251061856747e-04 1.514118503109784797e-05 9.371621854370459914e-05 8.187678031390532851e-05 2.199682239734102041e-05 4.135083581786602736e-04
4.300000000000000000e+04 1.259174168808385730e-04 1.600926916580647230e-04 4.313770205044420436e-06 5.575281193159753457e-06 9.398020920343697071e-04 1.559214251756202430e-05 9.646067337598651648e-05 8.552779763704165816e-05 1.318719841947313398e-05 4.088531131856143475e-04
4.350000000000000000e+04 1.448405964765697718e-04 1.766613568179309368e-04 8.939538929553236812e-06 5.173745194042567164e-06 9.149362449534237385e-04 1.934110878210049123e-05 1.722073502605780959e-04 2.022497574216686189e-05 4.161796096013858914e-05 3.932026156689971685e-04
4.400000000000000000e+04 1.507064298493787646e-04 1.781170576578006148e-04 7.348467079282272607e-06 4.274669208825798705e-06 8.859317749738693237e-04 1.883648292277939618e-05 1.414171565556898713e-04 2.058559948636684567e-05 3.915635534212924540e-05 3.885324404109269381e-04
4.450000000000000000e+04 1.574966008774936199e-04 3.353052597958594561e-04 1.269110271095996723e-05 2.267805757583118975e-05 1.250581699423491955e-03 2.909350951085798442e-05 2.201449533458799124e-04 3.794388248934410512e-05 2.428611878713127226e-05 3.881066513713449240e-04
4.500000000000000000e+04 1.402101770509034395e-04 2.491850755177438259e-04 5.724550192098831758e-06 7.693607585679274052e-06 1.258577336557209492e-03 1.685566894593648612e-05 1.445989037165418267e-04 2.323610715393442661e-05 2.763270458672195673e-05 3.705683920998126268e-04
4.550000000000000000e+04 1.758189318934455514e-04 2.633696713019162416e-04 3.882829696522094309e-05 4.839430766878649592e-05 1.120988978073000908e-03 1.947935561474878341e-05 1.577288494445383549e-04 2.018074592342600226e-04 3.390556958038359880e-05 4.012874269392341375e-04
4.600000000000000000e+04 1.798100856831297278e-04 2.551842771936208010e-04 4.675127001974033192e-06 7.722538612142670900e-06 1.084907096810638905e-03 1.874109148047864437e-05 1.547954743728041649e-04 1.970650628209114075e-04 9.797079655982088298e-06 3.878122952301055193e-04
4.650000000000000000e+04 1.480028440710157156e-04 1.689972414169460535e-04 5.664571745001012459e-06 4.195542715024203062e-06 8.889139280654489994e-04 1.669632729317527264e-05 1.056320033967494965e-04 4.680003621615469456e-05 2.151654916815459728e-05 3.630326827988028526e-04
4.700000000000000000e+04 1.989050215343013406e-04 1.552610629005357623e-04 5.024811798648443073e-06 3.577702955226413906e-06 6.706981803290545940e-04 1.585206882737111300e-05 1.082805756595917046e-04 7.639751856913790107e-05 2.620373197714798152e-05 5.875732167623937130e-04
4.750000000000000000e+04 1.990988530451431870e-04 2.339264901820570230e-04 5.183142548048635945e-06 3.464014980636420660e-06 7.673534564673900604e-04 1.927283483382780105e-05 8.186610648408532143e-05 1.013615383271826431e-05 2.202589166699908674e-05 5.656680441461503506e-04
4.800000000000000000e+04 2.008357550948858261e-04 2.310238778591156006e-04 5.311394033924443647e-06 3.244766730858827941e-06 7.256031967699527740e-04 1.773615258571226150e-05 8.023858390515670180e-05 1.169325241789920256e-05 2.280478656757622957e-05 5.946999299339950085e-04
4.850000000000000000e+04 1.693372905720025301e-04 3.029317012988030910e-04 4.328629438532516360e-05 2.597589627839624882e-05 6.911118398420512676e-04 3.113053753622807562e-05 2.379736688453704119e-04 6.327901792246848345e-05 4.452243956620804965e-05 4.133569309487938881e-04
4.900000000000000000e+04 1.561403332743793726e-04 1.544302358524873853e-04 7.456724233634304255e-06 7.571671631012577564e-06 6.594727747142314911e-04 2.037013837252743542e-05 1.396340812789276242e-04 2.235728061350528151e-05 5.402629176387563348e-05 4.409893590491265059e-04
4.950000000000000000e+04 2.157885319320484996e-04 1.649434998398646712e-04 5.888399300602031872e-06 4.198285296297399327e-06 6.729874876327812672e-04 1.434394835087005049e-05 1.092414167942479253e-04 2.347054578422103077e-05 3.465687768766656518e-05 7.368501392193138599e-04
5.000000000000000000e+04 2.113644150085747242e-04 1.525250409031286836e-04 5.793339823867427185e-06 3.996659415861358866e-06 6.104324129410088062e-04 1.431299733667401597e-05 1.038783229887485504e-04 2.731447239057160914e-05 4.360103048384189606e-05 9.654079331085085869e-04
5.050000000000000000e+04 1.500267098890617490e-04 2.288993855472654104e-04 1.481533490732545033e-05 6.298041171248769388e-06 9.248698479495942593e-04 2.074861367873381823e-05 9.795922960620373487e-05 5.101696842757519335e-06 5.309001062414608896e-05 3.556964220479130745e-04
5.100000000000000000e+04 1.545667182654142380e-04 2.303239016328006983e-04 1.174436783912824467e-05 5.781245363323250785e-06 9.019628632813692093e-04 1.680178502283524722e-05 1.056293767760507762e-04 5.483521817950531840e-06 8.015077037271112204e-05 3.551775007508695126e-04
5.150000000000000000e+04 1.427862007403746247e-04 2.089760964736342430e-04 6.524457148771034554e-06 7.617685241712024435e-06 1.022301614284515381e-03 1.601190888322889805e-05 1.888677797978743911e-04 5.158203566679731011e-05 7.726501280558295548e-06 3.033234388567507267e-04
5.200000000000000000e+04 1.504915417172014713e-04 2.073741197818890214e-04 5.758636689279228449e-06 1.330225404672091827e-05 1.013346482068300247e-03 2.054081232927273959e-05 1.978895452339202166e-04 5.805663749924860895e-05 1.726870868878904730e-05 3.100866160821169615e-04
5.250000000000000000e+04 1.541884266771376133e-04 3.203382948413491249e-04 1.740906009217724204e-05 8.577888365834951401e-06 1.046802964992821217e-03 3.505949644022621214e-05 2.105117746395990252e-04 3.574899164959788322e-05 3.808421388384886086e-05 2.988871128764003515e-04
5.300000000000000000e+04 1.246660540346056223e-04 2.157160197384655476e-04 2.994901660713367164e-05 1.717783561616670340e-05 1.062527066096663475e-03 1.533625436422880739e-05 1.114687329391017556e-04 4.828522651223465800e-05 3.037504393432755023e-05 2.881502150557935238e-04
5.350000000000000000e+04 1.360556198051199317e-04 1.700771390460431576e-04 8.740704288356937468e-06 1.042217627400532365e-05 8.478841627947986126e-04 1.552649700897745788e-05 1.196345037897117436e-04 1.249386841664090753e-04 8.188420906662940979e-05 2.977550902869552374e-04
5.400000000000000000e+04 1.376744039589539170e-04 1.683193986536934972e-04 8.146481377480085939e-06 7.387615369225386530e-06 8.354804595001041889e-04 1.464559591113356873e-05 1.186984591186046600e-04 1.264477468794211745e-04 7.031299173831939697e-05 2.927177702076733112e-04
5.450000000000000000e+04 1.878358161775395274e-04 1.659365952946245670e-04 7.872225069149862975e-06 7.039095635263947770e-06 8.604333852417767048e-04 1.443438668502494693e-05 9.288333239965140820e-05 3.392658618395216763e-05 3.446873961365781724e-05 3.031827800441533327e-04
5.500000000000000000e+04 1.804236817406490445e-04 1.702044537523761392e-04 5.973426141281379387e-06 6.724777904310030863e-06 8.503677090629935265e-04 1.509627145424019545e-05 8.376513869734480977e-05 5.789588249172084033e-05 2.087091161229182035e-05 3.069527156185358763e-04
5.550000000000000000e+04 1.642678253119811416e-04 1.769221707945689559e-04 4.782085852639283985e-06 4.139245902479160577e-06 7.908552070148289204e-04 1.590397550899069756e-05 7.873762660892680287e-05 2.694295471883378923e-05 3.217871199012733996e-05 2.848168660420924425e-04
5.600000000000000000e+04 1.595270005054771900e-04 1.760434970492497087e-04 3.766646614167257212e-06 3.264027327531948686e-06 7.837471202947199345e-04 1.529449218651279807e-05 7.175881182774901390e-05 1.537402931717224419e-05 3.122209454886615276e-05 2.831238380167633295e-04
5.650000000000000000e+04 1.386335934512317181e-04 1.884777448140084743e-04 3.053030241062515415e-06 1.148045066656777635e-05 8.786224643699824810e-04 1.305807381868362427e-05 9.849417256191372871e-05 9.319387754658237100e-05 2.046463669103104621e-05 2.522276190575212240e-04
5.700000000000000000e+04 1.384804054396227002e-04 1.812358241295441985e-04 2.791168753901729360e-06 9.731350473884958774e-06 8.634904515929520130e-04 1.402778343617683277e-05 9.345393482362851501e-05 1.261626457562670112e-04 1.985827293538022786e-05 2.494805085007101297e-04
5.750000000000000000e+04 1.306427730014547706e-04 1.582086260896176100e-04 8.386673471250105649e-06 3.729919171746587381e-06 7.555707124993205070e-04 1.685905226622708142e-05 1.040874340105801821e-04 1.298738243349362165e-05 8.078318933257833123e-05 2.549165510572493076e-04
5.800000000000000000e+04 1.395500003127381206e-04 2.689952671062201262e-04 1.348782734567066655e-05 9.401920578966382891e-06 8.084558648988604546e-04 2.781510738714132458e-05 3.201347135473042727e-04 3.000016477017197758e-05 1.352795079583302140e-04 2.673948183655738831e-04
5.850000000000000000e+04 1.428706746082752943e-04 2.070155023830011487e-04 8.064789653872139752e-06 8.107669600576628000e-06 8.265620563179254532e-04 1.780989805411081761e-05 1.100514054996892810e-04 1.693546983005944639e-05 2.283584944962058216e-05 2.815164043568074703e-04
5.900000000000000000e+04 1.421974739059805870e-04 2.184918121201917529e-04 8.265355972980614752e-06 3.262465497755329125e-06 7.951484294608235359e-04 1.673200313234701753e-05 9.473023965256288648e-05 1.904481359815690666e-05 1.439172683603828773e-05 3.021791635546833277e-04
5.950000000000000000e+04 1.510470756329596043e-04 2.951019559986889362e-04 1.170763971458654851e-05 1.404347221978241578e-05 1.080889487639069557e-03 2.467275044182315469e-05 3.108094388153403997e-04 5.410334415500983596e-05 4.048115442856214941e-05 2.344257227377966046e-04
6.000000000000000000e+04 1.575242058606818318e-04 2.098225668305531144e-04 7.738587555650155991e-06 8.997470104077365249e-06 1.060871174558997154e-03 2.787474113574717194e-05 9.306587162427604198e-05 4.142144462093710899e-05 2.701344419619999826e-05 2.540412242524325848e-04
