# step, loss_train, loss_test, metrics_test
0.000000000000000000e+00 1.927155070006847382e-02 2.131017446517944336e-01 9.735996834933757782e-03 5.650859791785478592e-03 6.593840662389993668e-03 1.942295953631401062e-02 2.206919789314270020e-01 8.660956285893917084e-03 6.601911503821611404e-03 9.167573414742946625e-03
5.000000000000000000e+02 9.549849783070385456e-04 1.238120198249816895e-01 2.538366534281522036e-04 7.417818414978682995e-04 9.757255204021930695e-03 9.918457362800836563e-04 1.092811599373817444e-01 1.639715628698468208e-04 4.376851429697126150e-04 1.151387766003608704e-02
1.000000000000000000e+03 1.966022187843918800e-03 1.226805672049522400e-01 3.424289461690932512e-04 5.803194944746792316e-04 6.774060428142547607e-03 1.590366591699421406e-03 1.089217588305473328e-01 2.651232643984258175e-04 3.394692321307957172e-04 8.614954538643360138e-03
1.500000000000000000e+03 8.747090469114482403e-04 1.911208778619766235e-02 5.979451234452426434e-04 1.370681333355605602e-03 7.317210547626018524e-03 4.788806545548141003e-04 1.431449875235557556e-02 2.580345026217401028e-04 1.964241499081254005e-03 6.880084518343210220e-03
2.000000000000000000e+03 1.371924881823360920e-04 9.837849065661430359e-04 4.456002716324292123e-05 8.889871241990476847e-05 2.803776878863573074e-03 4.734429239761084318e-05 9.699580841697752476e-04 3.201744038960896432e-05 1.295685797231271863e-04 1.792863477021455765e-03
2.500000000000000000e+03 2.855082566384226084e-04 7.079585921019315720e-04 1.127929226640844718e-05 2.493891224730759859e-05 2.351441653445363045e-03 3.507672226987779140e-05 7.968188729137182236e-04 2.013995253946632147e-05 9.605794730305206031e-06 1.085250522010028362e-03
3.000000000000000000e+03 2.728743420448154211e-04 5.608731880784034729e-04 6.422691512852907181e-06 1.747441820043604821e-05 2.163696801289916039e-03 1.516941028967266902e-05 6.550252437591552734e-04 8.499650903104338795e-06 3.447684093771385960e-06 8.969634654931724072e-04
3.500000000000000000e+03 2.127311163349077106e-04 4.476409812923520803e-04 5.772858457930851728e-06 9.165513802145142108e-06 1.722881919704377651e-03 9.159934961644466966e-06 3.729511809069663286e-04 5.300345947034657001e-06 7.702193215664010495e-06 7.524597458541393280e-04
4.000000000000000000e+03 1.496543409302830696e-04 3.298348456155508757e-04 5.275330750009743497e-06 7.916879440017510206e-06 1.488880603574216366e-03 8.823570169624872506e-06 2.009085874306038022e-04 8.566826181777287275e-06 1.442908114768215455e-06 5.599763826467096806e-04
4.500000000000000000e+03 1.148341543739661574e-04 3.187771944794803858e-04 4.134856226301053539e-06 7.279520559677621350e-06 1.265625352971255779e-03 5.762366981798550114e-06 3.085856151301413774e-04 2.654079071362502873e-05 1.044337295752484351e-05 3.481565800029784441e-04
5.000000000000000000e+03 9.265128028346225619e-05 3.169582341797649860e-04 3.767344878724543378e-06 2.460380301272380166e-06 1.065983902662992477e-03 6.045208920113509521e-06 4.000641347374767065e-04 9.103799129661638290e-06 7.365044893958838657e-06 2.681165933609008789e-04
5.500000000000000000e+03 8.369517308892682195e-05 1.922930387081578374e-04 1.163375827673007734e-06 1.394295509271614719e-06 7.345330086536705494e-04 8.099837941699661314e-06 6.345970323309302330e-04 9.427157237951178104e-06 4.525406438915524632e-06 2.346196124562993646e-04
6.000000000000000000e+03 7.751637895125895739e-05 1.787689689081162214e-04 1.143079657595080789e-06 1.511905679763003718e-06 6.744554266333580017e-04 8.370987416128627956e-06 5.590295186266303062e-04 9.128806595981586725e-06 4.450972937775077298e-06 1.941153605002909899e-04
6.500000000000000000e+03 6.395581294782459736e-05 2.577283303253352642e-04 2.468082584528019652e-06 1.492728870289283805e-06 7.408250239677727222e-04 8.789898856775835156e-06 4.234938824083656073e-04 2.901852167269680649e-05 5.075923127151327208e-06 2.330727875232696533e-04
7.000000000000000000e+03 6.365692388499155641e-05 2.296793827554211020e-04 1.619157274035387672e-06 1.362045509267773014e-06 6.281231762841343880e-04 9.338687050330918282e-06 3.281569515820592642e-04 1.784052074071951210e-05 6.528993253596127033e-06 2.591514494270086288e-04
7.500000000000000000e+03 8.532516221748664975e-05 1.841618795879185200e-04 1.154380811385635752e-06 1.876995156635530293e-06 7.139631197787821293e-04 8.646204150863923132e-06 2.595715632196515799e-04 1.007096579996868968e-05 6.477126589743420482e-06 1.224978914251551032e-04
8.000000000000000000e+03 7.570286106783896685e-05 1.588747254572808743e-04 1.077738602361932863e-06 1.862936187535524368e-06 6.343516288325190544e-04 1.016560599964577705e-05 1.995034399442374706e-04 1.167796835943590850e-05 7.582726993859978393e-06 1.157108126790262759e-04
8.500000000000000000e+03 5.837919889017939568e-05 1.276914554182440042e-04 1.427007759957632516e-06 8.944671776589530054e-07 5.419485969468951225e-04 1.102651003748178482e-05 1.415820297552272677e-04 6.787925940443528816e-06 1.614315442566294223e-05 9.847807814367115498e-05
9.000000000000000000e+03 5.413027247413992882e-05 1.080907968571409583e-04 9.237861036126560066e-07 6.237721095203596633e-07 4.677306278608739376e-04 1.027718008117517456e-05 1.375321735395118594e-04 5.368601250665960833e-06 1.858331779658328742e-05 1.044284217641688883e-04
9.500000000000000000e+03 4.946070475853048265e-05 1.228064793394878507e-04 5.797892299597151577e-07 1.230353404935158323e-06 3.890289517585188150e-04 8.957743375503923744e-06 6.240498623810708523e-05 8.837783980197855271e-07 4.790687853528652340e-06 1.232735521625727415e-04
1.000000000000000000e+04 4.059618004248477519e-05 9.474415128352120519e-05 4.307676135795190930e-07 1.063483182406343985e-06 3.391734207980334759e-04 8.061648259172216058e-06 5.218749720370396972e-05 1.425282562195206992e-06 2.075324573524994776e-06 1.204795262310653925e-04
1.050000000000000000e+04 4.972172246198169887e-05 1.090718069463036954e-04 7.003586119935789611e-07 1.559887664370762650e-06 2.236945438198745251e-04 6.653147920587798581e-06 5.190230876905843616e-05 9.996916787713416852e-07 6.859611403342569247e-06 3.665236872620880604e-04
1.100000000000000000e+04 3.591199856600724161e-05 8.866303687682375312e-05 5.931028681516181678e-07 1.650652620810433291e-06 1.780557795427739620e-04 5.574246642936486751e-06 4.415731746121309698e-05 7.128472248041362036e-07 5.113264251122018322e-06 4.835389263462275267e-04
1.150000000000000000e+04 4.886479291599243879e-05 7.680511043872684240e-05 1.256000700777804013e-06 2.147977511413046159e-06 2.269902470288798213e-04 5.305049398884875700e-06 4.746523336507380009e-05 3.748404424186446704e-06 7.699824891460593790e-06 1.401573972543701530e-04
1.200000000000000000e+04 4.314035686547867954e-05 6.570215919055044651e-05 9.814217492021271028e-07 1.478166268498171121e-06 1.983896945603191853e-04 5.316869646776467562e-06 3.737291262950748205e-05 4.997513769922079518e-06 5.385408712754724547e-06 1.598501985426992178e-04
1.250000000000000000e+04 3.320704854559153318e-05 7.970962906256318092e-05 4.201057492991822073e-07 9.561834986016037874e-07 3.303918347228318453e-04 5.433465503301704302e-06 4.655242082662880421e-05 9.848663466982543468e-06 2.705983206396922469e-06 1.453079021302983165e-04
1.300000000000000000e+04 2.541816502343863249e-05 7.449347322108224034e-05 4.161801712143642362e-07 7.278096632035158109e-07 3.004835743922740221e-04 5.170201802684459835e-06 3.736019425559788942e-05 1.176181922346586362e-05 2.912463514803675935e-06 1.718669227557256818e-04
1.350000000000000000e+04 2.024599234573543072e-05 2.051737465080805123e-05 6.582854439329821616e-07 2.659402866811433341e-07 2.942776518466416746e-05 4.326039743318688124e-06 4.831067417399026453e-05 6.337025297398213297e-06 7.679183227082830854e-07 1.531752175651490688e-03
1.400000000000000000e+04 1.385563882649876177e-05 1.789930502127390355e-05 5.319589035934768617e-07 2.823490206083079102e-07 2.271770426887087524e-05 3.356923798492061906e-06 4.275968603906221688e-05 1.259519649465801194e-05 9.682217978479457088e-07 1.704732538200914860e-03
1.450000000000000000e+04 2.017006954702083021e-05 8.615272236056625843e-05 3.688573428917152341e-07 5.148019113221380394e-07 3.030794032383710146e-04 2.857063236660906114e-06 4.343287218944169581e-05 8.848844117892440408e-06 7.041759545245440677e-06 1.054273889167234302e-04
1.500000000000000000e+04 2.010143907682504505e-05 6.167319952510297298e-05 2.827950709161086706e-07 3.898919942457723664e-07 2.727177343331277370e-04 3.038590193682466634e-06 3.221108272555284202e-05 1.231136320711812004e-05 5.470239557325839996e-06 8.900750253815203905e-05
1.550000000000000000e+04 1.789677480701357126e-05 4.642429121304303408e-05 3.934819119422172662e-07 1.180405092782166321e-06 2.228512021247297525e-04 2.747489816101733595e-06 2.302788925589993596e-05 1.974835868168156594e-05 3.685133151520858519e-06 1.062488663592375815e-04
1.600000000000000000e+04 1.555739618197549134e-05 3.795313023147173226e-05 3.108608268576062983e-07 7.546839810856909025e-07 1.962485112017020583e-04 2.324512706763925962e-06 2.185162702517118305e-05 2.036604564636945724e-05 3.769376007767277770e-06 1.164794521173462272e-04
1.650000000000000000e+04 6.331822078209370375e-05 9.404661977896466851e-05 1.563160139994579367e-06 8.329214438163035084e-07 3.861027071252465248e-04 4.636697667592670768e-06 2.546972973505035043e-05 8.226343197748064995e-06 3.310381089249858633e-06 3.269835142418742180e-04
1.700000000000000000e+04 5.098295150673948228e-05 8.196576527552679181e-05 8.531092703378817532e-07 7.968552040438225958e-07 1.790362148312851787e-04 3.128164280497003347e-06 2.893760574806947261e-05 6.536297860293416306e-06 3.524716021274798550e-06 6.043326575309038162e-04
1.750000000000000000e+04 2.885477624658960849e-05 4.811412145500071347e-05 8.884657631824666169e-07 1.372581323266786058e-06 2.109798515448346734e-04 1.896846811177965719e-06 2.491873965482227504e-05 3.014822368641034700e-06 6.269598543440224603e-06 1.716936676530167460e-04
1.800000000000000000e+04 2.070877417281735688e-05 4.054333840031176805e-05 6.766788942513812799e-07 9.452554081690323073e-07 1.937451161211356521e-04 1.551296350044140127e-06 2.255784602311905473e-05 3.174453240717411973e-06 6.473077974078478292e-06 1.703281741356477141e-04
1.850000000000000000e+04 1.472958592785289511e-05 3.469347575446590781e-05 3.901106708781298948e-07 2.422369220766995568e-07 9.919478179654106498e-05 1.386976805406447966e-06 1.463562330172862858e-05 3.272653202657238580e-06 1.635800231269968208e-06 2.986990148201584816e-04
1.900000000000000000e+04 1.048402918968349695e-05 2.847518226190004498e-05 3.779984751872689230e-07 2.082601042729947949e-07 8.502784476149827242e-05 1.287687041440221947e-06 1.106577656173612922e-05 3.029318349945242517e-06 1.709674393168825191e-06 3.538526943884789944e-04
1.950000000000000000e+04 8.969071132014505565e-06 2.500943628547247499e-05 4.096065424619155237e-07 1.432087088915068307e-07 8.083298598648980260e-05 1.210417053698620293e-06 1.460132807551417500e-05 1.791921931726392359e-06 8.677137088852759916e-07 3.640658105723559856e-04
2.000000000000000000e+04 7.993128747330047190e-06 2.118895281455479562e-05 3.064865268243011087e-07 1.243315495003116666e-07 7.411281694658100605e-05 1.165865455732273404e-06 1.354002142761601135e-05 1.402497218805365264e-06 6.048611567166517489e-07 3.987256204709410667e-04
2.050000000000000000e+04 1.200654514832422137e-05 2.703342761378735304e-05 3.496848535178287420e-07 5.660445481225906406e-07 3.624177770689129829e-05 1.105098476728016976e-06 3.730530443135648966e-05 2.258791482745436952e-06 1.585484710631135385e-06 1.187677844427525997e-03
2.100000000000000000e+04 9.395017514179926366e-06 1.322092975897248834e-05 2.722430281210108660e-07 4.396493409331014846e-07 2.881125874409917742e-05 1.193363118545676116e-06 2.231562757515348494e-05 1.739253093546722084e-06 1.777819647941214498e-06 1.333700725808739662e-03
2.150000000000000000e+04 1.113752750825369731e-05 2.489407779648900032e-05 3.527244700762821594e-07 4.720766355603700504e-07 5.507832247531041503e-05 1.269443941964709666e-06 1.083038841898087412e-05 5.996580512146465480e-07 8.074938477875548415e-07 7.355814450420439243e-04
2.200000000000000000e+04 7.860000550863333046e-06 1.751563104335218668e-05 2.448111899866489694e-07 3.134359189971291926e-07 4.893474397249519825e-05 1.010534674605878536e-06 1.019496721710311249e-05 5.498979476215026807e-07 3.297662658496847143e-07 7.772907265461981297e-04
2.250000000000000000e+04 1.756933124852366745e-05 4.041433203383348882e-05 2.832158827459352324e-07 2.338384490485623246e-07 1.423557841917499900e-04 1.219965383825183380e-06 2.010956814046949148e-05 6.869645403639879078e-07 7.139534545785863884e-07 1.384780334774404764e-04
2.300000000000000000e+04 1.407247509632725269e-05 3.803789149969816208e-05 1.631602515317354118e-07 1.501792752378605655e-07 1.150596581283025444e-04 1.085576741388649680e-06 2.243246490252204239e-05 1.823510160647856537e-06 1.244098712049890310e-06 1.810361281968653202e-04
2.350000000000000000e+04 1.062587216438259929e-05 1.166643778560683131e-05 3.233324719076335896e-07 1.097914505976405053e-07 2.175568988604936749e-05 1.200155224978516344e-06 2.397932075837161392e-05 9.184843179355084430e-07 6.738689990015700459e-06 1.149799209088087082e-03
2.400000000000000000e+04 7.623869350936729461e-06 9.247411071555688977e-06 2.391165878634637920e-07 8.869075429629447171e-08 1.597407936060335487e-05 1.168954213426331989e-06 1.871558924904093146e-05 5.666217361977032851e-07 6.878981366753578186e-06 1.296647358685731888e-03
2.450000000000000000e+04 6.707513421133626252e-06 7.163896952988579869e-06 3.352030830683361273e-07 1.899192341170419240e-07 1.838047501223627478e-05 1.102918304241029546e-06 1.113786856876686215e-05 1.021935077005764470e-06 2.607781198094016872e-06 6.719168159179389477e-04
2.500000000000000000e+04 5.104499905428383499e-06 6.106278760853456333e-06 1.636689148654113524e-07 1.169303160963863775e-07 1.451101252314401790e-05 9.725315521791344509e-07 1.012884240481071174e-05 1.164898776551126502e-06 3.543178308973438106e-06 7.518208003602921963e-04
2.550000000000000000e+04 1.943290590133983642e-05 3.032644781342241913e-05 6.051022864994592965e-07 5.386953603192523587e-07 2.590754884295165539e-04 1.160130523203406483e-06 1.910200626298319548e-05 1.080001766240457073e-06 3.828723492915742099e-06 4.614832505467347801e-05
2.600000000000000000e+04 1.755649827828165144e-05 1.679338129179086536e-05 6.477799843196407892e-07 3.222975522021442885e-07 1.068810670403763652e-04 1.226251129082811531e-06 1.528153552499134094e-05 7.239048954943427816e-06 2.503507403162075207e-06 2.339534257771447301e-04
2.650000000000000000e+04 1.031705960485851392e-05 2.089774170599412173e-05 8.510679094797524158e-07 1.628770860406802967e-07 7.438211468979716301e-05 1.409935748597490601e-06 1.750011506373994052e-05 1.993053592741489410e-05 1.407284884180626250e-07 6.393502699211239815e-04
2.700000000000000000e+04 8.408117537328507751e-06 1.706117654975969344e-05 7.438584930241631810e-07 1.102917011053250462e-07 6.247448618523776531e-05 1.236705998053366784e-06 2.069109541480429471e-05 1.457250345993088558e-05 1.261921340756089194e-07 8.054252248257398605e-04
2.750000000000000000e+04 7.129572168196318671e-06 1.143214376497780904e-05 3.393986958144523669e-07 2.218186807567690266e-07 2.253004822705406696e-05 9.194925496558425948e-07 5.715824499930022284e-06 2.491400209692073986e-06 9.598732049198588356e-07 1.079486915841698647e-03
2.800000000000000000e+04 5.767227776232175529e-06 8.180327313311863691e-06 2.234245641830057139e-07 1.574130976678134175e-07 1.924035859701689333e-05 8.378004849873832427e-07 4.643810825655236840e-06 2.548685642977943644e-06 1.265026753571873996e-06 1.217461889609694481e-03
2.850000000000000000e+04 1.998148218262940645e-05 7.683101284783333540e-05 5.331041847966844216e-07 8.253766168309084605e-07 3.936311986763030291e-04 1.286842916670138948e-06 9.696012966742273420e-06 8.289958941531949677e-07 1.611186064565117704e-07 4.821492257178761065e-05
2.900000000000000000e+04 1.103412705560913309e-05 3.265990744694136083e-05 3.855504360217310023e-07 4.926554311168729328e-07 2.253548154840245843e-04 1.238003051184932701e-06 6.534583008033223450e-06 5.267517281026812270e-06 6.003130010867607780e-07 3.419563290663063526e-05
2.950000000000000000e+04 8.126392458507325500e-06 2.287442293891217560e-05 5.734431169912568294e-07 1.898943935429997509e-07 3.563880818546749651e-05 1.017885665532958228e-06 9.138302630162797868e-06 4.295530288800364360e-06 6.021526246513531078e-07 1.165354507975280285e-03
3.000000000000000000e+04 5.937498372077243403e-06 1.668622462602797896e-05 2.976270820909121539e-07 1.607144213267019950e-07 2.681730256881564856e-05 8.935886626204592176e-07 9.511363714409526438e-06 3.696159865285153501e-06 3.815004845364455832e-07 1.332655665464699268e-03
3.050000000000000000e+04 6.628318715229397640e-06 2.573347592260688543e-05 1.886931926264878712e-07 2.040013669102336280e-07 4.231774073559790850e-05 7.938099884086113889e-07 1.545127452118322253e-05 3.508198233248549514e-06 1.914405345360137289e-07 3.771718183998018503e-04
3.100000000000000000e+04 5.783523647551191971e-06 2.095421768899541348e-05 1.334327492941156379e-07 1.698694376273124362e-07 3.373602521605789661e-05 6.878016733935510274e-07 1.610094113857485354e-05 3.100960157098597847e-06 1.893687198162297136e-07 4.190197505522519350e-04
3.150000000000000000e+04 4.981980964657850564e-06 3.554393742888350971e-06 1.753569023321688292e-07 2.174241586772041046e-07 3.472126536507857963e-06 5.766023605247028172e-07 1.202308067149715498e-05 3.651170175089646364e-07 7.038792091407231055e-07 1.898271380923688412e-03
3.200000000000000000e+04 3.641374405560782179e-06 2.640826323840883560e-06 1.389048236433154671e-07 1.442640495952218771e-07 2.498102730896789581e-06 6.011758273416489828e-07 9.645721547713037580e-06 1.765190944524874794e-07 1.012091615848476067e-06 2.057275967672467232e-03
3.250000000000000000e+04 6.209667844814248383e-06 1.907685509650036693e-05 1.039561311699799262e-06 1.909558307033876190e-07 3.915839261026121676e-05 7.561940833511471283e-07 1.283308392885373905e-05 1.042504777615249623e-06 6.929657843102177139e-07 9.628685074858367443e-04
3.300000000000000000e+04 5.708984645025338978e-06 1.552086541778407991e-05 8.958868420450016856e-07 1.849565762768179411e-07 2.795313594106119126e-05 7.967236683725786861e-07 2.049226350209210068e-05 2.681950036276248284e-06 8.808002007754112128e-07 1.148129464127123356e-03
3.350000000000000000e+04 2.681158184714149684e-05 5.049934043199755251e-05 1.144153657151036896e-06 6.118057740422955249e-07 8.147503831423819065e-05 1.206733941216953099e-06 1.820579927880316973e-05 5.846314365953730885e-07 1.637966875023266766e-06 4.732985980808734894e-04
3.400000000000000000e+04 1.298394636251032352e-05 1.581432479724753648e-05 5.813595862491638400e-07 2.061003812059425400e-07 4.154037742409855127e-05 1.027984126267256215e-06 9.399600457982160151e-06 6.367343985402840190e-07 7.718157576164230704e-06 5.707516684196889400e-04
3.450000000000000000e+04 7.190221367636695504e-06 7.052743967506103218e-06 2.510033993985416600e-07 2.337476132652227534e-07 9.719687113829422742e-06 8.259062838078534696e-07 1.270709071832243353e-05 5.329512191565299872e-07 1.765280444487871137e-06 1.776756020262837410e-03
3.500000000000000000e+04 5.411411166278412566e-06 4.667481334763579071e-06 1.520815686717469362e-07 1.848718369501511916e-07 6.999288416409399360e-06 7.344870596170949284e-07 1.146625709225190803e-05 3.020414283128047828e-07 9.049326763488352299e-07 1.969426404684782028e-03
3.550000000000000000e+04 5.558253178605809808e-06 6.405158273992128670e-06 2.947494408545026090e-07 1.999648304717993597e-07 1.252698621101444587e-05 9.112700922742078546e-07 1.460674775444203988e-05 1.771132360772753600e-06 9.196555765811353922e-07 1.806274172849953175e-03
3.600000000000000000e+04 4.306816663302015513e-06 4.551073743641609326e-06 2.207622173955314793e-07 1.449542139653203776e-07 1.055635766533669084e-05 7.277743634404032491e-07 1.210247046401491389e-05 1.608690581633709371e-06 8.330979426318663172e-07 1.902593881823122501e-03
3.650000000000000000e+04 5.185976988286711276e-06 7.353296496148686856e-06 1.568858039036058472e-07 2.140243111625750316e-07 2.200561357312835753e-05 6.487353516604343895e-07 1.526145570096559823e-05 8.424531756645592395e-07 1.743121401887037791e-06 9.546366054564714432e-04
3.700000000000000000e+04 4.333353444962995127e-06 1.163148226623889059e-05 1.431688048114665435e-07 1.810097671750554582e-07 1.582978620717767626e-05 6.189874284245888703e-07 1.471834275434957817e-05 1.022793753691075835e-06 2.076023292829631828e-06 1.166697009466588497e-03
3.750000000000000000e+04 9.049787877302151173e-06 4.837127562495879829e-06 2.037019157796748914e-07 2.263876552888177685e-07 2.091992200803360902e-06 7.297957154150935821e-07 8.485498256050050259e-06 1.878692614809551742e-06 1.111327605940459762e-06 3.346700686961412430e-03
3.800000000000000000e+04 4.102068032807437703e-06 1.932857458086800762e-06 1.320481430866493611e-07 1.812670973322383361e-07 1.598646008460491430e-06 6.340969775919802487e-07 5.252059963822830468e-06 1.853248932093265466e-06 9.277455887968244497e-07 3.312902059406042099e-03
3.850000000000000000e+04 6.521397608594270423e-06 1.290913314733188599e-05 1.508872458089172142e-07 1.346679567859609961e-07 2.416546885797288269e-05 6.354399033625668380e-07 7.402357368846423924e-06 2.432076598779531196e-06 2.151663920813007280e-06 8.805328398011624813e-04
3.900000000000000000e+04 4.253758561389986426e-06 3.394195573491742834e-06 1.119173020924790762e-07 1.141310193020217412e-07 1.934581632667686790e-05 5.784706331724009942e-07 7.331574579438893124e-06 1.795319235498027410e-06 1.730267854327394161e-06 9.909535292536020279e-04
3.950000000000000000e+04 5.289716227707685903e-06 1.766104469425044954e-05 3.065946145852649352e-07 7.696843340454506688e-08 9.677225170889869332e-05 5.016254931433650199e-07 7.261326118168653920e-06 7.607742418258567341e-07 3.129426033865456702e-07 1.662541326368227601e-04
4.000000000000000000e+04 4.001601610070792958e-06 1.438577237422578037e-05 1.538686689173118793e-07 6.058701984557046671e-08 9.139096073340624571e-05 4.609561585766641656e-07 7.999126864888239652e-06 8.181268071894010063e-07 3.120848361959360773e-07 1.931326114572584629e-04
4.050000000000000000e+04 7.653532666154205799e-04 4.259841516613960266e-04 1.506053649791283533e-05 1.006629736366448924e-05 3.465707646682858467e-03 6.342460983432829380e-05 1.886744867078959942e-04 3.669671787065453827e-05 1.779510967025998980e-05 2.703983569517731667e-03
4.100000000000000000e+04 4.131627501919865608e-04 2.333505835849791765e-04 6.883990408823592588e-06 5.657898327626753598e-06 2.582296729087829590e-03 3.893698522006161511e-05 1.484213717048987746e-04 1.489089027018053457e-05 1.591882210050243884e-05 1.595042645931243896e-03
4.150000000000000000e+04 3.562475030776113272e-04 1.438741164747625589e-04 4.558404270937899128e-06 5.615443114947993308e-06 1.375751104205846786e-03 2.300440610270015895e-05 1.481611543567851186e-04 1.926180084410589188e-05 2.290362863277550787e-05 8.066798909567296505e-04
4.200000000000000000e+04 2.908461901824921370e-04 1.321742165600880980e-04 2.430008407827699557e-06 4.126463409193092957e-06 9.967911755666136742e-04 1.387220891047036275e-05 1.040737406583502889e-04 2.069018592010252178e-05 1.914843960548751056e-05 5.088306497782468796e-04
4.250000000000000000e+04 1.022624855977483094e-04 1.020624404191039503e-04 1.942580411196104251e-06 2.254395212730742060e-06 7.893087458796799183e-04 1.319958846579538658e-05 9.226401016348972917e-05 3.201066647307015955e-06 7.801686479069758207e-06 1.558836811454966664e-04
4.300000000000000000e+04 5.543922816286794841e-05 7.786296191625297070e-05 1.350028469460085034e-06 1.356669713459268678e-06 5.862099351361393929e-04 9.224710993294138461e-06 3.139306863886304200e-05 3.841644229396479204e-06 8.973831427283585072e-06 8.932949276641011238e-05
4.350000000000000000e+04 4.367592191556468606e-05 6.580850458703935146e-05 1.392209128425747622e-06 1.400852625010884367e-06 3.101987822446972132e-04 5.713340669899480417e-06 1.880805029941257089e-05 7.874597031332086772e-06 4.620030267687980086e-06 2.394748444203287363e-04
4.400000000000000000e+04 2.951602982648182660e-05 5.224207416176795959e-05 6.801819267820974346e-07 1.137113713411963545e-06 1.924006064655259252e-04 4.055264071212150156e-06 1.808878550946246833e-05 4.190337222098605707e-06 4.445460945134982467e-06 4.105444822926074266e-04
4.450000000000000000e+04 3.799699334194883704e-05 7.282497244887053967e-05 7.226163916129735298e-07 7.705701818849775009e-07 4.149338928982615471e-04 4.086224180355202407e-06 2.078639590763486922e-05 4.741877091873902828e-06 1.341309484814701136e-06 1.153943812823854387e-04
4.500000000000000000e+04 8.645062916912138462e-05 6.847144686616957188e-05 6.242868835215631407e-07 1.283311576116830111e-06 3.356735105626285076e-04 2.866296426873304881e-06 4.041639476781710982e-05 3.601089701987802982e-06 8.773067747824825346e-07 1.436350721633061767e-04
4.550000000000000000e+04 2.322048931091558188e-05 5.903081910219043493e-05 6.900747280269570183e-07 1.129472252614505123e-06 1.309841463807970285e-04 3.014590447492082603e-06 2.715723894652910531e-05 9.270523833038168959e-07 2.482632680766982958e-06 6.569625111296772957e-04
4.600000000000000000e+04 1.833335227274801582e-05 3.678311986732296646e-05 5.322652327777177561e-07 7.776067150189192034e-07 1.011616404866799712e-04 2.716125209190067835e-06 2.615519588289316744e-05 1.000052066046919208e-06 1.440599589841440320e-06 8.469779859296977520e-04
4.650000000000000000e+04 1.556990901008248329e-05 2.667994885996449739e-05 3.734211020400834968e-07 4.511438476129114861e-07 1.587370788911357522e-04 2.619563701955485158e-06 2.055982440651860088e-05 3.430920742175658233e-06 1.150360390056448523e-06 1.491161383455619216e-04
4.700000000000000000e+04 1.300884377997135743e-05 2.787162156892009079e-05 2.963522831578302430e-07 3.936038979190925602e-07 1.304153120145201683e-04 2.325680043213651516e-06 1.834468275774270296e-05 2.243512881250353530e-06 9.055558507498062681e-07 2.025310241151601076e-04
4.750000000000000000e+04 6.050419688108377159e-05 1.056168985087424517e-04 1.754411528054333758e-06 8.039600629672349896e-07 2.050077309831976891e-04 4.332084245106671005e-06 5.474240606417879462e-05 2.545404640841297805e-06 7.473750883946195245e-06 5.772767472080886364e-04
4.800000000000000000e+04 3.399954584892839193e-05 6.968599336687475443e-05 1.031739202517201193e-06 3.867904467824700987e-07 1.367507065879181027e-04 2.484493734300485812e-06 4.545668707578442991e-05 1.406584374308295082e-06 2.949658210127381608e-06 7.386847282759845257e-04
