# step, loss_train, loss_test, metrics_test
0.000000000000000000e+00 9.441284090280532837e-02 2.359220534563064575e-01 1.040508504956960678e-02 1.452745217829942703e-02 6.644118577241897583e-03 9.453844279050827026e-02 2.107291370630264282e-01 1.049820147454738617e-02 1.175360195338726044e-02 1.095165126025676727e-02
1.000000000000000000e+02 1.122815767303109169e-03 1.359770894050598145e-01 8.844411786412820220e-05 1.884921512100845575e-04 1.268620695918798447e-02 6.777515518479049206e-04 1.270147413015365601e-01 6.416669930331408978e-05 2.628604706842452288e-04 1.506860367953777313e-02
2.000000000000000000e+02 1.435812562704086304e-03 1.296941936016082764e-01 2.688579261302947998e-04 5.465915819513611495e-05 1.160651072859764099e-02 8.565140306018292904e-04 1.216637641191482544e-01 1.616095541976392269e-04 9.736166975926607847e-05 1.378633547574281693e-02
3.000000000000000000e+02 8.612083038315176964e-04 1.284721195697784424e-01 3.893167013302445412e-04 1.016697351587936282e-04 1.193783339112997055e-02 5.146905314177274704e-04 1.205407381057739258e-01 2.635606797412037849e-04 1.413031131960451603e-04 1.403442397713661194e-02
4.000000000000000000e+02 5.948860780335962772e-04 1.281323432922363281e-01 4.277070111129432917e-04 1.339674490736797452e-04 1.206497009843587875e-02 3.370868216734379530e-04 1.202537193894386292e-01 3.114841529168188572e-04 1.705258182482793927e-04 1.413548085838556290e-02
5.000000000000000000e+02 4.585729620885103941e-04 1.279036998748779297e-01 4.363481129985302687e-04 1.386486110277473927e-04 1.209251116961240768e-02 3.380904090590775013e-04 1.200045421719551086e-01 3.333326894789934158e-04 1.739384024403989315e-04 1.415141858160495758e-02
6.000000000000000000e+02 1.027157413773238659e-03 1.276101469993591309e-01 4.480314673855900764e-04 1.440482301404699683e-04 1.210549101233482361e-02 1.061887829564511776e-03 1.196890771389007568e-01 3.527402586769312620e-04 1.776184217305853963e-04 1.415580697357654572e-02
7.000000000000000000e+02 3.984024224337190390e-04 1.274567693471908569e-01 4.497746122069656849e-04 1.664049341343343258e-04 1.218364853411912918e-02 3.755662473849952221e-04 1.195575892925262451e-01 3.507621877361088991e-04 1.963439572136849165e-04 1.422027684748172760e-02
8.000000000000000000e+02 2.157629205612465739e-04 1.272592097520828247e-01 4.698653065133839846e-04 1.947455166373401880e-04 1.218786928802728653e-02 1.759649167070165277e-04 1.193607151508331299e-01 3.595668531488627195e-04 2.168537903344258666e-04 1.421584561467170715e-02
9.000000000000000000e+02 1.481610815972089767e-04 1.269342303276062012e-01 5.029595922678709030e-04 2.594906545709818602e-04 1.216672360897064209e-02 1.063900053850375116e-04 1.190213784575462341e-01 3.747023583855479956e-04 2.720764314290136099e-04 1.418753713369369507e-02
1.000000000000000000e+03 3.205549146514385939e-04 1.263511627912521362e-01 5.766929825767874718e-04 3.919385198969393969e-04 1.202957704663276672e-02 3.100649919360876083e-04 1.183418855071067810e-01 4.246208700351417065e-04 3.879661380778998137e-04 1.404379494488239288e-02
1.100000000000000000e+03 1.488754787715151906e-04 1.254107058048248291e-01 6.973251001909375191e-04 6.734189810231328011e-04 1.187366247177124023e-02 1.163430570159107447e-04 1.173285692930221558e-01 4.952455637976527214e-04 6.362156709656119347e-04 1.387410983443260193e-02
1.200000000000000000e+03 2.025806752499192953e-04 1.230622529983520508e-01 9.373263455927371979e-04 1.154373632743954659e-03 1.144426967948675156e-02 1.471563446102663875e-04 1.149200424551963806e-01 6.623142980970442295e-04 1.063457923009991646e-03 1.341469306498765945e-02
1.300000000000000000e+03 1.037143054418265820e-03 9.825352579355239868e-02 1.313274027779698372e-03 2.772850566543638706e-04 1.293963752686977386e-02 9.662160882726311684e-04 9.040895849466323853e-02 1.066870521754026413e-03 1.920588983921334147e-04 1.445199921727180481e-02
1.400000000000000000e+03 2.057104837149381638e-03 2.258904650807380676e-02 7.045191596262156963e-04 3.166130336467176676e-04 2.446362376213073730e-02 2.022761153057217598e-03 2.115031890571117401e-02 3.601583302952349186e-04 3.632511361502110958e-04 2.501204051077365875e-02
1.500000000000000000e+03 1.099391723982989788e-03 3.987231757491827011e-03 3.702820977196097374e-04 9.746741125127300620e-05 1.803871802985668182e-02 7.970909937284886837e-04 3.695641644299030304e-03 2.460107498336583376e-04 9.244903048966079950e-05 1.832520402967929840e-02
1.600000000000000000e+03 8.368973503820598125e-04 1.868496416136622429e-03 1.247320033144205809e-04 2.426237188046798110e-04 9.344709105789661407e-03 5.832404713146388531e-04 1.723601249977946281e-03 1.083836468751542270e-04 3.344235883560031652e-04 8.910008706152439117e-03
1.700000000000000000e+03 4.723791498690843582e-04 1.054238644428551197e-03 4.827441807719878852e-05 1.067292250809259713e-04 5.877493880689144135e-03 2.645569911692291498e-04 9.831830393522977829e-04 9.312928159488365054e-05 1.831168920034542680e-04 5.123775452375411987e-03
1.800000000000000000e+03 9.435220272280275822e-04 6.138869212009012699e-04 2.587492963357362896e-05 4.005446680821478367e-05 4.429854452610015869e-03 1.706321199890226126e-04 6.349834147840738297e-04 4.458606053958646953e-05 6.603136716876178980e-05 3.535019466653466225e-03
1.900000000000000000e+03 8.136517717503011227e-04 9.684137185104191303e-04 2.338589729333762079e-05 2.469313039910048246e-05 3.476014127954840660e-03 2.098385011777281761e-04 1.032152911648154259e-03 2.093169678119011223e-05 2.149141255358699709e-05 2.568772993981838226e-03
2.000000000000000000e+03 5.444574635475873947e-04 6.701505044475197792e-04 1.865400918177329004e-05 1.964301554835401475e-05 3.108585253357887268e-03 2.165552141377702355e-04 6.523049669340252876e-04 1.549218723084777594e-05 1.403119404130848125e-05 2.169215586036443710e-03
2.100000000000000000e+03 4.517010529525578022e-04 4.684209125116467476e-04 1.481408253312110901e-05 1.729027826513629407e-05 2.890561474487185478e-03 2.056497905869036913e-04 4.585559945553541183e-04 9.878012861008755863e-06 1.642090683162678033e-05 1.926720724441111088e-03
2.200000000000000000e+03 4.195861401967704296e-04 4.345557535998523235e-04 1.219474415847798809e-05 1.674121267569717020e-05 2.699476666748523712e-03 1.733361423248425126e-04 4.214447108097374439e-04 6.816061159042874351e-06 2.656631295394618064e-05 1.740422332659363747e-03
2.300000000000000000e+03 5.751525168307125568e-04 5.829129950143396854e-04 1.069119207386393100e-05 1.305401019635610282e-05 2.451678970828652382e-03 1.508628483861684799e-04 5.494965589605271816e-04 5.701755526388296857e-06 2.650989154062699527e-05 1.518187462352216244e-03
2.400000000000000000e+03 4.397576849441975355e-04 4.408299573697149754e-04 9.151412996288854629e-06 1.021745447360444814e-05 2.356885466724634171e-03 1.274856622330844402e-04 3.925882047042250633e-04 4.564355094771599397e-06 2.372406561335083097e-05 1.416754093952476978e-03
2.500000000000000000e+03 3.737235383596271276e-04 3.295603964943438768e-04 8.175625225703697652e-06 7.693345651205163449e-06 2.278630156069993973e-03 1.059079950209707022e-04 3.083883784711360931e-04 3.450877102295635268e-06 1.825031722546555102e-05 1.333814347162842751e-03
2.600000000000000000e+03 3.773353528231382370e-04 3.027001803275197744e-04 7.737669875496067107e-06 7.160342192946700379e-06 2.155235037207603455e-03 9.019063872983679175e-05 2.887204173021018505e-04 4.056576472066808492e-06 1.777023499016650021e-05 1.214952091686427593e-03
2.700000000000000000e+03 3.960703033953905106e-04 2.568708441685885191e-04 7.508361704822164029e-06 6.238199148356216028e-06 2.097909105941653252e-03 7.677490066271275282e-05 3.149848780594766140e-04 5.236497599980793893e-06 1.537502794235479087e-05 1.154291210696101189e-03
2.800000000000000000e+03 3.903857723344117403e-04 2.409036096651107073e-04 6.477093393186805770e-06 5.264708306640386581e-06 2.008138224482536316e-03 6.730181485181674361e-05 3.257760254200547934e-04 8.165472536347806454e-06 1.202310249936999753e-05 1.070711528882384300e-03
2.900000000000000000e+03 3.609619452618062496e-04 3.047707723453640938e-04 5.935225999564863741e-06 5.565286755881970748e-06 1.862813252955675125e-03 6.055042103980667889e-05 2.401550300419330597e-04 1.356126631435472518e-05 1.159617931989487261e-05 9.586010710336267948e-04
3.000000000000000000e+03 3.933866391889750957e-04 2.328638074686750770e-04 5.154386144567979500e-06 4.458167040866101161e-06 1.852602115832269192e-03 5.430805322248488665e-05 3.926227800548076630e-04 1.388472537655616179e-05 1.038288792187813669e-05 9.249438298866152763e-04
3.100000000000000000e+03 4.770348023157566786e-04 4.164713027421385050e-04 4.868662017543101683e-06 1.157140468421857804e-05 1.716668950393795967e-03 5.796181358164176345e-05 3.030997759196907282e-04 1.770933522493578494e-05 4.075520701007917523e-05 8.422166574746370316e-04
3.200000000000000000e+03 3.832800721284002066e-04 3.326619043946266174e-04 3.645627430159947835e-06 7.314358299481682479e-06 1.670213299803435802e-03 5.816369593958370388e-05 2.219923044322058558e-04 1.605268698767758906e-05 2.691725057957228273e-05 7.969470461830496788e-04
3.300000000000000000e+03 2.909255563281476498e-04 2.227989170933142304e-04 2.850266582754557021e-06 4.533411356533179060e-06 1.632983447052538395e-03 5.429920202004723251e-05 2.482617564965039492e-04 1.063947638613171875e-05 1.978839281946420670e-05 7.499491330236196518e-04
3.400000000000000000e+03 2.930563932750374079e-04 2.196173008996993303e-04 2.476979034327086993e-06 3.848286269203526899e-06 1.558162504807114601e-03 5.401209273259155452e-05 2.383446844760328531e-04 8.311456440424080938e-06 1.420383978256722912e-05 6.864739116281270981e-04
3.500000000000000000e+03 2.791149599943310022e-04 2.065461885649710894e-04 2.193914724557544105e-06 4.189523224340518937e-06 1.526657608337700367e-03 5.295925075188279152e-05 2.668772649485617876e-04 4.753539997182087973e-06 6.466700597229646519e-06 6.560554029420018196e-04
3.600000000000000000e+03 2.951588248834013939e-04 2.129204513039439917e-04 2.019353587456862442e-06 3.694015504152048379e-06 1.491439645178616047e-03 5.196155325393192470e-05 4.066301917191594839e-04 2.626041123221511953e-06 5.563998001889558509e-06 6.188865518197417259e-04
3.700000000000000000e+03 4.165011632721871138e-04 3.037267306353896856e-04 2.162970758945448324e-06 2.064237014565151185e-05 1.541786827147006989e-03 6.695052434224635363e-05 7.613567868247628212e-04 1.471516043238807470e-06 1.735850310069508851e-05 6.473910179920494556e-04
3.800000000000000000e+03 2.476707450114190578e-04 2.163269964512437582e-04 1.836617343542457093e-06 3.328970933580421843e-06 1.383405062370002270e-03 5.009067899663932621e-05 2.427291328785941005e-04 2.954619503725552931e-06 8.546297976863570511e-06 5.447471630759537220e-04
3.900000000000000000e+03 2.813320606946945190e-04 2.285689988639205694e-04 3.264411589043447748e-06 5.303567832015687600e-06 1.389138633385300636e-03 4.744697434944100678e-05 5.172828095965087414e-04 5.927764505031518638e-06 2.601205096652847715e-06 5.346800317056477070e-04
4.000000000000000000e+03 2.556577383074909449e-04 2.199193550040945411e-04 1.611424636394076515e-06 3.355741455379757099e-06 1.338923815637826920e-03 4.453255678527057171e-05 4.157690273132175207e-04 7.137810825952328742e-06 4.041415650135604665e-06 5.032789777033030987e-04
4.100000000000000000e+03 2.298787294421344995e-04 2.209930389653891325e-04 1.747695137055416126e-06 2.981759053000132553e-06 1.275414833799004555e-03 4.200479452265426517e-05 1.888176047941669822e-04 7.495709724025800824e-06 7.520014605688629672e-06 4.660318372771143913e-04
4.200000000000000000e+03 1.235464704222977161e-03 1.354349078610539436e-03 7.513574473705375567e-06 3.387543620192445815e-05 1.161807915195822716e-03 4.026267561130225658e-05 1.087343320250511169e-03 1.382732352794846520e-05 6.206104444572702050e-05 4.473381559364497662e-04
4.300000000000000000e+03 2.580114232841879129e-04 2.559838176239281893e-04 1.744990413499181159e-06 4.017857463622931391e-06 1.261041965335607529e-03 3.580913835321553051e-05 5.970437196083366871e-04 8.487036211590748280e-06 1.713715164441964589e-06 4.349053488112986088e-04
4.400000000000000000e+03 3.322706907056272030e-04 3.279284865129739046e-04 5.943343239778187126e-06 1.726510527078062296e-05 1.307963975705206394e-03 3.874556568916887045e-05 8.353001903742551804e-04 9.409425729245413095e-06 4.430401986610377207e-06 4.622175183612853289e-04
4.500000000000000000e+03 1.896576723083853722e-04 2.076562814181670547e-04 1.624707010705606081e-06 2.086520453303819522e-06 1.187485409900546074e-03 2.875308928196318448e-05 2.107494801748543978e-04 4.758117029268760234e-06 9.196667633659671992e-06 3.977997985202819109e-04
4.600000000000000000e+03 1.864136575022712350e-04 2.006706345127895474e-04 1.778792807272111531e-06 3.677039103422430344e-06 1.166324131190776825e-03 2.809699435601942241e-05 2.569927019067108631e-04 3.028299033758230507e-06 6.618512088607531041e-06 3.785889130085706711e-04
4.700000000000000000e+03 1.901648502098396420e-04 2.069496404146775603e-04 2.983395006594946608e-06 8.571632861276157200e-06 1.195561955682933331e-03 2.197675712523050606e-05 4.457332834135740995e-04 3.289198730271891691e-06 1.187471934827044606e-05 3.878472780343145132e-04
4.800000000000000000e+03 2.155933761969208717e-04 2.491614723112434149e-04 1.750403498590458184e-06 2.067106152026099153e-06 1.116057275794446468e-03 2.443634912197012454e-05 1.159830717369914055e-04 2.380887281105970033e-06 1.370914196741068736e-05 3.546683874446898699e-04
4.900000000000000000e+03 1.762607280397787690e-04 2.081856073345988989e-04 1.769762093317694962e-06 3.232784592910320498e-06 1.144462148658931255e-03 2.020387728407513350e-05 4.008125397376716137e-04 2.028164772127638571e-06 6.596525508939521387e-06 3.537169832270592451e-04
5.000000000000000000e+03 1.751461823005229235e-04 1.887598191387951374e-04 2.056444600384566002e-06 1.779138756319298409e-06 1.138686784543097019e-03 2.385312473052181304e-05 3.391846839804202318e-04 2.257750338685582392e-06 9.801231499295681715e-06 3.516169963404536247e-04
5.100000000000000000e+03 1.949743164004758000e-04 1.543163234600797296e-04 1.208500862048822455e-06 4.171115961071336642e-06 1.142767723649740219e-03 1.477984096709406003e-05 2.657907025422900915e-04 2.532088728912640363e-06 8.754147529543843120e-06 3.303510020487010479e-04
5.200000000000000000e+03 1.913870364660397172e-04 1.599765382707118988e-04 1.353104266854643356e-06 4.034538051200797781e-06 1.114918268285691738e-03 1.321014769928297028e-05 2.706278755795210600e-04 3.240437308704713359e-06 3.466499947535339743e-06 3.180899075232446194e-04
5.300000000000000000e+03 1.828015374485403299e-04 1.645229349378496408e-04 1.304658212575304788e-06 3.437541181483538821e-06 1.091371057555079460e-03 1.167041682492708787e-05 3.164482477586716413e-04 2.893810687965014949e-06 2.729248535615624860e-06 3.072211984544992447e-04
5.400000000000000000e+03 1.731592055875808001e-04 1.581240212544798851e-04 1.732120040287554730e-06 4.514262855082051829e-06 1.112095196731388569e-03 1.386179428664036095e-05 3.568970714695751667e-04 5.630451596516650170e-06 4.388510660646716133e-06 3.189295239280909300e-04
5.500000000000000000e+03 1.986545248655602336e-04 1.868221588665619493e-04 1.347282818642270286e-06 2.405304030617116950e-06 1.081297523342072964e-03 9.722532013256568462e-06 6.056526908650994301e-04 2.716954895731760189e-06 2.118023758157505654e-06 2.990924112964421511e-04
5.600000000000000000e+03 1.617781526874750853e-04 1.763247273629531264e-04 1.156533812718407717e-06 1.965618594113038853e-06 1.052931882441043854e-03 9.614934242563322186e-06 4.159506643190979958e-04 4.852780421060742810e-06 1.859429062278650235e-06 2.879218081943690777e-04
5.700000000000000000e+03 2.303476067027077079e-04 2.383253595326095819e-04 1.329075416833802592e-06 3.175104438923881389e-06 1.005275174975395203e-03 1.099002838600426912e-05 8.558043191442266107e-05 6.856957952550146729e-06 5.976372904115123674e-06 2.808725985232740641e-04
5.800000000000000000e+03 1.244612620212137699e-03 8.816360495984554291e-04 3.914533408533316106e-06 4.165358041063882411e-05 9.870759677141904831e-04 1.750853880366776139e-05 7.158824009820818901e-04 1.395691015204647556e-05 5.780065839644521475e-05 3.161864296998828650e-04
5.900000000000000000e+03 1.438574254279956222e-04 1.611332991160452366e-04 1.327347831647784915e-06 2.004946281886077486e-06 1.023930031806230545e-03 1.003626948659075424e-05 3.329196188133209944e-04 7.363980785157764331e-06 2.398617880317033269e-06 2.733251894824206829e-04
6.000000000000000000e+03 1.427977404091507196e-04 1.695816026767715812e-04 1.076651415132801048e-06 1.802400106498680543e-06 1.000924734398722649e-03 9.909426808007992804e-06 3.529832174535840750e-04 5.997560492687625811e-06 3.076229859289014712e-06 2.653902629390358925e-04
6.100000000000000000e+03 1.551696477690711617e-04 1.876066962722688913e-04 1.305192199652083218e-06 1.200299607262422796e-06 1.005766796879470348e-03 1.011141375784063712e-05 5.752154393121600151e-04 5.006369065085891634e-06 1.162900730378169101e-06 2.629082300700247288e-04
6.200000000000000000e+03 1.363116607535630465e-04 1.777051511453464627e-04 1.421163574377715122e-06 3.229401045246049762e-06 9.759864769876003265e-04 1.039681774273049086e-05 3.223909297958016396e-04 5.244184649200178683e-06 4.872380941378651187e-06 2.548666961956769228e-04
6.300000000000000000e+03 1.255302922800183296e-04 1.717994891805574298e-04 1.679292608969262801e-06 1.044393115989805665e-06 9.792457567527890205e-04 1.023811182676581666e-05 3.648064157459884882e-04 6.111688890086952597e-06 1.341908728136331774e-06 2.534983796067535877e-04
6.400000000000000000e+03 1.273708185181021690e-03 7.157076615840196609e-04 9.423968549526762217e-06 4.351611642050556839e-05 1.170392381027340889e-03 2.075025804515462369e-05 3.001086646690964699e-03 3.069209469686029479e-06 3.990593540947884321e-05 3.730812459252774715e-04
6.500000000000000000e+03 1.246538304258137941e-04 1.684598537394776940e-04 1.514513314759824425e-06 1.163857859864947386e-06 9.503187611699104309e-04 1.136561422754311934e-05 3.606032114475965500e-04 5.751542630605399609e-06 1.451021944376407191e-06 2.400031371507793665e-04
6.600000000000000000e+03 1.379038440063595772e-04 1.852702989708632231e-04 1.508093419033684768e-06 2.691258032427867875e-06 9.275773772969841957e-04 1.162365333584602922e-05 2.130940847564488649e-04 5.141417204868048429e-06 4.080535290995612741e-06 2.347190747968852520e-04
6.700000000000000000e+03 1.189682079711928964e-04 1.703204616205766797e-04 1.547780357213923708e-06 1.192072318190184887e-06 9.295559721067547798e-04 1.234565115737495944e-05 3.547776141203939915e-04 6.701276561216218397e-06 1.161986347142374143e-06 2.287843526573851705e-04
6.800000000000000000e+03 7.611874025315046310e-04 4.520859511103481054e-04 7.033050223981263116e-06 6.824005686212331057e-05 1.124557107686996460e-03 1.441149834136012942e-05 1.857003895565867424e-03 3.645801029961148743e-07 6.599893094971776009e-05 3.436575643718242645e-04
6.900000000000000000e+03 1.261668076040223241e-04 1.768532820278778672e-04 1.608021648280555382e-06 7.703041546847089194e-07 9.167674579657614231e-04 1.143948338722111657e-05 5.210625822655856609e-04 3.747618166016764008e-06 1.989769543797592632e-06 2.207914803875610232e-04
7.000000000000000000e+03 1.123948823078535497e-04 1.668242330197244883e-04 1.575163992129091639e-06 9.940174550138181075e-07 8.916442166082561016e-04 1.301632801187224686e-05 3.116560692433267832e-04 4.621315383701585233e-06 1.880838453871547244e-06 2.118593693012371659e-04
7.100000000000000000e+03 1.159895327873528004e-04 1.593633205629885197e-04 1.826714651542715728e-06 1.119511011893337127e-06 8.897691150195896626e-04 1.313072607445064932e-05 2.217837754869833589e-04 2.503950327081838623e-06 2.002886049012886360e-06 2.116630494128912687e-04
7.200000000000000000e+03 4.654530494008213282e-04 3.840160788968205452e-04 2.812482534864102490e-06 1.696301410447631497e-06 8.409860893152654171e-04 2.288360519742127508e-05 7.152930629672482610e-05 7.612590707140043378e-06 4.436011295183561742e-06 2.103775041177868843e-04
7.300000000000000000e+03 1.013521177810616791e-04 1.589674502611160278e-04 1.696671006357064471e-06 9.271597605220449623e-07 8.692977717146277428e-04 1.226238509843824431e-05 4.357332363724708557e-04 3.754503268282860518e-06 2.012789764194167219e-06 1.950897276401519775e-04
7.400000000000000000e+03 1.032007567118853331e-04 1.558044750709086657e-04 1.815325049392413348e-06 1.473905967941391282e-06 8.488204330205917358e-04 1.233006514667067677e-05 2.711125125642865896e-04 3.276921006545308046e-06 4.021964741696137935e-06 1.893005246529355645e-04
7.500000000000000000e+03 9.551124821882694960e-05 1.572633336763828993e-04 1.996966830120072700e-06 3.114489800282171927e-06 8.446267456747591496e-04 1.176163550553610548e-05 2.438743395032361150e-04 3.211875764463911764e-06 8.765833626966923475e-06 1.885352394310757518e-04
7.600000000000000000e+03 1.051902072504162788e-04 1.628871686989441514e-04 1.968325250345515087e-06 9.116442356571496930e-07 8.391463779844343662e-04 1.105842238757759333e-05 4.718325799331068993e-04 2.462463726260466501e-06 1.657628899920382537e-06 1.801059552235528827e-04
7.700000000000000000e+03 2.548023185227066278e-04 2.257456071674823761e-04 4.214037289784755558e-06 1.508222339907661080e-06 8.126005996018648148e-04 1.528698703623376787e-05 2.360419966862536967e-05 6.325458343781065196e-06 2.798549076032941230e-06 1.828801323426887393e-04
7.800000000000000000e+03 3.217963385395705700e-04 2.560240391176193953e-04 2.485132426954805851e-06 1.420390503881208133e-06 7.837740704417228699e-04 1.562977377034258097e-05 2.801866867230273783e-05 3.126212959614349529e-06 3.618314167397329584e-06 1.700041611911728978e-04
7.900000000000000000e+03 9.203240915667265654e-05 1.461729698348790407e-04 2.144602376574766822e-06 2.049349177468684502e-06 7.978423382155597210e-04 8.522113603248726577e-06 4.474951711017638445e-04 1.633763645259023178e-06 4.600310603564139456e-06 1.554508053231984377e-04
8.000000000000000000e+03 1.168980743386782706e-04 1.519849902251735330e-04 6.875422513985540718e-06 3.537539669196121395e-06 8.293153368867933750e-04 8.741462806938216090e-06 5.783666856586933136e-04 2.008093588301562704e-06 3.323416194689343683e-06 1.638312096474692225e-04
8.100000000000000000e+03 1.078730783774517477e-04 1.556582719786092639e-04 2.267151785417809151e-06 8.427595048488001339e-07 7.441309862770140171e-04 9.447588126931805164e-06 1.222477294504642487e-04 2.038419552263803780e-06 2.891616759370663203e-06 1.434499718016013503e-04
8.200000000000000000e+03 8.607013296568766236e-05 1.328214420937001705e-04 2.332571739316335879e-06 2.348500856896862388e-06 7.357090944424271584e-04 7.694093255850020796e-06 2.263429778395220637e-04 1.553743231852422468e-06 3.930178536393214017e-06 1.341833412880077958e-04
8.300000000000000000e+03 1.017636677715927362e-04 1.423061330569908023e-04 2.695871899049961939e-06 1.483860614825971425e-06 7.676724926568567753e-04 7.205942893051542342e-06 5.593553069047629833e-04 7.050090289340005256e-07 3.609962050177273341e-06 1.292193192057311535e-04
8.400000000000000000e+03 1.025362726068124175e-04 1.236474199686199427e-04 2.396608351773465984e-06 8.023513373700552620e-07 7.124394178390502930e-04 7.677000212424900383e-06 1.596368092577904463e-04 1.557021732878638431e-06 1.195197910419665277e-06 1.201172199216671288e-04
8.500000000000000000e+03 8.762175275478512049e-05 1.222787977894768119e-04 2.679312274267431349e-06 8.183415047824382782e-07 7.126266718842089176e-04 7.909641681180801243e-06 3.297928778920322657e-04 1.450621084586600773e-06 8.903187449504912365e-07 1.145570422522723675e-04
8.600000000000000000e+03 8.340713975485414267e-05 1.107280841097235680e-04 2.967503405670868233e-06 1.334394346486078575e-05 7.166265859268605709e-04 8.396051271120086312e-06 3.058424044866114855e-04 7.316419896596926264e-07 1.351213359157554805e-05 1.125364069594070315e-04
8.700000000000000000e+03 8.824888936942443252e-05 1.141658940468914807e-04 2.755974492174573243e-06 9.811169547901954502e-07 6.764913559891283512e-04 7.779569386912044138e-06 2.710915869101881981e-04 1.346597287010808941e-06 1.136314381255942862e-06 1.011094500427134335e-04
8.800000000000000000e+03 1.014696608763188124e-04 1.233198563568294048e-04 2.635813416418386623e-06 2.033643568211118691e-06 6.559840985573828220e-04 7.276866654137847945e-06 1.145447458839043975e-04 1.500012899668945465e-06 1.831995973589073401e-06 9.932323882821947336e-05
8.900000000000000000e+03 9.463720925850793719e-05 1.080428992281667888e-04 2.847604719136143103e-06 6.401400014510727488e-07 6.575615843757987022e-04 8.312081263284198940e-06 3.075749846175312996e-04 1.018491502691176720e-06 2.354450316488509998e-06 8.966216410044580698e-05
9.000000000000000000e+03 1.156332436949014664e-04 1.186502558994106948e-04 2.653692945386865176e-06 7.462209055120183621e-07 6.269377772696316242e-04 7.901617209427058697e-06 7.997218926902860403e-05 1.345979853795142844e-06 1.559554334562562872e-06 9.000170393846929073e-05
9.100000000000000000e+03 5.944971926510334015e-04 3.747362934518605471e-04 6.583748472621664405e-06 1.037824586092028767e-05 7.571399910375475883e-04 4.342586908023804426e-05 1.265830011107027531e-03 2.708627562242327258e-06 2.177016722271218896e-05 1.327330828644335270e-04
9.200000000000000000e+03 9.025684266816824675e-05 1.042092408169992268e-04 2.601933147161616944e-06 1.068746428245503921e-06 6.054342957213521004e-04 8.513778993801679462e-06 1.314879918936640024e-04 1.031920419336529449e-06 2.531732661736896262e-06 8.076316589722409844e-05
9.300000000000000000e+03 9.422474249731749296e-05 1.014002264128066599e-04 3.140928129141684622e-06 2.374371661062468775e-06 6.077206344343721867e-04 1.326367146248230711e-05 1.495899050496518612e-04 1.589304361004906241e-06 2.644703954501892440e-06 8.073923527263104916e-05
9.400000000000000000e+03 6.198898772709071636e-04 3.368370234966278076e-04 3.721881967067020014e-06 1.699101972008065786e-06 6.450506043620407581e-04 3.847687185043469071e-05 1.108633470721542835e-03 7.239868295982887503e-07 7.807132533343974501e-06 7.129950245143845677e-05
9.500000000000000000e+03 1.174766584881581366e-04 8.203267498174682260e-05 2.574741301941685379e-06 6.000955750096181873e-07 5.788196576759219170e-04 7.237014415295561776e-06 7.066523539833724499e-05 1.055793632076529320e-06 3.592841721911099739e-06 6.746744475094601512e-05
9.600000000000000000e+03 9.403794683748856187e-05 8.091561903711408377e-05 2.509963678676285781e-06 6.210617584656574763e-07 5.732235149480402470e-04 8.855520718498155475e-06 1.460433268221095204e-04 9.924441428665886633e-07 3.364789790794020519e-06 6.519061571452766657e-05
9.700000000000000000e+03 1.321306044701486826e-04 1.096360138035379350e-04 3.033183702427777462e-06 9.410809411747322883e-07 5.470094620250165462e-04 7.411845672322669998e-06 2.986243998748250306e-05 2.014282699747127481e-06 3.478405687928898260e-06 6.748845044057816267e-05
9.800000000000000000e+03 1.269306085305288434e-04 8.734752191230654716e-05 2.596065769466804340e-06 7.975310154506587423e-07 5.481778061948716640e-04 1.117288229579571635e-05 1.640209666220471263e-04 5.306052912601444405e-07 3.615878313212306239e-06 6.464542821049690247e-05
9.900000000000000000e+03 1.097205240512266755e-04 9.269426664104685187e-05 2.427927256576367654e-06 1.437500372958311345e-06 5.272134440019726753e-04 5.659413545799907297e-06 3.744415880646556616e-05 1.068493475031573325e-06 3.204823713076621061e-07 6.366772868204861879e-05
1.000000000000000000e+04 2.741300268098711967e-04 2.029061142820864916e-04 2.521790520404465497e-06 1.578188744133512955e-06 5.013697082176804543e-04 8.027301191759761423e-06 1.043153388309292495e-04 1.422005766471556854e-06 3.185116668191767531e-07 6.871284131193533540e-05
1.010000000000000000e+04 1.260466087842360139e-04 6.106121873017400503e-05 2.882208264054497704e-06 2.127997504430823028e-06 1.166782807558774948e-03 1.827997766667976975e-05 5.616025373456068337e-05 9.538060794511693530e-07 8.762719403421215247e-07 1.898213668027892709e-04
1.020000000000000000e+04 7.790228846715763211e-05 1.047670739353634417e-04 5.965415539321838878e-07 1.458585757063701749e-06 8.137333206832408905e-04 4.014650130557129160e-06 1.129955926444381475e-04 6.099785423430148512e-07 1.511177174506883603e-06 1.061620205291546881e-04
1.030000000000000000e+04 1.033508087857626379e-04 1.155194331659004092e-04 4.922340508528577629e-07 1.294821117880928796e-06 7.140818634070456028e-04 2.804032874337281100e-06 1.039830021909438074e-04 1.945869598785066046e-07 1.850360035859921481e-06 1.034545493894256651e-04
1.040000000000000000e+04 1.086787742679007351e-04 1.054160093190148473e-04 7.547525910922558978e-07 1.576743557052395772e-06 6.831431528553366661e-04 3.311880163892055862e-06 1.127716168412007391e-04 2.477875682416197378e-07 2.549004875618265942e-06 1.030564380926080048e-04
1.050000000000000000e+04 1.120583474403247237e-04 1.023889126372523606e-04 7.403656923088419717e-07 1.406774686074641068e-06 6.587336538359522820e-04 3.424946271479711868e-06 8.628963405499234796e-05 1.388076782404823462e-07 2.363420662732096389e-06 1.055768443620763719e-04
1.060000000000000000e+04 1.382805494358763099e-04 1.006952661555260420e-04 8.258326715804287232e-07 1.602616521267918870e-06 6.477879360318183899e-04 3.602371634769951925e-06 1.933588355313986540e-04 3.278369717918394599e-07 2.714106130952131934e-06 1.023894292302429676e-04
1.070000000000000000e+04 1.677152322372421622e-04 1.074518077075481415e-04 9.235485549652366899e-07 1.959063638423685916e-06 6.376665551215410233e-04 3.510808710416313261e-06 2.379374491283670068e-04 2.027534549142728793e-07 2.617517338876496069e-06 1.013074725051410496e-04
1.080000000000000000e+04 4.565334820654243231e-04 2.287832612637430429e-04 1.169537654277519323e-06 7.649967301404103637e-06 7.009787368588149548e-04 4.138538770348532125e-06 5.444224807433784008e-04 5.843691042173304595e-07 7.541339982708450407e-06 8.197944407584145665e-05
1.090000000000000000e+04 1.798548182705417275e-04 1.016628884826786816e-04 8.603269634477328509e-07 1.554485720589582343e-06 6.152993883006274700e-04 3.695366558531532064e-06 2.030072064371779561e-04 1.387272874353584484e-07 3.579205213100067340e-06 1.044318923959508538e-04
1.100000000000000000e+04 1.381958718411624432e-04 8.658289152663201094e-05 9.547309218760346994e-07 1.415613382960145827e-06 5.826476844958961010e-04 2.990183702422655188e-06 1.217698445543646812e-04 1.871788271046170848e-07 2.776102064672159031e-06 1.170559771708212793e-04
1.110000000000000000e+04 2.274537546327337623e-04 2.253509446745738387e-04 1.050158175530668814e-06 1.923485342558706179e-06 5.396537017077207565e-04 2.168372702726628631e-06 8.037604857236146927e-05 2.414431889974366641e-07 2.107139152940362692e-06 1.527917047496885061e-04
1.120000000000000000e+04 3.390539204701781273e-04 1.075820546247996390e-04 4.636366611521225423e-06 5.473052624438423663e-06 6.492118700407445431e-04 1.227610937348799780e-05 1.664288429310545325e-04 2.233341319879400544e-06 1.562026227475143969e-05 9.786503505893051624e-05
1.130000000000000000e+04 1.265782921109348536e-04 9.103637421503663063e-05 9.007981134345754981e-07 1.205800003845070023e-06 5.324939847923815250e-04 2.124936145264655352e-06 2.150212458218447864e-05 1.300843166518461658e-07 3.249809196859132499e-06 1.416309096384793520e-04
1.140000000000000000e+04 2.934032527264207602e-04 2.564521564636379480e-04 1.058337943504739087e-06 1.393006755279202480e-06 4.957700148224830627e-04 2.427919071124051698e-06 1.461920037399977446e-04 3.897393980878405273e-07 2.981301122417789884e-06 1.749387738527730107e-04
1.150000000000000000e+04 1.167901282315142453e-04 7.848095992812886834e-05 9.043599220603937283e-07 1.132965849137690384e-06 5.052452324889600277e-04 2.725016884141950868e-06 2.832632162608206272e-05 3.061676636662014062e-07 4.173131856077816337e-06 1.534555922262370586e-04
1.160000000000000000e+04 1.121724490076303482e-04 8.207028440665453672e-05 1.093599735213501845e-06 1.609197852303623222e-06 5.018943338654935360e-04 2.686425204956321977e-06 2.013459197769407183e-05 2.094278528375070891e-07 4.254418854543473572e-06 1.584603742230683565e-04
1.170000000000000000e+04 1.149215240729972720e-04 6.984546052990481257e-05 1.081651475942635443e-06 1.178623847408744041e-06 4.970910958945751190e-04 2.572520998000982217e-06 2.177707756345625967e-05 6.128624931989179458e-07 5.303519174049142748e-06 1.556993229314684868e-04
1.180000000000000000e+04 1.219989862875081599e-04 6.601055065402761102e-05 1.027204802994674537e-06 1.267917923541972414e-06 4.925029352307319641e-04 3.621502173700719140e-06 4.449680636753328145e-05 1.634675612649516552e-07 4.947710749547695741e-06 1.532380993012338877e-04
1.190000000000000000e+04 9.904276521410793066e-05 5.246140426606871188e-05 1.920050181070109829e-06 1.413901713931409176e-06 5.132734659127891064e-04 4.263128175807651132e-06 2.522919203329365700e-05 1.901923809555228218e-07 4.073425770911853760e-06 1.494147873017936945e-04
1.200000000000000000e+04 2.313985460205003619e-04 1.750620285747572780e-04 1.194731112263980322e-06 1.139114033321675379e-06 4.439847543835639954e-04 2.928496996901230887e-06 1.129838201450183988e-04 5.000118790121632628e-07 3.872454726661089808e-06 2.040293329628184438e-04
1.210000000000000000e+04 3.096707514487206936e-04 2.824884140864014626e-04 1.358513713967113290e-06 1.235979766534001101e-06 4.304455069359391928e-04 3.788919457292649895e-06 2.463716664351522923e-04 8.548301480004738551e-07 4.748861556436168030e-06 2.215178537881001830e-04
1.220000000000000000e+04 9.430540958419442177e-04 2.547727781347930431e-04 6.214568202267400920e-06 8.589783647039439529e-06 5.535672535188496113e-04 7.565958367194980383e-05 3.230187285225838423e-04 3.856962393911089748e-06 2.076946475426666439e-05 1.359456509817391634e-04
1.230000000000000000e+04 1.033567095873877406e-04 6.970481626922264695e-05 9.048738434103142936e-07 9.763281241248478182e-07 4.260431160219013691e-04 3.062496944039594382e-06 2.213418702012859285e-05 2.661037683537870180e-07 5.850806246598949656e-06 2.099200501106679440e-04
1.240000000000000000e+04 1.045698154484853148e-04 5.961908027529716492e-05 9.546477031108224764e-07 9.869927453109994531e-07 4.256230895407497883e-04 3.346752009747433476e-06 2.185896846640389413e-05 1.761410004519348149e-07 4.663612344302237034e-06 2.066702581942081451e-04
1.250000000000000000e+04 1.206292727147229016e-04 6.313106132438406348e-05 7.452046020262059756e-07 9.009626182887586765e-07 4.248763143550604582e-04 3.539889121384476312e-06 2.651736031111795455e-05 2.151321751853174646e-07 7.810943316144403070e-06 2.106467436533421278e-04
1.260000000000000000e+04 1.044335003825835884e-04 6.466860213549807668e-05 8.857574584908434190e-07 7.781865178912994452e-07 4.034257726743817329e-04 2.794721694954205304e-06 2.137837691407185048e-05 3.701685216128680622e-07 4.907721631752792746e-06 2.315082238055765629e-04
1.270000000000000000e+04 1.049264537869021297e-04 5.471381155075505376e-05 8.637430823910108302e-07 8.404869049627450295e-07 4.089005524292588234e-04 2.470066647219937295e-06 2.295175545441452414e-05 4.379983238322893158e-07 5.673667146766092628e-06 2.160117437597364187e-04
1.280000000000000000e+04 9.365447913296520710e-04 3.786493616644293070e-04 3.128486014247755520e-06 3.536359145073220134e-06 4.616698424797505140e-04 2.118431257258635014e-05 3.695767663884907961e-04 2.291861846970277838e-06 9.764964488567784429e-06 1.727555209072306752e-04
1.290000000000000000e+04 9.838148980634287000e-05 6.648865382885560393e-05 8.299332421302096918e-07 7.459617563654319383e-07 3.740727552212774754e-04 2.179837565563502721e-06 3.356271554366685450e-05 2.147688320519591798e-07 4.785775672644376755e-06 2.646796347107738256e-04
1.300000000000000000e+04 9.438247798243537545e-05 6.771114567527547479e-05 7.418765335387433879e-07 6.963216492295032367e-07 3.751266631297767162e-04 2.059782900687423535e-06 3.989915421698242426e-05 1.250774346317484742e-07 5.624408004223369062e-06 2.649918897077441216e-04
1.310000000000000000e+04 1.707355258986353874e-04 1.150333264376968145e-04 1.028590759233338758e-06 8.030334015529660974e-07 3.679855144582688808e-04 2.257288542750757188e-06 1.366846554446965456e-04 4.136802829179941909e-07 4.108122993784490973e-06 2.776283072307705879e-04
1.320000000000000000e+04 9.159065666608512402e-05 5.872270412510260940e-05 8.188416131815756671e-07 5.713986297450901475e-07 3.601599019020795822e-04 1.717253326205536723e-06 2.804112955345772207e-05 1.360335062372541870e-07 4.748286301037296653e-06 2.831979654729366302e-04
1.330000000000000000e+04 9.329407475888729095e-05 5.905784200876951218e-05 8.039428962547390256e-07 6.266604373195150401e-07 3.565686347428709269e-04 2.342104608032968827e-06 2.953508010250516236e-05 1.256925941106601385e-07 5.989640612824587151e-06 2.894123317673802376e-04
1.340000000000000000e+04 1.212621864397078753e-04 6.510982348117977381e-05 8.909859730010794010e-07 6.006367812005919404e-07 3.522442711982876062e-04 3.891968844982329756e-06 2.961200516438111663e-05 1.038807155850918207e-07 5.054943358118180186e-06 2.864548005163669586e-04
1.350000000000000000e+04 8.596167754149064422e-05 6.336226942948997021e-05 8.275605978269595653e-07 5.492906893778126687e-07 3.365296870470046997e-04 1.595639446350105572e-06 4.782492396770976484e-05 1.763289390055433614e-07 6.355868663376895711e-06 3.205104439985007048e-04
1.360000000000000000e+04 8.430060552200302482e-05 5.778635022579692304e-05 8.998160296869173180e-07 5.745858402406156529e-07 3.322205739095807076e-04 1.555928861307620537e-06 3.913615364581346512e-05 3.964784127674647607e-07 7.207008820842020214e-06 3.248289576731622219e-04
1.370000000000000000e+04 2.344132662983611226e-04 1.859654003055766225e-04 1.020262629936041776e-06 6.699427217427000869e-07 3.240338992327451706e-04 2.409760554655804299e-06 2.913755597546696663e-04 2.563936618571460713e-07 5.827603217767318711e-06 3.459635772742331028e-04
1.380000000000000000e+04 9.893189417198300362e-04 4.754911060445010662e-04 2.099171069858130068e-06 2.027033815465983935e-06 3.750885953195393085e-04 1.641619564907159656e-05 3.893144894391298294e-04 1.771542486039834330e-07 7.865987754485104233e-06 2.598563442006707191e-04
1.390000000000000000e+04 1.084780597011558712e-04 6.517170550068840384e-05 9.777511422726092860e-07 5.857462497260712553e-07 3.268278378527611494e-04 1.412956748936267104e-06 3.703574111568741500e-05 2.293346739179469296e-07 6.672629751847125590e-06 3.290426684543490410e-04
1.400000000000000000e+04 7.642469427082687616e-05 5.452083132695406675e-05 7.826627665963314939e-07 3.658716423160512932e-07 3.110561228822916746e-04 1.235205445482279174e-06 5.930523548158816993e-05 3.125603882381255971e-07 5.563785180129343644e-06 3.551777335815131664e-04
1.410000000000000000e+04 1.935851614689454436e-04 1.543241669423878193e-04 9.359995374325080775e-07 4.291381685561646009e-07 2.880035317502915859e-04 2.605074541861540638e-06 2.312317956238985062e-04 1.635105491004651412e-07 4.764547611557645723e-06 4.169491003267467022e-04
1.420000000000000000e+04 1.951667509274557233e-04 1.319349976256489754e-04 1.729496375446615275e-06 1.954796744030318223e-06 3.854754613712430000e-04 1.838032403611578047e-05 3.386851458344608545e-04 1.799146048142574728e-06 4.901023203274235129e-06 2.815181214828044176e-04
1.430000000000000000e+04 1.278525451198220253e-04 9.800046973396092653e-05 7.526298873017367441e-07 3.863853805796679808e-07 2.861279936041682959e-04 2.329070184714510106e-06 1.454487646697089076e-04 3.392817689018556848e-07 3.517500545058283024e-06 4.148324951529502869e-04
1.440000000000000000e+04 1.015553789329715073e-04 5.762369983131065965e-05 9.020793640956981108e-07 3.651535109838732751e-07 2.913070784416049719e-04 1.142243490903638303e-06 4.555609848466701806e-05 1.887588325644173892e-07 5.248919023870257661e-06 3.890413790941238403e-04
1.450000000000000000e+04 9.716536442283540964e-05 6.604548252653330564e-05 8.161840696629951708e-07 3.217533901533897733e-07 2.879718376789242029e-04 1.012997472571441904e-06 4.637632446247152984e-05 2.103855365476192674e-07 5.155779035703744739e-06 3.909017541445791721e-04
1.460000000000000000e+04 6.969276000745594501e-05 4.275908213458023965e-05 8.398545787713374011e-07 8.774505886322003789e-07 3.008186467923223972e-04 2.773738287942251191e-06 1.004272708087228239e-04 4.232020387462398503e-07 5.954161679255776107e-06 3.747716255020350218e-04
1.470000000000000000e+04 1.355832500848919153e-04 1.103996110032312572e-04 6.955206686143355910e-07 5.253389190329471603e-07 2.623978070914745331e-04 2.284461970702977851e-06 1.922985829878598452e-04 5.911759899390744977e-07 3.638824864538037218e-06 4.709224158432334661e-04
1.480000000000000000e+04 9.214831516146659851e-04 3.517236909829080105e-04 1.732046598590386566e-06 1.719615397632878739e-06 2.994836831931024790e-04 1.354434061795473099e-05 2.759517228696495295e-04 5.387719426153125823e-08 5.222207619226537645e-06 3.721701796166598797e-04
1.490000000000000000e+04 5.989645796944387257e-05 4.692521542892791331e-05 7.313119567697867751e-07 3.056011053104157327e-07 2.671996480785310268e-04 1.235071863447956275e-06 7.518297934439033270e-05 5.234646778262685984e-07 3.712587840709602460e-06 4.519721551332622766e-04
1.500000000000000000e+04 5.893479465157724917e-05 4.350749077275395393e-05 8.474959827253769618e-07 7.927351930447912309e-07 2.739017654675990343e-04 1.617076691218244378e-06 8.581277506891638041e-05 5.674011731571226846e-07 3.465597501417505555e-06 4.414652066770941019e-04
1.510000000000000000e+04 1.178735401481389999e-04 4.957963756169192493e-05 6.882675052111153491e-07 1.375433953398896847e-06 9.220491047017276287e-04 1.041018094838364050e-05 6.257423228817060590e-05 6.048097134225827176e-07 1.033317093970254064e-04 1.594849163666367531e-04
1.520000000000000000e+04 8.389307913603261113e-05 5.299975964589975774e-05 8.686301953275687993e-07 4.428885631568846293e-07 7.129038567654788494e-04 4.922846073895925656e-06 4.499420538195408881e-05 2.284349562842180603e-07 2.912311538239009678e-05 7.952838495839387178e-05
1.530000000000000000e+04 7.067333353916183114e-05 5.230541501077823341e-05 7.770913157401082572e-07 2.601422011139220558e-07 5.951570346951484680e-04 3.718814696185290813e-06 4.128584259888157248e-05 3.157698813538445393e-07 1.944952964549884200e-05 4.970342342858202755e-05
1.540000000000000000e+04 6.253960600588470697e-05 5.492597847478464246e-05 8.035802352424070705e-07 2.605382292131253053e-07 5.086166202090680599e-04 3.257463731642928906e-06 4.421303674462251365e-05 4.505410515776020475e-07 1.061697003024164587e-05 3.634623499237932265e-05
1.550000000000000000e+04 5.981280628475360572e-05 6.170651613501831889e-05 7.877765142438875046e-07 1.803012708023743471e-07 4.420748737175017595e-04 2.616956180645502172e-06 5.138159394846297801e-05 5.338479240890592337e-07 9.822308129514567554e-06 3.172209835611283779e-05
1.560000000000000000e+04 5.676805449184030294e-05 6.390085036400705576e-05 5.541795076169364620e-07 1.959397479822655441e-07 3.915007400792092085e-04 1.875862380984472111e-06 5.621257514576427639e-05 7.118648568393837195e-07 1.133405112341279164e-05 2.973531627503689378e-05
1.570000000000000000e+04 5.362882075132802129e-05 6.549885438289493322e-05 4.298420606119179865e-07 1.759856047556240810e-07 3.470982192084193230e-04 1.702324766483798157e-06 5.662255352945066988e-05 6.155774485705478583e-07 1.502678969700355083e-05 2.901724110415671021e-05
1.580000000000000000e+04 7.234550139401108027e-05 6.636163016082718968e-05 2.868128490263188723e-07 1.438487657878795289e-07 3.148546966258436441e-04 2.486611265339888632e-06 5.862523539690300822e-05 6.952986382202652749e-07 2.041695370280649513e-05 2.597882667032536119e-05
1.590000000000000000e+04 2.691939298529177904e-04 1.177134690806269646e-04 4.130788227030279813e-07 4.852508368458074983e-07 3.067440411541610956e-04 6.227764060895424336e-06 1.367892982671037316e-04 5.909203650844574440e-07 2.228476660093292594e-05 2.121292345691472292e-05
1.600000000000000000e+04 7.403592462651431561e-05 5.486036025104112923e-05 2.960453571176913101e-07 3.505084009702841286e-07 2.707108797039836645e-04 2.223740466433810070e-06 6.881856097606942058e-05 6.779631007702846546e-07 1.909071397676598281e-05 2.578182647994253784e-05
1.610000000000000000e+04 4.967282075085677207e-05 4.101871672901324928e-05 2.811637216382223414e-07 1.666925726340195979e-07 2.658511511981487274e-04 1.275683644053060561e-06 4.445257218321785331e-05 7.654322189409867860e-07 2.746617974480614066e-05 1.952157435880508274e-05
1.620000000000000000e+04 1.012695647659711540e-04 6.047419446986168623e-05 4.724104769593395758e-07 1.080688093679782469e-06 2.623077598400413990e-04 6.899967047502286732e-06 1.095786428777500987e-04 6.697650860587600619e-07 2.018542181758675724e-05 1.870314190455246717e-05
1.630000000000000000e+04 5.921476622461341321e-05 4.410020119394175708e-05 2.284930218365843757e-07 2.266688028385033249e-07 2.356024342589080334e-04 1.820661623241903726e-06 5.531498391064815223e-05 8.647347726764564868e-07 2.332718031539116055e-05 2.337842670385725796e-05
1.640000000000000000e+04 1.057767076417803764e-04 4.402430931804701686e-05 1.846653816528487368e-07 1.471779569328646176e-07 2.426448481855913997e-04 2.563602492955396883e-06 6.236611807253211737e-05 8.486694014209206216e-07 2.773811866063624620e-05 1.462382351746782660e-05
1.650000000000000000e+04 5.577943738899193704e-05 3.259191362303681672e-05 1.584136697374560754e-07 1.808361531629998353e-07 2.251806436106562614e-04 1.720890054457413498e-06 5.223528933129273355e-05 5.181194637771113776e-07 2.339905586268287152e-05 1.807215448934584856e-05
1.660000000000000000e+04 4.301391891203820705e-05 2.256912557641044259e-05 1.543780143720141496e-07 2.997094270540401340e-07 2.227085933554917574e-04 1.423549292667303234e-06 3.694257247843779624e-05 6.106936325522838160e-07 2.294203295605257154e-05 1.564547528687398881e-05
1.670000000000000000e+04 1.062471346813254058e-04 7.368972728727385402e-05 2.762650126442167675e-07 1.028185010909510311e-06 2.428152365610003471e-04 1.641634071347652934e-06 6.942242180230095983e-05 1.061273565028386656e-06 2.356047480134293437e-05 9.650072570366319269e-06
1.680000000000000000e+04 4.732646993943490088e-05 1.892716682050377131e-05 1.728808882717203232e-07 1.433246552551281638e-07 2.088670298689976335e-04 2.129612084900145419e-06 4.417796299094334245e-05 9.144237083091866225e-07 1.994495687540620565e-05 1.452662672818405554e-05
1.690000000000000000e+04 5.866031278856098652e-05 1.951391022885218263e-04 1.385103729489856050e-07 1.737120953748672036e-07 1.815892028389498591e-04 1.829169377742800862e-06 1.400367618771269917e-04 7.088620463946426753e-07 1.968127253348939121e-05 3.537309021339751780e-05
1.700000000000000000e+04 6.128487439127638936e-05 6.303797999862581491e-05 1.458825664713003789e-07 1.066134274196883780e-07 1.883925724541768432e-04 2.508923671484808438e-06 8.403861284023150802e-05 7.742236221019993536e-07 1.869153493316844106e-05 2.055878940154798329e-05
1.710000000000000000e+04 8.290076948469504714e-05 3.211685179849155247e-05 1.719647997333595413e-07 1.330121222054003738e-07 1.892114814836531878e-04 2.731180302362190560e-06 7.617121445946395397e-05 9.019275921673397534e-07 2.009952004300430417e-05 1.509314188297139481e-05
1.720000000000000000e+04 1.489862916059792042e-04 2.556093968451023102e-04 1.318859688126394758e-07 3.308336999907623976e-07 1.678688131505623460e-04 3.679144356283359230e-06 2.452348999213427305e-04 8.438514100816973951e-07 1.326252640865277499e-05 3.529695095494389534e-05
1.730000000000000000e+04 3.489316077320836484e-05 5.719322143704630435e-05 1.336558597131443094e-07 1.471442203637707280e-07 1.812410919228568673e-04 2.043519089056644589e-06 5.274817158351652324e-05 5.277897798805497587e-07 1.638132744119502604e-05 1.857237111835274845e-05
1.740000000000000000e+04 1.023452350636944175e-04 3.342808849993161857e-05 1.434753755802375963e-07 1.973711647451636964e-07 1.824176142690703273e-04 3.619610879468382336e-06 9.204717935062944889e-05 9.646502121540834196e-07 1.680439891060814261e-05 1.298656297876732424e-05
1.750000000000000000e+04 3.701098830788396299e-05 1.236982734553748742e-05 1.044123507654148852e-07 1.487335055117000593e-07 1.778690639184787869e-04 1.686199425421364140e-06 2.586559821793343872e-05 4.798981763087795116e-07 1.689013333816546947e-05 1.193016032630112022e-05
1.760000000000000000e+04 3.412245714571326971e-04 2.190603845519945025e-04 2.953873092792491661e-07 8.803221476227918174e-07 2.024201530730351806e-04 7.680775524931959808e-06 2.027706650551408529e-04 3.607089524848561268e-07 2.095760464726481587e-05 1.651616548770107329e-05
1.770000000000000000e+04 1.322950847679749131e-04 1.989483425859361887e-04 1.995860401393656502e-07 2.178899336513495655e-07 1.980639499379321933e-04 2.832491190929431468e-06 1.133119294536300004e-04 5.594927756646939088e-07 1.536387571832165122e-05 1.491420607635518536e-05
1.780000000000000000e+04 5.409781442722305655e-05 2.292433600814547390e-05 7.887009445539661101e-08 7.578794480878059403e-08 1.669931516516953707e-04 1.888621341095131356e-06 5.144820170244202018e-05 7.341349146372522227e-07 1.688798693066928536e-05 1.286979750148020685e-05
1.790000000000000000e+04 1.727073104120790958e-04 9.511631651548668742e-05 1.921212202660171897e-07 4.029025717500189785e-07 1.805399224394932389e-04 3.166186615999322385e-06 9.530215902486816049e-05 3.529684988734516082e-07 1.974326369236223400e-05 1.121722743846476078e-05
1.800000000000000000e+04 9.732284524943679571e-05 4.752006861963309348e-05 1.096402328926160408e-07 2.048386988917627605e-07 1.723398017929866910e-04 2.405045506748137996e-06 4.954355608788318932e-05 5.286520377012493555e-07 1.649709520279429853e-05 1.025998517434345558e-05
1.810000000000000000e+04 8.630177762825042009e-05 2.813317405525594950e-05 9.537863121522605070e-08 1.212815163853520062e-07 1.532234309706836939e-04 2.138466470569255762e-06 2.477006455592345446e-05 7.398386401291645598e-07 1.748678550939075649e-05 1.662768045207485557e-05
1.820000000000000000e+04 1.084843825083225965e-04 3.158056642860174179e-04 1.347651163996488322e-07 2.051359473398406408e-07 1.337037392659112811e-04 1.734547140586073510e-06 2.152932720491662621e-04 6.841211188657325692e-07 1.274256919714389369e-05 3.945948992623016238e-05
1.830000000000000000e+04 8.971490751719102263e-05 2.347169720451347530e-05 2.201317670369462576e-07 1.948393020256844466e-07 1.552855246700346470e-04 3.097325816270313226e-06 3.737659790203906596e-05 5.106227831674914341e-07 1.814630741137079895e-05 1.287916802539257333e-05
1.840000000000000000e+04 3.305663267383351922e-05 1.244725717697292566e-05 1.324992240370193031e-07 1.608420632237539394e-07 1.546622224850580096e-04 1.447953422939463053e-06 2.753881562966853380e-05 6.091513569117523730e-07 1.515316762379370630e-05 1.097396852856036276e-05
1.850000000000000000e+04 9.294263145420700312e-05 2.068479443551041186e-05 1.229249448897462571e-07 1.464890715396904852e-07 1.499846403021365404e-04 2.273360223625786602e-06 5.891408363822847605e-05 6.787926167817204259e-07 1.403555870638228953e-05 1.227399025083286688e-05
1.860000000000000000e+04 3.023337376362178475e-05 3.255074989283457398e-05 7.210064723039977252e-08 2.083620387338669389e-07 1.388362870784476399e-04 1.366934839097666554e-06 2.800108632072806358e-05 6.708759201501379721e-07 1.228567180078243837e-05 1.640232221689075232e-05
1.870000000000000000e+04 4.475482273846864700e-05 1.002330554911168292e-05 1.284458051031833747e-07 7.939807034063051105e-08 1.483380474383011460e-04 1.538493847874633502e-06 2.736490023380611092e-05 6.012565449964313302e-07 1.679661363596096635e-05 9.769770258571952581e-06
1.880000000000000000e+04 3.633970918599516153e-04 4.556151543511077762e-05 2.309196815986069851e-07 6.997402692832110915e-07 1.537781063234433532e-04 4.267864369467133656e-06 8.405046537518501282e-05 7.802557888680894393e-07 1.757627069309819490e-05 1.339066420769086108e-05
1.890000000000000000e+04 1.602582633495330811e-04 5.093852450954727829e-05 2.188241552403269452e-07 6.654148023699235637e-07 1.449276896892115474e-04 1.778711407496302854e-06 2.523220246075652540e-05 3.577486324957135366e-07 1.367396362184081227e-05 1.658502515056170523e-05
1.900000000000000000e+04 6.815163214923813939e-05 3.010062209796160460e-05 9.430676328747722437e-08 1.847425039613881381e-07 1.350811362499371171e-04 2.417466248516575433e-06 2.049607974186073989e-05 5.474618660628038924e-07 1.741973937896545976e-05 1.469241578888613731e-05
1.910000000000000000e+04 3.016693699464667588e-05 2.195219349232502282e-05 9.335516182318315259e-08 7.292177173212621710e-08 1.523776445537805557e-04 1.288697035306540783e-06 1.914038693939801306e-05 7.657109222236613277e-07 1.480800256103975698e-05 8.219779374485369772e-06
1.920000000000000000e+04 6.310652679530903697e-05 1.294388675887603313e-05 1.503417195181100396e-07 1.100674751342012314e-07 1.443936489522457123e-04 1.766948116710409522e-06 2.925169246736913919e-05 8.072596529018483125e-07 1.362699276796774939e-05 9.297294127463828772e-06
1.930000000000000000e+04 5.934763976256363094e-05 4.231400453136302531e-05 1.018849289380341361e-07 1.037837478179426398e-07 1.536961790407076478e-04 2.528993491068831645e-06 2.172953463741578162e-05 6.546574127241910901e-07 1.712067387416027486e-05 9.386261808685958385e-06
1.940000000000000000e+04 4.091380469617433846e-05 1.556497009005397558e-04 9.300457293193176156e-08 1.470447017482001684e-07 1.233209768543019891e-04 1.280574110751331318e-06 1.056847613654099405e-04 5.895535082345304545e-07 1.262816476810257882e-05 2.356680670345667750e-05
1.950000000000000000e+04 2.690270957828033715e-05 6.264439434744417667e-05 7.610520924572483636e-08 1.299309388969049905e-07 1.489546702941879630e-04 1.359109091936261393e-06 2.387652239121962339e-05 7.158226935644051991e-07 1.624130709387827665e-05 9.991952538257464767e-06
1.960000000000000000e+04 1.502407831139862537e-04 1.431215350748971105e-04 2.570208721408562269e-07 3.599129172471293714e-07 1.259718264918774366e-04 2.219059524577460252e-06 1.888848346425220370e-04 6.630165216847672127e-07 6.734026101185008883e-06 1.767601679603103548e-05
1.970000000000000000e+04 6.821303395554423332e-05 2.535395324230194092e-04 1.212110163351098890e-07 1.667921907255731639e-07 1.152696713688783348e-04 2.939929345302516595e-06 1.662901486270129681e-04 5.813411689814529382e-07 1.000903466774616390e-05 3.207691770512610674e-05
1.980000000000000000e+04 2.415573180769570172e-05 1.158658506028586999e-05 9.089705343967580120e-08 5.551273574155857204e-08 1.341716561000794172e-04 1.265632022295903880e-06 1.843136669776868075e-05 6.253436026781855617e-07 1.563489786349236965e-05 7.699545676587149501e-06
1.990000000000000000e+04 2.338824197067879140e-05 2.229109486506786197e-05 1.170255501392603037e-07 6.211596570437905029e-08 1.236711104866117239e-04 1.213283326251257677e-06 2.504385520296636969e-05 9.050792186826583929e-07 1.266612252948107198e-05 1.117548163165338337e-05
2.000000000000000000e+04 3.015366746694780886e-05 1.573925255797803402e-04 1.159293461228116939e-07 1.277038279567932477e-07 1.140556851169094443e-04 1.284081349695043173e-06 8.714154682820662856e-05 6.610985678889846895e-07 1.070071539288619533e-05 2.423106889182236046e-05
2.010000000000000000e+04 8.794566383585333824e-04 2.898710081353783607e-03 3.080667374888435006e-05 5.610648076981306076e-05 1.208639703691005707e-02 2.776989713311195374e-04 4.007580224424600601e-03 1.189472732221474871e-05 7.144865230657160282e-05 9.545254521071910858e-03
2.020000000000000000e+04 5.338416667655110359e-04 9.380220435559749603e-04 1.814546340028755367e-05 2.084767402266152203e-05 7.695290260016918182e-03 2.086369204334914684e-04 1.407725852914154530e-03 1.832808629842475057e-05 5.302208955981768668e-05 5.399814806878566742e-03
2.030000000000000000e+04 3.795096417888998985e-04 5.618685390800237656e-04 2.481101910234428942e-05 1.127757059293799102e-05 5.734718404710292816e-03 1.327038044109940529e-04 8.585286559537053108e-04 3.493373151286505163e-05 3.373756044311448932e-05 3.642204916104674339e-03
2.040000000000000000e+04 2.962106082122772932e-04 4.075460892636328936e-04 1.901354335132054985e-05 5.481908374349586666e-06 4.715082701295614243e-03 8.124981832224875689e-05 6.098024314269423485e-04 3.081170871155336499e-05 1.756028541421983391e-05 2.747799735516309738e-03
2.050000000000000000e+04 2.559912391006946564e-04 3.230057773180305958e-04 1.469425478717312217e-05 3.428260924920323305e-06 4.007143899798393250e-03 6.475384725490584970e-05 4.524857795331627131e-04 2.354113166802562773e-05 1.079531921277521178e-05 2.138658193871378899e-03
2.060000000000000000e+04 2.426664432277902961e-04 2.618532162159681320e-04 1.338112815574277192e-05 2.880926786019699648e-06 3.471847390756011009e-03 5.839054938405752182e-05 3.352340718265622854e-04 2.042312371486332268e-05 7.311970421142177656e-06 1.685804221779108047e-03
2.070000000000000000e+04 2.449065214022994041e-04 2.186726342188194394e-04 1.248562693945132196e-05 2.883355818994459696e-06 3.063805401325225830e-03 4.868071846431121230e-05 2.515086380299180746e-04 1.582930963195394725e-05 5.415776740846922621e-06 1.350799575448036194e-03
2.080000000000000000e+04 2.473672502674162388e-04 1.961985108209773898e-04 1.232434078701771796e-05 2.882599119402584620e-06 2.748225815594196320e-03 3.747232403839007020e-05 2.029069582931697369e-04 1.460660405427915975e-05 5.956431323284050450e-06 1.102981506846845150e-03
2.090000000000000000e+04 2.491962513886392117e-04 1.762418105499818921e-04 1.186948338727233931e-05 2.998316631419584155e-06 2.507719444110989571e-03 3.219487189198844135e-05 1.667849137447774410e-04 1.218724355567246675e-05 5.733402304031187668e-06 9.203156223520636559e-04
2.100000000000000000e+04 2.468860475346446037e-04 1.659366826061159372e-04 1.206057459057774395e-05 3.095653255513752811e-06 2.309934468939900398e-03 3.454590114415623248e-05 1.463539665564894676e-04 1.036912362906150520e-05 5.847377906320616603e-06 7.781333406455814838e-04
2.110000000000000000e+04 2.422370453132316470e-04 1.544916158309206367e-04 1.102919395634671673e-05 3.335496103318291716e-06 2.148189814761281013e-03 4.061322761117480695e-05 1.273628877243027091e-04 8.546850040147546679e-06 6.260656391532393172e-06 6.667915731668472290e-04
2.120000000000000000e+04 2.330837160116061568e-04 1.478370249969884753e-04 1.085915937437675893e-05 3.431029881539870985e-06 2.003042493015527725e-03 4.541598536889068782e-05 1.151665492216125131e-04 7.460553661076119170e-06 5.959700501989573240e-06 5.730310804210603237e-04
2.130000000000000000e+04 2.225243806606158614e-04 1.457243779441341758e-04 1.032044110615970567e-05 3.430785000091418624e-06 1.872115535661578178e-03 4.574134800350293517e-05 1.069626741809770465e-04 7.159281722124433145e-06 7.134606676117982715e-06 4.937242483720183372e-04
2.140000000000000000e+04 2.123155136359855533e-04 1.432753633707761765e-04 9.523265362076926976e-06 3.725557007783208974e-06 1.753705902956426144e-03 4.180590622127056122e-05 9.677180059952661395e-05 4.537825134320883080e-06 6.894293164805276319e-06 4.265698080416768789e-04
2.150000000000000000e+04 2.010268217418342829e-04 1.410573750035837293e-04 8.237803740485105664e-06 3.663684765342622995e-06 1.646404154598712921e-03 3.401354842935688794e-05 9.564766514813527465e-05 3.191087898812838830e-06 7.476997325284173712e-06 3.688454453367739916e-04
2.160000000000000000e+04 1.914591703098267317e-04 1.405955845257267356e-04 7.811156137904617935e-06 4.430833541846368462e-06 1.549574313685297966e-03 2.457186565152369440e-05 9.909131767926737666e-05 2.553982540121069178e-06 9.127346856985241175e-06 3.202175721526145935e-04
2.170000000000000000e+04 1.858174218796193600e-04 1.414576690876856446e-04 7.018621090537635610e-06 4.306550181354396045e-06 1.467162976041436195e-03 1.757153040671255440e-05 1.101631060009822249e-04 1.813742983358679339e-06 9.972105544875375926e-06 2.803886018227785826e-04
2.180000000000000000e+04 1.818589080357924104e-04 1.492540613980963826e-04 6.119652425695676357e-06 4.279671429685549811e-06 1.387345255352556705e-03 1.392671492794761434e-05 1.069798672688193619e-04 1.403014039169647731e-06 1.189798967971000820e-05 2.477426605764776468e-04
2.190000000000000000e+04 1.760049344738945365e-04 1.492481242166832089e-04 5.119240540807368234e-06 4.157152034167665988e-06 1.331932842731475830e-03 1.284858717554016039e-05 1.367938675684854388e-04 9.873992894426919520e-07 1.085576877812854946e-05 2.238612069049850106e-04
2.200000000000000000e+04 1.731435622787103057e-04 1.537101343274116516e-04 4.399948466016212478e-06 3.674858589874929748e-06 1.284222351387143135e-03 1.375049487251089886e-05 1.454620942240580916e-04 9.155814382211246993e-07 1.105836236092727631e-05 2.053456701105460525e-04
2.210000000000000000e+04 1.952343154698610306e-04 1.575460773892700672e-04 3.627626256275107153e-06 3.918576112482696772e-06 1.266287756152451038e-03 1.508220157120376825e-05 2.384805411566048861e-04 6.734670137120701838e-07 6.806048531871056184e-06 1.969513250514864922e-04
2.220000000000000000e+04 1.662445720285177231e-04 1.646364544285461307e-04 3.404936933293356560e-06 3.092594624831690453e-06 1.205634791404008865e-03 1.697169136605225503e-05 1.100786976167000830e-04 1.186318399959418457e-06 1.324813547398662195e-05 1.788458175724372268e-04
2.230000000000000000e+04 1.574790658196434379e-04 1.559378433739766479e-04 2.808832505252212286e-06 2.312691322003956884e-06 1.184097840450704098e-03 1.778927071427460760e-05 1.513850147603079677e-04 9.005752303892222699e-07 1.053279174811905250e-05 1.671332283876836300e-04
2.240000000000000000e+04 1.918823836604133248e-04 1.633839856367558241e-04 2.400478479103185236e-06 2.384501613050815649e-06 1.186212059110403061e-03 1.855768459790851921e-05 2.410157467238605022e-04 4.273328215731453383e-07 7.288213510037166998e-06 1.657933316892012954e-04
2.250000000000000000e+04 1.436917518731206656e-04 1.504404644947499037e-04 2.184254753956338391e-06 1.750476144479762297e-06 1.142908353358507156e-03 1.857335882959887385e-05 1.133837868110276759e-04 5.071476039120170753e-07 1.041580435412470251e-05 1.521198282716795802e-04
2.260000000000000000e+04 1.400230685248970985e-04 1.480668579461053014e-04 1.892876525744213723e-06 1.681987100710102823e-06 1.119467779062688351e-03 1.815641917346511036e-05 1.201262639369815588e-04 3.845234175514633534e-07 8.647339200251735747e-06 1.433801953680813313e-04
2.270000000000000000e+04 1.407176605425775051e-04 1.479345955885946751e-04 1.853841695265145972e-06 1.479550405747431796e-06 1.090788282454013824e-03 1.772721225279383361e-05 9.138035966316238046e-05 4.022930681912839646e-07 8.332089237228501588e-06 1.369555393466725945e-04
2.280000000000000000e+04 1.319966104347258806e-04 1.406406081514433026e-04 1.817807060433551669e-06 1.178670913759560790e-06 1.079805078916251659e-03 1.696841354714706540e-05 8.990200149128213525e-05 3.898589682194142370e-07 7.140675279515562579e-06 1.307133934460580349e-04
2.290000000000000000e+04 1.739694271236658096e-04 1.429804542567580938e-04 1.590035594745131675e-06 1.269112203772237990e-06 1.095881336368620396e-03 1.711419645289424807e-05 1.688695047050714493e-04 2.418048268282291247e-07 4.304341928218491375e-06 1.277082774322479963e-04
2.300000000000000000e+04 1.254904782399535179e-04 1.287256018258631229e-04 1.619023805687902495e-06 9.950150570148252882e-07 1.047981553710997105e-03 1.539919503557030112e-05 8.166382758645340800e-05 1.954108626023298712e-07 7.044564426905708387e-06 1.175381039502099156e-04
2.310000000000000000e+04 1.173924028989858925e-04 1.224450679728761315e-04 1.661154215071292128e-06 1.144713110079464968e-06 1.036022556945681572e-03 1.400859309796942398e-05 6.884798494866117835e-05 3.604788787470170064e-07 4.829468252864899114e-06 1.134225531131960452e-04
2.320000000000000000e+04 1.190160110127180815e-04 1.235542877111583948e-04 1.673681595093512442e-06 1.085939970835170243e-06 1.015003654174506664e-03 1.321711897617205977e-05 5.461934779305011034e-05 2.806680470257560955e-07 5.328819952410412952e-06 1.083275419659912586e-04
2.330000000000000000e+04 1.775407145032659173e-04 1.258386328117921948e-04 1.601888925506500527e-06 1.037225842992484104e-06 1.036875764839351177e-03 1.357149267278145999e-05 1.308545906795188785e-04 3.462323832081892760e-07 2.581633225418045186e-06 1.042476433212868869e-04
2.340000000000000000e+04 1.095984480343759060e-04 1.093089085770770907e-04 1.643587779653898906e-06 1.070158646143681835e-06 9.885724866762757301e-04 1.156822509074117988e-05 4.342501051723957062e-05 3.937234680506662698e-07 3.973651473643258214e-06 9.820089326240122318e-05
2.350000000000000000e+04 1.174417993752285838e-04 1.031480351230129600e-04 1.476728698435181286e-06 1.002406975203484762e-06 9.821798885241150856e-04 1.098985649150563404e-05 5.422365939011797309e-05 3.115752633675583638e-07 2.688929725991329178e-06 9.250661241821944714e-05
2.360000000000000000e+04 1.173368509626016021e-04 1.001947603072039783e-04 1.569581399962771684e-06 9.898296866595046595e-07 9.656347101554274559e-04 1.017077556753065437e-05 4.863422145717777312e-05 4.327118574565247400e-07 2.377736791459028609e-06 8.791391883278265595e-05
2.370000000000000000e+04 9.879549179458990693e-05 9.596186282578855753e-05 1.452106289434595965e-06 1.144900011240679305e-06 9.372927597723901272e-04 9.729397788760252297e-06 3.276441930211149156e-05 4.186498756553191924e-07 3.218160372853162698e-06 8.362079097423702478e-05
2.380000000000000000e+04 9.532258991384878755e-05 9.423537994734942913e-05 1.567161007187678479e-06 8.167706937456387095e-07 9.238406200893223286e-04 8.315404556924477220e-06 3.079511952819302678e-05 3.467879139407159528e-07 2.401241090410621837e-06 7.942836964502930641e-05
2.390000000000000000e+04 1.685051392996683717e-04 1.042952935677021742e-04 1.470607116971223149e-06 8.832946605252800509e-07 9.302641847170889378e-04 8.730705303605645895e-06 5.690968828275799751e-05 3.927967782146879472e-07 1.978900399990379810e-06 7.708201883360743523e-05
2.400000000000000000e+04 1.013207074720412493e-04 8.927402814151719213e-05 1.442216557734354865e-06 8.599800480624253396e-07 8.859524386934936047e-04 7.788212315062992275e-06 2.653795309015549719e-05 3.683530849230010062e-07 2.135421027560369112e-06 7.187004666775465012e-05
2.410000000000000000e+04 8.430628804489970207e-05 8.589411299908533692e-05 1.552342610011692159e-06 8.832733442432072479e-07 8.734840666875243187e-04 6.050116553524276242e-06 2.491931991244200617e-05 3.165579300912213512e-07 2.134329179170890711e-06 7.042422657832503319e-05
2.420000000000000000e+04 8.892823097994551063e-05 8.680309110786765814e-05 1.254983317267033271e-06 9.079118399313301779e-07 8.455624920316040516e-04 6.497865797427948564e-06 2.771808249235618860e-05 2.180345148872220307e-07 2.087452230625785887e-06 6.654729804722592235e-05
2.430000000000000000e+04 8.992397488327696919e-05 8.006946154637262225e-05 1.227491679856029805e-06 7.570183697680477053e-07 8.307778625749051571e-04 6.423882496164878830e-06 2.377843702561222017e-05 2.795545128719822969e-07 1.935592763402382843e-06 6.237242632778361440e-05
2.440000000000000000e+04 2.079854748444631696e-04 8.376720506930723786e-05 1.711010213512054179e-06 2.885975618482916616e-06 8.791383006609976292e-04 8.473236448480747640e-06 1.695325045147910714e-05 4.855309043705346994e-07 3.445146376179764047e-06 6.730260793119668961e-05
2.450000000000000000e+04 8.561486174585297704e-05 8.010151941562071443e-05 1.060034719557734206e-06 8.265571409538097214e-07 7.928186678327620029e-04 5.342730219126679003e-06 3.582578210625797510e-05 1.548171297827138915e-07 1.895630020953831263e-06 5.968066034256480634e-05
2.460000000000000000e+04 2.458621165715157986e-04 1.796841097529977560e-04 1.261195393453817815e-06 1.050624859999516048e-06 7.534067262895405293e-04 4.950511538481805474e-06 2.227755758212879300e-04 2.698932632938522147e-07 1.892949512694031000e-06 7.195006764959543943e-05
2.470000000000000000e+04 8.135912503348663449e-05 7.658542745048180223e-05 1.379897412334685214e-06 9.455676490688347258e-07 7.686819881200790405e-04 4.996825282432837412e-06 3.047688915103208274e-05 3.515447133395355195e-07 2.280095259266090579e-06 5.366835466702468693e-05
2.480000000000000000e+04 8.324276132043451071e-05 8.025559509405866265e-05 1.136307901106192730e-06 8.095975090327556245e-07 7.424268987961113453e-04 4.571150839183246717e-06 5.370078361011110246e-05 3.304863298581039999e-07 1.810037815630494151e-06 5.465983485919423401e-05
2.490000000000000000e+04 1.962423120858147740e-04 1.151594115071929991e-04 1.529819655843311921e-06 1.643768769099551719e-06 7.508478593081235886e-04 4.184214049018919468e-06 1.706143229966983199e-04 9.343264650851779152e-07 2.431417897241772152e-06 6.411975482478737831e-05
2.500000000000000000e+04 8.505074947606772184e-05 7.449771510437130928e-05 7.945039328660641331e-07 6.604761892958777025e-07 7.080904906615614891e-04 4.995516519556986168e-06 3.644924436230212450e-05 3.716368439654615941e-07 1.691387637947627809e-06 5.151869845576584339e-05
2.510000000000000000e+04 1.179548999061807990e-04 7.570839079562574625e-05 4.917030196338600945e-07 9.380143524140294176e-07 7.088764687068760395e-04 4.673808689403813332e-06 3.481630847090855241e-05 4.398268345084943576e-07 1.704990040707343724e-06 5.485192741616629064e-05
2.520000000000000000e+04 1.046410616254433990e-04 7.291113433893769979e-05 4.321405526752641890e-07 7.190878932306077331e-07 6.964981439523398876e-04 4.073847321706125513e-06 3.516440847306512296e-05 4.356708700470335316e-07 2.446710823278408498e-06 5.211548705119639635e-05
2.530000000000000000e+04 9.672897431300953031e-05 7.687704783165827394e-05 3.949217273202521028e-07 7.128805918910074979e-07 6.769735482521355152e-04 3.823151473625330254e-06 4.061583604197949171e-05 6.620394970013876446e-07 2.913646312663331628e-06 5.032588887843303382e-05
2.540000000000000000e+04 3.962688788305968046e-04 3.068384830839931965e-04 5.177425350666453596e-07 6.764596491848351434e-06 6.423525046557188034e-04 3.766989721043501049e-06 3.846964973490685225e-04 8.837508289616380353e-07 4.733915375254582614e-06 7.980132795637473464e-05
2.550000000000000000e+04 1.066249242285266519e-04 6.890745135024189949e-05 3.194721784893772565e-07 8.217651839004247449e-07 6.683563697151839733e-04 4.198353053652681410e-06 1.854390939115546644e-05 7.361059033428318799e-07 4.046481535624479875e-06 4.423875725478865206e-05
2.560000000000000000e+04 8.131358481477946043e-05 6.357154779834672809e-05 3.163439146192104090e-07 4.410031806401093490e-07 6.527151563204824924e-04 3.872582055919338018e-06 2.767977639450691640e-05 7.595349984512722585e-07 5.296829385770251974e-06 4.319051367929205298e-05
2.570000000000000000e+04 7.609002641402184963e-04 3.645220131147652864e-04 8.854242992129002232e-07 9.379686161992140114e-06 7.556151831522583961e-04 7.606364761159056798e-06 2.453935157973319292e-04 3.925749183508742135e-07 5.085826614958932623e-06 8.748022082727402449e-05
2.580000000000000000e+04 9.259433863917365670e-05 6.093725824030116200e-05 2.860286656414245954e-07 5.695258096238831058e-07 6.318240193650126457e-04 4.469696705200476572e-06 2.008684896281920373e-05 1.018401121655188035e-06 7.056216418277472258e-06 3.798224861384369433e-05
2.590000000000000000e+04 1.036509522236883640e-03 5.177863640710711479e-04 7.305829967663157731e-06 1.446216083422768861e-05 7.354697445407509804e-04 5.852236881764838472e-06 1.090427394956350327e-03 9.032304660649970174e-06 1.027657708618789911e-05 1.970250887097790837e-04
2.600000000000000000e+04 7.507252303184941411e-05 5.861532190465368330e-05 2.521248632092465414e-07 7.030261599538789596e-07 6.052097887732088566e-04 4.142618308833334595e-06 5.190356750972568989e-05 9.919218655340955593e-07 7.641410775249823928e-06 3.664611358544789255e-05
2.610000000000000000e+04 7.765639747958630323e-05 5.661195245920680463e-05 2.883146521526214201e-07 6.582567380064574536e-07 5.947411991655826569e-04 4.389086825540289283e-06 4.084836473339237273e-05 7.653997613488172647e-07 6.735050646966556087e-06 3.379844929440878332e-05
2.620000000000000000e+04 7.459158950950950384e-05 5.600011718343012035e-05 3.352723467742180219e-07 7.543059155068476684e-07 5.833765608258545399e-04 4.311122211220208555e-06 4.610693576978519559e-05 8.933147910283878446e-07 7.247524990816600621e-06 3.324805584270507097e-05
2.630000000000000000e+04 1.529670407762750983e-04 1.011390995699912310e-04 5.437628374238556717e-07 1.616342160559725016e-06 5.620878655463457108e-04 3.641970806711469777e-06 1.809704262996092439e-04 1.028310293804679532e-06 8.051393706409726292e-06 4.079007703694514930e-05
2.640000000000000000e+04 1.717034756438806653e-04 9.818485705181956291e-05 3.742387377769773593e-07 1.781674541234679054e-06 6.021296139806509018e-04 4.736456958198687062e-06 1.307451384491287172e-05 6.699041250612935983e-07 7.321645171032287180e-06 3.029855906788725406e-05
2.650000000000000000e+04 8.174617541953921318e-04 2.937248500529676676e-04 3.411095121919061057e-06 4.521470600593602285e-06 5.625110934488475323e-04 8.871466889104340225e-06 8.191578672267496586e-04 3.679299197756336071e-06 5.009647338738432154e-06 3.597775139496661723e-05
2.660000000000000000e+04 7.036062015686184168e-05 6.205077806953340769e-05 4.353185261152248131e-07 8.132176390063250437e-07 5.435836501419544220e-04 3.470702722552232444e-06 7.642636046512052417e-05 6.980991429372807033e-07 7.174881375249242410e-06 3.177432154188863933e-05
2.670000000000000000e+04 5.239919992163777351e-04 2.518944675102829933e-04 6.839437673988868482e-07 4.929077931592473760e-06 6.128841778263449669e-04 6.511665105790598318e-06 8.792458538664504886e-05 4.016239927295828238e-07 7.083057425916194916e-06 4.177659138804301620e-05
2.680000000000000000e+04 8.209318184526637197e-05 4.303509922465309501e-05 4.769584620589739643e-07 1.054156314239662606e-06 5.389959551393985748e-04 3.314518608021899126e-06 7.711857324466109276e-05 9.301910495196352713e-07 6.136449428595369682e-06 2.557164407335221767e-05
2.690000000000000000e+04 1.600263058207929134e-04 4.336600977694615722e-05 7.245971573865972459e-07 3.894517249136697501e-06 5.734863807447254658e-04 3.158456820528954268e-06 1.748802169458940625e-04 8.861133551363309380e-07 8.515164154232479632e-06 4.130962042836472392e-05
2.700000000000000000e+04 1.925336691783741117e-04 7.149073644541203976e-05 6.229191740203532390e-07 1.350349748463486321e-06 5.161375156603753567e-04 2.781534931273199618e-06 2.039523824350908399e-04 1.042808435158804059e-06 5.527778284886153415e-06 3.109574754489585757e-05
2.710000000000000000e+04 1.065672768163494766e-04 6.310851313173770905e-05 9.338637028122320771e-07 1.358670601803169120e-06 5.260111065581440926e-04 2.584298499641590752e-06 1.498995115980505943e-04 6.687204177069361322e-07 6.777141607017256320e-06 3.172068682033568621e-05
2.720000000000000000e+04 9.380113624501973391e-05 4.463249206310138106e-05 5.044214503868715838e-07 9.963786169464583509e-07 5.049578612670302391e-04 2.519446525184321217e-06 1.012218344840221107e-04 6.773767609047354199e-07 4.731220542453229427e-06 2.520828275009989738e-05
2.730000000000000000e+04 6.515151471830904484e-05 4.394722054712474346e-05 5.518101602319802623e-07 9.669827250036178157e-07 4.966342239640653133e-04 2.612115167721640319e-06 4.194227221887558699e-05 6.437558113248087466e-07 4.326959242462180555e-06 2.405452687526121736e-05
2.740000000000000000e+04 8.003407128853723407e-05 4.829296449315734208e-05 5.746430815634084865e-07 9.889492957881884649e-07 4.935410688631236553e-04 2.489222652002354153e-06 2.603873690532054752e-05 5.557684517043526284e-07 3.306714461359661072e-06 2.374656469328328967e-05
2.750000000000000000e+04 6.301281246123835444e-05 4.245973468641750515e-05 1.158879740614793263e-06 2.667002263478934765e-06 5.368328420445322990e-04 3.762768528758897446e-06 1.153605480794794858e-04 1.506168587184220087e-06 3.032633912880555727e-06 2.107582804455887526e-05
2.760000000000000000e+04 5.428917938843369484e-05 4.781665120390243828e-05 6.274048018894973211e-07 8.309176564580411650e-07 4.812484257854521275e-04 1.931178303493652493e-06 6.012869198457337916e-05 7.289758059414452873e-07 2.047098860202822834e-06 2.435413443890865892e-05
2.770000000000000000e+04 5.779996354249306023e-05 4.354316843091510236e-05 5.637905360345030203e-07 6.786829089833190665e-07 4.671964852605015039e-04 2.047593170573236421e-06 5.028702071285806596e-05 5.891731689189327881e-07 2.623085038067074493e-06 2.396365198364946991e-05
2.780000000000000000e+04 6.175396993057802320e-05 6.050404044799506664e-05 6.837397563685954083e-07 7.603704261782695539e-07 4.549705772660672665e-04 1.877476393019605894e-06 9.165769006358459592e-05 7.542159892182098702e-07 3.232860535717918538e-06 2.814221988955978304e-05
2.790000000000000000e+04 7.440055196639150381e-05 4.490664650802500546e-05 6.070434324101370294e-07 8.056159686020691879e-07 4.556943895295262337e-04 1.820973238864098676e-06 2.217290057160425931e-05 5.350344736143597402e-07 2.437481271044816822e-06 2.271795165142975748e-05
2.800000000000000000e+04 5.919751856708899140e-05 4.137598443776369095e-05 6.492825264103885274e-07 8.103516506707819644e-07 4.464162921067327261e-04 1.750525939314684365e-06 3.387443575775250793e-05 5.682338724000146613e-07 2.235878127976320684e-06 2.324134038644842803e-05
2.810000000000000000e+04 4.292462836019694805e-05 4.552793325274251401e-05 2.023938577622175217e-06 1.902390408758947160e-06 4.962947568856179714e-04 1.976632802325184457e-06 7.193044439190998673e-05 1.336951072516967542e-06 4.632799118553521112e-06 2.121123543474823236e-05
2.820000000000000000e+04 5.360928116715513170e-05 3.967477459809742868e-05 5.448404181152000092e-07 6.344687903947487939e-07 4.390512767713516951e-04 1.666805928834946826e-06 3.609998748288489878e-05 5.763290573668200523e-07 1.101175485018757172e-06 2.252188460261095315e-05
2.830000000000000000e+04 5.211128154769539833e-05 3.948615267290733755e-05 5.767557240687892772e-07 6.974267989789950661e-07 4.221518465783447027e-04 1.619667955310433172e-06 4.544326657196506858e-05 5.478856905938300770e-07 1.148185788224509452e-06 2.473783752066083252e-05
2.840000000000000000e+04 4.913375960313715041e-05 3.986440060543827713e-05 6.800297569498070516e-07 6.454145591305859853e-07 4.205423756502568722e-04 1.608283014320477378e-06 4.495082976063713431e-05 6.924223043824895285e-07 1.449598812541808002e-06 2.375831354584079236e-05
2.850000000000000000e+04 1.623762305825948715e-03 6.525493226945400238e-04 9.231654303221148439e-07 6.619413397856988013e-06 3.973988059442490339e-04 5.633843557006912306e-06 1.202228362672030926e-03 6.877252189951832406e-07 2.118332076861406676e-06 8.771516877459362149e-05
2.860000000000000000e+04 7.272962102433666587e-05 4.111618181923404336e-05 6.012186872794700321e-07 7.241612252073537093e-07 4.139361844863742590e-04 1.610507069926825352e-06 1.532883652544114739e-05 5.552264497055148240e-07 9.653344932303298265e-07 2.176852285629138350e-05
2.870000000000000000e+04 4.499874921748414636e-05 4.383377381600439548e-05 5.925386972194246482e-07 7.225406761790509336e-07 4.030625277664512396e-04 1.902619487736956216e-06 7.985308911884203553e-05 5.384302994571044110e-07 6.017597229401872028e-07 2.459914321661926806e-05
2.880000000000000000e+04 2.295923331985250115e-04 8.917984814615920186e-05 7.039801630526199006e-07 1.259726332136779092e-06 3.801775455940514803e-04 2.378307954131742008e-06 2.028851304203271866e-04 5.971994596620788798e-07 8.475766435367404483e-07 3.652436862466856837e-05
2.890000000000000000e+04 4.448320760275237262e-05 3.865609323838725686e-05 5.374919282985501923e-07 6.755778372280474287e-07 3.814262454397976398e-04 1.706603029560938012e-06 4.423181962920352817e-05 5.397364475356880575e-07 5.666244646818086039e-07 2.601009327918291092e-05
2.900000000000000000e+04 1.476749312132596970e-04 2.812460297718644142e-04 4.300625732867047191e-06 1.913402456921176054e-06 5.324240191839635372e-04 4.546560376184061170e-06 9.751533070812001824e-05 3.573124104150338098e-06 2.345109805901302025e-06 6.299352389760315418e-05
2.910000000000000000e+04 3.077369183301925659e-05 3.498136356938630342e-05 8.657956982460746076e-07 6.684250593025353737e-07 4.572778998408466578e-04 1.521806780147016980e-06 2.809119723679032177e-05 4.816553200726048090e-07 1.944054247360327281e-06 1.794518902897834778e-05
2.920000000000000000e+04 3.352210478624328971e-05 3.370947524672374129e-05 4.321586573041713564e-07 5.692578497473732568e-07 4.046218818984925747e-04 1.446538931304530706e-06 4.126794374315068126e-05 3.993255290879460517e-07 6.920425903444993310e-07 2.106463944073766470e-05
2.930000000000000000e+04 4.068781709065660834e-05 3.359977199579589069e-05 4.667957966830726946e-07 5.055848646406957414e-07 3.825117892120033503e-04 1.405400212206586730e-06 2.615931407490279526e-05 3.584396210953855189e-07 4.853272912441752851e-07 2.366063199588097632e-05
2.940000000000000000e+04 5.768885966972447932e-05 4.473298031371086836e-05 5.983325763736502267e-07 1.003075681182963308e-06 3.789333277381956577e-04 1.598677272340864874e-06 7.429769175359979272e-05 3.765690905765950447e-07 9.433092600374948233e-07 2.549938653828576207e-05
2.950000000000000000e+04 2.811767393723130226e-03 7.457518368028104305e-04 1.032795353239635006e-06 5.948406851530307904e-06 3.762233536690473557e-04 9.631069588067475706e-06 1.456478727050125599e-03 8.187884645849408116e-07 1.096547862289298791e-06 1.030494822771288455e-04
2.960000000000000000e+04 3.621527139330282807e-05 3.135156657663173974e-05 5.025812015446717851e-07 5.695641789316141512e-07 3.681161033455282450e-04 1.577645093675528187e-06 3.648166966740973294e-05 4.111629721137433080e-07 4.787206648870778736e-07 2.344856511626858264e-05
2.970000000000000000e+04 2.563142916187644005e-04 6.847533950349316001e-05 6.763443707313854247e-07 1.120573529078683350e-06 3.808329056482762098e-04 1.305116825278673787e-06 1.604375756869558245e-05 3.645803872132091783e-07 4.836218181480944622e-07 2.372506969550158828e-05
2.980000000000000000e+04 1.102734458982013166e-04 5.646910722134634852e-05 7.088668212418269832e-07 7.657826017748448066e-07 3.614995512180030346e-04 2.302062966919038445e-06 1.254994422197341919e-04 7.413822231683298014e-07 6.067746767257631291e-07 2.745789788605179638e-05
2.990000000000000000e+04 1.542826794320717454e-04 5.735446029575541615e-05 5.003051342100661714e-07 1.029503323479730170e-06 3.604319936130195856e-04 1.452318088013271336e-06 1.065754531737184152e-05 3.338615783832210582e-07 3.083239619172672974e-07 2.287097595399245620e-05
