# step, loss_train, loss_test, metrics_test
0.000000000000000000e+00 2.261876106262207031e+00 1.335299462080001831e-01 5.064037395641207695e-04 1.099024061113595963e-02 1.711207330226898193e-01 2.325828552246093750e+00 1.157006323337554932e-01 1.317397342063486576e-03 6.576304323971271515e-03 1.710694581270217896e-01
1.000000000000000000e+02 8.340716012753546238e-04 1.358162313699722290e-01 3.856403782265260816e-05 1.136994687840342522e-04 1.704487763345241547e-02 7.945357356220483780e-04 1.261469870805740356e-01 3.296855356893502176e-05 9.794269135454669595e-05 1.920649595558643341e-02
2.000000000000000000e+02 1.547836232930421829e-03 1.332323998212814331e-01 1.827447558753192425e-04 1.842836791183799505e-04 1.500274892896413803e-02 1.487377448938786983e-03 1.238895878195762634e-01 2.165405167033895850e-04 1.153342600446194410e-04 1.719628088176250458e-02
3.000000000000000000e+02 2.416572533547878265e-03 1.264618933200836182e-01 4.176114744041115046e-04 2.368385758018121123e-04 1.085049379616975784e-02 2.053787000477313995e-03 1.184396967291831970e-01 3.948444209527224302e-04 5.228407462709583342e-05 1.304399408400058746e-02
4.000000000000000000e+02 1.709422795102000237e-03 1.193688884377479553e-01 9.090647799894213676e-04 5.028314772062003613e-04 9.542995132505893707e-03 1.126515562646090984e-03 1.125431805849075317e-01 5.292096175253391266e-04 3.566599625628441572e-04 1.151896081864833832e-02
5.000000000000000000e+02 8.101071580313146114e-04 1.174086108803749084e-01 7.540503283962607384e-04 9.673255844973027706e-04 8.661356754601001740e-03 4.943857202306389809e-04 1.103890687227249146e-01 3.592056164052337408e-04 8.446729625575244427e-04 1.056929305195808411e-02
6.000000000000000000e+02 3.031946835108101368e-04 1.150998771190643311e-01 7.568693254142999649e-04 1.229695742949843407e-03 7.162814959883689880e-03 1.336054119747132063e-04 1.079448163509368896e-01 2.504642470739781857e-04 1.100124325603246689e-03 8.966328576207160950e-03
7.000000000000000000e+02 6.602111388929188251e-04 1.103257015347480774e-01 1.754252938553690910e-03 1.596948131918907166e-03 4.754490219056606293e-03 4.051593132317066193e-04 1.033064946532249451e-01 3.650322323665022850e-04 8.581453002989292145e-04 6.387410219758749008e-03
8.000000000000000000e+02 1.137040671892464161e-03 8.649365603923797607e-02 8.202730678021907806e-03 1.070647267624735832e-03 2.483516465872526169e-03 3.428527270443737507e-04 8.138397336006164551e-02 9.005045867525041103e-04 5.765295354649424553e-04 3.616873407736420631e-03
9.000000000000000000e+02 1.793787087081000209e-04 1.366662383079528809e-01 5.882374171051196754e-05 1.396144944010302424e-04 1.809610798954963684e-02 1.285213656956329942e-04 1.269678622484207153e-01 7.425427611451596022e-05 1.303821627516299486e-04 2.022227831184864044e-02
1.000000000000000000e+03 6.297454237937927246e-04 1.329235732555389404e-01 1.578063383931294084e-04 9.866959589999169111e-05 1.650730520486831665e-02 4.344640474300831556e-04 1.237402856349945068e-01 1.962381502380594611e-04 1.536201016278937459e-04 1.863304339349269867e-02
1.100000000000000000e+03 7.938912021927535534e-04 1.114144772291183472e-01 2.252936363220214844e-03 6.959415040910243988e-04 1.062338519841432571e-02 6.652199081145226955e-04 1.034520864486694336e-01 1.802539685741066933e-03 1.011910499073565006e-03 1.246464625000953674e-02
1.200000000000000000e+03 1.253759954124689102e-03 8.925714343786239624e-02 4.551279824227094650e-03 6.013342645019292831e-04 8.650965988636016846e-03 9.685654076747596264e-04 8.125542104244232178e-02 3.106875112280249596e-03 3.934347478207200766e-04 9.931884706020355225e-03
1.300000000000000000e+03 8.138845441862940788e-04 1.413818597793579102e-01 1.288143830606713891e-04 1.174245844595134258e-04 1.273467019200325012e-02 7.476813625544309616e-04 1.312919706106185913e-01 1.352762774331495166e-04 6.665740511380136013e-05 1.503628678619861603e-02
1.400000000000000000e+03 1.655696891248226166e-03 1.225094720721244812e-01 2.356153854634612799e-04 3.215562901459634304e-04 1.841573975980281830e-02 1.763234497047960758e-03 1.131192445755004883e-01 2.619212609715759754e-04 9.080079034902155399e-04 2.027489431202411652e-02
1.500000000000000000e+03 1.630077604204416275e-03 8.517649024724960327e-02 2.287770155817270279e-03 9.963274933397769928e-04 1.576758548617362976e-02 1.374692190438508987e-03 7.742330431938171387e-02 2.487312769517302513e-03 1.923161675222218037e-03 1.712256483733654022e-02
1.600000000000000000e+03 2.670130692422389984e-03 4.263084381818771362e-03 8.357190527021884918e-04 2.830486046150326729e-04 9.287324734032154083e-03 8.275145082734525204e-04 4.157442133873701096e-03 2.668524684850126505e-04 8.098505350062623620e-05 9.036661125719547272e-03
1.700000000000000000e+03 6.048157229088246822e-04 1.393545418977737427e-03 5.789702845504507422e-05 4.338499638834036887e-05 4.388805478811264038e-03 1.402832858730107546e-04 1.193997450172901154e-03 1.586099642736371607e-05 3.579262556741014123e-05 3.721432760357856750e-03
1.800000000000000000e+03 1.139033469371497631e-03 3.266640705987811089e-04 2.784330717986449599e-05 1.854139190982095897e-05 3.878683550283312798e-03 8.990384958451613784e-05 4.626007576007395983e-04 1.704226997389923781e-05 7.115068910934496671e-06 2.982308389618992805e-03
1.900000000000000000e+03 3.867146733682602644e-04 7.202585693448781967e-04 1.728254028421360999e-05 9.273714567825663835e-06 2.915299264714121819e-03 6.600514461752027273e-05 6.103749619796872139e-04 2.463449891365598887e-05 1.717749364615883678e-05 2.077167155221104622e-03
2.000000000000000000e+03 6.523492629639804363e-04 1.811497728340327740e-03 1.429917119821766391e-05 1.441614313080208376e-05 2.397266449406743050e-03 5.025824066251516342e-05 1.795008196495473385e-03 2.248563396278768778e-05 2.197751018684357405e-05 1.625043805688619614e-03
2.100000000000000000e+03 1.846069586463272572e-03 3.153304336592555046e-03 2.247449629066977650e-05 1.954134313564281911e-05 3.654689760878682137e-03 6.587886309716850519e-05 4.464881028980016708e-03 2.171620872104540467e-05 3.899747025570832193e-05 2.469742437824606895e-03
2.200000000000000000e+03 3.357536625117063522e-04 1.341292518191039562e-04 1.609749051567632705e-05 1.606271871423814446e-05 2.610593801364302635e-03 4.567589712678454816e-05 2.422822872176766396e-04 1.913583946588914841e-05 3.011388071172405034e-05 1.626120181754231453e-03
2.300000000000000000e+03 8.881409303285181522e-04 1.169265364296734333e-03 1.715351572784129530e-05 1.887449434434529394e-05 2.876002807170152664e-03 4.014289879705756903e-05 1.862667035311460495e-03 1.813818016671575606e-05 3.080335591221228242e-05 1.758386148139834404e-03
2.400000000000000000e+03 5.569515633396804333e-04 4.901367356069386005e-04 1.342605537502095103e-05 1.444031022401759401e-05 2.513599116355180740e-03 2.368554669374134392e-05 9.032672969624400139e-04 1.841557786974590272e-05 3.092957194894552231e-05 1.453670905902981758e-03
2.500000000000000000e+03 1.374018494971096516e-03 3.081306116655468941e-03 1.764838452800177038e-05 4.636729499907232821e-05 3.031895263120532036e-03 3.260565426899120212e-05 4.132331348955631256e-03 1.851633169280830771e-05 3.549573375494219363e-05 1.808835077099502087e-03
2.600000000000000000e+03 2.882840635720640421e-04 1.332343526883050799e-04 1.022393826133338735e-05 1.280117430724203587e-05 2.087081549689173698e-03 1.691378565737977624e-05 2.628322108648717403e-04 1.472298208682332188e-05 2.296372622367925942e-05 1.113393343985080719e-03
2.700000000000000000e+03 2.616925048641860485e-04 1.693480735411867499e-04 8.099476872303057462e-06 1.130349119193851948e-05 1.940087997354567051e-03 1.190498733194544911e-05 2.090395719278603792e-04 1.403655642207013443e-05 2.240904905193019658e-05 1.004276797175407410e-03
2.800000000000000000e+03 1.066299970261752605e-03 4.229565616697072983e-03 7.334755082410993055e-06 1.498094025009777397e-05 1.360118156298995018e-03 1.819325552787631750e-05 4.268144257366657257e-03 1.328786675003357232e-05 1.501819770055590197e-05 7.339087896980345249e-04
2.900000000000000000e+03 5.909410538151860237e-04 2.075304742902517319e-03 7.762207133055198938e-06 1.151681317423935980e-05 1.445818110369145870e-03 2.991687688336241990e-05 1.904632314108312130e-03 1.326427172898547724e-05 1.351500850432785228e-05 7.174912025220692158e-04
3.000000000000000000e+03 1.882301585283130407e-04 1.495667529525235295e-04 6.696555828966666013e-06 9.167268217424862087e-06 1.760221086442470551e-03 1.312306540057761595e-05 2.994136884808540344e-04 1.000740030576707795e-05 1.441480526409577578e-05 8.280889596790075302e-04
3.100000000000000000e+03 7.317145937122404575e-04 1.700569642707705498e-03 7.052768069115700200e-06 1.268491359951440245e-05 2.129007596522569656e-03 1.059901023836573586e-05 2.834385493770241737e-03 8.321802852151449770e-06 2.220327405666466802e-05 1.030385494232177734e-03
3.200000000000000000e+03 5.669769016094505787e-04 2.443981589749455452e-03 4.833387720282189548e-06 6.623091394430957735e-06 1.296644099056720734e-03 1.586584949109237641e-05 2.317079575732350349e-03 6.250560545595362782e-06 6.900276730448240414e-06 6.122367922216653824e-04
3.300000000000000000e+03 2.344976644963026047e-03 1.014664582908153534e-02 6.206883881532121450e-06 1.052789139066589996e-05 9.744124836288392544e-04 1.808016895665787160e-05 1.042461488395929337e-02 4.500889644987182692e-06 5.385398708313005045e-06 6.120444741100072861e-04
3.400000000000000000e+03 1.753438264131546021e-04 2.947102184407413006e-04 3.189940116499201395e-06 5.679441983374999836e-06 1.583627075888216496e-03 8.481462828058283776e-06 7.449858239851891994e-04 2.749176019278820604e-06 6.861737801955314353e-06 6.356782396323978901e-04
3.500000000000000000e+03 2.264882932649925351e-04 4.138679069001227617e-04 2.830707899192930199e-06 7.759181244182400405e-06 1.615817425772547722e-03 7.187014489318244159e-06 9.864434832707047462e-04 1.914828317239880562e-06 8.612153578724246472e-06 6.414146046154201031e-04
3.600000000000000000e+03 4.111446323804557323e-04 1.742460182867944241e-03 2.822267333613126539e-06 1.425843674951465800e-05 2.281152876093983650e-03 1.028472797770518810e-05 2.856353297829627991e-03 1.458784140595525969e-06 7.279080818989314139e-06 1.184732536785304546e-03
3.700000000000000000e+03 1.076633998309262097e-04 1.976749626919627190e-04 2.031802523561054841e-06 5.385069471230963245e-06 1.426669070497155190e-03 4.909273684461368248e-06 5.193032557144761086e-04 8.327722866852127481e-07 7.050552085274830461e-06 5.234566633589565754e-04
3.800000000000000000e+03 8.627110946690663695e-05 2.639160957187414169e-04 2.336000534342019819e-06 3.830942659988068044e-06 1.237267046235501766e-03 7.110867045412305743e-06 3.245417610742151737e-04 5.862557941327395383e-07 7.632969754922669381e-06 4.268067132215946913e-04
3.900000000000000000e+03 7.965129043441265821e-05 2.285545051563531160e-04 2.044817620117100887e-06 3.541539626894518733e-06 1.237863558344542980e-03 4.965625521435867995e-06 3.595213347580283880e-04 4.806884703612013254e-07 5.937406967859715223e-06 4.179204988759011030e-04
4.000000000000000000e+03 8.992258517537266016e-05 2.738674520514905453e-04 2.197340336351771839e-06 3.329091896375757642e-06 1.208206522278487682e-03 4.565199105854844674e-06 3.006632323376834393e-04 4.875535069004399702e-07 8.362761946045793593e-06 4.016537859570235014e-04
4.100000000000000000e+03 8.188524225261062384e-05 2.243659691885113716e-04 2.154061121473205276e-06 3.889772870024899021e-06 1.194699318148195744e-03 6.617798590013990179e-06 3.717353683896362782e-04 3.664633538846828742e-07 1.098385655495803803e-05 3.850871871691197157e-04
4.200000000000000000e+03 4.746461927425116301e-04 6.353136268444359303e-04 2.587730932646081783e-06 7.812842341081704944e-06 1.534361741505563259e-03 3.489679329504724592e-06 1.327620935626327991e-03 6.155412393127335235e-07 6.106994078436400741e-06 5.380352376960217953e-04
4.300000000000000000e+03 7.748529606033116579e-05 2.373691240791231394e-04 2.150385853383340873e-06 2.528335471652098931e-06 1.157000660896301270e-03 5.386049451772123575e-06 3.881009179167449474e-04 1.803962845770001877e-07 6.601112090720562264e-06 3.654793836176395416e-04
4.400000000000000000e+03 3.981557092629373074e-04 1.477572135627269745e-03 2.538265562179731205e-06 1.986800816666800529e-05 1.583932084031403065e-03 4.243196599418297410e-06 9.644621168263256550e-04 6.356312951538711786e-07 1.131309090851573274e-05 8.468374726362526417e-04
4.500000000000000000e+03 2.463792334310710430e-04 8.604113245382905006e-04 2.055383674814947881e-06 2.029480583587428555e-06 1.027401071041822433e-03 3.801275624937261455e-06 7.042649085633456707e-04 4.135755773404525826e-07 6.502086762338876724e-06 3.315956855658441782e-04
4.600000000000000000e+03 4.930499708279967308e-04 1.776220044121146202e-03 2.731357881202711724e-06 5.243228315521264449e-06 9.173523285426199436e-04 6.286742063821293414e-06 1.437218277715146542e-03 1.278043839647580171e-07 1.684277958702296019e-05 3.171364078298211098e-04
4.700000000000000000e+03 7.646081940038129687e-05 2.354909956920892000e-04 2.277007752127246931e-06 1.501788688074157108e-06 1.086410600692033768e-03 3.350567567395046353e-06 4.826748918276280165e-04 1.571764300933864433e-07 6.045859208825277165e-06 3.089847741648554802e-04
4.800000000000000000e+03 2.621952444314956665e-04 6.540153408423066139e-04 3.554415570761193521e-06 1.481245362811023369e-06 1.241679070517420769e-03 3.082260718656470999e-06 1.419606152921915054e-03 1.259055295577127254e-07 2.307608838236774318e-06 3.620688803493976593e-04
4.900000000000000000e+03 1.060119175235740840e-04 2.628983929753303528e-04 2.481599267412093468e-06 1.892299223982263356e-06 1.115108374506235123e-03 3.319729785289382562e-06 6.620251806452870369e-04 8.057458700250208494e-08 3.719867208928917535e-06 3.030481748282909393e-04
5.000000000000000000e+03 1.947141718119382858e-04 5.698697059415280819e-04 2.477770749464980327e-06 1.058048292179591954e-05 1.485367189161479473e-03 4.336450729169882834e-06 1.123637775890529156e-03 4.543956890756817302e-07 1.239480297954287380e-06 5.775899044238030910e-04
5.100000000000000000e+03 1.376500702463090420e-03 3.073411993682384491e-03 2.665675538082723506e-06 5.533696366910589859e-06 8.606765186414122581e-04 2.827635626090341248e-06 3.736234968528151512e-03 3.174569087605050299e-07 1.563114324198977556e-06 4.251419741194695234e-04
5.200000000000000000e+03 1.601445546839386225e-04 5.097563844174146652e-04 1.801712755877815653e-06 4.907567017653491348e-06 8.323989459313452244e-04 3.005006192324799486e-06 3.653858148027211428e-04 7.195554019290284486e-08 9.540808605379424989e-07 2.159615396521985531e-04
5.300000000000000000e+03 7.678611291339620948e-05 2.490393817424774170e-04 2.139051503036171198e-06 3.151826376779354177e-06 8.860764210112392902e-04 2.304142981301993132e-06 4.534177714958786964e-04 7.304575433408899698e-08 6.531284725497243926e-06 1.980490342248231173e-04
5.400000000000000000e+03 8.886616706149652600e-05 3.277828800491988659e-04 2.000124823098303750e-06 2.544358494560583495e-06 8.444940322078764439e-04 1.676158376540115569e-06 3.784677828662097454e-04 1.636564945783902658e-07 1.585660902492236346e-05 2.004934503929689527e-04
5.500000000000000000e+03 2.265101502416655421e-04 4.499281931202858686e-04 3.722989504240103997e-06 2.385892230449826457e-06 9.667564299888908863e-04 1.495136075391201302e-06 1.088808756321668625e-03 9.845222592730351607e-08 1.509260255261324346e-05 2.177465794375166297e-04
5.600000000000000000e+03 1.234146329807117581e-04 4.600682586897164583e-04 2.999461230501765385e-06 1.868708409347163979e-06 8.182418532669544220e-04 2.220371243311092257e-06 5.387727287597954273e-04 5.004184799872746225e-07 3.491740426397882402e-05 2.042506530415266752e-04
5.700000000000000000e+03 8.182186138583347201e-05 2.289801195729523897e-04 2.239660489067318849e-06 2.133361704181879759e-06 7.926649996079504490e-04 1.668410732236225158e-06 4.254659288562834263e-04 1.363295041301171295e-07 3.018525421794038266e-05 1.634007785469293594e-04
5.800000000000000000e+03 7.974211621331050992e-05 2.005258575081825256e-04 2.135627255483996123e-06 2.111263938786578365e-06 8.024873677641153336e-04 2.001548864427604713e-06 3.808916080743074417e-04 1.108550478079450841e-07 3.713947444339282811e-05 1.636506931390613317e-04
5.900000000000000000e+03 7.186836446635425091e-04 1.220948412083089352e-03 8.663762400829000399e-07 4.305045422370312735e-06 7.086475961841642857e-04 2.793201929307542741e-06 1.826045918278396130e-03 2.980848705647076713e-07 4.219647235004231334e-05 1.918868947541341186e-04
6.000000000000000000e+03 1.311556115979328752e-04 3.991695411968976259e-04 1.658497012613224797e-06 2.285250729983090423e-06 6.717201322317123413e-04 3.043863443963346072e-06 4.689363995566964149e-04 1.280153156812957604e-07 5.619404691969975829e-05 1.611721527297049761e-04
6.100000000000000000e+03 1.021435964503325522e-04 2.556796534918248653e-04 1.494226467002590653e-06 2.245178620796650648e-06 7.120463997125625610e-04 3.237542159695294686e-06 3.853283124044537544e-04 1.437032324247411452e-07 4.671319766202941537e-05 1.533548493171110749e-04
6.200000000000000000e+03 8.854099723976105452e-05 1.984133850783109665e-04 2.553851572884013876e-06 1.967218850040808320e-06 7.155671482905745506e-04 3.346103540025069378e-06 3.733289195224642754e-04 1.100938789022620767e-07 5.154324026079848409e-05 1.423291978426277637e-04
6.300000000000000000e+03 1.191028641187585890e-04 2.818075008690357208e-04 1.373457394038268831e-06 2.103388396790251136e-06 6.436889525502920151e-04 4.780553808814147487e-06 4.185764410067349672e-04 2.736443889261863660e-07 4.886742681264877319e-05 1.387882075505331159e-04
6.400000000000000000e+03 1.997105544432997704e-03 2.340450650081038475e-03 7.413110779452836141e-06 1.044026339513948187e-05 6.494466215372085571e-04 2.425295679131522775e-05 4.703138023614883423e-03 6.169118023535702378e-06 7.022004137979820371e-05 2.049589966190978885e-04
6.500000000000000000e+03 1.611738407518714666e-04 2.645198837853968143e-04 1.617775524209719151e-06 2.919911366916494444e-06 7.717451662756502628e-04 2.231371354355360381e-06 5.511046038009226322e-04 4.351874451913317898e-07 4.232674473314546049e-05 1.422495843144133687e-04
6.600000000000000000e+03 3.891037194989621639e-04 1.115844701416790485e-03 1.971890696950140409e-06 2.255323352073901333e-06 5.531141068786382675e-04 9.315626812167465687e-06 1.632219064049422741e-03 2.156168193323537707e-06 3.326994556118734181e-05 1.693096564849838614e-04
6.700000000000000000e+03 5.098911933600902557e-04 1.605406519956886768e-03 9.162054084299597889e-07 2.875557129300432280e-06 5.511525669135153294e-04 6.107894023443805054e-06 2.451827749609947205e-03 8.728192710805160459e-07 4.385959255159832537e-05 2.115025126840919256e-04
6.800000000000000000e+03 1.086571646737866104e-04 2.794069296214729548e-04 2.356768845857004635e-06 1.870828100436483510e-06 6.847037002444267273e-04 3.333675749672693200e-06 4.621233674697577953e-04 9.065271910912997555e-07 3.954731801059097052e-05 1.112473619286902249e-04
6.900000000000000000e+03 1.004383739200420678e-04 2.109844936057925224e-04 2.021489763137651607e-06 1.824197511268721428e-06 6.910290103405714035e-04 3.028837454621680081e-06 4.232889914419502020e-04 1.017145905279903673e-06 2.675122959772124887e-05 1.156324942712672055e-04
7.000000000000000000e+03 4.409416287671774626e-04 8.105971501208841801e-04 6.973806989662989508e-07 1.464593651689938270e-06 5.692108534276485443e-04 2.879471594496862963e-06 1.648915349505841732e-03 8.312867976201232523e-07 3.038363684026990086e-05 1.531726156827062368e-04
7.100000000000000000e+03 8.354688761755824089e-04 8.490525069646537304e-04 2.613516471683396958e-06 3.869360625685658306e-06 9.461480658501386642e-04 1.190910552395507693e-06 8.332946454174816608e-04 8.955535122368019074e-07 1.829190114222001284e-05 2.452506450936198235e-04
7.200000000000000000e+03 2.306650712853297591e-04 1.723385648801922798e-04 1.797565118977217935e-06 2.064927912215352990e-06 5.731923738494515419e-04 4.216066827211761847e-06 4.145945131313055754e-04 2.729270590862142853e-06 1.851919478212948889e-05 1.062043593265116215e-04
7.300000000000000000e+03 1.692586956778541207e-04 2.390507434029132128e-04 1.160542865363822784e-06 3.981654117524158210e-06 5.360473296605050564e-04 3.264236056566005573e-06 5.848926375620067120e-04 1.450437025596329477e-06 3.437808118178509176e-05 1.126122369896620512e-04
7.400000000000000000e+03 1.537787757115438581e-04 1.031249295920133591e-03 1.210400569107150659e-06 1.280689161831105594e-06 4.694170202128589153e-04 1.926754066516878083e-06 1.530123758129775524e-03 1.070121356860909145e-06 2.082449645968154073e-05 1.699684216873720288e-04
7.500000000000000000e+03 2.406009007245302200e-04 3.217777702957391739e-04 4.430277385836234316e-06 2.918035079346736893e-06 5.162915913388133049e-04 7.542445814578968566e-07 1.048218808136880398e-03 4.755087957164505497e-06 1.018049988488201052e-05 9.883030725177377462e-05
7.600000000000000000e+03 2.582995221018791199e-04 4.858032043557614088e-04 1.698484652479237411e-06 2.698002390388865024e-06 4.439911572262644768e-04 1.904318537526705768e-06 9.630512795411050320e-04 1.747065994095464703e-06 2.408970976830460131e-05 1.351693645119667053e-04
7.700000000000000000e+03 4.055220633745193481e-04 9.633734007366001606e-04 8.791156460574711673e-07 1.797656523194746114e-06 6.995605654083192348e-04 7.515641868849343155e-07 3.973533166572451591e-04 4.099582042726979125e-07 9.048319043358787894e-06 1.206895030918531120e-04
7.800000000000000000e+03 2.043976855929940939e-04 1.322541793342679739e-04 9.088599881579284556e-07 9.573544730301364325e-07 5.244995118118822575e-04 1.126206370827276260e-06 2.003382687689736485e-04 5.610473863271181472e-07 1.130624514189548790e-05 9.210845018969848752e-05
7.900000000000000000e+03 2.245689538540318608e-04 1.994374906644225121e-04 3.964760821872914676e-07 7.318943744394346140e-07 5.316691822372376919e-04 6.857716243757749908e-07 1.989990269066765904e-04 4.230265062687976751e-07 9.291588867199607193e-06 8.690843969816341996e-05
8.000000000000000000e+03 1.005357989924959838e-04 1.786202046787366271e-04 4.528662316261033993e-07 6.244947599043371156e-07 4.770444356836378574e-04 1.153827611233282369e-06 1.594533532625064254e-04 2.779738679237198085e-07 1.108902324631344527e-05 7.444997754646465182e-05
8.100000000000000000e+03 2.240295580122619867e-04 2.766846446320414543e-04 5.268670406621822622e-07 1.525257971479732078e-06 4.157892253715544939e-04 1.576080990162154194e-06 6.609103293158113956e-04 1.171149364154189243e-07 1.266700382984708995e-05 1.389987446600571275e-04
8.200000000000000000e+03 2.217359287897124887e-04 3.798262914642691612e-04 5.423748916655313224e-07 2.364468173254863359e-06 3.751217445824295282e-04 1.057746430888073519e-06 4.060983192175626755e-04 4.250341021361236926e-07 5.540112397284246981e-06 1.619125978322699666e-04
8.300000000000000000e+03 8.921763219404965639e-05 3.682068199850618839e-04 4.783426561516535003e-07 7.641358479304471985e-07 4.812444094568490982e-04 1.041449081640166696e-06 1.561567914905026555e-04 2.227107955832252628e-07 5.156267434358596802e-06 5.952816354692913592e-05
8.400000000000000000e+03 1.647204480832442641e-04 1.085964831872843206e-04 6.660349640696949791e-07 8.470163379570294637e-07 3.922301402781158686e-04 9.682321433501783758e-07 3.959074674639850855e-04 3.750438679617218440e-07 4.883942438027588651e-06 1.039373091771267354e-04
8.500000000000000000e+03 6.964000203879550099e-05 9.297314682044088840e-04 5.607109869742998853e-07 1.033936314343009144e-06 2.923619467765092850e-04 2.162726559618022293e-06 1.318669761531054974e-03 1.971898555552797916e-08 4.903925855614943430e-06 2.175446279579773545e-04
8.600000000000000000e+03 1.384597620926797390e-03 1.981733075808733702e-04 1.114518454414792359e-06 4.818312845600303262e-06 5.572364316321909428e-04 2.003567487918189727e-06 3.673021565191447735e-04 1.107746811612742022e-06 1.158308919002593029e-06 2.037770755123347044e-04
8.700000000000000000e+03 6.343879504129290581e-04 1.940517249749973416e-04 6.440092192860902287e-07 2.459763891238253564e-06 3.957364242523908615e-04 2.223242745458264835e-06 7.563313702121376991e-04 1.000905598402823671e-07 5.483051609189715236e-06 1.404389331582933664e-04
8.800000000000000000e+03 1.051024300977587700e-04 9.581071790307760239e-04 3.893512712238589302e-07 6.022635261615505442e-07 2.655819698702543974e-04 1.405352463734743651e-06 1.407511765137314796e-03 3.984348850849528390e-08 3.090892050749971531e-06 2.433109038975089788e-04
8.900000000000000000e+03 2.239637105958536267e-04 1.113039907068014145e-03 9.079616916096711066e-07 8.864946039466303773e-07 4.889532574452459812e-04 1.448010493731999304e-06 5.155202234163880348e-04 7.690082526323749335e-08 2.785742253763601184e-06 8.370115392608568072e-05
9.000000000000000000e+03 4.598432278726249933e-04 9.926771599566563964e-05 8.971007332547742408e-07 2.431110715406248346e-06 3.325417928863316774e-04 3.747501978068612516e-06 3.257790813222527504e-04 2.169901023307829746e-07 5.502059138962067664e-06 6.964249041629955173e-05
9.100000000000000000e+03 4.473609733395278454e-04 2.674451970960944891e-04 1.484047174926672596e-06 2.150761019947822206e-06 2.833019534591585398e-04 2.102469579767785035e-06 7.699207635596394539e-04 1.070799839908431750e-06 5.601656994258519262e-06 1.416456507286056876e-04
9.200000000000000000e+03 1.083884737454354763e-03 8.124344749376177788e-04 1.283306232835457195e-06 2.476576355547877029e-06 2.516446693334728479e-04 3.093919758612173609e-06 1.650703488849103451e-03 1.056899350260209758e-07 4.418963271746179089e-06 2.254046412417665124e-04
9.300000000000000000e+03 4.282862573745660484e-05 2.993196831084787846e-04 6.065128559384902474e-07 1.541583174002880696e-06 2.040406252490356565e-04 1.222630885422404390e-06 4.151708562858402729e-04 1.321717491009621881e-07 8.717727837392885704e-07 2.168376086046919227e-04
9.400000000000000000e+03 1.414328726241365075e-04 1.580552780069410801e-04 8.534414632777043153e-07 2.737267777774832211e-06 2.062957355519756675e-04 1.366878564112994354e-06 3.707963041961193085e-04 1.805555740475028870e-07 5.608339392892958131e-07 1.741502055665478110e-04
9.500000000000000000e+03 2.582013257779181004e-04 1.116988860303536057e-04 6.014280984345532488e-07 9.941467169483075850e-07 2.218996232841163874e-04 8.390324524043535348e-07 1.405810762662440538e-04 2.506206158159329789e-07 1.778255750650714617e-06 2.048962633125483990e-04
9.600000000000000000e+03 3.552501948433928192e-05 1.997647923417389393e-04 9.568180985297658481e-07 7.955124488034925889e-07 1.959162473212927580e-04 8.306622021336806938e-07 2.359338104724884033e-04 1.054380163623136468e-06 2.458277322148205712e-06 2.039606624748557806e-04
9.700000000000000000e+03 1.386888470733538270e-04 6.783754361094906926e-05 8.960270179159124382e-07 1.233868601957510691e-06 2.089124463964253664e-04 8.011312502276268788e-07 1.054350505000911653e-04 1.100739495996094774e-06 9.526632425149728078e-07 1.534615439595654607e-04
9.800000000000000000e+03 3.781524719670414925e-05 8.193473331630229950e-05 9.328134069619409274e-07 5.828302391819306649e-07 1.926026743603870273e-04 8.577477501603425480e-07 8.312166028190404177e-05 1.026235963763610926e-06 1.378703927912283689e-06 1.354997802991420031e-04
9.900000000000000000e+03 6.115838914411142468e-05 1.848019746830686927e-04 1.232729914590890985e-06 9.165378855868766550e-07 1.840702170738950372e-04 1.058838165590714198e-06 1.825929648475721478e-04 6.796895490879251156e-07 4.687409784764895448e-07 2.292679419042542577e-04
1.000000000000000000e+04 9.378351387567818165e-05 8.412279566982761025e-05 2.630900780786760151e-06 5.884734946448588744e-06 2.080088452203199267e-04 4.809849087905604392e-07 1.358211156912147999e-04 2.161782049370231107e-06 4.544903276837430894e-06 1.062378796632401645e-04
1.010000000000000000e+04 6.309204734861850739e-03 3.399575827643275261e-03 4.249995618010871112e-05 2.958149416372179985e-04 5.239079240709543228e-03 4.987745778635144234e-04 2.944857813417911530e-03 5.387687997426837683e-05 1.887355756480246782e-04 2.946263412013649940e-03
1.020000000000000000e+04 1.469337148591876030e-04 3.120584879070520401e-04 1.762610736477654427e-06 3.654458566870744107e-07 1.454067532904446125e-03 3.567855856090318412e-06 9.204026428051292896e-04 3.813329101376439212e-07 4.117408423098822823e-07 3.575242590159177780e-04
1.030000000000000000e+04 1.439834159100428224e-04 3.565766674000769854e-04 3.516490778565639630e-07 4.882131747763196472e-07 1.179728191345930099e-03 5.184219389775535092e-06 5.051910411566495895e-04 4.941309583728070720e-08 5.087060230835049879e-07 2.788369602058082819e-04
1.040000000000000000e+04 3.106326039414852858e-04 6.150768604129552841e-04 3.181407635111099808e-07 9.306633614869497251e-07 1.241565332747995853e-03 2.974638164232601412e-06 2.001295099034905434e-03 1.090353229926677159e-08 7.358589755313005298e-07 2.419645315967500210e-04
1.050000000000000000e+04 1.844643556978553534e-04 4.592999757733196020e-04 1.237935549625035492e-07 1.102885448744927999e-06 9.792128112167119980e-04 3.216605591660481878e-06 3.208676062058657408e-04 3.348622357179920073e-08 1.379747800456243567e-06 2.279278123751282692e-04
1.060000000000000000e+04 1.473763841204345226e-04 2.887910522986203432e-04 2.200454787271155510e-07 1.221396587425260805e-06 9.651699801906943321e-04 2.692737325560301542e-06 3.450060903560370207e-04 1.920521555121013080e-07 1.209173433380783536e-06 1.924520038301125169e-04
1.070000000000000000e+04 1.639849215280264616e-04 3.249206638429313898e-04 6.202924396347953007e-07 1.445190832782827783e-06 9.156715241260826588e-04 3.529788045852910727e-06 1.043415744788944721e-03 6.367945388774387538e-07 9.024266773849376477e-07 1.649304467719048262e-04
1.080000000000000000e+04 1.962758542504161596e-04 2.642153704073280096e-04 1.442022266928688623e-06 1.369648543914081529e-06 9.001365397125482559e-04 5.088662419439060614e-06 8.048887248151004314e-04 1.337113872068584897e-06 7.028822324173233937e-07 1.388868113281205297e-04
1.090000000000000000e+04 2.187657810281962156e-04 3.598219482228159904e-04 1.016506530504557304e-06 1.888787323878204916e-06 8.385051041841506958e-04 2.285230493725975975e-06 1.133296173065900803e-03 9.085472356673562899e-07 4.143994658534211339e-07 1.353240513708442450e-04
1.100000000000000000e+04 2.125662867911159992e-04 3.698926884680986404e-04 1.060235376826312859e-06 1.441854465156211518e-06 6.956372526474297047e-04 1.525451125417021103e-06 1.806658110581338406e-04 1.083015149561106227e-06 3.998885063083434943e-07 1.646642049308866262e-04
1.110000000000000000e+04 3.986536758020520210e-04 5.107918987050652504e-04 6.570364803337724879e-07 1.724105800349207129e-06 7.650526822544634342e-04 9.037278232426615432e-07 1.139255356974899769e-03 4.319813058373256354e-07 1.458513594343457953e-07 1.210025802720338106e-04
1.120000000000000000e+04 1.348368095932528377e-04 1.153641060227528214e-04 4.354461111688578967e-07 1.910513219627318904e-06 6.086873472668230534e-04 1.310479206040326972e-06 1.879137271316722035e-04 3.833360722182987956e-07 2.077442076142688165e-07 1.600593095645308495e-04
1.130000000000000000e+04 8.023406844586133957e-04 7.635648362338542938e-04 3.323262660615000641e-07 1.595534172338375356e-06 6.851300713606178761e-04 1.420011244590568822e-06 1.217688899487257004e-03 1.032093379649268172e-07 1.371213784295832738e-06 1.501001243013888597e-04
1.140000000000000000e+04 1.370996760670095682e-04 1.853543944889679551e-04 5.109606604492000770e-07 1.191812884826504160e-06 4.355532291810959578e-04 1.913920868901186623e-06 1.340144226560369134e-04 1.182185513926015119e-07 1.659873191783844959e-06 2.911914489232003689e-04
1.150000000000000000e+04 1.034435408655554056e-04 1.470193819841369987e-04 3.068371370318345726e-07 2.132151394107495435e-06 7.745583425275981426e-04 7.579172915939125232e-07 2.167000202462077141e-04 2.545911286233604187e-07 6.354121637741627637e-07 1.787714718375355005e-04
1.160000000000000000e+04 1.245408057002350688e-04 1.592302287463098764e-04 5.396074129748740233e-07 1.555556309540406801e-06 5.059928516857326031e-04 2.689959046620060690e-06 9.866396430879831314e-05 3.417259506477421382e-07 1.432909471077437047e-06 2.296802267665043473e-04
1.170000000000000000e+04 2.414957561995834112e-04 3.072815889026969671e-04 4.418153594087925740e-07 1.907279056467814371e-06 4.077788034919649363e-04 2.415166591163142584e-06 3.524550993461161852e-04 1.481052578355956939e-07 1.789455950529372785e-06 3.147883981000632048e-04
1.180000000000000000e+04 1.476555189583450556e-04 1.048765479936264455e-04 2.730883352342061698e-06 4.629569048120174557e-06 5.731531418859958649e-04 2.236401996924541891e-06 2.296185848535969853e-04 5.433602154880645685e-07 2.969776460304274224e-06 2.369434223510324955e-04
1.190000000000000000e+04 2.955064119305461645e-04 6.874086830066516995e-05 2.497620528174593346e-07 1.483582195760391187e-06 3.809469344560056925e-04 1.692290311439137440e-06 1.003244542516767979e-04 4.550803467395780899e-08 9.759787644725292921e-07 3.279444063082337379e-04
1.200000000000000000e+04 2.298273320775479078e-04 1.450997515348717570e-04 8.217100599949844764e-08 1.026845097840123344e-06 3.541289188433438540e-04 1.651123056944925338e-06 1.515934127382934093e-04 4.525399077692782157e-08 1.151191327153355815e-06 3.011173976119607687e-04
1.210000000000000000e+04 6.936744321137666702e-04 2.154525427613407373e-04 1.024785447611975542e-07 1.227321149599447381e-06 3.103399067185819149e-04 2.209013246101676486e-06 3.232222225051373243e-04 7.663771128818552825e-08 1.998778088818653487e-06 5.078553804196417332e-04
1.220000000000000000e+04 1.431201089872047305e-04 7.155144703574478626e-05 3.386140861039166339e-07 3.184175739079364575e-06 2.904663560912013054e-04 3.103571543761063367e-06 1.410455151926726103e-04 2.240780787587937084e-07 5.779899083790951408e-07 4.699760756921023130e-04
1.230000000000000000e+04 8.013073966139927506e-05 8.071448974078521132e-05 4.748279422983614495e-07 9.514316730019345414e-07 3.139640612062066793e-04 1.870216692623216659e-06 1.197058882098644972e-04 6.167205128804198466e-07 1.541931624160497449e-06 4.889090196229517460e-04
1.240000000000000000e+04 1.014490699162706733e-04 5.831476664752699435e-05 2.703131372072675731e-07 1.133784621742961463e-06 2.247339725727215409e-04 1.122168555411917623e-06 7.909630949143320322e-05 2.060084902666403650e-08 1.265906007574812975e-06 7.647163001820445061e-04
1.250000000000000000e+04 1.832373091019690037e-04 6.010676952428184450e-05 1.598137941982713528e-07 1.225533424076274969e-06 1.975403574761003256e-04 1.723013838272891007e-06 7.853002171032130718e-05 3.303707387658505468e-07 9.886010730042471550e-07 8.554496453143656254e-04
1.260000000000000000e+04 1.260237477254122496e-04 3.480190935079008341e-05 1.755895056021472556e-07 1.188880787594825961e-06 2.096805546898394823e-04 1.150042862718692049e-06 1.970525772776454687e-04 1.107694771462774952e-07 1.144424572885327507e-06 7.826201617717742920e-04
1.270000000000000000e+04 1.411210105288773775e-04 1.174305361928418279e-04 6.535003649332793429e-07 6.309318791863915976e-07 3.294325433671474457e-04 1.894622073450591415e-06 2.087479806505143642e-04 7.916443678368523251e-07 5.667085929417225998e-07 4.425882943905889988e-04
1.280000000000000000e+04 2.655881107784807682e-04 4.874354635830968618e-05 2.675814130270737223e-07 9.104958849093236495e-07 1.977420761249959469e-04 1.166428546639508568e-06 9.410139318788424134e-05 2.740651439125940669e-07 8.255884154095838312e-07 9.225942776538431644e-04
1.290000000000000000e+04 5.041053518652915955e-04 2.048225433100014925e-04 1.968397214113792870e-07 8.324370810441905633e-07 1.943251700140535831e-04 1.108725655285525136e-06 2.075931988656520844e-04 2.173039632680229261e-07 8.762497145653469488e-07 1.031166175380349159e-03
1.300000000000000000e+04 5.774888559244573116e-04 2.808851422742009163e-04 5.094620973977725953e-07 7.609799581587139983e-07 1.722522574709728360e-04 1.905621843434346374e-06 6.029937649145722389e-04 4.717162482847925276e-07 6.173708584356063511e-07 1.044773031026124954e-03
1.310000000000000000e+04 4.413936767377890646e-05 4.115614137845113873e-05 3.243709443268016912e-07 6.434880788219743408e-07 1.480892678955569863e-04 1.174923340840905439e-06 9.318575757788494229e-05 2.914888170835183701e-07 7.750631425551546272e-07 1.261369674466550350e-03
1.320000000000000000e+04 2.038443199126049876e-04 5.819460056954994798e-05 1.663873945290106349e-07 6.668865353276487440e-07 1.504833344370126724e-04 1.008785034173342865e-06 1.893915032269433141e-04 2.232682021485743462e-07 7.702529956077341922e-07 1.165522495284676552e-03
1.330000000000000000e+04 1.206616143463179469e-04 2.428177685942500830e-05 2.881647560570854694e-07 4.930871568831207696e-07 1.482717052567750216e-04 1.035971308738226071e-06 4.318390347179956734e-05 4.176155812274373602e-07 6.588776955140929203e-07 1.139865140430629253e-03
1.340000000000000000e+04 6.593160651391372085e-05 6.164443766465410590e-05 4.088153104930825066e-07 5.247943022368417587e-07 1.430342963431030512e-04 1.096968389902031049e-06 4.263363371137529612e-05 4.385809688756125979e-07 4.410545955124689499e-07 1.133229583501815796e-03
1.350000000000000000e+04 7.581800309708341956e-05 9.037682320922613144e-05 1.546810750596705475e-07 5.711037829314591363e-07 1.313131797360256314e-04 7.897921818766917568e-07 1.355596032226458192e-04 1.146511650063075649e-07 6.120150146671221592e-07 1.277936855331063271e-03
1.360000000000000000e+04 6.931277312105521560e-05 1.476659526815637946e-04 1.825593329840557999e-07 6.237822276489168871e-07 1.559002557769417763e-04 8.904312949198356364e-07 1.074022002285346389e-04 1.100074271676021453e-07 3.422427710120246047e-07 1.019655144773423672e-03
1.370000000000000000e+04 3.498912265058606863e-04 1.466270914534106851e-04 4.727199893750366755e-07 1.243068481926457025e-06 1.712623634375631809e-04 2.080312697216868401e-06 1.685099705355241895e-04 1.289867412879175390e-07 5.851663900102721527e-07 9.141897317022085190e-04
1.380000000000000000e+04 1.342174364253878593e-04 4.084581814822740853e-05 1.323244447348770336e-07 5.956948712082521524e-07 1.341470488114282489e-04 3.807889754625648493e-07 9.736692300066351891e-05 1.229805661751015577e-07 5.441489179247582797e-07 1.168115297332406044e-03
1.390000000000000000e+04 5.443150803330354393e-05 5.956450331723317504e-05 2.525397064800927183e-07 3.301118454146489967e-07 1.142441906267777085e-04 6.572031452378723770e-07 8.476034417981281877e-05 6.296165366848072154e-08 4.458705689103226177e-07 1.651768921874463558e-03
1.400000000000000000e+04 5.005058483220636845e-05 1.707124465610831976e-04 1.233966173685985268e-07 3.008960618444689317e-07 1.073033199645578861e-04 7.203902328001277056e-07 1.726116024656221271e-04 1.711275245952492696e-07 1.164243315088242525e-07 1.720470841974020004e-03
1.410000000000000000e+04 1.545154082123190165e-04 5.472240736708045006e-04 2.371205454210212338e-07 5.349806428966985550e-07 1.063385207089595497e-04 5.495256232279643882e-07 4.354717675596475601e-04 2.148531024204203277e-07 2.050587397661729483e-07 1.903817756101489067e-03
1.420000000000000000e+04 5.033163688494823873e-05 2.038571801676880568e-05 2.392859244082501391e-07 2.189083687653692323e-07 1.093317914637736976e-04 4.244443800871522399e-07 4.630518742487765849e-05 1.691601738684767042e-07 1.365305024592089467e-07 1.542011857964098454e-03
1.430000000000000000e+04 3.960195754189044237e-04 2.046781009994447231e-04 7.959264962664747145e-07 1.059616806742269546e-06 1.219659607158973813e-04 1.513260826868645381e-06 2.409895096207037568e-04 5.105091531731886789e-07 6.747676479790243320e-07 1.639217021875083447e-03
1.440000000000000000e+04 6.891928933328017592e-05 4.878139225183986127e-05 1.982179895776425838e-07 3.172728213485243032e-07 1.041889190673828125e-04 3.102026084889075719e-07 7.797833677614107728e-05 1.710566692736392724e-07 2.549406872276449576e-07 1.459517865441739559e-03
1.450000000000000000e+04 2.908303285948932171e-04 3.698135260492563248e-04 1.667298761276470032e-07 3.080787394083017716e-07 1.328619400737807155e-04 3.259847858316788916e-07 4.334095865488052368e-04 8.132511908343076357e-08 3.538658575052977540e-07 1.008955296128988266e-03
1.460000000000000000e+04 1.103105314541608095e-04 1.521726662758737803e-04 1.567798335599945858e-07 1.640073605813086033e-06 1.290398213313892484e-04 1.351725984477525344e-07 1.258681440958753228e-04 1.223398129468478146e-07 3.333052518428303301e-07 1.094244886189699173e-03
1.470000000000000000e+04 1.788034860510379076e-04 5.600776057690382004e-04 3.959682999266078696e-07 1.006566208161530085e-06 1.117448191507719457e-04 7.789101346133975312e-07 6.710334564559161663e-04 3.664209771159221418e-07 4.333370213771559065e-07 1.656893873587250710e-03
1.480000000000000000e+04 2.250029210699722171e-04 2.296469174325466156e-04 4.791505716639221646e-07 6.642108587584516499e-07 1.189935792353935540e-04 2.525960383081837790e-07 3.913044056389480829e-04 1.770591779859387316e-07 2.940451224731077673e-07 1.330826431512832642e-03
1.490000000000000000e+04 1.393652200931683183e-04 6.691923772450536489e-05 1.817416261928883614e-07 1.648271563681191765e-06 1.084678515326231718e-04 2.013958919633296318e-07 1.011796775856055319e-04 1.352463954162885784e-07 2.021155580678168917e-07 1.211961847729980946e-03
1.500000000000000000e+04 7.623917190358042717e-05 3.166628011967986822e-04 1.234389941373592592e-07 6.041070150786254089e-07 1.014587614918127656e-04 3.199485547611402581e-07 3.458695136941969395e-04 6.046668232784213615e-08 3.208175485269748606e-07 1.538447453640401363e-03
1.510000000000000000e+04 1.179936734843067825e-04 2.289469121024012566e-04 2.837886313500348479e-06 1.481429649174970109e-06 1.350414240732789040e-03 1.512435119366273284e-06 4.093459283467382193e-04 5.675300371876801364e-07 1.327821223640057724e-06 4.137546638958156109e-04
1.520000000000000000e+04 7.704184827161952853e-05 1.821580226533114910e-04 1.769940695339755621e-06 1.631659216627667774e-07 9.395459201186895370e-04 4.175080903223715723e-06 2.608436625450849533e-04 9.534867899674281944e-07 9.833447478513335227e-08 1.896555913845077157e-04
1.530000000000000000e+04 9.687718556961044669e-05 2.009993768297135830e-04 1.797877644094114657e-06 2.733181077019253280e-07 7.421449408866465092e-04 1.651430011406773701e-06 1.882805954664945602e-04 1.466335447730671149e-06 1.219384273554169340e-07 1.130168966483324766e-04
1.540000000000000000e+04 7.439180626533925533e-05 6.899084110045805573e-05 1.349602143818628974e-06 3.500423702007537941e-07 6.102006300352513790e-04 2.787801122394739650e-06 4.861530396738089621e-05 6.302589667939173523e-07 1.841362973209470510e-07 5.516867167898453772e-05
1.550000000000000000e+04 1.208011672133579850e-04 2.066186134470626712e-04 1.097840481634193566e-06 4.637426513909304049e-07 5.159234860911965370e-04 1.233276748280331958e-06 2.129621570929884911e-04 3.685500757910631364e-07 4.684058581005956512e-07 5.855711424374021590e-05
1.560000000000000000e+04 1.197472156491130590e-04 1.056824985425919294e-04 1.251712888006295543e-06 3.930213949843164301e-07 5.310114938765764236e-04 3.146292328892741352e-07 8.414369949605315924e-05 2.440927744373766473e-07 3.683435352286323905e-07 3.405011739232577384e-05
1.570000000000000000e+04 1.093996033887378871e-04 1.429533149348571897e-04 7.595738225063541904e-07 2.621094381538568996e-07 4.008454852737486362e-04 6.602421649404277559e-07 1.009007683023810387e-04 2.445005122808652231e-07 2.282070994397145114e-07 5.007539220969192684e-05
1.580000000000000000e+04 5.857389987795613706e-05 3.887583807227201760e-05 5.904387876398686785e-07 2.816263418026210275e-07 4.291605437174439430e-04 5.088423904453520663e-07 2.009461604757234454e-05 2.013069178019577521e-07 4.248431366704608081e-07 3.113680941169150174e-05
1.590000000000000000e+04 1.333858381258323789e-04 2.465758007019758224e-04 3.878610641550039873e-07 2.010695681065044482e-07 4.376806318759918213e-04 5.147143156136735342e-07 1.625121658435091376e-04 1.436849288438679650e-07 1.573381211983360117e-07 2.235942338302265853e-05
1.600000000000000000e+04 2.250482066301628947e-04 4.625944711733609438e-05 1.841352883502622717e-07 1.983585491416306468e-07 4.104768740944564342e-04 3.912724082510976586e-07 3.737590668606571853e-05 1.188796900919442123e-07 2.495413298220228171e-07 3.652932355180382729e-05
1.610000000000000000e+04 8.488754247082397342e-05 3.504614869598299265e-05 4.370115505025751190e-07 3.826481531632452970e-07 4.748014034703373909e-04 2.967451280255772872e-07 1.031848023558268324e-05 1.566505147820862476e-08 9.996852412541556987e-08 3.489657683530822396e-05
1.620000000000000000e+04 5.667661389452405274e-05 4.602216722560115159e-05 3.833636696981557179e-08 2.036463229160290211e-07 3.422336303628981113e-04 3.628892955021001399e-07 1.751781019265763462e-05 1.197082895032508532e-07 1.474219715191793512e-07 2.745571146078873426e-05
1.630000000000000000e+04 5.459909880300983787e-05 6.034871330484747887e-05 1.949380923349508521e-08 1.827055768899299437e-07 2.838796644937247038e-04 4.437522136413463159e-07 1.056624296325026080e-05 1.264092901465119212e-07 1.808487155585680739e-07 4.420226468937471509e-05
1.640000000000000000e+04 2.909114700742065907e-04 1.919639034895226359e-04 2.573628776758596359e-08 2.169299477827735245e-07 3.515385906212031841e-04 2.924764430645154789e-07 1.705906033748760819e-04 8.936272166693015606e-08 1.050183726647446747e-07 2.032360498560592532e-05
1.650000000000000000e+04 5.353891174308955669e-04 1.459685590816661716e-04 3.840114004560746253e-08 2.991035046306933509e-07 2.820155059453099966e-04 2.791726956274942495e-07 6.240605580387637019e-05 1.091653416551707778e-07 9.999008909744588891e-08 8.012339094420894980e-05
1.660000000000000000e+04 6.474075053120031953e-05 1.134536796598695219e-04 5.614309017687446612e-08 1.980000234880208154e-07 2.434687776258215308e-04 2.507912881810625549e-07 9.968449012376368046e-05 9.759285291011110530e-08 1.203975870112117263e-07 3.758789171115495265e-05
1.670000000000000000e+04 7.277449185494333506e-05 5.874088674318045378e-05 5.409507863873841416e-08 2.418411781945906114e-07 2.186667552450671792e-04 2.960404685836692806e-07 4.464051380637101829e-05 1.047356406047583732e-07 2.978998452363157412e-07 2.166307058359961957e-05
1.680000000000000000e+04 5.669979873346164823e-05 8.161998266587033868e-05 5.965888050241119345e-08 2.664392866336129373e-07 1.934048777911812067e-04 2.230196827213148936e-07 2.629407390486449003e-05 7.938053414591195178e-08 4.094629275641636923e-07 4.456280657905153930e-05
1.690000000000000000e+04 3.190279530826956034e-04 4.543822433333843946e-05 5.746369069470347313e-08 2.301606087939944700e-07 1.670552592258900404e-04 1.195502932205272373e-06 1.874519693956244737e-05 7.154203984782725456e-08 1.468089010359108215e-07 1.303619592363247648e-05
1.700000000000000000e+04 3.517141522024758160e-05 5.224561755312606692e-05 5.371904165940577514e-08 2.207204090609593550e-07 1.263367739738896489e-04 4.318454500662483042e-07 5.997221705911215395e-06 1.663965143450241158e-08 4.560977231449214742e-07 3.848804772133007646e-05
1.710000000000000000e+04 3.765873552765697241e-04 1.801813923520967364e-04 9.524426332063740119e-07 3.673433184303576127e-06 8.731920970603823662e-04 4.117843559470202308e-07 3.722759138327091932e-04 5.415168971012462862e-07 4.512342286489001708e-07 1.209394031320698559e-04
1.720000000000000000e+04 4.988642831449396908e-05 7.056772301439195871e-05 1.604999511073401663e-07 2.546806570080661913e-07 2.573374949861317873e-04 7.722541113253100775e-07 4.800663009518757463e-05 8.797621831035939977e-08 7.430514159523227136e-08 3.217248740838840604e-05
1.730000000000000000e+04 4.068165799253620207e-05 2.932175266323611140e-05 3.295108186307516007e-08 1.321068907600420061e-07 2.725847880356013775e-04 5.607888056147203315e-07 7.931586878839880228e-06 4.896737237913839635e-08 1.434361678320783540e-07 2.160544136131647974e-05
1.740000000000000000e+04 3.418203777982853353e-05 5.597792187472805381e-05 1.662549209413555218e-08 1.636951338923609001e-07 1.420263142790645361e-04 7.757462299196049571e-07 3.720534732565283775e-05 1.608541282394071459e-07 3.566796351606171811e-07 4.212956991977989674e-05
1.750000000000000000e+04 3.741557884495705366e-05 8.008888835320249200e-05 7.838995941256143851e-08 1.236127502579620341e-07 1.290263753617182374e-04 6.990541692175611388e-07 4.726131010102108121e-05 2.377875176762245246e-07 1.895877375091004069e-07 2.878202576539479196e-05
1.760000000000000000e+04 3.181245847372338176e-05 2.709354885155335069e-05 3.743664223065934493e-08 2.837086015006207163e-07 1.423111534677445889e-04 6.974341317800281104e-07 7.506770998588763177e-06 5.021816562589265232e-08 9.695751259641838260e-07 2.957141805381979793e-05
1.770000000000000000e+04 4.971575981471687555e-05 1.427458937541814521e-05 8.393789840965837357e-08 4.773940887048411241e-08 1.225572341354563832e-04 2.875531777135620359e-07 7.696809007029514760e-06 9.274432954953226727e-08 5.369237214836175554e-07 1.622767922526691109e-05
1.780000000000000000e+04 5.230757233221083879e-05 2.785885881166905165e-04 1.632980968224728713e-07 3.252323494962183759e-07 1.778480655048042536e-04 1.111682692567228514e-07 1.853971625678241253e-04 9.499429154402605491e-08 5.738438062508066650e-07 8.605129551142454147e-06
1.790000000000000000e+04 6.822197465226054192e-04 7.040909986244514585e-05 6.227162430150201544e-08 4.966914275428280234e-07 1.580199023010209203e-04 3.830612627098162193e-07 1.552676694700494409e-04 2.428848766555802285e-08 4.332991636601946084e-07 2.560640314186457545e-05
1.800000000000000000e+04 2.973604132421314716e-04 6.766655133105814457e-05 7.935667412084512762e-08 1.234284781048700097e-07 8.483465353492647409e-05 5.809705498904804699e-07 6.686348206130787730e-05 2.985830960255952959e-08 9.403461262991186231e-07 4.393200288177467883e-05
1.810000000000000000e+04 3.088605590164661407e-04 2.374269970459863544e-04 1.084096865611172689e-07 6.106665040306324954e-08 9.164203947875648737e-05 8.183804993677767925e-07 3.569426189642399549e-04 1.453018683150730794e-07 4.536631195151130669e-07 2.483403659425675869e-05
1.820000000000000000e+04 3.799796104431152344e-05 2.308585535502061248e-04 7.210092434206671896e-08 1.150664559190772707e-07 6.568073877133429050e-05 2.177860807250908692e-07 1.058010311680845916e-04 1.145547301462102041e-08 5.895882395634544082e-07 7.991381426109001040e-05
1.830000000000000000e+04 4.260805435478687286e-04 5.070100305601954460e-04 5.961773297258332605e-08 1.739283277402137173e-07 1.069492354872636497e-04 1.856161020441504661e-07 6.067911162972450256e-04 6.536917229738037349e-09 5.486240297614131123e-07 4.259253910277038813e-05
1.840000000000000000e+04 1.127283612731844187e-04 2.377890268689952791e-05 4.154679800194571726e-08 8.444081345260201488e-08 9.007399785332381725e-05 3.543598836586170364e-07 9.185437193082179874e-06 7.255923861748669879e-09 3.802358605753397569e-07 1.132392117142444476e-05
1.850000000000000000e+04 1.184104621643200517e-04 3.071760147577151656e-05 2.287511051690671593e-07 9.045346160974077065e-08 1.644890144234523177e-04 2.781195576062600594e-07 3.684337571030482650e-05 5.945021896991420363e-08 3.894066935572482180e-07 1.660821908444631845e-05
1.860000000000000000e+04 9.852986840996891260e-05 3.740961983567103744e-05 2.977219359934224485e-08 1.017974753381167830e-07 7.328041101573035121e-05 5.572965733335877303e-07 7.711933722021058202e-05 2.769005114089395647e-08 4.708410727971568122e-08 3.720106906257569790e-05
1.870000000000000000e+04 7.898077456047758460e-05 5.553671508096158504e-05 4.798716091158894415e-08 4.806534903423198557e-08 5.700092515326105058e-05 5.307501282914017793e-07 5.867854633834213018e-05 8.595382894327485701e-08 2.258050812997680623e-07 5.424821210908703506e-05
1.880000000000000000e+04 1.905999488371890038e-05 3.133761128992773592e-05 4.170574996464893047e-08 8.607785417780178250e-08 8.520204573869705200e-05 3.455100170413061278e-07 2.506400414858944714e-05 5.792119672776152584e-09 3.357515936386334943e-07 1.354698270006338134e-05
1.890000000000000000e+04 2.134575770469382405e-04 9.583985229255631566e-05 4.370549433474479883e-08 5.212742237858947192e-08 7.594488124595955014e-05 2.951846624910103856e-07 1.358706358587369323e-04 7.516380406968892203e-09 3.120244116416870384e-07 3.626317629823461175e-05
1.900000000000000000e+04 3.599629417294636369e-05 4.785878991242498159e-05 5.672703551340418926e-08 5.039705186504761514e-08 6.481695163529366255e-05 2.957540914394485299e-07 3.087141158175654709e-05 1.476146938017564025e-08 2.027304475404889672e-07 4.140896635362878442e-05
1.910000000000000000e+04 6.138190656201913953e-05 1.408116077072918415e-04 6.645606731581210624e-08 4.672623887813642796e-08 5.348906051949597895e-05 4.014902685867127730e-07 1.081869195331819355e-04 2.102928853275898291e-08 1.807395904052100377e-07 1.094685358111746609e-04
1.920000000000000000e+04 2.322355430806055665e-04 4.336339407018385828e-05 8.901748316247903858e-08 8.289571695740960422e-08 6.464921898441389203e-05 2.815662298871757230e-07 6.353823118843138218e-05 5.598266739070822950e-08 4.112813201118115103e-07 4.913165685138665140e-05
1.930000000000000000e+04 9.260948718292638659e-05 6.825221498729661107e-05 1.008768322208197787e-07 5.460597662931832019e-08 3.815009040408767760e-05 3.963246797411557054e-07 4.523931056610308588e-05 3.766389866655117658e-08 1.280823909155515139e-07 1.277987757930532098e-04
1.940000000000000000e+04 4.945006003254093230e-05 5.844993938808329403e-05 1.775485145572019974e-07 1.677581025205654441e-07 6.605446105822920799e-05 6.951901809770788532e-07 4.153746340307407081e-05 7.847691563256375957e-08 2.816876758515718393e-07 4.769412407767958939e-05
1.950000000000000000e+04 8.100153354462236166e-05 1.213851464854087681e-05 1.897591062061110279e-07 2.230667384139906062e-08 5.035437061451375484e-05 2.130841778580361279e-07 2.924407681348384358e-06 1.414922081721670111e-07 3.261218495254070149e-08 1.028304031933657825e-04
1.960000000000000000e+04 1.961583620868623257e-04 3.620208372012712061e-05 2.802581207106413785e-07 7.912849042668312904e-08 6.962072075111791492e-05 3.303544247046374949e-07 7.540138176409527659e-05 2.690214842004934326e-07 9.414638668658881215e-08 1.535404298920184374e-04
1.970000000000000000e+04 5.017163930460810661e-04 5.713612772524356842e-04 8.952505936576926615e-08 3.687755736336839618e-07 5.369387872633524239e-05 7.209196155599784106e-07 9.400076232850551605e-04 5.132256575279825483e-08 1.293064428864454385e-07 3.869362990371882915e-04
1.980000000000000000e+04 2.585705806268379092e-05 1.055156008078483865e-05 1.502097717320793890e-07 5.855793716591506382e-08 2.840466368070337921e-05 3.379589657015458215e-07 1.452105516364099458e-05 7.520802114413527306e-08 8.036005993972139549e-08 2.456619113218039274e-04
1.990000000000000000e+04 2.860006134142167866e-05 7.818791345926001668e-05 2.124991738128301222e-07 9.717168580891666352e-08 5.843793405801989138e-05 3.506575296796654584e-07 4.811759936274029315e-05 8.808847695718213799e-08 3.624549194114479178e-08 2.533177030272781849e-04
2.000000000000000000e+04 3.785748776863329113e-05 9.819446131587028503e-05 1.742366890766788856e-07 1.447062061288306722e-07 3.121739428024739027e-05 2.843472373115218943e-07 1.222941937157884240e-04 9.949123835895079537e-08 4.773873740759881912e-08 3.260092635173350573e-04
2.010000000000000000e+04 3.273002512287348509e-04 1.552500325487926602e-04 2.406928615528158844e-05 9.720859452500008047e-06 2.343117957934737206e-03 6.030540589563315734e-06 5.080462433397769928e-04 1.586973849043715745e-05 1.429964595445198938e-05 8.234607521444559097e-04
2.020000000000000000e+04 2.246224757982417941e-04 1.266029576072469354e-04 9.173231774184387177e-06 6.998183380346745253e-06 1.929586520418524742e-03 9.521900210529565811e-06 3.878030111081898212e-04 3.994907729065744206e-06 9.180466804536990821e-06 5.800873041152954102e-04
2.030000000000000000e+04 1.845614315243437886e-04 2.173209068132564425e-04 5.862746093043824658e-06 7.205993824754841626e-06 1.669424236752092838e-03 1.128293934016255662e-05 4.723149177152663469e-04 1.605157308404159267e-06 9.390111699758563191e-06 4.827103402931243181e-04
2.040000000000000000e+04 2.638582081999629736e-04 3.362897550687193871e-04 3.464514520601369441e-06 4.713695034297415987e-06 1.882791286334395409e-03 9.480926564719993621e-06 1.282036071643233299e-03 6.840481319159152918e-07 5.946147211943753064e-06 5.025007994845509529e-04
2.050000000000000000e+04 1.322996831731870770e-04 1.174264689325354993e-04 3.908561666321475059e-06 4.559986336971633136e-06 1.724073197692632675e-03 6.610075161006534472e-06 2.216426364611834288e-04 9.507590448265546001e-07 4.980140602128813043e-06 4.443773650564253330e-04
2.060000000000000000e+04 2.371613227296620607e-04 6.223401869647204876e-04 3.138271040370455012e-06 4.144095328229013830e-06 1.420886372216045856e-03 6.333105375233571976e-06 3.476890269666910172e-04 6.989838539084303193e-07 4.514495230978354812e-06 3.733646590262651443e-04
2.070000000000000000e+04 5.475312354974448681e-04 8.756686584092676640e-04 3.156458888042834587e-06 3.537511247486690991e-06 1.586898695677518845e-03 4.629539944289717823e-06 2.289843745529651642e-03 2.016866744725120952e-07 3.922872110706521198e-06 3.136242448817938566e-04
2.080000000000000000e+04 2.998858981300145388e-04 3.723436966538429260e-04 3.072479557886254042e-06 3.328733782836934552e-06 1.430467818863689899e-03 3.496549652481917292e-06 1.058518304489552975e-03 3.538676480729918694e-07 3.592587745515629649e-06 2.391860034549608827e-04
2.090000000000000000e+04 7.361162570305168629e-04 2.259769476950168610e-03 1.417598696207278408e-06 2.414236632830579765e-06 9.038384305313229561e-04 4.374020136310718954e-06 1.882856478914618492e-03 3.282649174707330531e-07 2.502646111679496244e-06 2.577794366516172886e-04
2.100000000000000000e+04 1.574969210196286440e-04 2.417084760963916779e-04 1.654216930546681397e-06 2.317020744158071466e-06 1.075199223123490810e-03 5.058109763922402635e-06 1.582695113029330969e-04 3.711845977250050055e-07 2.309917590537224896e-06 1.589799067005515099e-04
2.110000000000000000e+04 1.231265487149357796e-04 2.642922336235642433e-04 1.665171453169023152e-06 2.271172888868022710e-06 9.558204328641295433e-04 3.897591795976040885e-06 1.137146027758717537e-04 2.694131353564443998e-07 2.146962970073218457e-06 1.421931374352425337e-04
2.120000000000000000e+04 2.689442189875990152e-04 2.895144571084529161e-04 1.823129196054651402e-06 1.761928615451324731e-06 1.003499608486890793e-03 3.106089252469246276e-06 2.173283282900229096e-04 4.063498977302515414e-07 1.557571181365347002e-06 1.250032655661925673e-04
2.130000000000000000e+04 2.521968854125589132e-04 2.169478248106315732e-04 2.201841425630846061e-06 2.095417130476562306e-06 1.001751050353050232e-03 2.711509296204894781e-06 5.427852738648653030e-04 2.635088662827911321e-07 2.321538886462803930e-06 8.883635746315121651e-05
2.140000000000000000e+04 1.485619723098352551e-04 1.881576026789844036e-04 1.906111833704926539e-06 1.231646820087917149e-06 8.293432183563709259e-04 2.330609504497260787e-06 1.727802591631188989e-04 2.988733456277259393e-07 1.642758093112206552e-06 7.869448745623230934e-05
2.150000000000000000e+04 3.916248097084462643e-04 3.363562864251434803e-04 2.764473947536316700e-06 2.079945033983676694e-06 1.016105525195598602e-03 1.960205963769112714e-06 5.617093411274254322e-04 4.192990843421284808e-07 2.781195007628411986e-06 8.084974979283288121e-05
2.160000000000000000e+04 6.126466323621571064e-04 1.148293609730899334e-03 1.407712716172682121e-06 8.892783966985007282e-07 5.747955292463302612e-04 1.752309003677510191e-06 8.737239404581487179e-04 4.046896719955839217e-07 1.300853000429924577e-06 1.392021658830344677e-04
2.170000000000000000e+04 6.830936763435602188e-04 7.185236900113523006e-04 2.191660314565524459e-06 7.512646220675378572e-07 8.611441007815301418e-04 1.626611037863767706e-06 9.314246126450598240e-04 4.437831080394971650e-07 1.034446313497028314e-06 5.598914867732673883e-05
2.180000000000000000e+04 6.095041753724217415e-04 6.780764088034629822e-04 1.725240622363344301e-06 7.179043564065068495e-07 9.675415931269526482e-04 1.571708821757056285e-06 7.188816671259701252e-04 3.681358862195338588e-07 9.648122158978367224e-07 5.378619243856519461e-05
2.190000000000000000e+04 2.492509083822369576e-04 4.520620568655431271e-04 1.829863549573929049e-06 1.551361606288992334e-06 8.957546669989824295e-04 9.280381050302821677e-07 3.991895646322518587e-04 3.453070291925541824e-07 1.268924052055808716e-06 6.509714148705825210e-05
2.200000000000000000e+04 3.577422758098691702e-04 4.880216729361563921e-04 1.600415885150141548e-06 2.238841489088372327e-06 7.615349604748189449e-04 8.281926398012728896e-07 4.114869225304573774e-04 2.631259974350541597e-07 1.448483089916408062e-06 4.002504283562302589e-05
2.210000000000000000e+04 6.177517207106575370e-05 8.286076626973226666e-05 1.038626464833214413e-06 3.474365541933366330e-07 5.325610400177538395e-04 5.527089683710073587e-07 1.172131305793300271e-04 2.511463605969765922e-07 1.619003882069591782e-07 4.116433774470351636e-05
2.220000000000000000e+04 1.563958940096199512e-04 8.510096085956320167e-05 1.229674580827122554e-06 4.028310911508015124e-07 5.472048651427030563e-04 4.455266662262147292e-07 1.035708410199731588e-04 1.999683831854781602e-07 1.069064055059243401e-07 3.398702756385318935e-05
2.230000000000000000e+04 3.176571335643529892e-04 1.358636363875120878e-04 6.659819291598978452e-07 4.133668198846862651e-07 5.200167652219533920e-04 1.105113256016920786e-06 1.277525589102879167e-04 2.029714778473135084e-07 2.451758120969316224e-07 2.324767228856217116e-05
2.240000000000000000e+04 5.258267628960311413e-04 9.352447232231497765e-04 4.452646749086852651e-07 2.476058114098123042e-07 3.476490965113043785e-04 4.136545044275408145e-07 8.687559748068451881e-04 1.131215299210452940e-07 1.447476307703254861e-07 1.485773245804011822e-04
2.250000000000000000e+04 2.545260649640113115e-04 2.631564566399902105e-04 1.001532723421405535e-06 3.527759702137700515e-07 3.419903805479407310e-04 7.330764901780639775e-07 3.139217151328921318e-04 1.501084909705241444e-07 2.515641881473129615e-07 8.326297393068671227e-05
2.260000000000000000e+04 2.802842936944216490e-04 3.000960859935730696e-04 8.588004902776447125e-07 3.288487562258524122e-07 4.681651480495929718e-04 3.031371704764751485e-07 1.571041648276150227e-04 6.942254060504637891e-08 3.513590627335361205e-07 1.871761742222588509e-05
2.270000000000000000e+04 3.378211695235222578e-04 1.570327003719285131e-04 7.505848884648003150e-07 7.949713420885018422e-08 4.021430795546621084e-04 2.425750835755025037e-07 1.598109811311587691e-04 1.009151660014140361e-07 1.114466385843115859e-07 3.846958861686289310e-05
2.280000000000000000e+04 1.216801829286850989e-04 2.760044844762887806e-05 5.328993211151100695e-07 7.398079304721250082e-08 3.822276194114238024e-04 1.654662895589353866e-07 9.426196629647165537e-05 1.009667016660387162e-07 1.009734162948916492e-07 2.967599721159785986e-05
2.290000000000000000e+04 6.625089736189693213e-05 2.554206294007599354e-04 5.188247200749174226e-07 3.531695114133981406e-08 4.036765312775969505e-04 1.951190853333173436e-07 1.170627947431057692e-04 1.089465939685396734e-07 4.369596240394457709e-08 1.901770156109705567e-05
2.300000000000000000e+04 8.339487831108272076e-04 9.390382183482870460e-05 9.773120837053284049e-07 2.163069154903496383e-07 4.509269201662391424e-04 8.820949233268038370e-07 1.823995262384414673e-04 2.023966487740835873e-07 2.024246725795819657e-07 4.735416587209329009e-05
2.310000000000000000e+04 1.922842056956142187e-04 8.084982982836663723e-05 4.436798235474270768e-07 7.435499327357319999e-08 2.946665335912257433e-04 3.206506278274900978e-07 1.004323203233070672e-04 2.178505553729337407e-07 5.737521391324662545e-08 5.987509575788863003e-05
2.320000000000000000e+04 9.706316632218658924e-04 1.678929547779262066e-03 3.351729844780493295e-07 4.252492402656571358e-08 2.895139623433351517e-04 3.158749848353181733e-07 1.688646501861512661e-03 2.154453113689669408e-07 2.056164838393215177e-08 2.292760182172060013e-04
2.330000000000000000e+04 1.058922498486936092e-04 1.554633781779557467e-04 4.773348791786702350e-07 4.192141602743504336e-07 6.357516977004706860e-04 3.328040747874183580e-06 5.377300840336829424e-05 5.336380581866251305e-07 3.791456890667177504e-07 6.423005106626078486e-05
2.340000000000000000e+04 4.260003333911299706e-04 1.607175654498860240e-04 5.585513918049400672e-07 7.757958542242704425e-08 4.416172450874000788e-04 3.611054921748291235e-07 1.211605340358801186e-04 2.368757634485518793e-07 1.730868071092572791e-08 3.027980164915788919e-05
2.350000000000000000e+04 9.716048953123390675e-04 9.812251664698123932e-04 2.813210357999196276e-07 3.322034842767607188e-07 4.809046804439276457e-04 1.592429725860711187e-06 1.459710183553397655e-03 1.431925795714050764e-07 2.903288702782447217e-07 1.479252969147637486e-04
2.360000000000000000e+04 2.017978549702093005e-04 6.689906585961580276e-04 5.898662038816837594e-07 1.131380074070875708e-07 4.155084607191383839e-04 4.558135913157457253e-07 4.076865734532475471e-04 2.356442081463683280e-07 7.231603404989073169e-08 3.388009281479753554e-05
2.370000000000000000e+04 1.254022063221782446e-04 2.934246731456369162e-04 1.405214334226911888e-06 6.611059006900177337e-07 3.755023644771426916e-04 2.901442030633916147e-06 1.692777004791423678e-04 5.048711386734794360e-07 6.191364150254230481e-07 2.300323103554546833e-05
2.380000000000000000e+04 4.286665352992713451e-04 3.771694900933653116e-04 3.414857872030552244e-07 9.057096406195341842e-08 2.896027290262281895e-04 5.980334094601857942e-07 6.608528201468288898e-04 2.171109088067169068e-07 3.620273503202042775e-08 8.566078759031370282e-05
2.390000000000000000e+04 6.213201559148728848e-04 3.401412977837026119e-04 9.055481768882600591e-07 2.451069462949817535e-07 4.698944394476711750e-04 4.735635741326404968e-07 2.751935098785907030e-04 2.476548388585797511e-07 2.075159670766879572e-07 6.862833834020420909e-05
2.400000000000000000e+04 1.108442447730340064e-04 1.284373807720839977e-03 4.057195894802134717e-07 1.809123233442733181e-07 1.923799864016473293e-04 8.324326472575194202e-07 9.456092957407236099e-04 1.799572117988645914e-07 1.135545844022090023e-07 2.260996698169037700e-04
2.410000000000000000e+04 1.712612283881753683e-04 1.375157298753038049e-04 7.103369625838240609e-07 2.620249404117203085e-07 3.288367879576981068e-04 4.463819323063944466e-07 1.760863960953429341e-04 2.329123560684820404e-07 1.465589889448892791e-07 6.357488018693402410e-05
2.420000000000000000e+04 1.093003884307108819e-04 1.103319009416736662e-04 5.187459350963763427e-07 7.660195819880755153e-07 5.334516754373908043e-04 1.259230998584826011e-06 7.589602319058030844e-05 4.543439615645183949e-07 5.527169832930667326e-07 5.829244400956667960e-05
2.430000000000000000e+04 3.697494976222515106e-04 9.433380910195410252e-05 1.555244921291887295e-06 7.180767624959116802e-07 4.224563599564135075e-04 2.302118218722171150e-06 9.248923015547916293e-05 9.941018106474075466e-07 4.692538766448706156e-07 4.425484803505241871e-05
2.440000000000000000e+04 3.972605045419186354e-04 5.563744343817234039e-04 1.287406462324724998e-06 6.525204412355378736e-07 9.152573184110224247e-04 2.729137122514657676e-06 1.183411804959177971e-03 5.121896720083896071e-07 4.016181378574401606e-07 9.596718155080452561e-05
2.450000000000000000e+04 2.983933372888714075e-04 3.925199853256344795e-04 1.556595066176669206e-06 1.076408921107940841e-06 5.716796149499714375e-04 1.348601244899327867e-06 2.654870040714740753e-04 5.369295763557602186e-07 7.199637366284150630e-07 4.168319719610735774e-05
2.460000000000000000e+04 1.751105184666812420e-03 3.058293368667364120e-03 4.192224594135041116e-07 5.916110126236162614e-07 2.743148070294409990e-04 2.381598960710107349e-06 3.004883881658315659e-03 2.219547781123765162e-07 4.030344484817760531e-07 3.531698021106421947e-04
2.470000000000000000e+04 1.970766170416027308e-04 4.991720561520196497e-05 4.941317683915258385e-07 3.617632273744675331e-07 5.189944640733301640e-04 5.556320843425055500e-07 1.157398073701187968e-04 1.499761879131256137e-07 1.168760093150922330e-07 5.982606671750545502e-05
2.480000000000000000e+04 2.827183576300740242e-03 1.242935890331864357e-03 8.807414246803091373e-07 2.418188387309783138e-07 6.303563714027404785e-04 1.120526576414704323e-06 8.812452433630824089e-04 2.042569491322865360e-07 1.416388784036826110e-07 1.791019021766260266e-04
2.490000000000000000e+04 7.346660277107730508e-05 2.121685538440942764e-04 3.277874611740116961e-07 1.477160083140915958e-07 2.120221179211512208e-04 5.494629249369609170e-07 2.522800641600042582e-04 8.251008409843052505e-08 9.539346024212136399e-08 9.135688742389902472e-05
2.500000000000000000e+04 3.089841338805854321e-04 1.257895783055573702e-04 4.062083291955786990e-07 3.910539305707061430e-07 2.670920512173324823e-04 1.117417696150369011e-06 6.394334195647388697e-05 1.654406389661744470e-07 8.928979156053173938e-08 9.944796329364180565e-05
2.510000000000000000e+04 2.088011242449283600e-04 1.735884288791567087e-04 3.726154545802273788e-06 4.214537966618081555e-06 1.472102594561874866e-03 3.336634108563885093e-06 3.341591800563037395e-04 1.432668454981467221e-06 4.444755177246406674e-06 4.991401219740509987e-04
2.520000000000000000e+04 1.523608370916917920e-04 1.764753542374819517e-04 1.753232481860322878e-06 2.521824399082106538e-06 1.424027257598936558e-03 2.361276756346342154e-06 6.321790860965847969e-04 3.123533929283439647e-07 2.255891104141483083e-06 4.259568522684276104e-04
2.530000000000000000e+04 1.079045177903026342e-04 1.647362951189279556e-04 9.504809668214875273e-07 1.621438968868460506e-06 1.251360634341835976e-03 1.996984565266757272e-06 3.538067976478487253e-04 1.219825946918717818e-07 2.630273456816212274e-06 3.509178350213915110e-04
2.540000000000000000e+04 1.497248740633949637e-04 3.008223429787904024e-04 5.474944941852299962e-07 1.163771116807765793e-06 1.134353806264698505e-03 1.408602997798880097e-06 1.034095330396667123e-04 1.413877583900102763e-07 2.447732640575850382e-06 3.013011591974645853e-04
2.550000000000000000e+04 1.354102132609114051e-04 1.228023611474782228e-04 6.538454613291833084e-07 9.688220643511158414e-07 1.316124456934630871e-03 1.213685436596279033e-06 4.045563109684735537e-04 3.386894604773260653e-07 2.149181455024518073e-06 3.299938398413360119e-04
2.560000000000000000e+04 7.221089617814868689e-05 1.414484431734308600e-04 2.291151872668706346e-07 5.820363639941206202e-07 1.077030552551150322e-03 7.372655659310112242e-07 4.695043899118900299e-04 2.191351597957691411e-07 1.423198568772932049e-06 2.322759246453642845e-04
2.570000000000000000e+04 9.570245310897007585e-05 6.558413588209077716e-05 1.873484904990618816e-07 6.743006792930827942e-07 1.225216547027230263e-03 6.667153229500399902e-07 2.162656746804714203e-04 9.302920034315320663e-08 1.222533114741963800e-06 2.623212640173733234e-04
2.580000000000000000e+04 9.194949234370142221e-05 1.396117149852216244e-04 1.480545535059718532e-07 3.081667614424077328e-07 1.053807092830538750e-03 4.143943783674330916e-07 4.678691911976784468e-04 1.167827932135878655e-07 6.441819095925893635e-07 1.949674333445727825e-04
2.590000000000000000e+04 1.196402517962269485e-04 1.592207263456657529e-04 1.670312030910281464e-07 2.732884354372799862e-07 1.063328469172120094e-03 3.923003077943576500e-07 4.720572324004024267e-04 9.965010150381203857e-08 4.851994503951573279e-07 1.908650156110525131e-04
2.600000000000000000e+04 7.987237040651962161e-05 1.044045275193639100e-04 1.562482196959535941e-07 1.551005652800085954e-07 9.286600979976356030e-04 2.353229007212576107e-07 2.942449646070599556e-04 1.656396619864608510e-07 2.744357345818571048e-07 1.432724384358152747e-04
2.610000000000000000e+04 6.270418816711753607e-05 1.025776291498914361e-04 2.289017118073388701e-07 2.027415888505856856e-07 8.857153588905930519e-04 2.906054703544214135e-07 1.612622436368837953e-04 2.725242040924058529e-07 2.090340842642035568e-07 1.357622386422008276e-04
2.620000000000000000e+04 1.433132711099460721e-04 1.800656173145398498e-04 1.540501699537344393e-07 2.068185125381205580e-07 9.454394457861781120e-04 3.402484765047120163e-07 4.765080229844897985e-04 1.547143853031229810e-07 3.563947359452868113e-07 1.352428807877004147e-04
2.630000000000000000e+04 7.840360922273248434e-05 1.030401908792555332e-04 1.829123874586002785e-07 2.913298828843835508e-07 8.940976695157587528e-04 2.947320751900406322e-07 5.332439832272939384e-05 6.053984691334335366e-08 7.184827381934155710e-07 1.375555875711143017e-04
2.640000000000000000e+04 2.485079166945070028e-04 3.012935339938849211e-04 1.700031049267636263e-07 2.817067752403090708e-07 9.113325504586100578e-04 1.157243261218354746e-07 3.185371460858732462e-04 7.011094282916019438e-08 8.232269692598492838e-07 1.532708556624129415e-04
2.650000000000000000e+04 6.146394298411905766e-05 7.520462531829252839e-05 1.220847991589835146e-07 2.655219475400372175e-07 8.220133604481816292e-04 1.701694714029144961e-07 5.095377127872779965e-05 3.742538368101122614e-08 1.163926526714931242e-06 1.055812608683481812e-04
2.660000000000000000e+04 1.030326238833367825e-04 1.131503013311885297e-04 1.273315888283832464e-07 4.740237784517375985e-07 8.964770822785794735e-04 3.886384263296349673e-07 2.339816564926877618e-04 6.226350279803227750e-08 2.084639163513202220e-06 1.127891300711780787e-04
2.670000000000000000e+04 4.546401905827224255e-04 5.378095665946602821e-04 1.515437304533406859e-07 3.077206258694786811e-07 9.907839121297001839e-04 3.237190355775965145e-07 6.343015702441334724e-04 5.033474792526249075e-08 1.119556372941588052e-06 1.529973524156957865e-04
2.680000000000000000e+04 2.228031225968152285e-04 4.761635791510343552e-04 1.412286110280547291e-07 2.506311034267127980e-07 7.399109308607876301e-04 3.556990009201399516e-07 5.003479891456663609e-04 1.009766563697667152e-07 8.287505011139728595e-07 1.071662190952338278e-04
2.690000000000000000e+04 3.509230446070432663e-04 2.051965129794552922e-04 2.478546434758754913e-07 2.499758693375042640e-07 9.657982736825942993e-04 2.403117491667217109e-07 2.167874772567301989e-04 1.979975223775909399e-07 6.510722982966399286e-07 1.302827586187049747e-04
2.700000000000000000e+04 7.149044540710747242e-05 1.211514609167352319e-04 2.402906318366149208e-07 3.755278044081933331e-07 6.805881857872009277e-04 9.644375040807062760e-07 2.077234239550307393e-05 9.722345595264414442e-08 1.351461605736403726e-06 7.478133920812979341e-05
2.710000000000000000e+04 3.130833792965859175e-04 2.833799517247825861e-04 3.375961910023761448e-07 2.943032768598641269e-07 8.716466836631298065e-04 4.322489246533223195e-07 2.637395809870213270e-04 4.031931837289448595e-07 6.739315381310007069e-07 1.004512741928920150e-04
2.720000000000000000e+04 2.426156570436432958e-04 4.972775350324809551e-04 3.542880335771769751e-07 2.061655663965211716e-07 6.576817249879240990e-04 9.538040330880903639e-07 6.435808027163147926e-04 1.138167036174309033e-07 3.181704357757553225e-07 8.715999138075858355e-05
2.730000000000000000e+04 1.548777654534205794e-04 1.337286812486127019e-04 3.686941170144564239e-07 1.650201966185704805e-07 7.505367393605411053e-04 8.793139727458765265e-07 1.328738289885222912e-04 3.237544490275467979e-07 1.617679288301587803e-07 6.959910388104617596e-05
2.740000000000000000e+04 2.139013231499120593e-04 3.363975556567311287e-04 4.361174887890229002e-07 1.711103863044627360e-07 5.870770546607673168e-04 1.090056116481719073e-06 2.386772830504924059e-04 1.471423871635124669e-07 2.647917369813512778e-07 8.264090865850448608e-05
2.750000000000000000e+04 6.736963405273854733e-04 6.167784449644386768e-04 3.818092579876974924e-07 1.167390522027744737e-07 8.622908499091863632e-04 9.063040806722710840e-07 3.504210908431559801e-04 3.730486923814169131e-07 5.921806689457298489e-08 1.249650231329724193e-04
2.760000000000000000e+04 2.569473581388592720e-04 3.816495882347226143e-04 3.194483610968745779e-07 1.131703655232740857e-07 5.490988260135054588e-04 8.429154831901541911e-07 3.483249747660011053e-04 1.608063513458546367e-07 1.198959012072009500e-07 7.652094791410490870e-05
2.770000000000000000e+04 2.091106871375814080e-04 2.514247607905417681e-04 3.479272265849431278e-07 2.655013986441190355e-07 5.451475153677165508e-04 9.639389872972969897e-07 2.468494349159300327e-04 1.473048172329072258e-07 5.751445986135195199e-09 6.416985706891864538e-05
2.780000000000000000e+04 2.901812549680471420e-04 1.612824999028816819e-04 3.870063096655940171e-07 1.365081772064513643e-07 5.600051954388618469e-04 5.842894097440876067e-07 2.487910678610205650e-04 1.599569401378175826e-07 1.817984269791850238e-07 5.379775393521413207e-05
2.790000000000000000e+04 9.373413922730833292e-05 1.428536634193733335e-04 2.813620199049182702e-07 1.269857534680340905e-07 5.579594871960580349e-04 6.406855277418799233e-07 1.709326461423188448e-04 2.667760838903632248e-07 2.367611386944190599e-07 4.482206350076012313e-05
2.800000000000000000e+04 5.268950480967760086e-04 3.034861583728343248e-04 3.125577734408580000e-07 1.761039953862564289e-07 6.697867647744715214e-04 5.173170620764722116e-07 1.983724941965192556e-04 1.955849171508816653e-07 3.561702612842054805e-07 6.664521060883998871e-05
2.810000000000000000e+04 5.231479299254715443e-04 3.174346929881721735e-04 4.422923325364536140e-07 4.369049975139205344e-07 5.260239122435450554e-04 3.415971434606035473e-07 4.835926811210811138e-04 2.020283886849938426e-07 5.461238856696581934e-07 6.538481102325022221e-05
2.820000000000000000e+04 5.356529727578163147e-04 6.470065563917160034e-04 3.010511022694117855e-07 2.172478161810431629e-07 4.844584327656775713e-04 3.172400226958416170e-07 7.930871215648949146e-04 5.083096965563527192e-08 1.429848452971782535e-07 9.389128535985946655e-05
2.830000000000000000e+04 3.898074646713212132e-05 4.934335447615012527e-05 2.421129750018735649e-07 1.839753593912973884e-07 5.121271242387592793e-04 3.153145939904788975e-07 3.429367643548175693e-05 4.782516072054932010e-08 2.424370393327990314e-07 3.056652349187061191e-05
2.840000000000000000e+04 4.258601256879046559e-05 5.871179382666014135e-05 2.293407987963291816e-07 1.679216268257732736e-07 5.241389153525233269e-04 2.587606786619289778e-07 9.545017746859230101e-06 2.112054886538317078e-08 5.110069878355716355e-08 2.306743590452242643e-05
2.850000000000000000e+04 2.921717532444745302e-04 3.352734784130007029e-04 2.564185024311882444e-07 2.074580010003046482e-07 6.204672972671687603e-04 1.643634846004715655e-07 1.624644064577296376e-04 7.250231703892495716e-08 9.869843609067174839e-08 4.483926022658124566e-05
2.860000000000000000e+04 5.405506090028211474e-05 3.821296559181064367e-05 2.298297800962245674e-07 1.485336014184213127e-07 5.376396002247929573e-04 2.186159520078945206e-07 1.918410271173343062e-05 7.458430673068505712e-08 2.213155738672867301e-07 2.741358730418141931e-05
2.870000000000000000e+04 8.833210449665784836e-05 1.835914881667122245e-04 2.215077188338909764e-07 1.502794901853121701e-07 6.940094754099845886e-04 2.143184332226155675e-07 1.145959759014658630e-04 5.332311303618553211e-08 1.462055649881222052e-07 5.043480996391735971e-05
2.880000000000000000e+04 3.200427454430609941e-04 3.664151008706539869e-04 1.899082064937829273e-07 1.764233843459805939e-07 4.612927150446921587e-04 3.340010152896866202e-07 4.834861611016094685e-04 5.057374963257643685e-08 6.462351365144058946e-08 6.387229950632900000e-05
2.890000000000000000e+04 1.746446359902620316e-04 4.844718205276876688e-04 2.289614116079974337e-07 1.165947054460048093e-07 4.437091702129691839e-04 2.983889544339035638e-07 5.512991338036954403e-04 6.989980505522908061e-08 4.101195472117069585e-08 7.156181527534499764e-05
2.900000000000000000e+04 7.525511318817734718e-05 1.468491827836260200e-04 2.590189467355230590e-07 1.539075356049579568e-07 5.476627848111093044e-04 2.187326231251063291e-07 2.523892362660262734e-05 1.044109509962254378e-07 1.786129928404989187e-07 1.919462374644353986e-05
2.910000000000000000e+04 6.836692773504182696e-05 4.230211561662144959e-05 1.684768307086415007e-07 1.188751994618542085e-07 5.038863746449351311e-04 3.694358383654616773e-07 2.298068648087792099e-05 4.867515102091601875e-08 5.339217068467405625e-08 2.891780968639068305e-05
2.920000000000000000e+04 5.739734842791222036e-05 2.240311732748523355e-04 2.069496076728682965e-07 1.191504068742688105e-07 4.349896917119622231e-04 2.230543429959652713e-07 2.250622055726125836e-04 2.831169254591259232e-08 6.943832175920761074e-08 4.977476055501028895e-05
2.930000000000000000e+04 4.430602712091058493e-05 1.267826301045715809e-04 2.214524670307582710e-07 1.950957795315844123e-07 5.191868403926491737e-04 2.427825336326350225e-07 2.951234819192904979e-05 1.032810814649565145e-07 1.709384349624087918e-07 1.935400905495043844e-05
2.940000000000000000e+04 1.145052956417202950e-04 2.605330082587897778e-04 2.407514898550289217e-07 2.028619832117328770e-07 6.314325728453695774e-04 3.713626597345864866e-07 1.607787562534213066e-04 1.812058627592705307e-07 4.841336576077992504e-08 2.778166344796773046e-05
2.950000000000000000e+04 5.842610844410955906e-04 3.426685871090739965e-04 3.988669163845770527e-07 5.917027010582387447e-07 6.809677579440176487e-04 7.111861464181856718e-07 3.258153446950018406e-04 1.810461611739810905e-07 4.473528747439559083e-07 9.196723840432241559e-05
2.960000000000000000e+04 1.669008488534018397e-04 2.483711868990212679e-04 2.588105871836887673e-07 3.970284012666525086e-07 5.865910788998007774e-04 2.578822204668540508e-07 1.134001577156595886e-04 8.578288657190569211e-08 3.184204899753240170e-07 4.928551788907498121e-05
2.970000000000000000e+04 1.019464616547338665e-04 1.793954288586974144e-04 1.924015293752745492e-07 8.042791677098648506e-08 5.203914479352533817e-04 1.942854197523047333e-07 4.714861279353499413e-05 2.469209725575183256e-08 1.295842508852729225e-07 2.550683348090387881e-05
2.980000000000000000e+04 4.429471664479933679e-05 1.894689485197886825e-04 2.176532660769225913e-07 5.422387161502228992e-08 5.138500127941370010e-04 1.932659330350361415e-07 5.486232839757576585e-05 8.302927057002307265e-08 3.645144630581853562e-08 1.974828228412661701e-05
