# step, loss_train, loss_test, metrics_test
0.000000000000000000e+00 1.297202539062500000e+04 3.240678320312500000e+04 1.429625732421875000e+03 1.996025878906250000e+03 9.093014526367187500e+02 1.298928320312500000e+04 2.894619531250000000e+04 1.442419555664062500e+03 1.614907714843750000e+03 1.502784301757812500e+03
1.000000000000000000e+02 1.540140075683593750e+02 1.868385937500000000e+04 1.213822460174560547e+01 2.589252471923828125e+01 1.744030029296875000e+03 9.302399444580078125e+01 1.745141015625000000e+04 8.813402175903320312e+00 3.612576293945312500e+01 2.070212646484375000e+03
2.000000000000000000e+02 1.973220977783203125e+02 1.781875585937500000e+04 3.699745178222656250e+01 7.554477214813232422e+00 1.596179565429687500e+03 1.176732025146484375e+02 1.671575976562500000e+04 2.221996688842773438e+01 1.347817897796630859e+01 1.894233398437500000e+03
3.000000000000000000e+02 1.188253479003906250e+02 1.765128710937500000e+04 5.361823272705078125e+01 1.389162731170654297e+01 1.641193237304687500e+03 7.181311035156250000e+01 1.656063281250000000e+04 3.629500198364257812e+01 1.945062446594238281e+01 1.927760742187500000e+03
4.000000000000000000e+02 1.096718521118164062e+02 1.761625390625000000e+04 5.820426559448242188e+01 1.895537948608398438e+01 1.660165893554687500e+03 6.682185363769531250e+01 1.653593750000000000e+04 4.213076400756835938e+01 2.394394302368164062e+01 1.943257202148437500e+03
5.000000000000000000e+02 5.910187911987304688e+01 1.757511718750000000e+04 5.974164962768554688e+01 1.935309982299804688e+01 1.664046264648437500e+03 4.065797042846679688e+01 1.649025585937500000e+04 4.556875610351562500e+01 2.411073112487792969e+01 1.945373168945312500e+03
6.000000000000000000e+02 4.164493560791015625e+01 1.754996679687500000e+04 5.990422821044921875e+01 2.110142898559570312e+01 1.673010253906250000e+03 2.707285499572753906e+01 1.646651953125000000e+04 4.611148071289062500e+01 2.555796432495117188e+01 1.952741088867187500e+03
7.000000000000000000e+02 1.287368316650390625e+02 1.750281250000000000e+04 6.287235641479492188e+01 2.204984092712402344e+01 1.671995117187500000e+03 1.350731964111328125e+02 1.641511132812500000e+04 4.974296188354492188e+01 2.620280838012695312e+01 1.950294067382812500e+03
8.000000000000000000e+02 4.529743194580078125e+01 1.750129296875000000e+04 6.284207153320312500e+01 2.850831985473632812e+01 1.677507934570312500e+03 3.134617996215820312e+01 1.641763671875000000e+04 4.747547912597656250e+01 3.153037261962890625e+01 1.954908935546875000e+03
9.000000000000000000e+02 2.030371475219726562e+01 1.744263671875000000e+04 6.890540313720703125e+01 3.640057754516601562e+01 1.673322265625000000e+03 1.327939796447753906e+01 1.635430273437500000e+04 5.127364349365234375e+01 3.824173355102539062e+01 1.949432250976562500e+03
1.000000000000000000e+03 2.017805671691894531e+01 1.737472460937500000e+04 7.752591705322265625e+01 5.569794845581054688e+01 1.657011840820312500e+03 1.395922088623046875e+01 1.627704394531250000e+04 5.588969802856445312e+01 5.472418594360351562e+01 1.932223022460937500e+03
1.100000000000000000e+03 1.903972625732421875e+01 1.722918164062500000e+04 9.583200836181640625e+01 9.373100280761718750e+01 1.632757812500000000e+03 1.436154079437255859e+01 1.611839746093750000e+04 6.819187164306640625e+01 8.841928863525390625e+01 1.905853271484375000e+03
1.200000000000000000e+03 2.938844108581542969e+01 1.689140625000000000e+04 1.291209106445312500e+02 1.615021362304687500e+02 1.575152587890625000e+03 2.169593238830566406e+01 1.576955468750000000e+04 9.132946777343750000e+01 1.492621765136718750e+02 1.844045532226562500e+03
1.300000000000000000e+03 1.514493255615234375e+02 1.335732812500000000e+04 1.866056671142578125e+02 3.722034072875976562e+01 1.783966918945312500e+03 1.430503234863281250e+02 1.228646777343750000e+04 1.522766113281250000e+02 2.370696258544921875e+01 1.986405883789062500e+03
1.400000000000000000e+03 2.738038024902343750e+02 3.003446533203125000e+03 9.454603576660156250e+01 4.196714401245117188e+01 3.340012939453125000e+03 2.661195373535156250e+02 2.812078857421875000e+03 4.854580307006835938e+01 4.555312347412109375e+01 3.414376953125000000e+03
1.500000000000000000e+03 1.512552185058593750e+02 5.404836425781250000e+02 5.074813461303710938e+01 1.330286502838134766e+01 2.458497558593750000e+03 1.104894256591796875e+02 5.002686767578125000e+02 3.391524887084960938e+01 1.256344985961914062e+01 2.495689697265625000e+03
1.600000000000000000e+03 1.128784713745117188e+02 2.531262054443359375e+02 1.641193771362304688e+01 3.231631469726562500e+01 1.274268432617187500e+03 7.905080413818359375e+01 2.342503967285156250e+02 1.416827106475830078e+01 4.424198913574218750e+01 1.211945434570312500e+03
1.700000000000000000e+03 1.177124786376953125e+02 1.898877716064453125e+02 6.428004264831542969e+00 1.436775875091552734e+01 7.878095703125000000e+02 4.671779251098632812e+01 2.016530151367187500e+02 1.261458873748779297e+01 2.395481681823730469e+01 6.840440673828125000e+02
1.800000000000000000e+03 1.173483581542968750e+02 9.044799041748046875e+01 3.892025947570800781e+00 5.930873394012451172e+00 5.973739624023437500e+02 2.305290031433105469e+01 8.639090728759765625e+01 6.209364414215087891e+00 8.422440528869628906e+00 4.751463928222656250e+02
1.900000000000000000e+03 7.368872833251953125e+01 7.811007690429687500e+01 3.420553684234619141e+00 3.466018438339233398e+00 4.955839843750000000e+02 2.768535804748535156e+01 7.817459869384765625e+01 3.291943788528442383e+00 2.937981605529785156e+00 3.656819458007812500e+02
2.000000000000000000e+03 6.903741455078125000e+01 9.017495727539062500e+01 2.538223981857299805e+00 2.535403490066528320e+00 4.288029174804687500e+02 2.974532890319824219e+01 8.649192810058593750e+01 2.126004695892333984e+00 1.679460883140563965e+00 2.987166137695312500e+02
2.100000000000000000e+03 7.154757690429687500e+01 5.765451431274414062e+01 1.886724472045898438e+00 2.301229238510131836e+00 4.028100585937500000e+02 2.835142326354980469e+01 6.261546325683593750e+01 1.251178503036499023e+00 2.078925848007202148e+00 2.681018981933593750e+02
2.200000000000000000e+03 8.770191955566406250e+01 5.085342788696289062e+01 1.517623066902160645e+00 2.106412649154663086e+00 3.790407409667968750e+02 2.531120491027832031e+01 6.816436004638671875e+01 8.957459330558776855e-01 2.804697513580322266e+00 2.430611419677734375e+02
2.300000000000000000e+03 6.934918212890625000e+01 4.668012237548828125e+01 1.323066234588623047e+00 1.530959486961364746e+00 3.523266906738281250e+02 2.129312133789062500e+01 5.548309707641601562e+01 5.462876558303833008e-01 2.845859527587890625e+00 2.180666351318359375e+02
2.400000000000000000e+03 7.263845062255859375e+01 4.345030593872070312e+01 1.198071718215942383e+00 1.205635547637939453e+00 3.341988830566406250e+02 1.804231452941894531e+01 5.623286819458007812e+01 5.199332833290100098e-01 2.397693157196044922e+00 2.002763061523437500e+02
2.500000000000000000e+03 8.406456756591796875e+01 4.165856170654296875e+01 1.158741354942321777e+00 1.812030196189880371e+00 3.236284790039062500e+02 1.511503314971923828e+01 6.585858917236328125e+01 4.697686731815338135e-01 1.597002506256103516e+00 1.894275512695312500e+02
2.600000000000000000e+03 5.558847427368164062e+01 3.712090301513671875e+01 9.875286221504211426e-01 9.958479404449462891e-01 3.009584350585937500e+02 1.261608505249023438e+01 4.440272521972656250e+01 5.228650569915771484e-01 1.841870665550231934e+00 1.695176544189453125e+02
2.700000000000000000e+03 5.007985305786132812e+01 3.859268188476562500e+01 9.971396923065185547e-01 8.881912827491760254e-01 2.839488830566406250e+02 1.061252307891845703e+01 3.721571731567382812e+01 8.641629815101623535e-01 2.375922441482543945e+00 1.550023345947265625e+02
2.800000000000000000e+03 4.789776992797851562e+01 3.713153839111328125e+01 8.682454228401184082e-01 7.894750237464904785e-01 2.721266174316406250e+02 9.134834289550781250e+00 3.479856872558593750e+01 1.261766076087951660e+00 2.341380596160888672e+00 1.443950195312500000e+02
2.900000000000000000e+03 6.622840881347656250e+01 6.219726181030273438e+01 8.436666727066040039e-01 9.050677418708801270e-01 2.537365417480468750e+02 8.420282363891601562e+00 4.943537139892578125e+01 1.900604486465454102e+00 3.738871574401855469e+00 1.308995971679687500e+02
3.000000000000000000e+03 4.481295776367187500e+01 3.613874053955078125e+01 7.091248631477355957e-01 6.996167898178100586e-01 2.494723815917968750e+02 8.134454727172851562e+00 3.036927032470703125e+01 2.172523736953735352e+00 1.578585028648376465e+00 1.247239151000976562e+02
3.100000000000000000e+03 6.272443389892578125e+01 3.535810852050781250e+01 9.325305819511413574e-01 1.880745410919189453e+00 2.516725463867187500e+02 7.848943233489990234e+00 7.304750061035156250e+01 2.824169397354125977e+00 5.211786627769470215e-01 1.232512741088867188e+02
3.200000000000000000e+03 4.110359191894531250e+01 3.008420562744140625e+01 4.735913276672363281e-01 7.161881923675537109e-01 2.341389160156250000e+02 7.315662384033203125e+00 3.274057769775390625e+01 2.045200586318969727e+00 1.167578458786010742e+00 1.103232879638671875e+02
3.300000000000000000e+03 6.957524108886718750e+01 6.539443969726562500e+01 4.447916746139526367e-01 1.782348513603210449e+00 2.168107604980468750e+02 7.571158885955810547e+00 4.466076278686523438e+01 2.062504529953002930e+00 5.716982841491699219e+00 9.990226745605468750e+01
3.400000000000000000e+03 1.392788085937500000e+02 1.361505126953125000e+02 1.172673940658569336e+00 2.326052188873291016e+00 2.030897521972656250e+02 7.965846538543701172e+00 1.200473175048828125e+02 2.576163768768310547e+00 6.699438095092773438e+00 9.232678985595703125e+01
3.500000000000000000e+03 4.053220367431640625e+01 2.889225769042968750e+01 3.048464357852935791e-01 4.717280268669128418e-01 2.146652069091796875e+02 7.571616649627685547e+00 5.207398223876953125e+01 7.199594974517822266e-01 1.133232355117797852e+00 9.251139068603515625e+01
3.600000000000000000e+03 4.526464843750000000e+01 3.167555809020996094e+01 3.665881752967834473e-01 6.021956205368041992e-01 2.082070770263671875e+02 7.086072921752929688e+00 6.886204528808593750e+01 1.967366933822631836e-01 5.928832888603210449e-01 8.659494781494140625e+01
3.700000000000000000e+03 3.504755783081054688e+01 2.938866233825683594e+01 2.717225551605224609e-01 4.760049879550933838e-01 1.970947418212890625e+02 7.132901191711425781e+00 3.312137603759765625e+01 2.859331667423248291e-01 9.020788669586181641e-01 7.984529113769531250e+01
3.800000000000000000e+03 3.295346832275390625e+01 2.915720939636230469e+01 2.887630462646484375e-01 5.043269991874694824e-01 1.933617401123046875e+02 6.481085777282714844e+00 3.003837394714355469e+01 4.835458993911743164e-01 9.809557199478149414e-01 7.702408599853515625e+01
3.900000000000000000e+03 5.697729492187500000e+01 5.757174301147460938e+01 3.111270666122436523e-01 6.308818459510803223e-01 1.796240234375000000e+02 6.927747249603271484e+00 2.836188316345214844e+01 8.868116140365600586e-01 1.902928948402404785e+00 6.989228057861328125e+01
4.000000000000000000e+03 3.196965408325195312e+01 2.873513221740722656e+01 2.152346372604370117e-01 4.477814435958862305e-01 1.804253387451171875e+02 6.327975749969482422e+00 3.276177978515625000e+01 9.144248962402343750e-01 1.040382385253906250e+00 6.706278991699218750e+01
4.100000000000000000e+03 3.513658142089843750e+01 3.385752868652343750e+01 2.825700938701629639e-01 4.625774025917053223e-01 1.764574584960937500e+02 6.557199001312255859e+00 2.062387466430664062e+01 8.628602027893066406e-01 1.203459858894348145e+00 6.527418518066406250e+01
4.200000000000000000e+03 5.949924087524414062e+01 6.379516601562500000e+01 7.169213891029357910e-01 1.227116227149963379e+00 1.660950927734375000e+02 5.762929439544677734e+00 2.724140930175781250e+01 1.625864148139953613e+00 2.870276927947998047e+00 6.028669738769531250e+01
4.300000000000000000e+03 3.511067199707031250e+01 3.836463928222656250e+01 2.764728665351867676e-01 7.382028102874755859e-01 1.659837036132812500e+02 5.149548530578613281e+00 1.858421707153320312e+01 1.016259074211120605e+00 2.209220409393310547e+00 5.808285522460937500e+01
4.400000000000000000e+03 1.228463211059570312e+02 9.433972167968750000e+01 8.093547224998474121e-01 9.822776317596435547e-01 1.863938140869140625e+02 4.622744083404541016e+00 2.560498046875000000e+02 2.962718725204467773e+00 3.756815791130065918e-01 6.669061279296875000e+01
4.500000000000000000e+03 6.704432678222656250e+01 6.989107513427734375e+01 1.335220575332641602e+00 1.676538944244384766e+00 1.609167022705078125e+02 4.827344417572021484e+00 3.346239471435546875e+01 1.968389511108398438e+00 5.083397388458251953e+00 5.597850036621093750e+01
4.600000000000000000e+03 3.261388397216796875e+01 3.336143875122070312e+01 2.875995934009552002e-01 3.675747811794281006e-01 1.634945678710937500e+02 3.744856357574462891e+00 7.516766357421875000e+01 5.132095217704772949e-01 5.405195951461791992e-01 5.266470718383789062e+01
4.700000000000000000e+03 3.464695358276367188e+01 3.656875991821289062e+01 2.993562817573547363e-01 3.627784252166748047e-01 1.543950653076171875e+02 3.589619874954223633e+00 1.628329086303710938e+01 4.761401712894439697e-01 1.239472031593322754e+00 4.915285873413085938e+01
4.800000000000000000e+03 2.574028205871582031e+01 3.078072166442871094e+01 2.938038706779479980e-01 3.119319677352905273e-01 1.536309967041015625e+02 3.122630834579467773e+00 2.380344772338867188e+01 4.211473762989044189e-01 1.755613207817077637e+00 4.805091094970703125e+01
4.900000000000000000e+03 2.517771720886230469e+01 2.947488784790039062e+01 2.578777372837066650e-01 3.231144547462463379e-01 1.534623107910156250e+02 2.689503908157348633e+00 2.178508377075195312e+01 3.090666234493255615e-01 2.448487281799316406e+00 4.770157241821289062e+01
5.000000000000000000e+03 2.318728256225585938e+01 2.722634124755859375e+01 2.291086614131927490e-01 2.289491444826126099e-01 1.524386901855468750e+02 2.555828094482421875e+00 3.715896606445312500e+01 2.854529023170471191e-01 1.498904824256896973e+00 4.600094985961914062e+01
5.100000000000000000e+03 2.701260566711425781e+01 2.132375526428222656e+01 1.580655276775360107e-01 6.160746812820434570e-01 1.703573760986328125e+02 2.018301486968994141e+00 3.568076324462890625e+01 3.630962669849395752e-01 9.874501824378967285e-01 4.519011306762695312e+01
5.200000000000000000e+03 2.635856246948242188e+01 2.329452323913574219e+01 1.919836997985839844e-01 4.561900794506072998e-01 1.653865661621093750e+02 1.750509023666381836e+00 3.494209671020507812e+01 5.111684799194335938e-01 6.731597781181335449e-01 4.328168869018554688e+01
5.300000000000000000e+03 2.485571861267089844e+01 2.312365531921386719e+01 1.677686721086502075e-01 3.915365934371948242e-01 1.627692718505859375e+02 1.591896533966064453e+00 4.104180908203125000e+01 4.210017025470733643e-01 4.393517076969146729e-01 4.205476760864257812e+01
5.400000000000000000e+03 2.708719253540039062e+01 2.746141433715820312e+01 1.708865910768508911e-01 8.268036246299743652e-01 1.583667297363281250e+02 1.444554686546325684e+00 1.957479667663574219e+01 6.970946192741394043e-01 1.622713565826416016e+00 4.119317245483398438e+01
5.500000000000000000e+03 9.682528686523437500e+01 7.708578491210937500e+01 5.228165984153747559e-01 1.947340369224548340e+00 1.552033081054687500e+02 2.126988172531127930e+00 3.783319091796875000e+01 2.221075773239135742e+00 3.916520118713378906e+00 4.399570846557617188e+01
5.600000000000000000e+03 3.029694366455078125e+01 2.771288108825683594e+01 2.076319605112075806e-01 3.221043646335601807e-01 1.618932037353515625e+02 1.361844539642333984e+00 9.882456970214843750e+01 4.162170290946960449e-01 3.994618952274322510e-01 4.109498214721679688e+01
5.700000000000000000e+03 2.621808433532714844e+01 2.982678222656250000e+01 1.864263117313385010e-01 3.703352212905883789e-01 1.517471618652343750e+02 1.389819979667663574e+00 1.877853775024414062e+01 7.664035558700561523e-01 7.319747805595397949e-01 3.855862808227539062e+01
5.800000000000000000e+03 3.304791641235351562e+01 2.889336585998535156e+01 2.560125589370727539e-01 6.286162137985229492e-01 1.613434295654296875e+02 1.359331846237182617e+00 1.158212738037109375e+02 5.110054016113281250e-01 5.225890874862670898e-01 4.026436233520507812e+01
5.900000000000000000e+03 2.089226341247558594e+01 2.474702072143554688e+01 1.551895439624786377e-01 3.467956781387329102e-01 1.507648773193359375e+02 1.344979882240295410e+00 4.078198623657226562e+01 7.735291719436645508e-01 5.804463624954223633e-01 3.678096389770507812e+01
6.000000000000000000e+03 2.330271911621093750e+01 2.513289260864257812e+01 2.034949064254760742e-01 2.040430009365081787e-01 1.567263336181640625e+02 1.424665927886962891e+00 8.474873352050781250e+01 5.887768864631652832e-01 4.771235883235931396e-01 3.813000106811523438e+01
6.100000000000000000e+03 1.925986099243164062e+01 2.494826698303222656e+01 1.864764690399169922e-01 6.047436594963073730e-01 1.484216918945312500e+02 1.345266938209533691e+00 4.001565933227539062e+01 7.811256647109985352e-01 8.365908861160278320e-01 3.576407241821289062e+01
6.200000000000000000e+03 1.868269348144531250e+01 2.463371276855468750e+01 1.792725473642349243e-01 4.286271929740905762e-01 1.490220336914062500e+02 1.469705224037170410e+00 6.931600189208984375e+01 7.460440397262573242e-01 5.410630702972412109e-01 3.484963989257812500e+01
6.300000000000000000e+03 9.673432922363281250e+01 6.442887115478515625e+01 6.927958130836486816e-01 9.286688566207885742e-01 1.599838409423828125e+02 2.245948791503906250e+00 2.870483093261718750e+02 2.626786231994628906e-01 4.118725359439849854e-01 3.950635528564453125e+01
6.400000000000000000e+03 1.803650474548339844e+01 2.488215255737304688e+01 1.837382614612579346e-01 2.176554650068283081e-01 1.457977447509765625e+02 1.473054885864257812e+00 6.862238311767578125e+01 8.305948376655578613e-01 2.242939472198486328e-01 3.363784790039062500e+01
6.500000000000000000e+03 1.731818962097167969e+01 2.494796180725097656e+01 2.243896424770355225e-01 5.045039057731628418e-01 1.430746459960937500e+02 1.555708885192871094e+00 5.423437881469726562e+01 6.398589611053466797e-01 6.993178129196166992e-01 3.266574478149414062e+01
6.600000000000000000e+03 2.149136734008789062e+01 2.513659286499023438e+01 4.680601358413696289e-01 2.620005905628204346e-01 1.429663391113281250e+02 2.166639566421508789e+00 2.048143768310546875e+01 6.235070228576660156e-01 3.084558248519897461e-01 3.338747787475585938e+01
6.700000000000000000e+03 1.689113044738769531e+01 2.417286109924316406e+01 2.282015681266784668e-01 1.439636498689651489e-01 1.394275970458984375e+02 1.717911124229431152e+00 4.307796096801757812e+01 7.386941909790039062e-01 2.613214850425720215e-01 3.122764015197753906e+01
6.800000000000000000e+03 1.636592292785644531e+01 2.434169006347656250e+01 2.241050601005554199e-01 1.473642438650131226e-01 1.388495788574218750e+02 1.658100366592407227e+00 6.340647888183593750e+01 6.543632149696350098e-01 1.755363941192626953e-01 3.033229446411132812e+01
6.900000000000000000e+03 3.030397605895996094e+01 3.335108947753906250e+01 2.634249925613403320e-01 5.864429473876953125e-01 1.451504821777343750e+02 1.603288412094116211e+00 1.457853393554687500e+02 3.796050250530242920e-01 7.762909531593322754e-01 3.134070968627929688e+01
7.000000000000000000e+03 2.268624687194824219e+01 2.257827377319335938e+01 3.222406208515167236e-01 2.202038764953613281e+00 1.433698120117187500e+02 3.196196079254150391e+00 1.835604095458984375e+01 8.255166411399841309e-01 3.022349596023559570e+00 3.366186904907226562e+01
7.100000000000000000e+03 1.438354969024658203e+01 2.284738159179687500e+01 2.536517381668090820e-01 1.969988495111465454e-01 1.347825775146484375e+02 1.716641068458557129e+00 5.008636093139648438e+01 5.266833901405334473e-01 3.765242099761962891e-01 2.826212692260742188e+01
7.200000000000000000e+03 4.742388534545898438e+01 4.147238159179687500e+01 3.028281331062316895e-01 3.536210358142852783e-01 1.408515472412109375e+02 1.652242064476013184e+00 1.918130187988281250e+02 2.550166547298431396e-01 4.175759255886077881e-01 2.871633338928222656e+01
7.300000000000000000e+03 1.559004402160644531e+01 2.383723068237304688e+01 2.556201815605163574e-01 1.456229835748672485e-01 1.330651245117187500e+02 1.570942044258117676e+00 8.059597778320312500e+01 4.150613546371459961e-01 1.437677890062332153e-01 2.670408630371093750e+01
7.400000000000000000e+03 3.101833343505859375e+01 3.158610916137695312e+01 3.465065956115722656e-01 3.373149335384368896e-01 1.350876007080078125e+02 1.696955323219299316e+00 1.327885894775390625e+02 2.336779385805130005e-01 4.912362694740295410e-01 2.661764335632324219e+01
7.500000000000000000e+03 2.446605873107910156e+01 3.026331329345703125e+01 3.457693159580230713e-01 1.793041825294494629e-01 1.342391815185546875e+02 1.802213191986083984e+00 1.285857543945312500e+02 3.495675027370452881e-01 3.909622132778167725e-01 2.541107368469238281e+01
7.600000000000000000e+03 1.416922855377197266e+01 2.384787559509277344e+01 3.098470568656921387e-01 1.551182419061660767e-01 1.237784957885742188e+02 1.560308456420898438e+00 2.767543601989746094e+01 3.656873703002929688e-01 5.838289856910705566e-01 2.407292175292968750e+01
7.700000000000000000e+03 1.803317260742187500e+01 2.273804473876953125e+01 3.183190822601318359e-01 1.655111610889434814e-01 1.242625198364257812e+02 1.832396507263183594e+00 1.787362861633300781e+01 3.975869119167327881e-01 4.353770017623901367e-01 2.360220909118652344e+01
7.800000000000000000e+03 1.191423416137695312e+01 2.129704856872558594e+01 2.945958673954010010e-01 3.419281840324401855e-01 1.227200088500976562e+02 1.341333270072937012e+00 5.823114013671875000e+01 3.077241182327270508e-01 6.079387068748474121e-01 2.185799407958984375e+01
7.900000000000000000e+03 1.408359241485595703e+01 2.236520576477050781e+01 2.973658740520477295e-01 3.862356543540954590e-01 1.237000961303710938e+02 1.164489150047302246e+00 8.512962341308593750e+01 1.994439065456390381e-01 6.316347122192382812e-01 2.089680862426757812e+01
8.000000000000000000e+03 1.134307575225830078e+01 1.913484001159667969e+01 3.357851803302764893e-01 1.813992410898208618e-01 1.194939498901367188e+02 1.100357890129089355e+00 5.157189941406250000e+01 2.572118043899536133e-01 4.065653383731842041e-01 1.985743141174316406e+01
8.100000000000000000e+03 1.309172630310058594e+01 1.994718933105468750e+01 3.244819939136505127e-01 1.146611571311950684e-01 1.187418212890625000e+02 1.048091888427734375e+00 7.164072418212890625e+01 2.277410179376602173e-01 2.012584656476974487e-01 1.881605339050292969e+01
8.200000000000000000e+03 1.178949737548828125e+01 1.913619422912597656e+01 3.382846713066101074e-01 2.425634860992431641e-01 1.130186614990234375e+02 1.093588948249816895e+00 3.601790237426757812e+01 2.376992553472518921e-01 5.199958682060241699e-01 1.808174133300781250e+01
8.300000000000000000e+03 2.687871742248535156e+01 2.399297523498535156e+01 4.948565661907196045e-01 9.469550848007202148e-01 1.235127105712890625e+02 2.590286970138549805e+00 1.026949157714843750e+02 1.129582375288009644e-01 8.746642470359802246e-01 2.026036643981933594e+01
8.400000000000000000e+03 1.165197658538818359e+01 1.873950004577636719e+01 3.383988738059997559e-01 1.142109557986259460e-01 1.093905639648437500e+02 1.030364871025085449e+00 3.387606048583984375e+01 2.047154605388641357e-01 1.091751307249069214e-01 1.625572776794433594e+01
8.500000000000000000e+03 1.674884796142578125e+01 1.697053718566894531e+01 3.741587996482849121e-01 1.583023816347122192e-01 1.081448059082031250e+02 1.105499625205993652e+00 1.858061599731445312e+01 2.542132437229156494e-01 9.342651069164276123e-02 1.547970867156982422e+01
8.600000000000000000e+03 3.984670639038085938e+01 3.053642272949218750e+01 3.848777413368225098e-01 4.593254923820495605e-01 1.044639739990234375e+02 1.983150362968444824e+00 2.928756952285766602e+00 2.978855669498443604e-01 3.546757102012634277e-01 1.594789409637451172e+01
8.700000000000000000e+03 2.150729942321777344e+01 2.073858070373535156e+01 3.746696114540100098e-01 2.190512120723724365e-01 1.062334365844726562e+02 1.609376788139343262e+00 7.608981323242187500e+01 1.312171518802642822e-01 1.433456242084503174e-01 1.357473468780517578e+01
8.800000000000000000e+03 1.259443187713623047e+01 1.625915527343750000e+01 3.770147264003753662e-01 1.149083375930786133e-01 1.019125213623046875e+02 1.060233831405639648e+00 2.463608932495117188e+01 2.446245849132537842e-01 3.186062276363372803e-01 1.326132392883300781e+01
8.900000000000000000e+03 1.890293312072753906e+01 1.966168975830078125e+01 3.864797651767730713e-01 9.146877378225326538e-02 9.835878753662109375e+01 1.313162922859191895e+00 8.542110443115234375e+00 2.296227067708969116e-01 1.623709946870803833e-01 1.290392208099365234e+01
9.000000000000000000e+03 1.538977527618408203e+01 1.688081741333007812e+01 3.902669548988342285e-01 1.399635672569274902e-01 9.762373352050781250e+01 1.072473406791687012e+00 1.154853630065917969e+01 2.200267165899276733e-01 1.731169223785400391e-01 1.226032924652099609e+01
9.100000000000000000e+03 1.337614250183105469e+01 1.462707710266113281e+01 3.703749477863311768e-01 1.475899964570999146e-01 9.704882049560546875e+01 1.120425701141357422e+00 1.860479545593261719e+01 1.696008145809173584e-01 3.101837337017059326e-01 1.127860069274902344e+01
9.200000000000000000e+03 1.404431819915771484e+01 1.451582813262939453e+01 3.788577914237976074e-01 8.519873023033142090e-02 9.735147094726562500e+01 1.242104291915893555e+00 3.858006668090820312e+01 1.879137605428695679e-01 3.905071020126342773e-01 1.040719032287597656e+01
9.300000000000000000e+03 3.749887847900390625e+01 3.195345687866210938e+01 4.171641767024993896e-01 1.431282609701156616e-01 9.076876831054687500e+01 1.890011548995971680e+00 5.492993831634521484e+00 2.604104280471801758e-01 5.767866373062133789e-01 1.151346111297607422e+01
9.400000000000000000e+03 2.567911338806152344e+01 1.895920944213867188e+01 4.024629890918731689e-01 2.441022545099258423e-01 9.501104736328125000e+01 2.288435459136962891e+00 6.132196426391601562e+01 1.142455711960792542e-01 3.615021109580993652e-01 9.260000228881835938e+00
9.500000000000000000e+03 1.297833633422851562e+01 1.398203182220458984e+01 3.528875112533569336e-01 9.984137117862701416e-02 9.010923767089843750e+01 1.088749527931213379e+00 1.319204711914062500e+01 1.450143605470657349e-01 3.601322770118713379e-01 9.612433433532714844e+00
9.600000000000000000e+03 3.430962753295898438e+01 2.283634948730468750e+01 4.289645850658416748e-01 8.794512748718261719e-01 9.583406829833984375e+01 2.098499774932861328e+00 7.180043792724609375e+01 1.308829635381698608e-01 1.971786618232727051e+00 9.258773803710937500e+00
9.700000000000000000e+03 2.975270385742187500e+02 1.542523956298828125e+02 1.394503355026245117e+00 3.860467672348022461e+00 8.417188262939453125e+01 1.844275093078613281e+01 2.464147796630859375e+02 1.455814599990844727e+00 3.909610033035278320e+00 1.258838081359863281e+01
9.800000000000000000e+03 1.208807754516601562e+01 1.134514522552490234e+01 3.403830528259277344e-01 8.899621665477752686e-02 8.732981872558593750e+01 8.535181283950805664e-01 1.140428352355957031e+01 1.330632567405700684e-01 2.267062813043594360e-01 8.594183921813964844e+00
9.900000000000000000e+03 1.280183696746826172e+01 1.080462169647216797e+01 3.242855966091156006e-01 1.033367440104484558e-01 8.551698303222656250e+01 8.254657983779907227e-01 1.196799564361572266e+01 1.380733400583267212e-01 3.571606576442718506e-01 8.033360481262207031e+00
1.000000000000000000e+04 2.386265945434570312e+01 1.874433135986328125e+01 3.502442240715026855e-01 9.010385721921920776e-02 8.875303649902343750e+01 1.395004987716674805e+00 5.006110763549804688e+01 7.923448085784912109e-02 2.206306755542755127e-01 6.668277740478515625e+00
1.010000000000000000e+04 1.379057216644287109e+01 1.018697929382324219e+01 3.330503702163696289e-01 2.468189001083374023e-01 1.551102752685546875e+02 1.588821172714233398e+00 6.554785251617431641e+00 1.833843886852264404e-01 5.840559303760528564e-02 2.093366813659667969e+01
1.020000000000000000e+04 1.324948883056640625e+01 1.493016147613525391e+01 6.254233419895172119e-02 2.677021920680999756e-01 1.123299560546875000e+02 3.470762968063354492e-01 1.684327507019042969e+01 5.294307693839073181e-02 2.770978808403015137e-01 1.430901241302490234e+01
1.030000000000000000e+04 1.553781032562255859e+01 1.556577968597412109e+01 8.227647095918655396e-02 2.442111968994140625e-01 1.033814544677734375e+02 4.092936515808105469e-01 1.703182411193847656e+01 2.476935647428035736e-02 3.106012642383575439e-01 1.480009555816650391e+01
1.040000000000000000e+04 1.594294166564941406e+01 1.602559661865234375e+01 9.353677928447723389e-02 2.230417877435684204e-01 9.813877868652343750e+01 4.521323442459106445e-01 1.485607910156250000e+01 3.128256276249885559e-02 3.697190582752227783e-01 1.591745090484619141e+01
1.050000000000000000e+04 2.793686485290527344e+01 1.876246070861816406e+01 1.246958002448081970e-01 2.833837568759918213e-01 9.819922637939453125e+01 4.933856129646301270e-01 4.991192245483398438e+01 2.306743338704109192e-02 4.849809110164642334e-01 1.463563537597656250e+01
1.060000000000000000e+04 3.082884597778320312e+01 3.066709136962890625e+01 2.109603434801101685e-01 2.992440462112426758e-01 9.146081542968750000e+01 5.040806531906127930e-01 7.175880908966064453e+00 1.230066046118736267e-01 2.515012025833129883e-01 1.885455513000488281e+01
1.070000000000000000e+04 1.706754684448242188e+01 1.321989727020263672e+01 1.224734932184219360e-01 2.201350033283233643e-01 9.020294189453125000e+01 4.238765537738800049e-01 1.469309616088867188e+01 3.018688037991523743e-02 3.565436005592346191e-01 1.713067817687988281e+01
1.080000000000000000e+04 1.651057052612304688e+01 1.287196636199951172e+01 1.473846882581710815e-01 2.502434849739074707e-01 8.905382537841796875e+01 3.594028055667877197e-01 9.752074241638183594e+00 3.093461878597736359e-02 2.627102732658386230e-01 1.798592758178710938e+01
1.090000000000000000e+04 1.716403198242187500e+01 1.389405345916748047e+01 1.358159482479095459e-01 2.332590520381927490e-01 8.422905731201171875e+01 3.701976239681243896e-01 6.934816837310791016e+00 2.974800206720829010e-02 5.298190116882324219e-01 1.953125762939453125e+01
1.100000000000000000e+04 8.811149597167968750e+01 4.580672836303710938e+01 2.320658564567565918e-01 3.906227648258209229e-01 9.370612335205078125e+01 1.119897723197937012e+00 9.334196472167968750e+01 1.784750632941722870e-02 8.657428026199340820e-01 1.482723999023437500e+01
1.110000000000000000e+04 3.636328125000000000e+01 3.388063049316406250e+01 1.761090010404586792e-01 1.814299821853637695e-01 7.859121704101562500e+01 3.768106698989868164e-01 1.500493812561035156e+01 3.606023639440536499e-02 5.426776409149169922e-01 2.346537017822265625e+01
1.120000000000000000e+04 2.874033355712890625e+01 1.467225456237792969e+01 1.267707049846649170e-01 2.255090773105621338e-01 8.094688415527343750e+01 6.233686804771423340e-01 2.362529754638671875e+01 2.782749012112617493e-02 6.095721721649169922e-01 2.014142608642578125e+01
1.130000000000000000e+04 1.279004669189453125e+02 4.227120590209960938e+01 6.546099781990051270e-01 4.481980502605438232e-01 9.560318756103515625e+01 1.162600040435791016e+00 7.708251190185546875e+01 1.135081276297569275e-01 3.095257282257080078e-01 1.780902862548828125e+01
1.140000000000000000e+04 1.661054611206054688e+01 1.191844177246093750e+01 1.285127103328704834e-01 1.486600637435913086e-01 7.422821807861328125e+01 3.759821057319641113e-01 5.013829708099365234e+00 2.493865974247455597e-02 5.997714400291442871e-01 2.448958778381347656e+01
1.150000000000000000e+04 2.224837875366210938e+01 1.117431545257568359e+01 1.465113908052444458e-01 1.730867028236389160e-01 7.557614898681640625e+01 6.937174797058105469e-01 1.225010108947753906e+01 2.207458019256591797e-02 7.209144830703735352e-01 2.287199783325195312e+01
1.160000000000000000e+04 3.904736709594726562e+01 3.804442977905273438e+01 1.799167841672897339e-01 1.473861634731292725e-01 6.654776000976562500e+01 3.792801201343536377e-01 1.991343307495117188e+01 8.762896806001663208e-02 4.468415081501007080e-01 3.189779281616210938e+01
1.170000000000000000e+04 1.937818527221679688e+01 1.119967842102050781e+01 1.210501492023468018e-01 1.885691583156585693e-01 7.079014587402343750e+01 5.471752882003784180e-01 1.055070590972900391e+01 2.512923814356327057e-02 7.789214253425598145e-01 2.576138496398925781e+01
1.180000000000000000e+04 1.654463958740234375e+01 1.122818756103515625e+01 1.373088508844375610e-01 1.530662924051284790e-01 6.736903381347656250e+01 3.534814119338989258e-01 3.023819208145141602e+00 4.588092491030693054e-02 6.396465897560119629e-01 2.913095855712890625e+01
1.190000000000000000e+04 1.658646774291992188e+01 9.417460441589355469e+00 1.368984878063201904e-01 1.689224541187286377e-01 6.805229949951171875e+01 5.854570865631103516e-01 4.282981872558593750e+00 3.969565406441688538e-02 8.423488736152648926e-01 2.844316864013671875e+01
1.200000000000000000e+04 4.172449111938476562e+01 2.061225318908691406e+01 1.692247688770294189e-01 2.686665058135986328e-01 6.945767974853515625e+01 1.203334212303161621e+00 2.488991165161132812e+01 1.975640282034873962e-02 1.298165678977966309e+00 2.642668342590332031e+01
1.210000000000000000e+04 1.486800193786621094e+01 1.037593555450439453e+01 1.612780839204788208e-01 1.303559541702270508e-01 6.410583496093750000e+01 4.653238952159881592e-01 3.353882551193237305e+00 6.337375193834304810e-02 7.077129483222961426e-01 3.231968307495117188e+01
1.220000000000000000e+04 3.514080810546875000e+02 2.553219146728515625e+02 2.547819614410400391e-01 1.298831820487976074e+00 5.396046066284179688e+01 7.639069557189941406e+00 3.451909790039062500e+02 2.534948885440826416e-01 1.141889333724975586e+00 4.876654434204101562e+01
1.230000000000000000e+04 1.506133937835693359e+01 1.065902614593505859e+01 1.218411102890968323e-01 1.188175976276397705e-01 6.036346817016601562e+01 4.430586397647857666e-01 3.020138740539550781e+00 2.090607769787311554e-02 7.269863486289978027e-01 3.580174255371093750e+01
1.240000000000000000e+04 3.367504501342773438e+01 2.932169723510742188e+01 1.301015317440032959e-01 1.330095827579498291e-01 5.770501708984375000e+01 3.797599375247955322e-01 2.484480094909667969e+01 4.039316624402999878e-02 5.669491887092590332e-01 4.006515502929687500e+01
1.250000000000000000e+04 4.007891845703125000e+02 1.330029296875000000e+02 1.536450028419494629e+00 1.915742039680480957e+00 7.997509765625000000e+01 8.455041885375976562e+00 1.679650726318359375e+02 2.336686700582504272e-01 2.418816566467285156e+00 3.654054641723632812e+01
1.260000000000000000e+04 1.522576904296875000e+01 1.253132724761962891e+01 1.102721393108367920e-01 1.191336065530776978e-01 5.503253173828125000e+01 3.081527352333068848e-01 5.902598857879638672e+00 2.708099037408828735e-02 5.953791141510009766e-01 4.216080856323242188e+01
1.270000000000000000e+04 1.436017513275146484e+01 1.129854583740234375e+01 1.292727589607238770e-01 1.014317348599433899e-01 5.327271652221679688e+01 3.212791085243225098e-01 4.489877223968505859e+00 2.770911715924739838e-02 6.729651093482971191e-01 4.448148727416992188e+01
1.280000000000000000e+04 1.804799842834472656e+01 1.878250312805175781e+01 1.446035057306289673e-01 9.631162881851196289e-02 5.138059616088867188e+01 3.305983841419219971e-01 1.267851448059082031e+01 2.635392174124717712e-02 7.427050471305847168e-01 4.815161514282226562e+01
1.290000000000000000e+04 5.032930374145507812e+01 2.985638618469238281e+01 5.102624297142028809e-01 2.014063447713851929e-01 5.450280380249023438e+01 4.591686427593231201e-01 4.011680603027343750e+01 5.061829090118408203e-01 5.859699249267578125e-01 4.356993484497070312e+01
1.300000000000000000e+04 2.228210449218750000e+01 2.016640853881835938e+01 1.347372978925704956e-01 1.211878359317779541e-01 4.821424102783203125e+01 2.739259302616119385e-01 1.637965774536132812e+01 2.256041392683982849e-02 5.101869702339172363e-01 5.284983444213867188e+01
1.310000000000000000e+04 2.553960227966308594e+01 2.156659889221191406e+01 1.318676620721817017e-01 7.192193716764450073e-02 4.843996810913085938e+01 3.494318127632141113e-01 2.273184204101562500e+01 2.758916281163692474e-02 6.396410465240478516e-01 5.217227172851562500e+01
1.320000000000000000e+04 1.274523067474365234e+01 1.008428764343261719e+01 1.210433244705200195e-01 9.510800242424011230e-02 4.825719833374023438e+01 2.947515547275543213e-01 5.603362083435058594e+00 5.162351578474044800e-02 6.989747881889343262e-01 5.201085662841796875e+01
1.330000000000000000e+04 1.606962585449218750e+01 1.388632488250732422e+01 1.315128505229949951e-01 8.077842742204666138e-02 4.620629882812500000e+01 2.403139322996139526e-01 1.193882560729980469e+01 4.228021577000617981e-02 4.860823452472686768e-01 5.554022598266601562e+01
1.340000000000000000e+04 1.550623130798339844e+01 9.697831153869628906e+00 1.221739798784255981e-01 1.469116657972335815e-01 4.824683380126953125e+01 3.403962850570678711e-01 4.790304660797119141e+00 3.716256469488143921e-02 1.215711116790771484e+00 5.105329895019531250e+01
1.350000000000000000e+04 1.977728462219238281e+01 1.645764160156250000e+01 1.424720585346221924e-01 2.542364597320556641e-01 4.547970199584960938e+01 2.572866380214691162e-01 2.044518470764160156e+01 3.433306887745857239e-02 2.464219182729721069e-01 5.755202865600585938e+01
1.360000000000000000e+04 1.256070041656494141e+01 9.066356658935546875e+00 9.698546677827835083e-02 8.513119816780090332e-02 4.428023147583007812e+01 2.503144741058349609e-01 6.094021797180175781e+00 2.347433567047119141e-02 5.179072022438049316e-01 5.818767547607421875e+01
1.370000000000000000e+04 1.366296291351318359e+01 1.122828769683837891e+01 1.266039013862609863e-01 6.613388657569885254e-02 4.228750991821289062e+01 2.621399164199829102e-01 1.228877258300781250e+01 3.494365140795707703e-02 9.047169089317321777e-01 6.248801803588867188e+01
1.380000000000000000e+04 1.121856403350830078e+01 1.025106048583984375e+01 1.108156815171241760e-01 7.549955695867538452e-02 4.196962356567382812e+01 2.036787867546081543e-01 1.039457511901855469e+01 2.486807480454444885e-02 7.718390226364135742e-01 6.337493515014648438e+01
1.390000000000000000e+04 2.469638633728027344e+01 1.293308353424072266e+01 2.110744565725326538e-01 1.219754442572593689e-01 4.675128173828125000e+01 1.269809603691101074e+00 7.974043369293212891e+00 2.961832880973815918e-01 3.647303283214569092e-01 5.432975006103515625e+01
1.400000000000000000e+04 1.596231746673583984e+01 1.733206939697265625e+01 1.195348352193832397e-01 6.113124638795852661e-02 3.903039169311523438e+01 3.273954987525939941e-01 2.540582084655761719e+01 5.261494219303131104e-02 6.293226480484008789e-01 7.080620574951171875e+01
1.410000000000000000e+04 1.657168006896972656e+01 1.702886962890625000e+01 1.112409904599189758e-01 5.234045535326004028e-02 3.699746322631835938e+01 2.756463885307312012e-01 2.430664634704589844e+01 7.877019792795181274e-02 8.183985948562622070e-01 7.587340545654296875e+01
1.420000000000000000e+04 2.137624740600585938e+01 1.976447105407714844e+01 1.067082360386848450e-01 5.514129996299743652e-02 3.665967559814453125e+01 3.694254457950592041e-01 3.073538970947265625e+01 7.823044806718826294e-02 4.641593098640441895e-01 7.667134094238281250e+01
1.430000000000000000e+04 1.415487098693847656e+01 1.049846553802490234e+01 1.184542626142501831e-01 1.660447865724563599e-01 4.056915283203125000e+01 2.675330936908721924e-01 7.834506034851074219e+00 3.189221397042274475e-02 1.477901458740234375e+00 6.703505706787109375e+01
1.440000000000000000e+04 9.866744995117187500e+00 9.149817466735839844e+00 1.175526008009910583e-01 3.870186209678649902e-02 3.517396545410156250e+01 2.090268731117248535e-01 1.063781642913818359e+01 6.902842223644256592e-02 5.322977304458618164e-01 7.920757293701171875e+01
1.450000000000000000e+04 9.038635253906250000e+00 8.328646659851074219e+00 9.838563203811645508e-02 4.959251359105110168e-02 3.704232788085937500e+01 2.505487501621246338e-01 1.015879249572753906e+01 8.033615350723266602e-02 7.378558516502380371e-01 7.429166412353515625e+01
1.460000000000000000e+04 1.234695720672607422e+01 1.254854869842529297e+01 9.935758262872695923e-02 4.888677969574928284e-02 3.469625473022460938e+01 1.864280849695205688e-01 2.088276863098144531e+01 4.951610788702964783e-02 4.771683812141418457e-01 8.158384704589843750e+01
1.470000000000000000e+04 1.412479305267333984e+01 1.529071140289306641e+01 1.044142097234725952e-01 3.947531431913375854e-02 3.261456298828125000e+01 2.802713513374328613e-01 2.369203376770019531e+01 1.072880253195762634e-01 3.853853940963745117e-01 8.790083312988281250e+01
1.480000000000000000e+04 1.444440078735351562e+01 9.946315765380859375e+00 1.006964296102523804e-01 6.527359038591384888e-02 3.355165863037109375e+01 2.124215066432952881e-01 1.140782928466796875e+01 6.289009749889373779e-02 3.041046261787414551e-01 8.405043792724609375e+01
1.490000000000000000e+04 1.237341880798339844e+01 9.806874275207519531e+00 1.275155693292617798e-01 8.809894323348999023e-02 3.556455993652343750e+01 1.665970832109451294e-01 1.166112422943115234e+01 2.019101828336715698e-01 6.886898875236511230e-01 7.814373016357421875e+01
1.500000000000000000e+04 1.470719299316406250e+02 1.075945739746093750e+02 1.832800358533859253e-01 1.673969030380249023e-01 2.832108879089355469e+01 3.161589145660400391e+00 1.682242126464843750e+02 1.693129353225231171e-02 2.161665111780166626e-01 1.062515869140625000e+02
1.510000000000000000e+04 1.715895271301269531e+01 9.478230476379394531e+00 1.258988380432128906e-01 3.045635223388671875e-01 1.416864929199218750e+02 1.769336462020874023e+00 9.360941886901855469e+00 8.984766900539398193e-02 1.385392284393310547e+01 2.519336509704589844e+01
1.520000000000000000e+04 1.227272510528564453e+01 8.678061485290527344e+00 1.636770516633987427e-01 8.806828409433364868e-02 1.108601608276367188e+02 8.837869763374328613e-01 6.820870876312255859e+00 3.624975308775901794e-02 2.257147312164306641e+00 1.242650127410888672e+01
1.530000000000000000e+04 1.020419406890869141e+01 9.040096282958984375e+00 1.373752951622009277e-01 5.245590209960937500e-02 9.338585662841796875e+01 6.672129631042480469e-01 6.410723209381103516e+00 6.430629640817642212e-02 1.197084426879882812e+00 7.994658946990966797e+00
1.540000000000000000e+04 8.990056991577148438e+00 9.231081008911132812e+00 1.205739527940750122e-01 5.514445900917053223e-02 8.065296936035156250e+01 5.383773446083068848e-01 6.517670631408691406e+00 8.318763971328735352e-02 7.822542786598205566e-01 6.210298061370849609e+00
1.550000000000000000e+04 8.367385864257812500e+00 1.063872623443603516e+01 1.186475530266761780e-01 3.041666187345981598e-02 7.181912231445312500e+01 4.129999577999114990e-01 8.025490760803222656e+00 1.197241395711898804e-01 5.175563693046569824e-01 5.559046268463134766e+00
1.560000000000000000e+04 7.688199996948242188e+00 1.115223121643066406e+01 8.235243707895278931e-02 2.690917998552322388e-02 6.516040802001953125e+01 2.899251580238342285e-01 8.576812744140625000e+00 1.470777243375778198e-01 5.365010499954223633e-01 5.494911670684814453e+00
1.570000000000000000e+04 7.331234455108642578e+00 1.185148239135742188e+01 7.708737254142761230e-02 3.993564471602439880e-02 5.931645965576171875e+01 2.483339309692382812e-01 9.293568611145019531e+00 1.482089459896087646e-01 8.209470510482788086e-01 5.893527030944824219e+00
1.580000000000000000e+04 1.374256134033203125e+01 1.424756145477294922e+01 6.624997407197952271e-02 1.905090175569057465e-02 5.739306640625000000e+01 3.769190609455108643e-01 1.129167175292968750e+01 1.416439265012741089e-01 1.283607482910156250e+00 4.674362659454345703e+00
1.590000000000000000e+04 1.632609367370605469e+01 1.233655261993408203e+01 7.637000828981399536e-02 2.800369635224342346e-02 5.426292419433593750e+01 3.979319632053375244e-01 1.043346023559570312e+01 8.427830040454864502e-02 1.950682997703552246e+00 4.584592342376708984e+00
1.600000000000000000e+04 2.852383804321289062e+01 1.434079647064208984e+01 7.192274928092956543e-02 7.834619283676147461e-02 5.219935607910156250e+01 1.157640218734741211e+00 1.381890773773193359e+01 1.176450997591018677e-01 2.400711536407470703e+00 4.244900703430175781e+00
1.610000000000000000e+04 7.253469467163085938e+00 8.699062347412109375e+00 5.194724723696708679e-02 2.612902782857418060e-02 4.669878768920898438e+01 2.846072316169738770e-01 8.675497055053710938e+00 1.491691172122955322e-01 1.870505690574645996e+00 4.939313888549804688e+00
1.620000000000000000e+04 1.966107940673828125e+01 1.167727088928222656e+01 6.259747594594955444e-02 2.058524936437606812e-01 5.078942489624023438e+01 1.086855173110961914e+00 1.048768901824951172e+01 1.607154756784439087e-01 5.654870033264160156e+00 3.426650285720825195e+00
1.630000000000000000e+04 1.081857013702392578e+01 1.048259449005126953e+01 5.222311988472938538e-02 2.269186079502105713e-02 4.296408081054687500e+01 2.977058589458465576e-01 1.191462993621826172e+01 1.834291219711303711e-01 2.299406290054321289e+00 5.370853424072265625e+00
1.640000000000000000e+04 1.580690002441406250e+02 6.702655792236328125e+01 1.768943965435028076e-01 3.512656986713409424e-01 5.359662628173828125e+01 3.568534612655639648e+00 8.586380767822265625e+01 5.134499073028564453e-02 4.081376552581787109e+00 5.047602176666259766e+00
1.650000000000000000e+04 1.158758926391601562e+01 7.026826381683349609e+00 3.012749738991260529e-02 1.800479367375373840e-02 4.304961395263671875e+01 2.288935631513595581e-01 8.117189407348632812e+00 1.228880658745765686e-01 2.940630197525024414e+00 3.363186359405517578e+00
1.660000000000000000e+04 6.201022148132324219e+00 4.840249538421630859e+00 2.900724485516548157e-02 2.080469019711017609e-02 4.165323257446289062e+01 2.165226936340332031e-01 5.528000831604003906e+00 1.288875341415405273e-01 2.319473743438720703e+00 3.476966142654418945e+00
1.670000000000000000e+04 5.524515151977539062e+00 6.235527038574218750e+00 2.943941950798034668e-02 4.020768776535987854e-02 4.011278152465820312e+01 2.267430126667022705e-01 6.700603485107421875e+00 1.431653946638107300e-01 3.344992399215698242e+00 4.026299476623535156e+00
1.680000000000000000e+04 8.050583839416503906e+00 5.861458301544189453e+00 7.306627184152603149e-02 2.855696678161621094e-01 4.181491851806640625e+01 5.508096814155578613e-01 1.060064601898193359e+01 1.964412182569503784e-01 1.298146843910217285e+00 3.203029632568359375e+00
1.690000000000000000e+04 5.892810344696044922e+00 4.201291561126708984e+00 2.779614180326461792e-02 1.189046725630760193e-02 3.841254043579101562e+01 2.308081537485122681e-01 4.644742488861083984e+00 1.217921525239944458e-01 2.427104711532592773e+00 3.445231199264526367e+00
1.700000000000000000e+04 7.224397182464599609e+00 6.625019073486328125e+00 1.901866309344768524e-02 1.602877862751483917e-02 3.702566146850585938e+01 3.099480569362640381e-01 7.320178985595703125e+00 1.245804578065872192e-01 2.276676416397094727e+00 3.998613119125366211e+00
1.710000000000000000e+04 1.218892765045166016e+01 5.510740756988525391e+00 3.506977111101150513e-02 2.543511055409908295e-02 3.673630905151367188e+01 5.728587508201599121e-01 8.727931976318359375e+00 1.626069545745849609e-01 2.252367973327636719e+00 3.441190719604492188e+00
1.720000000000000000e+04 7.106910705566406250e+00 4.671195507049560547e+00 1.616937667131423950e-02 1.068129390478134155e-02 3.572139739990234375e+01 3.272556662559509277e-01 5.885575771331787109e+00 9.504107385873794556e-02 2.099728345870971680e+00 3.643620252609252930e+00
1.730000000000000000e+04 4.326808452606201172e+00 6.585517883300781250e+00 7.146430015563964844e-02 8.762787282466888428e-02 4.216394042968750000e+01 3.621048629283905029e-01 6.603935718536376953e+00 1.192820519208908081e-01 3.219788074493408203e+00 3.161418199539184570e+00
1.740000000000000000e+04 5.047855854034423828e+00 3.701592683792114258e+00 2.058985084295272827e-02 1.339104864746332169e-02 3.600875854492187500e+01 2.203650027513504028e-01 4.502434730529785156e+00 1.133748367428779602e-01 2.052570819854736328e+00 3.244020462036132812e+00
1.750000000000000000e+04 1.579429721832275391e+01 5.555734157562255859e+00 2.007881924510002136e-02 1.686114259064197540e-02 3.668136596679687500e+01 3.839446902275085449e-01 7.297542572021484375e+00 1.040292084217071533e-01 2.055613994598388672e+00 2.665719985961914062e+00
1.760000000000000000e+04 4.989757537841796875e+00 2.821999311447143555e+00 1.503237523138523102e-02 1.552696526050567627e-02 3.525283813476562500e+01 2.391069531440734863e-01 3.705239057540893555e+00 1.147203668951988220e-01 2.154551267623901367e+00 2.907833099365234375e+00
1.770000000000000000e+04 5.525292968750000000e+01 5.744612216949462891e+00 1.819366365671157837e-01 1.217752695083618164e+00 4.156077194213867188e+01 2.772009372711181641e+00 5.233484745025634766e+00 1.435383316129446030e-02 1.418373465538024902e+00 3.828556060791015625e+00
1.780000000000000000e+04 4.736996650695800781e+00 3.514436244964599609e+00 1.232636068016290665e-02 1.466922275722026825e-02 3.435854339599609375e+01 2.117584496736526489e-01 3.382582426071166992e+00 9.008608758449554443e-02 2.257997274398803711e+00 2.912485361099243164e+00
1.790000000000000000e+04 4.853839874267578125e+00 3.439618825912475586e+00 1.432096119970083237e-02 2.081663720309734344e-02 3.336222457885742188e+01 2.236852645874023438e-01 3.592334747314453125e+00 9.086755663156509399e-02 1.931595563888549805e+00 3.073085069656372070e+00
1.800000000000000000e+04 6.064122676849365234e+00 1.470586204528808594e+01 1.935287192463874817e-02 1.453725621104240417e-02 3.155192947387695312e+01 2.713773548603057861e-01 1.035608196258544922e+01 8.917414397001266479e-02 2.234197854995727539e+00 4.655108451843261719e+00
1.810000000000000000e+04 1.514419460296630859e+01 1.275997447967529297e+01 2.046349830925464630e-02 2.626610174775123596e-02 3.171485519409179688e+01 4.298413097858428955e-01 1.560232162475585938e+01 9.785667806863784790e-02 1.695749640464782715e+00 3.928358078002929688e+00
1.820000000000000000e+04 5.184222221374511719e+00 2.574685096740722656e+00 1.175651233643293381e-02 2.836687117815017700e-02 3.291371917724609375e+01 3.414459526538848877e-01 3.716945409774780273e+00 9.678538143634796143e-02 2.192897796630859375e+00 2.734656572341918945e+00
1.830000000000000000e+04 1.149937629699707031e+01 8.762009620666503906e+00 1.691936329007148743e-02 1.863976195454597473e-02 3.490491104125976562e+01 4.622204303741455078e-01 7.678520679473876953e+00 7.329253107309341431e-02 2.121554136276245117e+00 1.756650805473327637e+00
1.840000000000000000e+04 1.874046134948730469e+01 4.945781707763671875e+00 2.456066571176052094e-02 1.665464229881763458e-02 3.136856651306152344e+01 4.875062704086303711e-01 5.710036754608154297e+00 9.062769263982772827e-02 1.929937243461608887e+00 3.088192701339721680e+00
1.850000000000000000e+04 1.281433677673339844e+01 2.191851425170898438e+01 1.755840890109539032e-02 2.556698955595493317e-02 2.918847274780273438e+01 6.683483123779296875e-01 1.953279876708984375e+01 8.856218308210372925e-02 1.120341181755065918e+00 5.175162792205810547e+00
1.860000000000000000e+04 5.141746520996093750e+00 9.118593215942382812e+00 1.731662265956401825e-02 1.316356193274259567e-02 3.432629776000976562e+01 2.088833004236221313e-01 5.024357318878173828e+00 1.367092430591583252e-01 2.267076730728149414e+00 1.528676748275756836e+00
1.870000000000000000e+04 6.988783359527587891e+00 3.341688156127929688e+00 2.253631129860877991e-02 1.397607941180467606e-02 3.127312469482421875e+01 2.884286344051361084e-01 3.422206401824951172e+00 1.420767158269882202e-01 2.025628328323364258e+00 2.438732624053955078e+00
1.880000000000000000e+04 1.061570644378662109e+01 3.445821380615234375e+01 1.773890480399131775e-02 1.719806157052516937e-02 2.689121627807617188e+01 4.265177845954895020e-01 2.346608543395996094e+01 8.179705590009689331e-02 1.243098974227905273e+00 6.901854515075683594e+00
1.890000000000000000e+04 6.086880683898925781e+00 1.135022354125976562e+01 1.376280188560485840e-02 3.679860755801200867e-02 3.444324874877929688e+01 2.161801606416702271e-01 5.986112594604492188e+00 6.488898396492004395e-02 2.285703182220458984e+00 1.419296264648437500e+00
1.900000000000000000e+04 1.244800090789794922e+01 4.740720272064208984e+00 1.580504328012466431e-02 2.697721496224403381e-02 3.060961532592773438e+01 4.355879127979278564e-01 9.449830055236816406e+00 9.054687619209289551e-02 2.106449842453002930e+00 2.410713195800781250e+00
1.910000000000000000e+04 2.316020202636718750e+01 7.726978302001953125e+00 2.370927669107913971e-02 1.448388863354921341e-02 3.001218795776367188e+01 5.407585501670837402e-01 1.540978622436523438e+01 1.318278908729553223e-01 1.532037377357482910e+00 2.606096982955932617e+00
1.920000000000000000e+04 1.293422794342041016e+01 1.826156425476074219e+01 1.652176491916179657e-02 3.513432666659355164e-02 3.374032211303710938e+01 2.926324307918548584e-01 1.192771720886230469e+01 9.033343195915222168e-02 1.808944225311279297e+00 1.429736375808715820e+00
1.930000000000000000e+04 5.361326694488525391e+00 8.339993476867675781e+00 1.719938404858112335e-02 2.426807954907417297e-02 3.289499664306640625e+01 4.169249236583709717e-01 3.128309011459350586e+00 9.714215248823165894e-02 1.926026105880737305e+00 1.453243017196655273e+00
1.940000000000000000e+04 8.724505424499511719e+00 3.794372797012329102e+00 2.405598573386669159e-02 4.914089292287826538e-02 2.967883682250976562e+01 3.887494802474975586e-01 3.397561788558959961e+00 1.195351183414459229e-01 2.868121147155761719e+00 2.498280763626098633e+00
1.950000000000000000e+04 3.634727001190185547e+00 2.145788908004760742e+00 1.795795746147632599e-02 1.200473308563232422e-02 3.019580078125000000e+01 1.982363760471343994e-01 2.850304365158081055e+00 7.736579328775405884e-02 1.918107867240905762e+00 1.956979870796203613e+00
1.960000000000000000e+04 9.778203964233398438e+00 2.508476257324218750e+00 1.794711872935295105e-02 2.905974909663200378e-02 3.027532196044921875e+01 5.654395818710327148e-01 5.611636161804199219e+00 1.151719465851783752e-01 1.184147238731384277e+00 1.821878790855407715e+00
1.970000000000000000e+04 5.266275882720947266e+00 7.905812263488769531e+00 1.515434589236974716e-02 2.051521465182304382e-02 2.710086441040039062e+01 3.747789263725280762e-01 3.748081684112548828e+00 8.179904520511627197e-02 1.297199726104736328e+00 3.893687963485717773e+00
1.980000000000000000e+04 3.666766405105590820e+00 8.666132926940917969e+00 2.058006264269351959e-02 3.600024059414863586e-02 3.259073638916015625e+01 2.366709113121032715e-01 3.271394729614257812e+00 1.023153290152549744e-01 2.233389854431152344e+00 1.181334376335144043e+00
1.990000000000000000e+04 5.736141681671142578e+00 2.957821846008300781e+00 1.772597059607505798e-02 1.702889055013656616e-02 2.844672393798828125e+01 2.092052847146987915e-01 3.601527929306030273e+00 9.109419584274291992e-02 1.875939011573791504e+00 2.106989622116088867e+00
2.000000000000000000e+04 3.693921566009521484e+00 5.753869056701660156e+00 1.958168856799602509e-02 2.227313071489334106e-02 2.653977012634277344e+01 1.853260546922683716e-01 5.177085876464843750e+00 7.715830206871032715e-02 1.568441271781921387e+00 3.421360015869140625e+00
2.010000000000000000e+04 2.336424713134765625e+02 7.039726562500000000e+02 1.749042320251464844e+01 1.136872386932373047e+01 1.956043334960937500e+03 8.379067993164062500e+01 9.599058227539062500e+02 8.119237899780273438e+00 8.367947578430175781e+00 1.602307983398437500e+03
2.020000000000000000e+04 1.028709182739257812e+02 2.116330261230468750e+02 3.101776838302612305e+00 2.365278005599975586e+00 1.278573364257812500e+03 4.367540740966796875e+01 3.121813964843750000e+02 4.473882198333740234e+00 4.800915718078613281e+00 9.463446044921875000e+02
2.030000000000000000e+04 7.597944641113281250e+01 1.136369857788085938e+02 4.999996185302734375e+00 2.167806625366210938e+00 9.293380737304687500e+02 3.269059753417968750e+01 1.796591339111328125e+02 6.720358371734619141e+00 5.741285324096679688e+00 6.259937744140625000e+02
2.040000000000000000e+04 5.324613952636718750e+01 7.917035675048828125e+01 4.858429431915283203e+00 1.755551576614379883e+00 7.578687744140625000e+02 1.517553997039794922e+01 1.279123306274414062e+02 5.420001983642578125e+00 4.585841655731201172e+00 4.731317443847656250e+02
2.050000000000000000e+04 4.055478668212890625e+01 6.408866119384765625e+01 3.587320566177368164e+00 1.121238350868225098e+00 6.443119506835937500e+02 7.822386741638183594e+00 1.028812255859375000e+02 3.642909049987792969e+00 3.317042350769042969e+00 3.738227539062500000e+02
2.060000000000000000e+04 3.441120529174804688e+01 5.064395141601562500e+01 2.548858880996704102e+00 6.340559720993041992e-01 5.593240966796875000e+02 6.947846412658691406e+00 7.899855041503906250e+01 2.360613822937011719e+00 1.092407584190368652e+00 2.985732421875000000e+02
2.070000000000000000e+04 3.232382202148437500e+01 4.165544128417968750e+01 1.833228945732116699e+00 3.661771416664123535e-01 4.884098815917968750e+02 8.196216583251953125e+00 6.175462341308593750e+01 1.605015277862548828e+00 5.625677108764648438e-01 2.373261566162109375e+02
2.080000000000000000e+04 3.206752395629882812e+01 3.489022827148437500e+01 1.541471719741821289e+00 3.006424009799957275e-01 4.308254089355468750e+02 8.028462409973144531e+00 4.865339660644531250e+01 1.560754179954528809e+00 6.285713315010070801e-01 1.890647125244140625e+02
2.090000000000000000e+04 3.263183975219726562e+01 2.989748001098632812e+01 1.488909363746643066e+00 2.991532683372497559e-01 3.860312500000000000e+02 7.038131713867187500e+00 3.819422912597656250e+01 1.540092349052429199e+00 5.995036959648132324e-01 1.527686462402343750e+02
2.100000000000000000e+04 3.339820098876953125e+01 2.593701744079589844e+01 1.598926663398742676e+00 3.498570621013641357e-01 3.504473876953125000e+02 6.271142482757568359e+00 2.982136726379394531e+01 1.682716012001037598e+00 6.381506323814392090e-01 1.254996719360351562e+02
2.110000000000000000e+04 3.310784912109375000e+01 2.351187705993652344e+01 1.506556510925292969e+00 4.535941183567047119e-01 3.223738403320312500e+02 6.282077789306640625e+00 2.419134140014648438e+01 1.483347535133361816e+00 8.304345607757568359e-01 1.053591918945312500e+02
2.120000000000000000e+04 3.235103988647460938e+01 2.119397926330566406e+01 1.421303510665893555e+00 4.751849472522735596e-01 2.992693786621093750e+02 6.859343528747558594e+00 1.971322822570800781e+01 1.256819128990173340e+00 8.231053352355957031e-01 8.983210754394531250e+01
2.130000000000000000e+04 3.123085594177246094e+01 1.982300949096679688e+01 1.203464508056640625e+00 4.301924407482147217e-01 2.795318298339843750e+02 7.173267364501953125e+00 1.679124832153320312e+01 1.120264649391174316e+00 8.189602494239807129e-01 7.726867675781250000e+01
2.140000000000000000e+04 2.941962432861328125e+01 1.863496398925781250e+01 1.051563978195190430e+00 4.579377472400665283e-01 2.625139770507812500e+02 7.264896392822265625e+00 1.519694709777832031e+01 8.068938255310058594e-01 8.566608428955078125e-01 6.710359191894531250e+01
2.150000000000000000e+04 2.737213134765625000e+01 1.915004158020019531e+01 1.021963357925415039e+00 4.615220427513122559e-01 2.454465484619140625e+02 6.787277221679687500e+00 1.451787090301513672e+01 7.827830910682678223e-01 1.194189906120300293e+00 5.804015731811523438e+01
2.160000000000000000e+04 2.546044731140136719e+01 1.864650726318359375e+01 8.720931410789489746e-01 4.639923274517059326e-01 2.313215484619140625e+02 5.983408927917480469e+00 1.469946002960205078e+01 5.764636993408203125e-01 1.352327704429626465e+00 5.054549407958984375e+01
2.170000000000000000e+04 2.365023231506347656e+01 1.987514114379882812e+01 8.180387616157531738e-01 4.714258313179016113e-01 2.165815734863281250e+02 4.956731319427490234e+00 1.545779895782470703e+01 4.899018108844757080e-01 1.690783262252807617e+00 4.392203140258789062e+01
2.180000000000000000e+04 2.203834724426269531e+01 1.951895141601562500e+01 7.564033865928649902e-01 4.654186069965362549e-01 2.054052429199218750e+02 4.086730480194091797e+00 1.844387054443359375e+01 2.253545820713043213e-01 1.200332641601562500e+00 3.853221130371093750e+01
2.190000000000000000e+04 2.097137260437011719e+01 2.056738471984863281e+01 6.660755276679992676e-01 4.100357592105865479e-01 1.939792327880859375e+02 3.432812690734863281e+00 1.992403030395507812e+01 1.963718682527542114e-01 1.751638770103454590e+00 3.389617538452148438e+01
2.200000000000000000e+04 2.020241546630859375e+01 2.108525276184082031e+01 6.298697590827941895e-01 4.152960479259490967e-01 1.850503692626953125e+02 2.977916240692138672e+00 2.363387298583984375e+01 1.127578765153884888e-01 1.257276892662048340e+00 3.034123420715332031e+01
2.210000000000000000e+04 1.946740722656250000e+01 2.208610916137695312e+01 6.392309069633483887e-01 3.156673014163970947e-01 1.762441253662109375e+02 2.725450038909912109e+00 2.071461296081542969e+01 1.922180354595184326e-01 1.758180141448974609e+00 2.718190383911132812e+01
2.220000000000000000e+04 2.133952903747558594e+01 2.458935737609863281e+01 6.753353476524353027e-01 4.840411543846130371e-01 1.676336364746093750e+02 2.604155778884887695e+00 1.437061309814453125e+01 2.605100274085998535e-01 2.831331253051757812e+00 2.546862602233886719e+01
2.230000000000000000e+04 1.925242805480957031e+01 2.240743255615234375e+01 5.920419692993164062e-01 2.823323011398315430e-01 1.637170562744140625e+02 2.432459115982055664e+00 1.896320533752441406e+01 2.285776883363723755e-01 2.227501153945922852e+00 2.295394706726074219e+01
2.240000000000000000e+04 1.868674850463867188e+01 2.207579994201660156e+01 5.192148685455322266e-01 2.302346974611282349e-01 1.600057830810546875e+02 2.263495683670043945e+00 1.891261672973632812e+01 2.374607175588607788e-01 1.824211478233337402e+00 2.159026145935058594e+01
2.250000000000000000e+04 1.853960037231445312e+01 2.225891304016113281e+01 5.170834064483642578e-01 2.203072458505630493e-01 1.558623809814453125e+02 2.131988286972045898e+00 1.754261207580566406e+01 2.457859963178634644e-01 1.896501660346984863e+00 2.040007209777832031e+01
2.260000000000000000e+04 1.855929183959960938e+01 2.212496185302734375e+01 6.904503107070922852e-01 1.947937309741973877e-01 1.557808685302734375e+02 1.936639308929443359e+00 1.279429340362548828e+01 6.285798549652099609e-01 1.798711657524108887e+00 2.071610450744628906e+01
2.270000000000000000e+04 1.880132293701171875e+01 2.058286094665527344e+01 3.980312645435333252e-01 1.733842790126800537e-01 1.537338562011718750e+02 1.762158155441284180e+00 2.586643028259277344e+01 1.601947844028472900e-01 1.167116761207580566e+00 1.850531768798828125e+01
2.280000000000000000e+04 1.776654243469238281e+01 1.935035896301269531e+01 3.969743847846984863e-01 1.395590305328369141e-01 1.506728057861328125e+02 1.658396601676940918e+00 2.153242683410644531e+01 1.884165257215499878e-01 1.552981734275817871e+00 1.761193084716796875e+01
2.290000000000000000e+04 1.685114288330078125e+01 1.871459007263183594e+01 3.597018420696258545e-01 1.309598386287689209e-01 1.486684875488281250e+02 1.446209073066711426e+00 1.806634902954101562e+01 1.794761866331100464e-01 1.578292846679687500e+00 1.686198806762695312e+01
2.300000000000000000e+04 1.701856040954589844e+01 1.800865364074707031e+01 2.912161648273468018e-01 1.424061059951782227e-01 1.469506378173828125e+02 1.291121840476989746e+00 1.995163345336914062e+01 1.748571395874023438e-01 1.414882302284240723e+00 1.594653129577636719e+01
2.310000000000000000e+04 1.882038688659667969e+01 1.822858428955078125e+01 2.657234966754913330e-01 1.475437283515930176e-01 1.462593841552734375e+02 1.129698395729064941e+00 2.299276924133300781e+01 1.475837677717208862e-01 1.178882241249084473e+00 1.550555992126464844e+01
2.320000000000000000e+04 1.913843536376953125e+01 2.028595924377441406e+01 2.785801887512207031e-01 2.015049010515213013e-01 1.397246093750000000e+02 9.723733663558959961e-01 9.869189262390136719e+00 1.981125175952911377e-01 1.782822012901306152e+00 1.515712833404541016e+01
2.330000000000000000e+04 1.656291389465332031e+01 1.609974098205566406e+01 2.180353999137878418e-01 1.370147317647933960e-01 1.411997222900390625e+02 8.514233231544494629e-01 1.623690986633300781e+01 1.410010457038879395e-01 1.510956883430480957e+00 1.399415397644042969e+01
2.340000000000000000e+04 3.831044769287109375e+01 2.357282447814941406e+01 2.744711339473724365e-01 2.812775969505310059e-01 1.449054412841796875e+02 7.879166603088378906e-01 3.912776565551757812e+01 5.734708160161972046e-02 8.726198077201843262e-01 1.510381412506103516e+01
2.350000000000000000e+04 1.497474765777587891e+01 1.539934635162353516e+01 2.228937894105911255e-01 1.550882458686828613e-01 1.359780273437500000e+02 6.089914441108703613e-01 8.033102035522460938e+00 1.506170779466629028e-01 1.632207274436950684e+00 1.273876285552978516e+01
2.360000000000000000e+04 2.414385414123535156e+01 2.136037063598632812e+01 2.212090641260147095e-01 2.107132673263549805e-01 1.313218078613281250e+02 5.219056010246276855e-01 1.160745811462402344e+01 1.602670997381210327e-01 1.575201869010925293e+00 1.320444869995117188e+01
2.370000000000000000e+04 2.205634880065917969e+01 2.024434280395507812e+01 2.028769850730895996e-01 1.794016957283020020e-01 1.291557769775390625e+02 4.541960358619689941e-01 1.077422809600830078e+01 1.855535358190536499e-01 1.468408823013305664e+00 1.265570163726806641e+01
2.380000000000000000e+04 2.117877197265625000e+01 1.396399593353271484e+01 1.730168014764785767e-01 1.830971986055374146e-01 1.355331115722656250e+02 4.605615437030792236e-01 1.476291751861572266e+01 1.030011028051376343e-01 1.086090445518493652e+00 1.201921081542968750e+01
2.390000000000000000e+04 1.469803524017333984e+01 1.254495525360107422e+01 1.651612669229507446e-01 1.214784011244773865e-01 1.303104705810546875e+02 4.063327908515930176e-01 9.615788459777832031e+00 1.093695610761642456e-01 1.150718688964843750e+00 1.048249912261962891e+01
2.400000000000000000e+04 1.272190856933593750e+01 1.267683315277099609e+01 1.643559634685516357e-01 1.179919764399528503e-01 1.255109786987304688e+02 3.827779293060302734e-01 6.337934970855712891e+00 1.349370479583740234e-01 1.205007910728454590e+00 1.018725109100341797e+01
2.410000000000000000e+04 1.177112007141113281e+01 1.145269107818603516e+01 1.790218502283096313e-01 1.033475026488304138e-01 1.259319534301757812e+02 3.996903300285339355e-01 5.901367664337158203e+00 1.363174468278884888e-01 1.043508768081665039e+00 9.619114875793457031e+00
2.420000000000000000e+04 1.536984920501708984e+01 1.465066432952880859e+01 1.560509651899337769e-01 1.491070687770843506e-01 1.199649658203125000e+02 3.963330090045928955e-01 7.852879047393798828e+00 1.481160074472427368e-01 1.378531098365783691e+00 9.862365722656250000e+00
2.430000000000000000e+04 4.941322326660156250e+01 3.569591140747070312e+01 2.016609013080596924e-01 2.219203859567642212e-01 1.171139221191406250e+02 4.721798598766326904e-01 4.121501159667968750e+01 2.092906385660171509e-01 1.373705148696899414e+00 1.200394058227539062e+01
2.440000000000000000e+04 3.631402587890625000e+01 1.935802841186523438e+01 1.729373335838317871e-01 1.629261374473571777e-01 1.246050338745117188e+02 5.859459042549133301e-01 1.978833961486816406e+01 8.178254961967468262e-02 6.878721117973327637e-01 9.419950485229492188e+00
2.450000000000000000e+04 1.217100524902343750e+01 1.111700153350830078e+01 1.378932446241378784e-01 7.423941791057586670e-02 1.154115371704101562e+02 5.642452836036682129e-01 4.714920520782470703e+00 1.632194966077804565e-01 7.687799930572509766e-01 8.272812843322753906e+00
2.460000000000000000e+04 2.485793685913085938e+01 1.305715179443359375e+01 1.725331842899322510e-01 1.330115795135498047e-01 1.195886535644531250e+02 8.528628945350646973e-01 8.693540573120117188e+00 6.800529360771179199e-02 5.654993057250976562e-01 8.166128158569335938e+00
2.470000000000000000e+04 2.428828048706054688e+01 1.705312919616699219e+01 1.638712733983993530e-01 1.599187254905700684e-01 1.090493087768554688e+02 5.956344604492187500e-01 1.665488433837890625e+01 2.031487971544265747e-01 8.642914295196533203e-01 8.921974182128906250e+00
2.480000000000000000e+04 1.066036796569824219e+01 9.678706169128417969e+00 1.217955797910690308e-01 7.526727765798568726e-02 1.114488372802734375e+02 7.105983495712280273e-01 3.948769807815551758e+00 1.992527842521667480e-01 5.870293378829956055e-01 7.112861633300781250e+00
2.490000000000000000e+04 2.103483963012695312e+01 1.579901313781738281e+01 1.329619735479354858e-01 1.531981229782104492e-01 1.053955383300781250e+02 6.597990393638610840e-01 1.540464305877685547e+01 2.174961119890213013e-01 8.923996686935424805e-01 8.379291534423828125e+00
2.500000000000000000e+04 2.437786102294921875e+01 1.340259075164794922e+01 8.730404078960418701e-02 8.451098203659057617e-02 1.078247528076171875e+02 9.445205330848693848e-01 7.265748023986816406e+00 2.098189741373062134e-01 4.924713671207427979e-01 6.989367008209228516e+00
2.510000000000000000e+04 1.677593803405761719e+01 1.046023654937744141e+01 9.646552056074142456e-02 1.423625200986862183e-01 1.026364288330078125e+02 8.742445111274719238e-01 4.020998954772949219e+00 2.283349037170410156e-01 1.261394619941711426e+00 8.642778396606445312e+00
2.520000000000000000e+04 1.494189262390136719e+01 9.426536560058593750e+00 7.875966280698776245e-02 1.015803590416908264e-01 1.010134887695312500e+02 7.537351846694946289e-01 3.353826761245727539e+00 3.203036487102508545e-01 1.183181047439575195e+00 7.955006599426269531e+00
2.530000000000000000e+04 1.388911247253417969e+01 8.954244613647460938e+00 8.640919625759124756e-02 9.823401272296905518e-02 9.931433105468750000e+01 6.831116676330566406e-01 2.953919410705566406e+00 3.947478234767913818e-01 9.486188888549804688e-01 7.461806774139404297e+00
2.540000000000000000e+04 5.140581512451171875e+01 3.848426437377929688e+01 1.623051017522811890e-01 7.279471755027770996e-01 9.474512481689453125e+01 6.195682883262634277e-01 4.639364624023437500e+01 2.555309534072875977e-01 9.473681449890136719e-01 9.703006744384765625e+00
2.550000000000000000e+04 1.237749290466308594e+01 8.385624885559082031e+00 7.116034626960754395e-02 6.526352465152740479e-02 9.549802398681640625e+01 5.844594836235046387e-01 2.633706569671630859e+00 5.069399476051330566e-01 7.495666742324829102e-01 6.799126148223876953e+00
2.560000000000000000e+04 1.127495765686035156e+01 6.965623378753662109e+00 7.873272895812988281e-02 6.715267896652221680e-02 9.624488830566406250e+01 5.512655377388000488e-01 3.621056318283081055e+00 4.375610947608947754e-01 6.393579244613647461e-01 6.622620582580566406e+00
2.570000000000000000e+04 2.057815742492675781e+01 1.062988090515136719e+01 6.161145865917205811e-02 1.756961941719055176e-01 9.482633209228515625e+01 7.619990706443786621e-01 3.942978620529174805e+00 4.644979834556579590e-01 6.187348961830139160e-01 6.358905792236328125e+00
2.580000000000000000e+04 1.933057975769042969e+01 1.644861984252929688e+01 5.267280712723731995e-02 1.804453432559967041e-01 8.850769042968750000e+01 5.545161366462707520e-01 1.697950935363769531e+01 4.428456127643585205e-01 5.087959170341491699e-01 7.186144351959228516e+00
2.590000000000000000e+04 1.102610588073730469e+01 7.535698413848876953e+00 4.927497357130050659e-02 5.543044582009315491e-02 9.009238433837890625e+01 6.670256257057189941e-01 2.019825935363769531e+00 5.163828730583190918e-01 5.104647874832153320e-01 5.443379878997802734e+00
2.600000000000000000e+04 3.922526550292968750e+01 2.633904838562011719e+01 8.768372237682342529e-02 3.510152697563171387e-01 9.408894348144531250e+01 6.257844567298889160e-01 5.990572357177734375e+01 4.696698784828186035e-01 1.032719731330871582e+00 8.320325851440429688e+00
2.610000000000000000e+04 1.023779964447021484e+01 7.131870269775390625e+00 4.029519110918045044e-02 5.492691323161125183e-02 8.696302795410156250e+01 6.544544696807861328e-01 3.528263092041015625e+00 4.849394559860229492e-01 4.576313793659210205e-01 5.179989814758300781e+00
2.620000000000000000e+04 2.002147865295410156e+01 1.083166790008544922e+01 4.484346508979797363e-02 1.726752668619155884e-01 8.424690246582031250e+01 6.321917772293090820e-01 1.863836860656738281e+01 4.693660140037536621e-01 3.125757575035095215e-01 5.568965911865234375e+00
2.630000000000000000e+04 1.209652709960937500e+01 7.907701969146728516e+00 4.102041199803352356e-02 8.580546826124191284e-02 8.305876922607421875e+01 6.945102810859680176e-01 8.624587059020996094e+00 3.764776885509490967e-01 2.831221222877502441e-01 4.935278415679931641e+00
2.640000000000000000e+04 1.699040985107421875e+01 1.092272567749023438e+01 4.397765174508094788e-02 1.552750617265701294e-01 8.068257904052734375e+01 6.380839347839355469e-01 1.735303878784179688e+01 4.566900134086608887e-01 3.981922864913940430e-01 5.278747081756591797e+00
2.650000000000000000e+04 2.526387786865234375e+01 1.125295829772949219e+01 5.621642246842384338e-02 2.018635720014572144e-01 8.524761199951171875e+01 8.945204019546508789e-01 1.583222627639770508e+00 4.700336754322052002e-01 2.566819190979003906e-01 4.264440536499023438e+00
2.660000000000000000e+04 8.496443748474121094e+00 5.635793685913085938e+00 5.698091909289360046e-02 1.689625680446624756e-01 8.430770111083984375e+01 6.664266586303710938e-01 1.000897312164306641e+01 6.281201243400573730e-01 2.153893560171127319e-01 4.315093040466308594e+00
2.670000000000000000e+04 3.869706726074218750e+01 1.625471305847167969e+01 6.469088047742843628e-02 3.626925945281982422e-01 8.438759613037109375e+01 9.406922459602355957e-01 3.183156728744506836e+00 4.411225616931915283e-01 1.682652533054351807e-01 4.725018978118896484e+00
2.680000000000000000e+04 1.152157592773437500e+01 7.717883110046386719e+00 3.672518581151962280e-02 7.676905393600463867e-02 7.673032379150390625e+01 6.157428026199340820e-01 1.404272651672363281e+01 4.488609731197357178e-01 2.076887041330337524e-01 4.111579418182373047e+00
2.690000000000000000e+04 8.121348381042480469e+00 5.901407718658447266e+00 5.179995298385620117e-02 6.893605738878250122e-02 7.829684448242187500e+01 5.881358981132507324e-01 9.386483192443847656e+00 3.902982771396636963e-01 1.673965752124786377e-01 3.676095247268676758e+00
2.700000000000000000e+04 2.716317367553710938e+01 1.144894504547119141e+01 4.630368947982788086e-02 2.761341333389282227e-01 7.882661437988281250e+01 8.192090392112731934e-01 1.131261825561523438e+00 4.554647207260131836e-01 1.794817596673965454e-01 3.693052053451538086e+00
2.710000000000000000e+04 8.622369766235351562e+00 6.404270172119140625e+00 3.516593202948570251e-02 6.401953846216201782e-02 7.346326446533203125e+01 6.053776144981384277e-01 8.343152999877929688e+00 3.989396393299102783e-01 1.429570913314819336e-01 3.498751401901245117e+00
2.720000000000000000e+04 1.005448246002197266e+01 5.221402645111083984e+00 8.581753373146057129e-01 3.415964841842651367e-01 8.033590698242187500e+01 6.943520903587341309e-01 1.622068977355957031e+01 1.611749231815338135e-01 3.297046571969985962e-02 4.318192005157470703e+00
2.730000000000000000e+04 8.548724174499511719e+00 6.109005451202392578e+00 3.175347298383712769e-02 7.430066168308258057e-02 7.130487823486328125e+01 5.251802206039428711e-01 6.579184055328369141e+00 3.000636100769042969e-01 1.802938878536224365e-01 3.315836668014526367e+00
2.740000000000000000e+04 1.896982955932617188e+01 6.312540054321289062e+00 5.390634760260581970e-02 1.416313052177429199e-01 7.356716156005859375e+01 6.889273524284362793e-01 2.914551973342895508e+00 3.962811529636383057e-01 9.794682264328002930e-02 3.421810150146484375e+00
2.750000000000000000e+04 1.106039810180664062e+01 6.290118694305419922e+00 2.987139858305454254e-02 8.812567591667175293e-02 7.062655639648437500e+01 5.686106681823730469e-01 3.045981407165527344e+00 3.523496687412261963e-01 1.148086190223693848e-01 2.817911386489868164e+00
2.760000000000000000e+04 3.262993621826171875e+01 1.048498916625976562e+01 4.496861621737480164e-02 1.416869312524795532e-01 7.516258239746093750e+01 4.907399415969848633e-01 2.009344577789306641e+00 4.812289476394653320e-01 1.570374071598052979e-01 2.391657590866088867e+00
2.770000000000000000e+04 5.337755203247070312e+01 2.955476379394531250e+01 5.927539616823196411e-02 3.507505357265472412e-01 6.495037078857421875e+01 4.257328212261199951e-01 6.775109863281250000e+01 3.491719663143157959e-01 1.633096933364868164e-01 6.415602684020996094e+00
2.780000000000000000e+04 7.053790569305419922e+00 5.512063503265380859e+00 5.017249286174774170e-02 1.345081627368927002e-01 6.864527130126953125e+01 6.050776243209838867e-01 1.320011901855468750e+01 5.030338168144226074e-01 1.319228410720825195e-01 3.171576738357543945e+00
2.790000000000000000e+04 1.369871234893798828e+01 6.115042686462402344e+00 5.186664685606956482e-02 1.036268547177314758e-01 6.716310882568359375e+01 4.598166346549987793e-01 6.002517700195312500e+00 1.538357287645339966e-01 2.856043577194213867e-01 2.935608625411987305e+00
2.800000000000000000e+04 7.606301784515380859e+00 5.366847038269042969e+00 2.448269724845886230e-02 8.060049265623092651e-02 6.322680282592773438e+01 4.520792067050933838e-01 7.245822429656982422e+00 2.549630999565124512e-01 1.442183703184127808e-01 3.064367771148681641e+00
2.810000000000000000e+04 6.729328155517578125e+00 4.833728790283203125e+00 2.842471189796924591e-02 5.840567871928215027e-02 6.499904632568359375e+01 3.692355155944824219e-01 8.840967178344726562e+00 1.297856867313385010e-01 1.172878369688987732e-01 2.648317098617553711e+00
2.820000000000000000e+04 2.230688095092773438e+01 8.670393943786621094e+00 3.901170566678047180e-02 1.942516416311264038e-01 6.516929626464843750e+01 4.792024195194244385e-01 1.574752449989318848e+00 1.873149126768112183e-01 1.138614118099212646e-01 2.749427080154418945e+00
2.830000000000000000e+04 4.588859176635742188e+01 2.420376205444335938e+01 2.732564322650432587e-02 3.137349784374237061e-01 5.892121124267578125e+01 3.990622460842132568e-01 4.997145080566406250e+01 1.420867890119552612e-01 1.174361482262611389e-01 6.110479354858398438e+00
2.840000000000000000e+04 2.679473114013671875e+01 1.828210449218750000e+01 3.200192749500274658e-02 1.891024410724639893e-01 5.828947448730468750e+01 4.191355407238006592e-01 3.787209320068359375e+01 1.402909904718399048e-01 1.333653926849365234e-01 5.016989707946777344e+00
2.850000000000000000e+04 2.572129058837890625e+01 1.571169853210449219e+01 3.452751412987709045e-02 1.485294103622436523e-01 5.679486846923828125e+01 4.069392681121826172e-01 3.288981246948242188e+01 1.601783931255340576e-01 1.084194704890251160e-01 4.936820983886718750e+00
2.860000000000000000e+04 6.474304676055908203e+00 5.295962333679199219e+00 2.159399352967739105e-02 5.525832995772361755e-02 5.890800094604492188e+01 4.043177962303161621e-01 8.884399414062500000e+00 1.191359236836433411e-01 1.363697350025177002e-01 2.971702098846435547e+00
2.870000000000000000e+04 8.887722015380859375e+00 1.165047550201416016e+01 2.712779119610786438e-02 6.538402289152145386e-02 5.616897583007812500e+01 3.968890011310577393e-01 2.121370697021484375e+01 1.038853377103805542e-01 1.151501536369323730e-01 4.153707504272460938e+00
2.880000000000000000e+04 1.579026317596435547e+01 1.001989936828613281e+01 3.962263464927673340e-02 1.316771507263183594e-01 5.507857131958007812e+01 4.124549329280853271e-01 2.277297973632812500e+01 1.028346866369247437e-01 9.612675011157989502e-02 4.173452854156494141e+00
2.890000000000000000e+04 6.354248523712158203e+00 4.633551597595214844e+00 2.612763084471225739e-02 6.764486432075500488e-02 5.576007461547851562e+01 4.209820330142974854e-01 5.755524635314941406e+00 1.000183671712875366e-01 8.640327304601669312e-02 3.027575731277465820e+00
2.900000000000000000e+04 4.423052787780761719e+00 5.233193397521972656e+00 4.156590998172760010e-02 1.075746640563011169e-01 6.274091720581054688e+01 3.858149349689483643e-01 4.880715847015380859e+00 4.927890747785568237e-02 9.832089394330978394e-02 2.755352497100830078e+00
2.910000000000000000e+04 5.616560459136962891e+00 5.190416336059570312e+00 3.487037494778633118e-02 6.031014025211334229e-02 5.511565017700195312e+01 4.001514017581939697e-01 7.128583431243896484e+00 5.538710951805114746e-02 1.325758695602416992e-01 3.122681140899658203e+00
2.920000000000000000e+04 7.848347187042236328e+00 6.721735954284667969e+00 2.137267030775547028e-02 7.884014397859573364e-02 5.270809936523437500e+01 4.044741690158843994e-01 1.273873519897460938e+01 8.748737722635269165e-02 6.549072265625000000e-02 3.934627056121826172e+00
2.930000000000000000e+04 1.681620597839355469e+01 7.695347785949707031e+00 3.067011199891567230e-02 8.618163317441940308e-02 5.618352127075195312e+01 4.042195379734039307e-01 1.728312969207763672e+00 8.939446508884429932e-02 8.722524344921112061e-02 2.379588127136230469e+00
2.940000000000000000e+04 8.560602188110351562e+00 5.181260585784912109e+00 2.040647901594638824e-02 5.894115939736366272e-02 5.410396957397460938e+01 4.089298546314239502e-01 2.350224256515502930e+00 6.946460902690887451e-02 7.493235915899276733e-02 2.596528768539428711e+00
2.950000000000000000e+04 5.396034240722656250e+00 4.057826995849609375e+00 2.617127262055873871e-02 6.580638885498046875e-02 5.250946426391601562e+01 4.322410821914672852e-01 5.798662662506103516e+00 6.246286630630493164e-02 4.659215733408927917e-02 2.975691080093383789e+00
